7450-798456
OS REV: 1.03 Sensor Cal: 1539277937
Time (sec),  BV (Volts),  T (deg C),  DO (mg/l),  Q ()
1683550440,+3.45,+11.167,+11.245,+0.945
1683550500,+3.45,+11.167,+11.256,+0.945
1683550560,+3.45,+11.248,+11.220,+0.945
1683550620,+3.45,+11.203,+11.251,+0.945
1683550680,+3.45,+11.230,+11.232,+0.945
1683550740,+3.45,+11.158,+11.245,+0.945
1683550800,+3.45,+11.104,+11.225,+0.944
1683550860,+3.45,+10.996,+11.203,+0.944
1683550920,+3.45,+10.914,+11.114,+0.944
1683550980,+3.45,+10.734,+10.860,+0.943
1683551040,+3.45,+10.579,+10.751,+0.943
1683551100,+3.45,+10.489,+10.779,+0.943
1683551160,+3.45,+10.416,+10.853,+0.944
1683551220,+3.45,+10.307,+10.880,+0.943
1683551280,+3.46,+10.270,+10.918,+0.944
1683551340,+3.45,+10.197,+10.940,+0.944
1683551400,+3.46,+10.216,+10.936,+0.944
1683551460,+3.45,+10.097,+10.975,+0.943
1683551520,+3.45,+10.060,+10.989,+0.944
1683551580,+3.45,+10.133,+10.963,+0.944
1683551640,+3.46,+10.133,+10.946,+0.944
1683551700,+3.45,+10.106,+10.982,+0.944
1683551760,+3.45,+10.115,+10.992,+0.944
1683551820,+3.45,+10.088,+11.043,+0.944
1683551880,+3.45,+10.133,+11.064,+0.944
1683551940,+3.45,+10.133,+11.082,+0.945
1683552000,+3.46,+10.133,+11.063,+0.944
1683552060,+3.46,+10.206,+11.024,+0.944
1683552120,+3.46,+10.188,+11.035,+0.944
1683552180,+3.46,+10.143,+11.047,+0.944
1683552240,+3.46,+10.179,+11.047,+0.945
1683552300,+3.45,+10.225,+11.011,+0.944
1683552360,+3.46,+10.243,+10.990,+0.944
1683552420,+3.46,+10.225,+10.986,+0.944
1683552480,+3.45,+10.252,+10.953,+0.944
1683552540,+3.46,+10.188,+10.956,+0.944
1683552600,+3.45,+10.143,+10.962,+0.944
1683552660,+3.45,+10.179,+10.941,+0.944
1683552720,+3.45,+10.106,+10.943,+0.944
1683552780,+3.46,+10.124,+10.936,+0.945
1683552840,+3.46,+10.115,+10.905,+0.944
1683552900,+3.45,+10.069,+10.914,+0.944
1683552960,+3.45,+10.024,+10.908,+0.944
1683553020,+3.45,+10.060,+10.871,+0.944
1683553080,+3.45,+10.069,+10.879,+0.945
1683553140,+3.45,+10.042,+10.891,+0.945
1683553200,+3.45,+10.051,+10.888,+0.944
1683553260,+3.45,+10.015,+10.939,+0.944
1683553320,+3.45,+10.015,+10.921,+0.944
1683553380,+3.45,+10.097,+10.889,+0.944
1683553440,+3.45,+10.069,+10.910,+0.944
1683553500,+3.45,+10.015,+10.943,+0.944
1683553560,+3.45,+10.060,+10.937,+0.944
1683553620,+3.45,+10.015,+10.969,+0.945
1683553680,+3.45,+10.042,+10.947,+0.944
1683553740,+3.45,+10.060,+10.925,+0.944
1683553800,+3.45, +9.969,+10.953,+0.944
1683553860,+3.45,+10.042,+10.909,+0.945
1683553920,+3.45,+10.079,+10.867,+0.944
1683553980,+3.45,+10.088,+10.803,+0.944
1683554040,+3.45, +9.960,+10.710,+0.944
1683554100,+3.45, +9.996,+10.672,+0.943
1683554160,+3.45, +9.914,+10.681,+0.944
1683554220,+3.45, +9.886,+10.668,+0.945
1683554280,+3.45, +9.941,+10.600,+0.944
1683554340,+3.45, +9.850,+10.642,+0.945
1683554400,+3.45, +9.914,+10.578,+0.944
1683554460,+3.45, +9.804,+10.622,+0.944
1683554520,+3.45, +9.822,+10.615,+0.944
1683554580,+3.45, +9.850,+10.589,+0.944
1683554640,+3.45, +9.840,+10.594,+0.944
1683554700,+3.45, +9.831,+10.599,+0.944
1683554760,+3.45, +9.785,+10.621,+0.944
1683554820,+3.45, +9.804,+10.613,+0.944
1683554880,+3.45, +9.850,+10.598,+0.944
1683554940,+3.45, +9.905,+10.570,+0.944
1683555000,+3.45, +9.886,+10.567,+0.944
1683555060,+3.45, +9.859,+10.596,+0.945
1683555120,+3.45, +9.813,+10.602,+0.944
1683555180,+3.45, +9.859,+10.623,+0.944
1683555240,+3.45, +9.895,+10.659,+0.944
1683555300,+3.45, +9.886,+10.680,+0.944
1683555360,+3.45, +9.978,+10.645,+0.944
1683555420,+3.45, +9.923,+10.655,+0.944
1683555480,+3.45, +9.932,+10.662,+0.944
1683555540,+3.45, +9.941,+10.667,+0.944
1683555600,+3.45, +9.960,+10.685,+0.944
1683555660,+3.45,+10.051,+10.742,+0.945
1683555720,+3.45,+10.069,+10.769,+0.945
1683555780,+3.45,+10.170,+10.753,+0.944
1683555840,+3.46,+10.115,+10.859,+0.945
1683555900,+3.45,+10.124,+10.899,+0.945
1683555960,+3.46,+10.225,+10.878,+0.944
1683556020,+3.45,+10.234,+10.886,+0.944
1683556080,+3.45,+10.225,+10.831,+0.944
1683556140,+3.46,+10.143,+10.750,+0.945
1683556200,+3.45,+10.079,+10.686,+0.944
1683556260,+3.45, +9.978,+10.704,+0.945
1683556320,+3.45, +9.950,+10.673,+0.944
1683556380,+3.45, +9.932,+10.596,+0.944
1683556440,+3.45, +9.905,+10.559,+0.944
1683556500,+3.45, +9.950,+10.506,+0.944
1683556560,+3.45, +9.877,+10.520,+0.944
1683556620,+3.45, +9.895,+10.494,+0.944
1683556680,+3.45, +9.914,+10.482,+0.944
1683556740,+3.45, +9.905,+10.494,+0.944
1683556800,+3.45, +9.886,+10.520,+0.944
1683556860,+3.45, +9.932,+10.506,+0.944
1683556920,+3.45, +9.859,+10.477,+0.944
1683556980,+3.45, +9.822,+10.414,+0.944
1683557040,+3.45, +9.795,+10.360,+0.943
1683557100,+3.45, +9.730,+10.343,+0.943
1683557160,+3.45, +9.712,+10.327,+0.944
1683557220,+3.45, +9.666,+10.313,+0.943
1683557280,+3.45, +9.657,+10.291,+0.943
1683557340,+3.45, +9.638,+10.302,+0.944
1683557400,+3.45, +9.638,+10.306,+0.944
1683557460,+3.45, +9.602,+10.325,+0.944
1683557520,+3.45, +9.574,+10.329,+0.944
1683557580,+3.45, +9.629,+10.297,+0.944
1683557640,+3.45, +9.574,+10.299,+0.943
1683557700,+3.45, +9.546,+10.315,+0.944
1683557760,+3.45, +9.528,+10.305,+0.944
1683557820,+3.45, +9.519,+10.311,+0.944
1683557880,+3.45, +9.509,+10.295,+0.943
1683557940,+3.45, +9.491,+10.303,+0.944
1683558000,+3.45, +9.546,+10.280,+0.944
1683558060,+3.46, +9.528,+10.264,+0.944
1683558120,+3.45, +9.519,+10.245,+0.944
1683558180,+3.45, +9.482,+10.216,+0.944
1683558240,+3.45, +9.473,+10.157,+0.944
1683558300,+3.45, +9.343,+10.170,+0.944
1683558360,+3.45, +9.325,+10.172,+0.944
1683558420,+3.46, +9.269,+10.187,+0.944
1683558480,+3.45, +9.278,+10.182,+0.944
1683558540,+3.46, +9.195,+10.208,+0.944
1683558600,+3.46, +9.121,+10.212,+0.943
1683558660,+3.46, +9.093,+10.209,+0.944
1683558720,+3.46, +9.019,+10.211,+0.944
1683558780,+3.46, +8.972,+10.223,+0.944
1683558840,+3.46, +8.972,+10.228,+0.944
1683558900,+3.46, +9.000,+10.203,+0.943
1683558960,+3.45, +8.898,+10.228,+0.944
1683559020,+3.45, +8.889,+10.205,+0.944
1683559080,+3.45, +8.879,+10.160,+0.943
1683559140,+3.45, +8.767,+10.164,+0.943
1683559200,+3.45, +8.749,+10.141,+0.943
1683559260,+3.45, +8.767,+10.090,+0.943
1683559320,+3.45, +8.693,+10.073,+0.943
1683559380,+3.45, +8.637,+10.072,+0.943
1683559440,+3.45, +8.627,+10.056,+0.943
1683559500,+3.45, +8.571,+10.076,+0.944
1683559560,+3.45, +8.543,+10.082,+0.944
1683559620,+3.45, +8.637,+10.046,+0.944
1683559680,+3.45, +8.571,+10.068,+0.944
1683559740,+3.45, +8.543,+10.072,+0.944
1683559800,+3.45, +8.552,+10.053,+0.943
1683559860,+3.45, +8.590,+10.039,+0.944
1683559920,+3.45, +8.581,+10.038,+0.944
1683559980,+3.45, +8.581,+10.041,+0.943
1683560040,+3.45, +8.571,+10.052,+0.944
1683560100,+3.45, +8.581,+10.044,+0.944
1683560160,+3.45, +8.646,+10.013,+0.943
1683560220,+3.45, +8.562,+10.047,+0.943
1683560280,+3.45, +8.524,+10.048,+0.943
1683560340,+3.45, +8.552,+10.036,+0.944
1683560400,+3.45, +8.515,+10.053,+0.944
1683560460,+3.45, +8.590,+10.013,+0.944
1683560520,+3.45, +8.524,+10.036,+0.944
1683560580,+3.45, +8.534,+10.025,+0.944
1683560640,+3.45, +8.534,+10.026,+0.944
1683560700,+3.45, +8.515,+10.029,+0.944
1683560760,+3.45, +8.543,+10.014,+0.944
1683560820,+3.45, +8.543,+10.018,+0.944
1683560880,+3.45, +8.515,+10.007,+0.943
1683560940,+3.45, +8.468,+10.023,+0.944
1683561000,+3.45, +8.552, +9.995,+0.944
1683561060,+3.45, +8.571, +9.969,+0.944
1683561120,+3.45, +8.487, +9.999,+0.944
1683561180,+3.45, +8.449,+10.028,+0.943
1683561240,+3.45, +8.449,+10.059,+0.943
1683561300,+3.45, +8.421,+10.105,+0.944
1683561360,+3.45, +8.402,+10.136,+0.944
1683561420,+3.45, +8.384,+10.167,+0.944
1683561480,+3.45, +8.421,+10.148,+0.944
1683561540,+3.45, +8.402,+10.160,+0.944
1683561600,+3.46, +8.431,+10.144,+0.944
1683561660,+3.45, +8.412,+10.159,+0.944
1683561720,+3.45, +8.393,+10.165,+0.944
1683561780,+3.45, +8.431,+10.160,+0.944
1683561840,+3.45, +8.402,+10.168,+0.944
1683561900,+3.45, +8.384,+10.173,+0.944
1683561960,+3.45, +8.374,+10.171,+0.943
1683562020,+3.45, +8.412,+10.150,+0.943
1683562080,+3.45, +8.421,+10.146,+0.944
1683562140,+3.45, +8.468,+10.121,+0.944
1683562200,+3.45, +8.459,+10.125,+0.944
1683562260,+3.45, +8.449,+10.138,+0.944
1683562320,+3.45, +8.449,+10.129,+0.944
1683562380,+3.45, +8.459,+10.116,+0.944
1683562440,+3.45, +8.412,+10.151,+0.944
1683562500,+3.45, +8.440,+10.148,+0.944
1683562560,+3.45, +8.384,+10.197,+0.944
1683562620,+3.45, +8.384,+10.187,+0.944
1683562680,+3.45, +8.346,+10.155,+0.944
1683562740,+3.45, +8.356,+10.115,+0.944
1683562800,+3.45, +8.327,+10.103,+0.944
1683562860,+3.45, +8.327,+10.084,+0.944
1683562920,+3.45, +8.290,+10.083,+0.944
1683562980,+3.45, +8.327,+10.052,+0.943
1683563040,+3.45, +8.271,+10.071,+0.944
1683563100,+3.45, +8.356,+10.020,+0.943
1683563160,+3.45, +8.290,+10.052,+0.943
1683563220,+3.45, +8.214,+10.081,+0.944
1683563280,+3.45, +8.290,+10.053,+0.944
1683563340,+3.45, +8.252,+10.060,+0.944
1683563400,+3.45, +8.262,+10.058,+0.944
1683563460,+3.45, +8.309,+10.036,+0.944
1683563520,+3.45, +8.271,+10.032,+0.943
1683563580,+3.45, +8.280,+10.023,+0.943
1683563640,+3.45, +8.309,+10.007,+0.943
1683563700,+3.45, +8.280,+10.015,+0.943
1683563760,+3.45, +8.337, +9.999,+0.944
1683563820,+3.45, +8.233,+10.047,+0.944
1683563880,+3.45, +8.262,+10.037,+0.944
1683563940,+3.45, +8.243,+10.042,+0.943
1683564000,+3.45, +8.271,+10.036,+0.944
1683564060,+3.45, +8.271,+10.031,+0.943
1683564120,+3.45, +8.327,+10.016,+0.944
1683564180,+3.45, +8.290,+10.030,+0.944
1683564240,+3.45, +8.271,+10.041,+0.944
1683564300,+3.45, +8.337,+10.002,+0.943
1683564360,+3.45, +8.205,+10.049,+0.944
1683564420,+3.45, +8.205,+10.036,+0.944
1683564480,+3.45, +8.196,+10.028,+0.944
1683564540,+3.45, +8.205,+10.021,+0.944
1683564600,+3.45, +8.233,+10.000,+0.944
1683564660,+3.45, +8.177,+10.012,+0.944
1683564720,+3.45, +8.205, +9.997,+0.944
1683564780,+3.45, +8.167,+10.000,+0.944
1683564840,+3.45, +8.205, +9.966,+0.943
1683564900,+3.45, +8.177, +9.969,+0.944
1683564960,+3.45, +8.224, +9.930,+0.943
1683565020,+3.45, +8.186, +9.938,+0.943
1683565080,+3.45, +8.167, +9.941,+0.943
1683565140,+3.45, +8.177, +9.941,+0.943
1683565200,+3.45, +8.177, +9.942,+0.944
1683565260,+3.45, +8.120, +9.966,+0.944
1683565320,+3.45, +8.262, +9.891,+0.943
1683565380,+3.45, +8.167, +9.954,+0.944
1683565440,+3.45, +8.196, +9.951,+0.944
1683565500,+3.45, +8.243, +9.958,+0.944
1683565560,+3.45, +8.252, +9.959,+0.943
1683565620,+3.45, +8.252, +9.964,+0.944
1683565680,+3.45, +8.224, +9.975,+0.944
1683565740,+3.45, +8.149, +9.994,+0.943
1683565800,+3.45, +8.214, +9.944,+0.943
1683565860,+3.45, +8.139, +9.960,+0.943
1683565920,+3.45, +8.186, +9.945,+0.944
1683565980,+3.45, +8.149, +9.949,+0.943
1683566040,+3.45, +8.130, +9.969,+0.944
1683566100,+3.45, +8.120, +9.970,+0.944
1683566160,+3.45, +8.196, +9.948,+0.944
1683566220,+3.45, +8.139, +9.953,+0.943
1683566280,+3.45, +8.139, +9.956,+0.944
1683566340,+3.45, +8.130, +9.951,+0.943
1683566400,+3.45, +8.111, +9.973,+0.944
1683566460,+3.45, +8.149, +9.971,+0.943
1683566520,+3.45, +8.167, +9.973,+0.943
1683566580,+3.45, +8.196, +9.969,+0.944
1683566640,+3.45, +8.196, +9.953,+0.944
1683566700,+3.45, +8.167, +9.974,+0.944
1683566760,+3.45, +8.186, +9.949,+0.944
1683566820,+3.45, +8.196, +9.926,+0.944
1683566880,+3.45, +8.196, +9.913,+0.944
1683566940,+3.45, +8.167, +9.916,+0.943
1683567000,+3.45, +8.214, +9.904,+0.943
1683567060,+3.45, +8.214, +9.893,+0.943
1683567120,+3.45, +8.177, +9.903,+0.944
1683567180,+3.45, +8.158, +9.898,+0.943
1683567240,+3.45, +8.196, +9.875,+0.943
1683567300,+3.45, +8.177, +9.874,+0.943
1683567360,+3.45, +8.111, +9.902,+0.944
1683567420,+3.45, +8.224, +9.851,+0.943
1683567480,+3.45, +8.205, +9.860,+0.944
1683567540,+3.45, +8.196, +9.858,+0.943
1683567600,+3.45, +8.271, +9.832,+0.943
1683567660,+3.45, +8.196, +9.858,+0.943
1683567720,+3.45, +8.205, +9.853,+0.943
1683567780,+3.45, +8.186, +9.858,+0.944
1683567840,+3.45, +8.139, +9.854,+0.943
1683567900,+3.45, +8.186, +9.833,+0.943
1683567960,+3.45, +8.196, +9.829,+0.943
1683568020,+3.45, +8.205, +9.841,+0.944
1683568080,+3.45, +8.177, +9.865,+0.944
1683568140,+3.45, +8.196, +9.852,+0.943
1683568200,+3.45, +8.186, +9.866,+0.943
1683568260,+3.45, +8.177, +9.875,+0.944
1683568320,+3.45, +8.262, +9.841,+0.943
1683568380,+3.45, +8.252, +9.850,+0.943
1683568440,+3.45, +8.299, +9.842,+0.943
1683568500,+3.45, +8.299, +9.859,+0.944
1683568560,+3.45, +8.290, +9.830,+0.943
1683568620,+3.45, +8.214, +9.832,+0.943
1683568680,+3.45, +8.177, +9.831,+0.943
1683568740,+3.45, +8.196, +9.827,+0.943
1683568800,+3.45, +8.186, +9.823,+0.943
1683568860,+3.45, +8.177, +9.822,+0.943
1683568920,+3.45, +8.139, +9.824,+0.943
1683568980,+3.45, +8.196, +9.815,+0.943
1683569040,+3.45, +8.186, +9.811,+0.943
1683569100,+3.45, +8.186, +9.820,+0.943
1683569160,+3.45, +8.214, +9.812,+0.943
1683569220,+3.45, +8.205, +9.821,+0.943
1683569280,+3.45, +8.233, +9.834,+0.944
1683569340,+3.45, +8.224, +9.844,+0.943
1683569400,+3.45, +8.186, +9.917,+0.943
1683569460,+3.45, +8.196, +9.936,+0.944
1683569520,+3.45, +8.233, +9.916,+0.944
1683569580,+3.45, +8.158, +9.905,+0.944
1683569640,+3.45, +8.177, +9.879,+0.944
1683569700,+3.45, +8.205, +9.861,+0.943
1683569760,+3.45, +8.224, +9.869,+0.943
1683569820,+3.45, +8.186, +9.897,+0.943
1683569880,+3.45, +8.224, +9.884,+0.943
1683569940,+3.45, +8.167, +9.917,+0.943
1683570000,+3.45, +8.158, +9.922,+0.944
1683570060,+3.45, +8.167, +9.920,+0.943
1683570120,+3.45, +8.149, +9.931,+0.943
1683570180,+3.45, +8.139, +9.922,+0.943
1683570240,+3.45, +8.130, +9.921,+0.944
1683570300,+3.45, +8.205, +9.881,+0.943
1683570360,+3.45, +8.158, +9.883,+0.943
1683570420,+3.45, +8.214, +9.851,+0.943
1683570480,+3.45, +8.186, +9.855,+0.943
1683570540,+3.45, +8.120, +9.884,+0.943
1683570600,+3.45, +8.130, +9.873,+0.944
1683570660,+3.45, +8.149, +9.841,+0.943
1683570720,+3.45, +8.158, +9.841,+0.944
1683570780,+3.45, +8.149, +9.834,+0.943
1683570840,+3.45, +8.205, +9.822,+0.943
1683570900,+3.45, +8.186, +9.843,+0.944
1683570960,+3.45, +8.196, +9.826,+0.943
1683571020,+3.45, +8.205, +9.818,+0.943
1683571080,+3.45, +8.196, +9.816,+0.943
1683571140,+3.45, +8.186, +9.814,+0.943
1683571200,+3.45, +8.262, +9.787,+0.944
1683571260,+3.45, +8.196, +9.808,+0.943
1683571320,+3.45, +8.158, +9.823,+0.943
1683571380,+3.45, +8.252, +9.813,+0.944
1683571440,+3.45, +8.299, +9.831,+0.943
1683571500,+3.45, +8.271, +9.896,+0.944
1683571560,+3.45, +8.290, +9.906,+0.944
1683571620,+3.45, +8.290, +9.921,+0.944
1683571680,+3.45, +8.233, +9.939,+0.944
1683571740,+3.45, +8.243, +9.922,+0.944
1683571800,+3.45, +8.262, +9.895,+0.944
1683571860,+3.45, +8.186, +9.893,+0.943
1683571920,+3.45, +8.252, +9.839,+0.943
1683571980,+3.45, +8.271, +9.811,+0.943
1683572040,+3.45, +8.262, +9.790,+0.943
1683572100,+3.45, +8.262, +9.803,+0.944
1683572160,+3.45, +8.318, +9.782,+0.943
1683572220,+3.45, +8.290, +9.813,+0.943
1683572280,+3.45, +8.346, +9.821,+0.943
1683572340,+3.45, +8.337, +9.891,+0.944
1683572400,+3.45, +8.346, +9.926,+0.944
1683572460,+3.45, +8.318, +9.925,+0.943
1683572520,+3.45, +8.318, +9.879,+0.943
1683572580,+3.45, +8.271, +9.853,+0.943
1683572640,+3.45, +8.233, +9.821,+0.943
1683572700,+3.45, +8.252, +9.797,+0.943
1683572760,+3.45, +8.280, +9.767,+0.943
1683572820,+3.45, +8.224, +9.775,+0.943
1683572880,+3.45, +8.252, +9.772,+0.943
1683572940,+3.45, +8.205, +9.779,+0.943
1683573000,+3.45, +8.233, +9.794,+0.943
1683573060,+3.45, +8.337, +9.816,+0.944
1683573120,+3.45, +8.309, +9.934,+0.943
1683573180,+3.45, +8.374,+10.006,+0.943
1683573240,+3.45, +8.365,+10.071,+0.944
1683573300,+3.45, +8.356,+10.077,+0.943
1683573360,+3.45, +8.449,+10.054,+0.944
1683573420,+3.45, +8.421,+10.056,+0.943
1683573480,+3.45, +8.412,+10.029,+0.943
1683573540,+3.45, +8.431,+10.018,+0.944
1683573600,+3.45, +8.412,+10.016,+0.943
1683573660,+3.45, +8.356, +9.941,+0.943
1683573720,+3.45, +8.262, +9.912,+0.943
1683573780,+3.45, +8.290, +9.886,+0.944
1683573840,+3.45, +8.271, +9.873,+0.943
1683573900,+3.45, +8.290, +9.855,+0.943
1683573960,+3.45, +8.262, +9.851,+0.943
1683574020,+3.45, +8.233, +9.839,+0.943
1683574080,+3.45, +8.233, +9.831,+0.943
1683574140,+3.45, +8.262, +9.808,+0.943
1683574200,+3.45, +8.252, +9.790,+0.943
1683574260,+3.45, +8.233, +9.792,+0.943
1683574320,+3.45, +8.214, +9.833,+0.943
1683574380,+3.45, +8.224, +9.865,+0.944
1683574440,+3.45, +8.205, +9.875,+0.943
1683574500,+3.45, +8.224, +9.872,+0.943
1683574560,+3.45, +8.186, +9.899,+0.943
1683574620,+3.45, +8.214, +9.881,+0.943
1683574680,+3.45, +8.214, +9.890,+0.943
1683574740,+3.45, +8.214, +9.878,+0.943
1683574800,+3.45, +8.280, +9.838,+0.943
1683574860,+3.45, +8.205, +9.863,+0.943
1683574920,+3.45, +8.149, +9.881,+0.943
1683574980,+3.45, +8.205, +9.846,+0.943
1683575040,+3.45, +8.177, +9.870,+0.944
1683575100,+3.45, +8.214, +9.862,+0.943
1683575160,+3.45, +8.186, +9.873,+0.943
1683575220,+3.45, +8.196, +9.879,+0.944
1683575280,+3.45, +8.252, +9.853,+0.943
1683575340,+3.45, +8.271, +9.853,+0.943
1683575400,+3.45, +8.318, +9.838,+0.943
1683575460,+3.45, +8.374, +9.821,+0.943
1683575520,+3.45, +8.318, +9.823,+0.943
1683575580,+3.45, +8.262, +9.843,+0.943
1683575640,+3.45, +8.318, +9.817,+0.943
1683575700,+3.45, +8.280, +9.807,+0.943
1683575760,+3.45, +8.271, +9.816,+0.944
1683575820,+3.45, +8.271, +9.835,+0.943
1683575880,+3.45, +8.271, +9.870,+0.943
1683575940,+3.45, +8.337, +9.865,+0.943
1683576000,+3.45, +8.337, +9.887,+0.944
1683576060,+3.45, +8.431, +9.862,+0.944
1683576120,+3.45, +8.384, +9.925,+0.944
1683576180,+3.45, +8.487, +9.945,+0.944
1683576240,+3.45, +8.674, +9.891,+0.944
1683576300,+3.45, +8.683, +9.930,+0.944
1683576360,+3.45, +8.721, +9.940,+0.944
1683576420,+3.45, +8.739, +9.933,+0.944
1683576480,+3.45, +8.767, +9.880,+0.943
1683576540,+3.45, +8.702, +9.868,+0.944
1683576600,+3.45, +8.665, +9.892,+0.944
1683576660,+3.45, +8.870, +9.942,+0.945
1683576720,+3.45, +9.028,+10.063,+0.945
1683576780,+3.45, +9.195,+10.251,+0.945
1683576840,+3.45, +9.362,+10.354,+0.944
1683576900,+3.45, +9.380,+10.430,+0.945
1683576960,+3.45, +9.473,+10.443,+0.945
1683577020,+3.45, +9.583,+10.480,+0.944
1683577080,+3.45, +9.620,+10.521,+0.945
1683577140,+3.45, +9.555,+10.478,+0.945
1683577200,+3.45, +9.509,+10.381,+0.944
1683577260,+3.45, +9.519,+10.367,+0.944
1683577320,+3.45, +9.509,+10.381,+0.944
1683577380,+3.45, +9.537,+10.424,+0.945
1683577440,+3.45, +9.583,+10.429,+0.944
1683577500,+3.45, +9.675,+10.479,+0.944
1683577560,+3.45, +9.666,+10.512,+0.944
1683577620,+3.45, +9.767,+10.509,+0.945
1683577680,+3.45, +9.859,+10.547,+0.944
1683577740,+3.45, +9.960,+10.597,+0.944
1683577800,+3.45,+10.069,+10.642,+0.945
1683577860,+3.45,+10.188,+10.616,+0.945
1683577920,+3.45,+10.270,+10.603,+0.944
1683577980,+3.45,+10.380,+10.679,+0.945
1683578040,+3.45,+10.480,+10.829,+0.945
1683578100,+3.45,+10.534,+10.908,+0.945
1683578160,+3.45,+10.579,+10.922,+0.945
1683578220,+3.45,+10.561,+11.040,+0.945
1683578280,+3.45,+10.616,+10.967,+0.944
1683578340,+3.45,+10.534,+10.833,+0.944
1683578400,+3.45,+10.452,+10.728,+0.944
1683578460,+3.45,+10.407,+10.678,+0.944
1683578520,+3.45,+10.334,+10.655,+0.944
1683578580,+3.45,+10.298,+10.607,+0.944
1683578640,+3.45,+10.152,+10.663,+0.944
1683578700,+3.45,+10.188,+10.662,+0.944
1683578760,+3.45,+10.197,+10.668,+0.944
1683578820,+3.45,+10.197,+10.696,+0.944
1683578880,+3.45,+10.206,+10.707,+0.944
1683578940,+3.45,+10.206,+10.717,+0.944
1683579000,+3.45,+10.288,+10.686,+0.944
1683579060,+3.45,+10.298,+10.685,+0.944
1683579120,+3.45,+10.288,+10.679,+0.944
1683579180,+3.45,+10.298,+10.668,+0.944
1683579240,+3.45,+10.307,+10.667,+0.944
1683579300,+3.45,+10.343,+10.660,+0.944
1683579360,+3.45,+10.352,+10.655,+0.944
1683579420,+3.45,+10.389,+10.644,+0.944
1683579480,+3.45,+10.398,+10.640,+0.944
1683579540,+3.45,+10.343,+10.673,+0.944
1683579600,+3.45,+10.443,+10.652,+0.944
1683579660,+3.45,+10.425,+10.689,+0.944
1683579720,+3.45,+10.370,+10.679,+0.944
1683579780,+3.45,+10.389,+10.614,+0.944
1683579840,+3.45,+10.352,+10.598,+0.944
1683579900,+3.45,+10.307,+10.593,+0.944
1683579960,+3.45,+10.298,+10.589,+0.944
1683580020,+3.45,+10.325,+10.593,+0.944
1683580080,+3.45,+10.343,+10.618,+0.944
1683580140,+3.45,+10.398,+10.607,+0.944
1683580200,+3.45,+10.407,+10.621,+0.944
1683580260,+3.45,+10.398,+10.631,+0.944
1683580320,+3.45,+10.407,+10.630,+0.944
1683580380,+3.45,+10.334,+10.680,+0.944
1683580440,+3.45,+10.416,+10.649,+0.944
1683580500,+3.45,+10.434,+10.625,+0.944
1683580560,+3.45,+10.380,+10.641,+0.944
1683580620,+3.45,+10.380,+10.666,+0.945
1683580680,+3.45,+10.361,+10.687,+0.944
1683580740,+3.45,+10.370,+10.676,+0.943
1683580800,+3.45,+10.288,+10.736,+0.944
1683580860,+3.45,+10.279,+10.708,+0.944
1683580920,+3.45,+10.188,+10.695,+0.944
1683580980,+3.45,+10.143,+10.664,+0.944
1683581040,+3.45,+10.124,+10.657,+0.944
1683581100,+3.45,+10.024,+10.679,+0.944
1683581160,+3.45,+10.079,+10.634,+0.943
1683581220,+3.45,+10.024,+10.690,+0.944
1683581280,+3.45, +9.978,+10.699,+0.944
1683581340,+3.45,+10.024,+10.663,+0.944
1683581400,+3.45, +9.987,+10.661,+0.944
1683581460,+3.45, +9.960,+10.652,+0.944
1683581520,+3.45, +9.969,+10.630,+0.944
1683581580,+3.45, +9.987,+10.602,+0.944
1683581640,+3.45, +9.941,+10.619,+0.944
1683581700,+3.45, +9.941,+10.631,+0.944
1683581760,+3.45, +9.978,+10.653,+0.944
1683581820,+3.45,+10.015,+10.638,+0.944
1683581880,+3.45,+10.015,+10.636,+0.944
1683581940,+3.45, +9.969,+10.653,+0.944
1683582000,+3.45,+10.042,+10.628,+0.944
1683582060,+3.45,+10.069,+10.615,+0.944
1683582120,+3.45,+10.124,+10.621,+0.944
1683582180,+3.45,+10.161,+10.622,+0.944
1683582240,+3.45,+10.225,+10.658,+0.944
1683582300,+3.45,+10.261,+10.638,+0.944
1683582360,+3.45,+10.225,+10.647,+0.944
1683582420,+3.45,+10.261,+10.619,+0.944
1683582480,+3.45,+10.279,+10.608,+0.944
1683582540,+3.45,+10.288,+10.604,+0.944
1683582600,+3.45,+10.270,+10.614,+0.944
1683582660,+3.45,+10.307,+10.608,+0.944
1683582720,+3.45,+10.252,+10.680,+0.944
1683582780,+3.45,+10.334,+10.677,+0.944
1683582840,+3.45,+10.343,+10.668,+0.944
1683582900,+3.45,+10.288,+10.669,+0.944
1683582960,+3.45,+10.361,+10.636,+0.944
1683583020,+3.45,+10.343,+10.635,+0.944
1683583080,+3.45,+10.288,+10.648,+0.944
1683583140,+3.45,+10.288,+10.632,+0.944
1683583200,+3.45,+10.343,+10.610,+0.944
1683583260,+3.45,+10.298,+10.631,+0.944
1683583320,+3.45,+10.343,+10.613,+0.944
1683583380,+3.45,+10.389,+10.594,+0.944
1683583440,+3.45,+10.298,+10.630,+0.944
1683583500,+3.45,+10.398,+10.577,+0.944
1683583560,+3.45,+10.316,+10.590,+0.944
1683583620,+3.45,+10.252,+10.603,+0.944
1683583680,+3.45,+10.334,+10.557,+0.944
1683583740,+3.45,+10.270,+10.571,+0.944
1683583800,+3.45,+10.270,+10.589,+0.944
1683583860,+3.45,+10.243,+10.604,+0.944
1683583920,+3.45,+10.316,+10.582,+0.944
1683583980,+3.45,+10.298,+10.573,+0.944
1683584040,+3.45,+10.270,+10.569,+0.944
1683584100,+3.45,+10.252,+10.557,+0.944
1683584160,+3.45,+10.288,+10.531,+0.944
1683584220,+3.45,+10.288,+10.528,+0.944
1683584280,+3.45,+10.361,+10.484,+0.944
1683584340,+3.45,+10.316,+10.504,+0.944
1683584400,+3.45,+10.288,+10.502,+0.944
1683584460,+3.45,+10.279,+10.510,+0.944
1683584520,+3.45,+10.298,+10.513,+0.944
1683584580,+3.45,+10.270,+10.525,+0.944
1683584640,+3.45,+10.298,+10.494,+0.944
1683584700,+3.45,+10.243,+10.470,+0.944
1683584760,+3.45,+10.279,+10.433,+0.944
1683584820,+3.45,+10.298,+10.399,+0.944
1683584880,+3.45,+10.225,+10.366,+0.943
1683584940,+3.45,+10.133,+10.451,+0.944
1683585000,+3.45,+10.170,+10.448,+0.944
1683585060,+3.45,+10.115,+10.483,+0.944
1683585120,+3.45,+10.115,+10.485,+0.944
1683585180,+3.45,+10.115,+10.498,+0.944
1683585240,+3.45,+10.097,+10.512,+0.944
1683585300,+3.45,+10.106,+10.529,+0.944
1683585360,+3.45,+10.069,+10.536,+0.944
1683585420,+3.45,+10.088,+10.521,+0.943
1683585480,+3.45,+10.097,+10.515,+0.944
1683585540,+3.45,+10.060,+10.538,+0.944
1683585600,+3.45,+10.069,+10.519,+0.944
1683585660,+3.45,+10.133,+10.499,+0.944
1683585720,+3.45,+10.060,+10.520,+0.944
1683585780,+3.45,+10.060,+10.534,+0.944
1683585840,+3.45,+10.097,+10.524,+0.944
1683585900,+3.45,+10.069,+10.500,+0.944
1683585960,+3.45, +9.923,+10.381,+0.943
1683586020,+3.45, +9.868,+10.392,+0.944
1683586080,+3.45, +9.758,+10.452,+0.944
1683586140,+3.45, +9.657,+10.459,+0.944
1683586200,+3.45, +9.703,+10.445,+0.943
1683586260,+3.45, +9.611,+10.472,+0.943
1683586320,+3.45, +9.620,+10.444,+0.943
1683586380,+3.45, +9.546,+10.450,+0.944
1683586440,+3.45, +9.638,+10.391,+0.944
1683586500,+3.45, +9.583,+10.391,+0.944
1683586560,+3.45, +9.574,+10.367,+0.944
1683586620,+3.45, +9.519,+10.370,+0.944
1683586680,+3.45, +9.519,+10.358,+0.944
1683586740,+3.45, +9.482,+10.374,+0.944
1683586800,+3.45, +9.482,+10.351,+0.944
1683586860,+3.45, +9.491,+10.325,+0.944
1683586920,+3.45, +9.482,+10.325,+0.944
1683586980,+3.45, +9.500,+10.287,+0.944
1683587040,+3.45, +9.482,+10.246,+0.943
1683587100,+3.45, +9.362,+10.258,+0.944
1683587160,+3.45, +9.399,+10.210,+0.943
1683587220,+3.45, +9.297,+10.231,+0.943
1683587280,+3.45, +9.278,+10.209,+0.943
1683587340,+3.45, +9.232,+10.206,+0.943
1683587400,+3.45, +9.177,+10.221,+0.944
1683587460,+3.45, +9.140,+10.208,+0.944
1683587520,+3.45, +9.214,+10.172,+0.943
1683587580,+3.45, +9.140,+10.221,+0.944
1683587640,+3.45, +9.102,+10.253,+0.944
1683587700,+3.45, +9.075,+10.256,+0.944
1683587760,+3.45, +9.075,+10.259,+0.944
1683587820,+3.45, +9.093,+10.260,+0.944
1683587880,+3.45, +9.093,+10.260,+0.944
1683587940,+3.45, +9.037,+10.302,+0.944
1683588000,+3.45, +9.000,+10.336,+0.944
1683588060,+3.45, +9.019,+10.335,+0.944
1683588120,+3.45, +9.056,+10.322,+0.944
1683588180,+3.45, +9.037,+10.334,+0.944
1683588240,+3.45, +9.093,+10.303,+0.943
1683588300,+3.45, +9.093,+10.324,+0.944
1683588360,+3.45, +9.065,+10.332,+0.944
1683588420,+3.45, +9.019,+10.356,+0.944
1683588480,+3.45, +9.130,+10.304,+0.943
1683588540,+3.45, +9.028,+10.362,+0.944
1683588600,+3.45, +9.019,+10.382,+0.944
1683588660,+3.45, +9.037,+10.376,+0.944
1683588720,+3.45, +9.037,+10.416,+0.944
1683588780,+3.45, +9.047,+10.408,+0.944
1683588840,+3.45, +9.037,+10.422,+0.944
1683588900,+3.45, +9.000,+10.462,+0.944
1683588960,+3.45, +9.065,+10.446,+0.944
1683589020,+3.45, +9.047,+10.459,+0.944
1683589080,+3.45, +9.056,+10.456,+0.944
1683589140,+3.45, +8.991,+10.478,+0.944
1683589200,+3.45, +9.010,+10.480,+0.944
1683589260,+3.45, +8.972,+10.502,+0.944
1683589320,+3.45, +9.028,+10.480,+0.944
1683589380,+3.45, +9.000,+10.484,+0.944
1683589440,+3.45, +8.954,+10.491,+0.944
1683589500,+3.45, +9.019,+10.450,+0.944
1683589560,+3.45, +8.991,+10.458,+0.944
1683589620,+3.45, +9.065,+10.412,+0.944
1683589680,+3.45, +9.037,+10.415,+0.944
1683589740,+3.45, +9.019,+10.419,+0.944
1683589800,+3.45, +9.037,+10.412,+0.944
1683589860,+3.45, +8.991,+10.424,+0.944
1683589920,+3.45, +9.019,+10.410,+0.944
1683589980,+3.45, +9.075,+10.385,+0.944
1683590040,+3.45, +9.010,+10.416,+0.944
1683590100,+3.45, +9.037,+10.393,+0.944
1683590160,+3.45, +9.010,+10.410,+0.944
1683590220,+3.45, +8.991,+10.407,+0.944
1683590280,+3.45, +9.065,+10.379,+0.944
1683590340,+3.45, +9.028,+10.385,+0.944
1683590400,+3.45, +8.991,+10.394,+0.943
1683590460,+3.45, +9.037,+10.406,+0.945
1683590520,+3.45, +9.037,+10.405,+0.944
1683590580,+3.45, +9.037,+10.404,+0.944
1683590640,+3.45, +9.047,+10.412,+0.944
1683590700,+3.45, +9.037,+10.438,+0.944
1683590760,+3.45, +9.037,+10.444,+0.944
1683590820,+3.45, +9.047,+10.457,+0.944
1683590880,+3.45, +8.972,+10.484,+0.944
1683590940,+3.45, +9.019,+10.483,+0.944
1683591000,+3.45, +9.037,+10.497,+0.944
1683591060,+3.45, +9.075,+10.485,+0.944
1683591120,+3.45, +8.972,+10.535,+0.944
1683591180,+3.45, +9.028,+10.515,+0.944
1683591240,+3.45, +9.010,+10.529,+0.944
1683591300,+3.45, +9.000,+10.541,+0.944
1683591360,+3.45, +8.991,+10.535,+0.944
1683591420,+3.45, +8.963,+10.559,+0.944
1683591480,+3.45, +9.000,+10.549,+0.944
1683591540,+3.45, +8.944,+10.556,+0.944
1683591600,+3.45, +8.972,+10.543,+0.944
1683591660,+3.45, +8.944,+10.549,+0.944
1683591720,+3.45, +8.944,+10.556,+0.944
1683591780,+3.45, +8.954,+10.538,+0.944
1683591840,+3.45, +8.926,+10.549,+0.944
1683591900,+3.45, +8.944,+10.539,+0.944
1683591960,+3.45, +8.944,+10.522,+0.944
1683592020,+3.45, +8.954,+10.515,+0.944
1683592080,+3.45, +8.935,+10.501,+0.944
1683592140,+3.45, +8.935,+10.490,+0.944
1683592200,+3.45, +8.982,+10.465,+0.944
1683592260,+3.45, +8.944,+10.477,+0.944
1683592320,+3.45, +8.944,+10.480,+0.944
1683592380,+3.45, +8.870,+10.278,+0.943
1683592440,+3.45, +8.833,+10.179,+0.943
1683592500,+3.45, +8.795,+10.159,+0.943
1683592560,+3.45, +8.777,+10.147,+0.943
1683592620,+3.45, +8.711,+10.157,+0.943
1683592680,+3.45, +8.730,+10.146,+0.944
1683592740,+3.45, +8.739,+10.149,+0.944
1683592800,+3.45, +8.702,+10.158,+0.944
1683592860,+3.45, +8.721,+10.141,+0.943
1683592920,+3.45, +8.702,+10.148,+0.943
1683592980,+3.45, +8.693,+10.152,+0.944
1683593040,+3.45, +8.665,+10.157,+0.944
1683593100,+3.45, +8.702,+10.120,+0.944
1683593160,+3.45, +8.665,+10.089,+0.943
1683593220,+3.45, +8.627,+10.028,+0.943
1683593280,+3.45, +8.590, +9.997,+0.943
1683593340,+3.45, +8.581, +9.914,+0.943
1683593400,+3.45, +8.506, +9.861,+0.943
1683593460,+3.45, +8.402, +9.850,+0.943
1683593520,+3.45, +8.431, +9.826,+0.943
1683593580,+3.45, +8.421, +9.816,+0.943
1683593640,+3.45, +8.421, +9.814,+0.943
1683593700,+3.45, +8.318, +9.848,+0.943
1683593760,+3.45, +8.243, +9.876,+0.943
1683593820,+3.45, +8.262, +9.850,+0.943
1683593880,+3.45, +8.290, +9.840,+0.943
1683593940,+3.45, +8.327, +9.814,+0.943
1683594000,+3.45, +8.280, +9.828,+0.943
1683594060,+3.45, +8.327, +9.805,+0.943
1683594120,+3.45, +8.252, +9.819,+0.943
1683594180,+3.45, +8.290, +9.799,+0.943
1683594240,+3.45, +8.290, +9.794,+0.943
1683594300,+3.45, +8.262, +9.814,+0.944
1683594360,+3.45, +8.252, +9.805,+0.943
1683594420,+3.45, +8.290, +9.796,+0.943
1683594480,+3.45, +8.290, +9.810,+0.943
1683594540,+3.45, +8.290, +9.824,+0.943
1683594600,+3.45, +8.346, +9.821,+0.943
1683594660,+3.45, +8.356, +9.820,+0.943
1683594720,+3.45, +8.346, +9.845,+0.943
1683594780,+3.45, +8.402, +9.830,+0.943
1683594840,+3.45, +8.431, +9.816,+0.943
1683594900,+3.45, +8.421, +9.822,+0.944
1683594960,+3.45, +8.440, +9.794,+0.943
1683595020,+3.45, +8.421, +9.811,+0.944
1683595080,+3.45, +8.496, +9.817,+0.944
1683595140,+3.45, +8.599, +9.869,+0.944
1683595200,+3.45, +8.702,+10.001,+0.944
1683595260,+3.45, +8.674,+10.159,+0.944
1683595320,+3.45, +8.805,+10.208,+0.944
1683595380,+3.45, +8.833,+10.252,+0.945
1683595440,+3.45, +8.907,+10.246,+0.944
1683595500,+3.45, +8.898,+10.262,+0.944
1683595560,+3.45, +8.926,+10.277,+0.944
1683595620,+3.45, +9.000,+10.254,+0.944
1683595680,+3.45, +9.028,+10.258,+0.944
1683595740,+3.45, +9.010,+10.285,+0.944
1683595800,+3.45, +9.065,+10.267,+0.944
1683595860,+3.45, +9.056,+10.283,+0.944
1683595920,+3.45, +9.093,+10.278,+0.944
1683595980,+3.45, +9.102,+10.323,+0.944
1683596040,+3.45, +9.149,+10.356,+0.944
1683596100,+3.45, +9.140,+10.409,+0.944
1683596160,+3.45, +9.140,+10.423,+0.944
1683596220,+3.45, +9.140,+10.425,+0.944
1683596280,+3.45, +9.167,+10.428,+0.944
1683596340,+3.45, +9.121,+10.454,+0.944
1683596400,+3.45, +9.177,+10.432,+0.944
1683596460,+3.45, +9.167,+10.424,+0.944
1683596520,+3.45, +9.195,+10.410,+0.944
1683596580,+3.45, +9.177,+10.410,+0.944
1683596640,+3.45, +9.214,+10.407,+0.945
1683596700,+3.45, +9.186,+10.400,+0.944
1683596760,+3.45, +9.241,+10.390,+0.944
1683596820,+3.45, +9.343,+10.385,+0.945
1683596880,+3.45, +9.343,+10.365,+0.944
1683596940,+3.45, +9.445,+10.396,+0.944
1683597000,+3.45, +9.417,+10.412,+0.944
1683597060,+3.45, +9.500,+10.393,+0.944
1683597120,+3.45, +9.500,+10.421,+0.944
1683597180,+3.45, +9.694,+10.385,+0.944
1683597240,+3.45, +9.721,+10.407,+0.945
1683597300,+3.45, +9.785,+10.442,+0.945
1683597360,+3.45, +9.868,+10.438,+0.944
1683597420,+3.45, +9.996,+10.463,+0.944
1683597480,+3.45,+10.143,+10.512,+0.944
1683597540,+3.45,+10.206,+10.587,+0.944
1683597600,+3.45,+10.288,+10.700,+0.945
1683597660,+3.45,+10.380,+10.737,+0.945
1683597720,+3.45,+10.470,+10.803,+0.944
1683597780,+3.45,+10.489,+10.797,+0.945
1683597840,+3.45,+10.443,+10.795,+0.944
1683597900,+3.45,+10.461,+10.749,+0.944
1683597960,+3.45,+10.425,+10.709,+0.944
1683598020,+3.45,+10.343,+10.718,+0.944
1683598080,+3.45,+10.389,+10.661,+0.944
1683598140,+3.45,+10.398,+10.662,+0.944
1683598200,+3.45,+10.325,+10.694,+0.944
1683598260,+3.45,+10.361,+10.677,+0.944
1683598320,+3.45,+10.361,+10.681,+0.944
1683598380,+3.45,+10.370,+10.688,+0.944
1683598440,+3.45,+10.361,+10.708,+0.944
1683598500,+3.45,+10.443,+10.699,+0.944
1683598560,+3.45,+10.407,+10.720,+0.944
1683598620,+3.45,+10.443,+10.717,+0.944
1683598680,+3.45,+10.470,+10.759,+0.945
1683598740,+3.45,+10.570,+10.795,+0.944
1683598800,+3.45,+10.679,+10.842,+0.945
1683598860,+3.45,+10.797,+10.850,+0.944
1683598920,+3.45,+10.616,+10.416,+0.943
1683598980,+3.45,+10.389,+10.457,+0.943
1683599040,+3.45,+10.370,+10.541,+0.943
1683599100,+3.45,+10.261,+10.480,+0.943
1683599160,+3.45,+10.234,+10.509,+0.944
1683599220,+3.45,+10.206,+10.520,+0.944
1683599280,+3.45,+10.197,+10.537,+0.944
1683599340,+3.45,+10.206,+10.523,+0.944
1683599400,+3.45,+10.152,+10.477,+0.944
1683599460,+3.45,+10.069,+10.449,+0.943
1683599520,+3.45,+10.069,+10.444,+0.944
1683599580,+3.45,+10.060,+10.481,+0.944
1683599640,+3.45,+10.206,+10.545,+0.944
1683599700,+3.45,+10.261,+10.620,+0.944
1683599760,+3.45,+10.288,+10.655,+0.944
1683599820,+3.45,+10.370,+10.642,+0.944
1683599880,+3.45,+10.352,+10.701,+0.944
1683599940,+3.45,+10.361,+10.702,+0.944
1683600000,+3.45,+10.398,+10.691,+0.944
1683600060,+3.45,+10.389,+10.644,+0.944
1683600120,+3.45,+10.325,+10.725,+0.944
1683600180,+3.45,+10.325,+10.723,+0.944
1683600240,+3.45,+10.225,+10.736,+0.944
1683600300,+3.45,+10.279,+10.731,+0.944
1683600360,+3.45,+10.270,+10.738,+0.944
1683600420,+3.45,+10.425,+10.722,+0.944
1683600480,+3.45,+10.452,+10.782,+0.944
1683600540,+3.45,+10.507,+10.769,+0.944
1683600600,+3.45,+10.188,+10.352,+0.943
1683600660,+3.45, +9.950,+10.179,+0.943
1683600720,+3.45, +9.795,+10.162,+0.943
1683600780,+3.45, +9.749,+10.235,+0.943
1683600840,+3.45, +9.795,+10.287,+0.944
1683600900,+3.45, +9.822,+10.322,+0.943
1683600960,+3.45, +9.795,+10.433,+0.944
1683601020,+3.45, +9.932,+10.624,+0.944
1683601080,+3.45, +9.730, +9.916,+0.942
1683601140,+3.45, +9.306, +9.781,+0.942
1683601200,+3.45, +9.130, +9.860,+0.943
1683601260,+3.45, +9.223, +9.968,+0.943
1683601320,+3.45, +9.297,+10.146,+0.943
1683601380,+3.45, +9.500,+10.294,+0.944
1683601440,+3.45, +9.574,+10.423,+0.944
1683601500,+3.45, +9.666,+10.421,+0.944
1683601560,+3.45, +9.730,+10.360,+0.944
1683601620,+3.45, +9.703,+10.350,+0.944
1683601680,+3.45, +9.758,+10.381,+0.944
1683601740,+3.45, +9.978,+10.438,+0.945
1683601800,+3.45,+10.252,+10.763,+0.945
1683601860,+3.45,+10.443,+10.798,+0.945
1683601920,+3.45,+10.543,+10.852,+0.945
1683601980,+3.45,+10.752,+10.876,+0.945
1683602040,+3.45,+10.842,+10.919,+0.945
1683602100,+3.45,+10.923,+10.789,+0.944
1683602160,+3.45,+10.887,+10.693,+0.944
1683602220,+3.45,+10.589,+10.606,+0.944
1683602280,+3.45,+10.679,+10.647,+0.945
1683602340,+3.45,+10.878,+10.670,+0.945
1683602400,+3.45,+11.104,+10.712,+0.945
1683602460,+3.45,+11.230,+10.743,+0.945
1683602520,+3.45,+11.374,+10.732,+0.944
1683602580,+3.45,+11.463,+10.752,+0.945
1683602640,+3.45,+11.580,+10.787,+0.945
1683602700,+3.45,+11.660,+10.825,+0.945
1683602760,+3.45,+11.767,+10.846,+0.945
1683602820,+3.45,+11.794,+10.860,+0.945
1683602880,+3.45,+11.892,+10.884,+0.945
1683602940,+3.45,+11.919,+10.625,+0.943
1683603000,+3.45,+11.391,+10.382,+0.943
1683603060,+3.45,+11.050,+10.184,+0.942
1683603120,+3.45,+10.516, +9.832,+0.941
1683603180,+3.45,+10.197, +9.797,+0.941
1683603240,+3.45, +9.840, +9.809,+0.942
1683603300,+3.45, +9.574, +9.810,+0.942
1683603360,+3.45, +9.454, +9.835,+0.942
1683603420,+3.45, +9.325, +9.884,+0.942
1683603480,+3.45, +9.306, +9.916,+0.943
1683603540,+3.45, +9.251, +9.955,+0.942
1683603600,+3.45, +9.223,+10.000,+0.943
1683603660,+3.45, +9.251,+10.004,+0.942
1683603720,+3.45, +9.371,+10.044,+0.943
1683603780,+3.45, +9.491,+10.204,+0.944
1683603840,+3.45, +9.730,+10.348,+0.944
1683603900,+3.45, +9.868,+10.376,+0.944
1683603960,+3.45,+10.143,+10.459,+0.944
1683604020,+3.45,+10.434,+10.520,+0.945
1683604080,+3.45,+10.706,+10.570,+0.945
1683604140,+3.45,+10.896,+10.669,+0.945
1683604200,+3.45,+11.050,+10.747,+0.945
1683604260,+3.45,+10.561,+10.102,+0.943
1683604320,+3.45,+10.234,+10.088,+0.942
1683604380,+3.45,+10.088,+10.183,+0.944
1683604440,+3.45,+10.106,+10.197,+0.943
1683604500,+3.45,+10.115,+10.165,+0.943
1683604560,+3.45, +9.987,+10.164,+0.943
1683604620,+3.45,+10.106,+10.345,+0.944
1683604680,+3.45,+10.407,+10.436,+0.944
1683604740,+3.45,+10.598,+10.516,+0.945
1683604800,+3.45,+10.860,+10.597,+0.945
1683604860,+3.45,+10.987,+10.700,+0.945
1683604920,+3.45,+11.176,+10.727,+0.945
1683604980,+3.45,+11.320,+10.739,+0.944
1683605040,+3.45,+11.463,+10.787,+0.945
1683605100,+3.45,+11.275,+10.479,+0.943
1683605160,+3.45,+11.050,+10.504,+0.944
1683605220,+3.45,+10.996,+10.573,+0.944
1683605280,+3.45,+11.077,+10.656,+0.944
1683605340,+3.45,+11.104,+10.843,+0.945
1683605400,+3.45,+11.023,+10.632,+0.943
1683605460,+3.45,+10.851,+10.461,+0.943
1683605520,+3.45,+10.679,+10.465,+0.943
1683605580,+3.45,+10.643,+10.444,+0.943
1683605640,+3.45,+10.643,+10.464,+0.944
1683605700,+3.45,+10.724,+10.530,+0.944
1683605760,+3.45,+10.887,+10.648,+0.944
1683605820,+3.45,+11.104,+10.754,+0.944
1683605880,+3.45,+11.248,+10.920,+0.945
1683605940,+3.45,+11.436,+10.973,+0.944
1683606000,+3.45,+11.615,+11.019,+0.945
1683606060,+3.45,+11.678,+11.077,+0.945
1683606120,+3.45,+11.732,+11.030,+0.944
1683606180,+3.45,+11.508,+11.005,+0.944
1683606240,+3.45,+11.544,+11.043,+0.944
1683606300,+3.45,+11.669,+11.137,+0.945
1683606360,+3.45,+11.785,+11.188,+0.945
1683606420,+3.45,+11.624,+10.173,+0.941
1683606480,+3.45,+10.914,+10.305,+0.943
1683606540,+3.45,+11.023,+10.717,+0.943
1683606600,+3.45,+11.212,+10.854,+0.944
1683606660,+3.45,+11.338,+10.846,+0.944
1683606720,+3.45,+11.293,+10.938,+0.944
1683606780,+3.45,+10.770, +9.515,+0.940
1683606840,+3.45, +9.914, +9.653,+0.941
1683606900,+3.45, +9.657, +9.891,+0.942
1683606960,+3.45, +9.537, +9.972,+0.942
1683607020,+3.45, +9.675,+10.100,+0.943
1683607080,+3.45, +9.877,+10.082,+0.942
1683607140,+3.45, +9.785,+10.258,+0.943
1683607200,+3.45, +9.840,+10.305,+0.943
1683607260,+3.45, +9.822,+10.344,+0.943
1683607320,+3.45, +9.895,+10.407,+0.943
1683607380,+3.45,+10.188,+10.669,+0.945
1683607440,+3.45,+10.489,+10.766,+0.945
1683607500,+3.45,+10.743,+10.784,+0.945
1683607560,+3.45,+10.489, +9.858,+0.941
1683607620,+3.45, +9.721, +9.818,+0.942
1683607680,+3.45, +9.703,+10.310,+0.944
1683607740,+3.45,+10.069,+10.586,+0.944
1683607800,+3.45,+10.252,+10.614,+0.944
1683607860,+3.45,+10.480,+10.758,+0.945
1683607920,+3.45,+10.652,+10.853,+0.945
1683607980,+3.45,+10.788,+10.490,+0.943
1683608040,+3.45,+10.443,+10.210,+0.942
1683608100,+3.45, +9.950,+10.091,+0.942
1683608160,+3.45, +9.721,+10.080,+0.942
1683608220,+3.45, +9.583,+10.195,+0.943
1683608280,+3.45, +9.666,+10.197,+0.943
1683608340,+3.45, +9.648,+10.317,+0.944
1683608400,+3.45, +9.804,+10.384,+0.944
1683608460,+3.45, +9.592,+10.194,+0.943
1683608520,+3.45, +9.352,+10.066,+0.942
1683608580,+3.45, +9.195,+10.083,+0.943
1683608640,+3.45, +9.269,+10.175,+0.943
1683608700,+3.45, +9.325,+10.238,+0.944
1683608760,+3.45, +9.436,+10.322,+0.944
1683608820,+3.45, +9.592,+10.354,+0.944
1683608880,+3.45, +9.445,+10.291,+0.943
1683608940,+3.45, +9.352,+10.237,+0.943
1683609000,+3.45, +9.288,+10.224,+0.943
1683609060,+3.45, +9.251,+10.263,+0.944
1683609120,+3.45, +9.204,+10.154,+0.943
1683609180,+3.45, +9.158,+10.211,+0.943
1683609240,+3.45, +9.167,+10.312,+0.944
1683609300,+3.45, +9.130,+10.277,+0.943
1683609360,+3.45, +8.963,+10.130,+0.943
1683609420,+3.45, +8.935,+10.062,+0.942
1683609480,+3.45, +8.842,+10.072,+0.943
1683609540,+3.45, +8.739, +9.818,+0.943
1683609600,+3.45, +8.571, +9.776,+0.942
1683609660,+3.45, +8.449, +9.778,+0.942
1683609720,+3.45, +8.412, +9.838,+0.943
1683609780,+3.45, +8.309, +9.835,+0.942
1683609840,+3.45, +8.412, +9.794,+0.943
1683609900,+3.45, +8.402, +9.805,+0.943
1683609960,+3.45, +8.412, +9.821,+0.943
1683610020,+3.45, +8.431, +9.909,+0.944
1683610080,+3.45, +8.552, +9.937,+0.943
1683610140,+3.45, +8.646,+10.040,+0.944
1683610200,+3.45, +8.833,+10.086,+0.944
1683610260,+3.45, +8.944,+10.150,+0.944
1683610320,+3.45, +9.149,+10.307,+0.945
1683610380,+3.45, +9.130,+10.054,+0.943
1683610440,+3.45, +8.870, +9.796,+0.943
1683610500,+3.45, +8.805, +9.896,+0.943
1683610560,+3.45, +8.823, +9.922,+0.944
1683610620,+3.45, +8.823, +9.981,+0.943
1683610680,+3.45, +8.823, +9.955,+0.943
1683610740,+3.45, +8.851, +9.939,+0.943
1683610800,+3.45, +8.842, +9.956,+0.944
1683610860,+3.45, +8.889, +9.927,+0.943
1683610920,+3.45, +8.879, +9.934,+0.944
1683610980,+3.45, +8.917, +9.941,+0.943
1683611040,+3.45, +9.047, +9.996,+0.944
1683611100,+3.45, +9.010,+10.047,+0.944
1683611160,+3.45, +9.010, +9.991,+0.943
1683611220,+3.45, +8.842, +9.962,+0.943
1683611280,+3.45, +8.749, +9.945,+0.943
1683611340,+3.45, +8.721, +9.943,+0.943
1683611400,+3.45, +8.702, +9.930,+0.943
1683611460,+3.45, +8.655, +9.945,+0.943
1683611520,+3.45, +8.683, +9.892,+0.943
1683611580,+3.45, +8.627, +9.951,+0.944
1683611640,+3.45, +8.571, +9.952,+0.944
1683611700,+3.45, +8.618,+10.029,+0.944
1683611760,+3.45, +8.665,+10.051,+0.943
1683611820,+3.45, +8.637,+10.094,+0.944
1683611880,+3.45, +8.693,+10.046,+0.943
1683611940,+3.45, +8.665, +9.969,+0.943
1683612000,+3.45, +8.543, +9.883,+0.943
1683612060,+3.45, +8.534, +9.897,+0.943
1683612120,+3.45, +8.571, +9.978,+0.944
1683612180,+3.45, +8.590, +9.985,+0.944
1683612240,+3.45, +8.571,+10.003,+0.944
1683612300,+3.45, +8.581, +9.835,+0.943
1683612360,+3.45, +8.402, +9.773,+0.943
1683612420,+3.45, +8.402, +9.851,+0.944
1683612480,+3.45, +8.468, +9.891,+0.944
1683612540,+3.45, +8.496, +9.906,+0.943
1683612600,+3.45, +8.524, +9.909,+0.943
1683612660,+3.45, +8.309, +9.743,+0.943
1683612720,+3.45, +8.243, +9.699,+0.943
1683612780,+3.45, +8.214, +9.699,+0.943
1683612840,+3.45, +8.167, +9.744,+0.943
1683612900,+3.45, +8.167, +9.724,+0.942
1683612960,+3.45, +8.073, +9.701,+0.943
1683613020,+3.45, +8.083, +9.596,+0.942
1683613080,+3.45, +7.969, +9.546,+0.942
1683613140,+3.45, +7.922, +9.507,+0.943
1683613200,+3.45, +7.893, +9.486,+0.942
1683613260,+3.45, +7.846, +9.485,+0.943
1683613320,+3.45, +7.884, +9.497,+0.943
1683613380,+3.45, +7.922, +9.585,+0.943
1683613440,+3.45, +7.960, +9.628,+0.943
1683613500,+3.45, +7.893, +9.628,+0.943
1683613560,+3.45, +7.922, +9.576,+0.943
1683613620,+3.45, +7.912, +9.528,+0.943
1683613680,+3.45, +7.827, +9.536,+0.943
1683613740,+3.45, +7.799, +9.511,+0.943
1683613800,+3.45, +7.808, +9.488,+0.943
1683613860,+3.45, +7.808, +9.469,+0.943
1683613920,+3.45, +7.837, +9.455,+0.943
1683613980,+3.45, +7.846, +9.459,+0.943
1683614040,+3.45, +7.837, +9.487,+0.943
1683614100,+3.45, +7.827, +9.518,+0.943
1683614160,+3.45, +7.837, +9.538,+0.943
1683614220,+3.45, +7.912, +9.576,+0.943
1683614280,+3.45, +7.941, +9.614,+0.943
1683614340,+3.45, +7.922, +9.607,+0.943
1683614400,+3.45, +7.912, +9.567,+0.943
1683614460,+3.45, +7.789, +9.578,+0.943
1683614520,+3.45, +7.808, +9.551,+0.943
1683614580,+3.45, +7.827, +9.527,+0.943
1683614640,+3.45, +7.884, +9.503,+0.943
1683614700,+3.45, +7.818, +9.534,+0.943
1683614760,+3.45, +7.799, +9.558,+0.943
1683614820,+3.45, +7.856, +9.549,+0.943
1683614880,+3.45, +7.893, +9.561,+0.943
1683614940,+3.45, +7.875, +9.591,+0.943
1683615000,+3.45, +7.922, +9.584,+0.943
1683615060,+3.45, +7.875, +9.613,+0.943
1683615120,+3.45, +7.922, +9.597,+0.943
1683615180,+3.45, +7.922, +9.604,+0.943
1683615240,+3.45, +7.893, +9.611,+0.943
1683615300,+3.45, +7.903, +9.622,+0.943
1683615360,+3.45, +7.941, +9.624,+0.943
1683615420,+3.45, +7.950, +9.628,+0.943
1683615480,+3.45, +7.922, +9.652,+0.943
1683615540,+3.45, +7.969, +9.636,+0.943
1683615600,+3.45, +8.007, +9.620,+0.943
1683615660,+3.45, +7.960, +9.648,+0.943
1683615720,+3.45, +8.007, +9.627,+0.943
1683615780,+3.45, +7.998, +9.628,+0.943
1683615840,+3.45, +7.988, +9.635,+0.943
1683615900,+3.45, +7.969, +9.619,+0.943
1683615960,+3.45, +7.931, +9.614,+0.943
1683616020,+3.45, +7.969, +9.609,+0.943
1683616080,+3.45, +8.016, +9.614,+0.943
1683616140,+3.45, +8.016, +9.601,+0.943
1683616200,+3.45, +7.998, +9.586,+0.943
1683616260,+3.45, +7.969, +9.568,+0.943
1683616320,+3.45, +7.950, +9.541,+0.943
1683616380,+3.45, +7.941, +9.532,+0.943
1683616440,+3.45, +7.922, +9.531,+0.943
1683616500,+3.45, +7.884, +9.575,+0.943
1683616560,+3.45, +7.884, +9.580,+0.943
1683616620,+3.45, +7.931, +9.549,+0.943
1683616680,+3.45, +7.903, +9.560,+0.943
1683616740,+3.45, +7.931, +9.554,+0.943
1683616800,+3.45, +7.903, +9.566,+0.943
1683616860,+3.45, +7.884, +9.587,+0.943
1683616920,+3.45, +7.875, +9.617,+0.943
1683616980,+3.45, +7.903, +9.648,+0.943
1683617040,+3.45, +7.960, +9.640,+0.943
1683617100,+3.45, +7.950, +9.662,+0.943
1683617160,+3.45, +7.912, +9.689,+0.943
1683617220,+3.45, +7.912, +9.700,+0.943
1683617280,+3.45, +8.007, +9.697,+0.943
1683617340,+3.45, +8.045, +9.760,+0.944
1683617400,+3.45, +8.196, +9.787,+0.944
1683617460,+3.45, +8.233, +9.832,+0.944
1683617520,+3.45, +8.299, +9.825,+0.943
1683617580,+3.45, +8.252, +9.856,+0.944
1683617640,+3.45, +8.337, +9.828,+0.944
1683617700,+3.45, +8.384, +9.833,+0.944
1683617760,+3.45, +8.384, +9.833,+0.944
1683617820,+3.45, +8.374, +9.835,+0.943
1683617880,+3.45, +8.412, +9.841,+0.944
1683617940,+3.45, +8.515, +9.850,+0.943
1683618000,+3.45, +8.581, +9.910,+0.944
1683618060,+3.45, +8.674, +9.953,+0.944
1683618120,+3.45, +8.749, +9.947,+0.944
1683618180,+3.45, +8.674, +9.949,+0.943
1683618240,+3.45, +8.693, +9.870,+0.943
1683618300,+3.45, +8.581, +9.823,+0.943
1683618360,+3.45, +8.534, +9.811,+0.943
1683618420,+3.45, +8.487, +9.821,+0.943
1683618480,+3.45, +8.468, +9.816,+0.943
1683618540,+3.45, +8.487, +9.816,+0.944
1683618600,+3.45, +8.515, +9.806,+0.943
1683618660,+3.45, +8.571, +9.785,+0.943
1683618720,+3.45, +8.506, +9.806,+0.943
1683618780,+3.45, +8.487, +9.816,+0.943
1683618840,+3.45, +8.534, +9.796,+0.943
1683618900,+3.45, +8.478, +9.807,+0.943
1683618960,+3.45, +8.431, +9.755,+0.943
1683619020,+3.45, +8.337, +9.747,+0.943
1683619080,+3.45, +8.280, +9.729,+0.943
1683619140,+3.45, +8.233, +9.721,+0.943
1683619200,+3.45, +8.101, +9.743,+0.943
1683619260,+3.45, +8.130, +9.723,+0.943
1683619320,+3.45, +8.083, +9.743,+0.942
1683619380,+3.45, +8.139, +9.724,+0.943
1683619440,+3.45, +8.130, +9.711,+0.943
1683619500,+3.45, +8.073, +9.713,+0.943
1683619560,+3.45, +8.101, +9.695,+0.943
1683619620,+3.45, +8.101, +9.692,+0.943
1683619680,+3.45, +8.083, +9.693,+0.943
1683619740,+3.45, +8.092, +9.684,+0.943
1683619800,+3.45, +8.101, +9.701,+0.943
1683619860,+3.45, +8.064, +9.759,+0.943
1683619920,+3.45, +8.092, +9.749,+0.943
1683619980,+3.45, +8.073, +9.760,+0.943
1683620040,+3.45, +8.101, +9.759,+0.943
1683620100,+3.45, +8.054, +9.783,+0.943
1683620160,+3.45, +8.120, +9.771,+0.943
1683620220,+3.45, +8.064, +9.791,+0.943
1683620280,+3.45, +8.073, +9.815,+0.943
1683620340,+3.45, +8.101, +9.813,+0.943
1683620400,+3.45, +8.045, +9.823,+0.943
1683620460,+3.45, +8.092, +9.800,+0.943
1683620520,+3.45, +8.101, +9.813,+0.943
1683620580,+3.45, +8.158, +9.805,+0.943
1683620640,+3.45, +8.130, +9.815,+0.943
1683620700,+3.45, +8.111, +9.822,+0.943
1683620760,+3.45, +8.167, +9.800,+0.943
1683620820,+3.45, +8.252, +9.796,+0.943
1683620880,+3.45, +8.252, +9.806,+0.943
1683620940,+3.45, +8.327, +9.872,+0.944
1683621000,+3.45, +8.402, +9.889,+0.944
1683621060,+3.45, +8.440, +9.876,+0.943
1683621120,+3.45, +8.402, +9.874,+0.943
1683621180,+3.45, +8.393, +9.855,+0.943
1683621240,+3.45, +8.337, +9.869,+0.943
1683621300,+3.45, +8.412, +9.843,+0.943
1683621360,+3.45, +8.421, +9.835,+0.943
1683621420,+3.45, +8.440, +9.810,+0.943
1683621480,+3.45, +8.412, +9.853,+0.944
1683621540,+3.45, +8.515, +9.823,+0.943
1683621600,+3.45, +8.590, +9.828,+0.944
1683621660,+3.45, +8.590, +9.865,+0.944
1683621720,+3.45, +8.693, +9.936,+0.944
1683621780,+3.45, +8.851,+10.030,+0.944
1683621840,+3.45, +8.926,+10.120,+0.944
1683621900,+3.45, +8.907,+10.132,+0.944
1683621960,+3.45, +8.963,+10.101,+0.944
1683622020,+3.45, +8.944,+10.080,+0.944
1683622080,+3.45, +8.861,+10.047,+0.943
1683622140,+3.45, +8.814, +9.983,+0.943
1683622200,+3.45, +8.674, +9.976,+0.944
1683622260,+3.45, +8.665, +9.964,+0.944
1683622320,+3.45, +8.609, +9.955,+0.943
1683622380,+3.45, +8.562, +9.929,+0.943
1683622440,+3.45, +8.459, +9.940,+0.943
1683622500,+3.45, +8.487, +9.893,+0.943
1683622560,+3.45, +8.365, +9.926,+0.943
1683622620,+3.45, +8.346, +9.910,+0.943
1683622680,+3.45, +8.393, +9.888,+0.943
1683622740,+3.45, +8.356, +9.895,+0.943
1683622800,+3.45, +8.356, +9.911,+0.944
1683622860,+3.45, +8.374, +9.898,+0.943
1683622920,+3.45, +8.346, +9.915,+0.943
1683622980,+3.45, +8.318, +9.923,+0.943
1683623040,+3.45, +8.412, +9.876,+0.943
1683623100,+3.45, +8.280, +9.950,+0.943
1683623160,+3.45, +8.346, +9.925,+0.943
1683623220,+3.45, +8.337, +9.938,+0.944
1683623280,+3.45, +8.393, +9.906,+0.943
1683623340,+3.45, +8.365, +9.910,+0.943
1683623400,+3.45, +8.327, +9.916,+0.943
1683623460,+3.45, +8.384, +9.893,+0.943
1683623520,+3.45, +8.393, +9.872,+0.943
1683623580,+3.45, +8.374, +9.892,+0.943
1683623640,+3.45, +8.421, +9.897,+0.943
1683623700,+3.45, +8.374, +9.926,+0.943
1683623760,+3.45, +8.384, +9.944,+0.943
1683623820,+3.45, +8.365, +9.956,+0.943
1683623880,+3.45, +8.468, +9.922,+0.943
1683623940,+3.45, +8.402, +9.961,+0.943
1683624000,+3.45, +8.384, +9.977,+0.943
1683624060,+3.45, +8.421, +9.971,+0.943
1683624120,+3.45, +8.384, +9.995,+0.944
1683624180,+3.45, +8.431, +9.981,+0.944
1683624240,+3.45, +8.365,+10.001,+0.943
1683624300,+3.45, +8.402, +9.983,+0.943
1683624360,+3.45, +8.393, +9.986,+0.943
1683624420,+3.45, +8.365,+10.001,+0.943
1683624480,+3.45, +8.374,+10.006,+0.944
1683624540,+3.45, +8.402, +9.979,+0.943
1683624600,+3.45, +8.393, +9.985,+0.943
1683624660,+3.45, +8.402, +9.977,+0.944
1683624720,+3.45, +8.384, +9.986,+0.944
1683624780,+3.45, +8.384, +9.976,+0.943
1683624840,+3.45, +8.318,+10.005,+0.944
1683624900,+3.45, +8.402, +9.973,+0.943
1683624960,+3.45, +8.402, +9.966,+0.943
1683625020,+3.45, +8.374, +9.977,+0.943
1683625080,+3.45, +8.337, +9.990,+0.943
1683625140,+3.45, +8.337, +9.996,+0.943
1683625200,+3.45, +8.356, +9.985,+0.943
1683625260,+3.45, +8.365, +9.990,+0.943
1683625320,+3.45, +8.346,+10.000,+0.943
1683625380,+3.45, +8.309,+10.018,+0.944
1683625440,+3.45, +8.337, +9.999,+0.943
1683625500,+3.45, +8.346,+10.011,+0.944
1683625560,+3.45, +8.365, +9.996,+0.943
1683625620,+3.45, +8.384,+10.003,+0.944
1683625680,+3.45, +8.402, +9.991,+0.943
1683625740,+3.45, +8.365,+10.010,+0.943
1683625800,+3.45, +8.356,+10.017,+0.943
1683625860,+3.45, +8.393, +9.988,+0.943
1683625920,+3.45, +8.356,+10.012,+0.943
1683625980,+3.45, +8.356,+10.011,+0.943
1683626040,+3.45, +8.365,+10.000,+0.943
1683626100,+3.45, +8.327,+10.008,+0.943
1683626160,+3.45, +8.356,+10.006,+0.943
1683626220,+3.45, +8.337,+10.044,+0.944
1683626280,+3.45, +8.346,+10.056,+0.943
1683626340,+3.45, +8.384,+10.052,+0.944
1683626400,+3.45, +8.421,+10.046,+0.943
1683626460,+3.45, +8.402,+10.064,+0.943
1683626520,+3.45, +8.412,+10.064,+0.944
1683626580,+3.45, +8.431,+10.039,+0.943
1683626640,+3.45, +8.374,+10.069,+0.944
1683626700,+3.45, +8.327,+10.093,+0.943
1683626760,+3.45, +8.431,+10.074,+0.943
1683626820,+3.45, +8.337,+10.119,+0.943
1683626880,+3.45, +8.393,+10.116,+0.944
1683626940,+3.45, +8.384,+10.135,+0.943
1683627000,+3.45, +8.421,+10.144,+0.944
1683627060,+3.45, +8.449,+10.196,+0.944
1683627120,+3.45, +8.506,+10.194,+0.944
1683627180,+3.45, +8.506,+10.179,+0.944
1683627240,+3.45, +8.534,+10.182,+0.943
1683627300,+3.45, +8.506,+10.192,+0.944
1683627360,+3.45, +8.478,+10.190,+0.944
1683627420,+3.45, +8.449,+10.177,+0.943
1683627480,+3.45, +8.374,+10.236,+0.944
1683627540,+3.45, +8.384,+10.257,+0.944
1683627600,+3.45, +8.356,+10.281,+0.944
1683627660,+3.45, +8.356,+10.290,+0.943
1683627720,+3.45, +8.356,+10.325,+0.944
1683627780,+3.45, +8.346,+10.339,+0.944
1683627840,+3.45, +8.431,+10.312,+0.944
1683627900,+3.45, +8.478,+10.359,+0.944
1683627960,+3.45, +8.609,+10.310,+0.944
1683628020,+3.45, +8.665,+10.321,+0.945
1683628080,+3.45, +8.758,+10.291,+0.945
1683628140,+3.45, +8.814,+10.264,+0.944
1683628200,+3.45, +8.805,+10.279,+0.944
1683628260,+3.45, +8.861,+10.290,+0.944
1683628320,+3.45, +8.954,+10.305,+0.944
1683628380,+3.45, +8.963,+10.337,+0.944
1683628440,+3.45, +9.084,+10.359,+0.944
1683628500,+3.45, +9.158,+10.378,+0.944
1683628560,+3.45, +9.223,+10.370,+0.944
1683628620,+3.45, +9.260,+10.383,+0.945
1683628680,+3.45, +9.315,+10.385,+0.944
1683628740,+3.45, +9.278,+10.464,+0.944
1683628800,+3.45, +9.657,+10.585,+0.945
1683628860,+3.45, +9.831,+10.736,+0.945
1683628920,+3.45, +9.978,+10.772,+0.944
1683628980,+3.45, +9.996,+10.882,+0.945
1683629040,+3.45,+10.097,+10.898,+0.945
1683629100,+3.45,+10.133,+10.904,+0.945
1683629160,+3.45,+10.152,+10.932,+0.945
1683629220,+3.45,+10.261,+10.901,+0.944
1683629280,+3.45,+10.279,+10.897,+0.944
1683629340,+3.45,+10.361,+10.874,+0.944
1683629400,+3.45,+10.334,+10.910,+0.944
1683629460,+3.45,+10.270,+10.727,+0.943
1683629520,+3.45,+10.051,+10.566,+0.944
1683629580,+3.45, +9.950,+10.530,+0.944
1683629640,+3.45, +9.758,+10.575,+0.943
1683629700,+3.45, +9.739,+10.571,+0.943
1683629760,+3.45, +9.602,+10.613,+0.944
1683629820,+3.45, +9.592,+10.610,+0.944
1683629880,+3.45, +9.574,+10.636,+0.944
1683629940,+3.45, +9.519,+10.657,+0.943
1683630000,+3.45, +9.519,+10.666,+0.944
1683630060,+3.45, +9.528,+10.674,+0.944
1683630120,+3.45, +9.574,+10.631,+0.943
1683630180,+3.45, +9.555,+10.607,+0.943
1683630240,+3.45, +9.602,+10.565,+0.944
1683630300,+3.45, +9.546,+10.547,+0.944
1683630360,+3.45, +9.482,+10.525,+0.944
1683630420,+3.45, +9.473,+10.472,+0.943
1683630480,+3.45, +9.362,+10.481,+0.943
1683630540,+3.45, +9.343,+10.459,+0.943
1683630600,+3.45, +9.269,+10.485,+0.943
1683630660,+3.45, +9.260,+10.485,+0.944
1683630720,+3.45, +9.251,+10.500,+0.944
1683630780,+3.45, +9.315,+10.509,+0.944
1683630840,+3.45, +9.362,+10.545,+0.944
1683630900,+3.45, +9.399,+10.604,+0.944
1683630960,+3.45, +9.417,+10.609,+0.944
1683631020,+3.45, +9.399,+10.548,+0.944
1683631080,+3.45, +9.334,+10.525,+0.944
1683631140,+3.45, +9.251,+10.498,+0.944
1683631200,+3.45, +9.278,+10.457,+0.943
1683631260,+3.45, +9.260,+10.448,+0.943
1683631320,+3.45, +9.204,+10.467,+0.944
1683631380,+3.45, +9.204,+10.463,+0.944
1683631440,+3.45, +9.214,+10.465,+0.944
1683631500,+3.45, +9.241,+10.505,+0.944
1683631560,+3.45, +9.334,+10.576,+0.944
1683631620,+3.45, +9.482,+10.694,+0.944
1683631680,+3.45, +9.629,+10.787,+0.944
1683631740,+3.45, +9.776,+10.790,+0.944
1683631800,+3.45, +9.795,+10.805,+0.945
1683631860,+3.45, +9.932,+10.776,+0.944
1683631920,+3.45, +9.877,+10.842,+0.945
1683631980,+3.45, +9.987,+10.812,+0.945
1683632040,+3.45,+10.060,+10.799,+0.944
1683632100,+3.45,+10.042,+10.841,+0.944
1683632160,+3.45,+10.124,+10.889,+0.944
1683632220,+3.45,+10.133,+10.996,+0.945
1683632280,+3.45,+10.261,+11.035,+0.945
1683632340,+3.45,+10.407,+11.155,+0.945
1683632400,+3.45,+10.670,+11.456,+0.947
1683632460,+3.45,+11.347,+12.069,+0.948
1683632520,+3.45,+12.150,+12.338,+0.949
1683632580,+3.45,+12.638,+12.381,+0.949
1683632640,+3.45,+13.034,+12.310,+0.949
1683632700,+3.45,+13.306,+12.175,+0.948
1683632760,+3.45,+12.434,+10.716,+0.942
1683632820,+3.45,+12.053,+10.943,+0.943
1683632880,+3.45,+11.615,+10.883,+0.943
1683632940,+3.45,+11.400,+10.987,+0.943
1683633000,+3.45,+11.284,+11.082,+0.943
1683633060,+3.45,+11.212,+10.998,+0.944
1683633120,+3.45,+11.041,+11.022,+0.944
1683633180,+3.45,+10.996,+10.990,+0.943
1683633240,+3.45,+10.960,+10.995,+0.944
1683633300,+3.45,+10.960,+10.983,+0.944
1683633360,+3.45,+11.032,+10.999,+0.943
1683633420,+3.45,+11.059,+11.071,+0.944
1683633480,+3.45,+11.104,+11.108,+0.944
1683633540,+3.45,+11.176,+11.129,+0.944
1683633600,+3.45,+11.176,+11.149,+0.944
1683633660,+3.45,+11.266,+11.118,+0.944
1683633720,+3.45,+11.230,+11.101,+0.944
1683633780,+3.45,+11.068,+11.001,+0.944
1683633840,+3.45,+11.014,+10.963,+0.944
1683633900,+3.45,+10.932,+10.968,+0.944
1683633960,+3.45,+10.887,+10.966,+0.944
1683634020,+3.45,+10.896,+10.942,+0.943
1683634080,+3.45,+10.806,+10.981,+0.944
1683634140,+3.45,+10.779,+10.983,+0.943
1683634200,+3.45,+10.752,+11.019,+0.944
1683634260,+3.45,+10.761,+11.030,+0.944
1683634320,+3.45,+10.824,+11.062,+0.944
1683634380,+3.45,+10.869,+11.078,+0.944
1683634440,+3.45,+10.896,+11.085,+0.944
1683634500,+3.45,+10.914,+11.091,+0.944
1683634560,+3.45,+10.860,+11.087,+0.944
1683634620,+3.45,+10.797,+11.022,+0.943
1683634680,+3.45,+10.770,+11.013,+0.944
1683634740,+3.45,+10.734,+11.058,+0.944
1683634800,+3.45,+10.851,+11.039,+0.944
1683634860,+3.45,+10.878,+11.097,+0.945
1683634920,+3.45,+11.095,+11.079,+0.944
1683634980,+3.45,+11.050,+11.114,+0.945
1683635040,+3.45,+11.032,+11.072,+0.944
1683635100,+3.45,+10.996,+11.038,+0.944
1683635160,+3.45,+10.951,+10.977,+0.943
1683635220,+3.45,+10.797,+11.028,+0.944
1683635280,+3.45,+10.824,+11.044,+0.943
1683635340,+3.45,+10.743,+11.020,+0.944
1683635400,+3.45,+10.724,+11.016,+0.944
1683635460,+3.45,+10.661,+11.042,+0.944
1683635520,+3.45,+10.743,+10.990,+0.944
1683635580,+3.45,+10.706,+11.003,+0.944
1683635640,+3.45,+10.724,+10.994,+0.944
1683635700,+3.45,+10.715,+10.994,+0.944
1683635760,+3.45,+10.697,+11.019,+0.944
1683635820,+3.45,+10.724,+11.025,+0.944
1683635880,+3.45,+10.743,+11.031,+0.944
1683635940,+3.45,+10.788,+11.034,+0.944
1683636000,+3.45,+10.815,+11.036,+0.944
1683636060,+3.45,+10.779,+11.091,+0.944
1683636120,+3.45,+10.869,+11.070,+0.944
1683636180,+3.45,+10.951,+11.093,+0.944
1683636240,+3.45,+10.941,+11.102,+0.944
1683636300,+3.45,+10.996,+11.078,+0.944
1683636360,+3.45,+10.960,+11.075,+0.944
1683636420,+3.45,+10.969,+11.086,+0.945
1683636480,+3.45,+10.941,+11.076,+0.944
1683636540,+3.45,+10.987,+11.034,+0.944
1683636600,+3.45,+10.941,+11.056,+0.944
1683636660,+3.45,+10.941,+11.049,+0.944
1683636720,+3.45,+10.896,+11.074,+0.944
1683636780,+3.45,+10.951,+11.062,+0.944
