7450-798456
OS REV: 1.03 Sensor Cal: 1539277937
Time (sec),  BV (Volts),  T (deg C),  DO (mg/l),  Q ()
1686056040,+3.47,+15.988,+10.324,+0.941
1686056100,+3.47,+15.962,+10.323,+0.941
1686056160,+3.47,+15.911,+10.360,+0.941
1686056220,+3.47,+15.894,+10.379,+0.942
1686056280,+3.47,+15.894,+10.368,+0.941
1686056340,+3.47,+15.937,+10.350,+0.941
1686056400,+3.47,+15.928,+10.354,+0.941
1686056460,+3.47,+15.937,+10.368,+0.942
1686056520,+3.47,+15.928,+10.378,+0.941
1686056580,+3.47,+15.962,+10.373,+0.941
1686056640,+3.47,+16.013,+10.359,+0.942
1686056700,+3.47,+16.048,+10.342,+0.942
1686056760,+3.47,+16.048,+10.345,+0.942
1686056820,+3.47,+16.048,+10.317,+0.942
1686056880,+3.47,+16.022,+10.357,+0.941
1686056940,+3.47,+16.048,+10.343,+0.941
1686057000,+3.47,+15.996,+10.368,+0.941
1686057060,+3.47,+16.013,+10.351,+0.942
1686057120,+3.47,+16.031,+10.333,+0.941
1686057180,+3.47,+15.996,+10.346,+0.941
1686057240,+3.47,+15.945,+10.363,+0.941
1686057300,+3.47,+16.073,+10.313,+0.942
1686057360,+3.47,+16.065,+10.325,+0.941
1686057420,+3.47,+16.099,+10.322,+0.942
1686057480,+3.47,+16.142,+10.340,+0.942
1686057540,+3.47,+16.176,+10.309,+0.942
1686057600,+3.47,+16.219,+10.271,+0.942
1686057660,+3.47,+16.236,+10.258,+0.942
1686057720,+3.47,+16.287,+10.219,+0.941
1686057780,+3.47,+16.270,+10.218,+0.941
1686057840,+3.47,+16.295,+10.221,+0.942
1686057900,+3.47,+16.270,+10.224,+0.941
1686057960,+3.47,+16.227,+10.258,+0.942
1686058020,+3.47,+16.236,+10.253,+0.942
1686058080,+3.47,+16.227,+10.238,+0.941
1686058140,+3.47,+16.150,+10.254,+0.941
1686058200,+3.47,+16.022,+10.237,+0.941
1686058260,+3.47,+15.962,+10.310,+0.942
1686058320,+3.47,+15.979,+10.347,+0.941
1686058380,+3.47,+15.919,+10.431,+0.941
1686058440,+3.47,+15.894,+10.484,+0.941
1686058500,+3.47,+15.868,+10.469,+0.941
1686058560,+3.47,+15.825,+10.429,+0.941
1686058620,+3.47,+15.791,+10.377,+0.941
1686058680,+3.47,+15.671,+10.372,+0.941
1686058740,+3.47,+15.542,+10.374,+0.941
1686058800,+3.47,+15.465,+10.322,+0.940
1686058860,+3.47,+15.319,+10.374,+0.941
1686058920,+3.47,+15.242,+10.369,+0.940
1686058980,+3.47,+15.173,+10.379,+0.940
1686059040,+3.47,+15.113,+10.389,+0.941
1686059100,+3.47,+15.121,+10.363,+0.941
1686059160,+3.47,+15.113,+10.366,+0.941
1686059220,+3.47,+15.225,+10.352,+0.941
1686059280,+3.47,+15.293,+10.378,+0.941
1686059340,+3.47,+15.353,+10.394,+0.941
1686059400,+3.47,+15.457,+10.420,+0.941
1686059460,+3.47,+15.491,+10.429,+0.941
1686059520,+3.47,+15.551,+10.436,+0.942
1686059580,+3.47,+15.585,+10.418,+0.942
1686059640,+3.47,+15.551,+10.423,+0.942
1686059700,+3.47,+15.577,+10.407,+0.942
1686059760,+3.47,+15.602,+10.404,+0.942
1686059820,+3.47,+15.560,+10.413,+0.941
1686059880,+3.47,+15.602,+10.393,+0.942
1686059940,+3.47,+15.482,+10.392,+0.941
1686060000,+3.47,+15.474,+10.368,+0.941
1686060060,+3.47,+15.302,+10.235,+0.941
1686060120,+3.47,+15.104,+10.155,+0.941
1686060180,+3.47,+14.914,+10.201,+0.941
1686060240,+3.47,+14.914,+10.176,+0.940
1686060300,+3.47,+14.889,+10.230,+0.941
1686060360,+3.47,+14.932,+10.339,+0.941
1686060420,+3.47,+15.035,+10.373,+0.941
1686060480,+3.47,+15.147,+10.433,+0.942
1686060540,+3.47,+15.293,+10.472,+0.942
1686060600,+3.47,+15.396,+10.436,+0.941
1686060660,+3.47,+15.388,+10.463,+0.942
1686060720,+3.47,+15.396,+10.449,+0.941
1686060780,+3.47,+15.311,+10.442,+0.941
1686060840,+3.47,+15.199,+10.430,+0.941
1686060900,+3.47,+15.207,+10.416,+0.941
1686060960,+3.47,+15.138,+10.432,+0.941
1686061020,+3.47,+15.138,+10.416,+0.941
1686061080,+3.47,+15.130,+10.431,+0.941
1686061140,+3.47,+15.121,+10.433,+0.941
1686061200,+3.47,+15.138,+10.443,+0.941
1686061260,+3.47,+15.242,+10.433,+0.942
1686061320,+3.47,+15.199,+10.462,+0.941
1686061380,+3.47,+15.285,+10.449,+0.942
1686061440,+3.47,+15.285,+10.417,+0.942
1686061500,+3.47,+15.225,+10.413,+0.941
1686061560,+3.47,+15.207,+10.337,+0.941
1686061620,+3.47,+15.070,+10.336,+0.941
1686061680,+3.47,+14.923,+10.273,+0.941
1686061740,+3.47,+14.889,+10.254,+0.941
1686061800,+3.47,+14.837,+10.257,+0.941
1686061860,+3.47,+14.837,+10.260,+0.941
1686061920,+3.47,+14.845,+10.257,+0.941
1686061980,+3.47,+14.923,+10.279,+0.941
1686062040,+3.47,+15.001,+10.318,+0.941
1686062100,+3.47,+15.070,+10.397,+0.942
1686062160,+3.47,+15.276,+10.381,+0.942
1686062220,+3.47,+15.345,+10.419,+0.942
1686062280,+3.47,+15.517,+10.386,+0.941
1686062340,+3.47,+15.611,+10.391,+0.942
1686062400,+3.47,+15.765,+10.359,+0.942
1686062460,+3.47,+15.808,+10.331,+0.942
1686062520,+3.47,+15.705,+10.337,+0.942
1686062580,+3.47,+15.688,+10.341,+0.942
1686062640,+3.47,+15.594,+10.314,+0.941
1686062700,+3.47,+15.491,+10.320,+0.941
1686062760,+3.47,+15.388,+10.352,+0.941
1686062820,+3.47,+15.293,+10.383,+0.941
1686062880,+3.47,+15.250,+10.373,+0.941
1686062940,+3.47,+15.190,+10.362,+0.941
1686063000,+3.47,+15.130,+10.367,+0.941
1686063060,+3.47,+15.138,+10.344,+0.941
1686063120,+3.47,+15.104,+10.348,+0.941
1686063180,+3.47,+15.104,+10.347,+0.941
1686063240,+3.47,+15.061,+10.368,+0.942
1686063300,+3.47,+15.130,+10.356,+0.941
1686063360,+3.47,+15.190,+10.349,+0.941
1686063420,+3.47,+15.199,+10.377,+0.941
1686063480,+3.47,+15.233,+10.394,+0.941
1686063540,+3.47,+15.285,+10.395,+0.941
1686063600,+3.47,+15.336,+10.390,+0.941
1686063660,+3.47,+15.379,+10.393,+0.942
1686063720,+3.47,+15.422,+10.394,+0.942
1686063780,+3.47,+15.414,+10.417,+0.942
1686063840,+3.47,+15.396,+10.409,+0.941
1686063900,+3.47,+15.405,+10.416,+0.942
1686063960,+3.47,+15.396,+10.404,+0.941
1686064020,+3.47,+15.388,+10.383,+0.942
1686064080,+3.47,+15.371,+10.352,+0.941
1686064140,+3.47,+15.311,+10.406,+0.941
1686064200,+3.47,+15.328,+10.333,+0.941
1686064260,+3.47,+15.130,+10.215,+0.941
1686064320,+3.47,+15.001,+10.194,+0.941
1686064380,+3.47,+14.958,+10.194,+0.941
1686064440,+3.47,+14.828,+10.016,+0.940
1686064500,+3.47,+14.647,+10.059,+0.941
1686064560,+3.47,+14.621,+10.084,+0.941
1686064620,+3.47,+14.543,+10.095,+0.941
1686064680,+3.47,+14.569,+10.155,+0.941
1686064740,+3.47,+14.742,+10.160,+0.941
1686064800,+3.47,+14.742,+10.197,+0.941
1686064860,+3.47,+14.673,+10.180,+0.941
1686064920,+3.47,+14.681,+10.015,+0.941
1686064980,+3.47,+14.543,+10.011,+0.940
1686065040,+3.47,+14.534, +9.997,+0.940
1686065100,+3.47,+14.422, +9.983,+0.941
1686065160,+3.47,+14.352,+10.005,+0.941
1686065220,+3.47,+14.370,+10.003,+0.941
1686065280,+3.47,+14.378,+10.011,+0.941
1686065340,+3.47,+14.352,+10.012,+0.940
1686065400,+3.47,+14.335,+10.004,+0.941
1686065460,+3.47,+14.326,+10.023,+0.941
1686065520,+3.47,+14.396,+10.033,+0.941
1686065580,+3.47,+14.465,+10.079,+0.941
1686065640,+3.47,+14.474,+10.115,+0.941
1686065700,+3.47,+14.508,+10.126,+0.941
1686065760,+3.47,+14.569,+10.120,+0.941
1686065820,+3.47,+14.526,+10.158,+0.941
1686065880,+3.47,+14.543,+10.165,+0.941
1686065940,+3.47,+14.612,+10.153,+0.941
1686066000,+3.47,+14.629,+10.184,+0.941
1686066060,+3.47,+14.716,+10.166,+0.941
1686066120,+3.47,+14.707,+10.216,+0.942
1686066180,+3.47,+14.802,+10.252,+0.941
1686066240,+3.47,+14.854,+10.242,+0.941
1686066300,+3.47,+14.863,+10.231,+0.941
1686066360,+3.47,+14.966,+10.201,+0.941
1686066420,+3.47,+15.018,+10.258,+0.942
1686066480,+3.47,+15.061,+10.303,+0.942
1686066540,+3.47,+15.070,+10.340,+0.942
1686066600,+3.47,+15.130,+10.349,+0.942
1686066660,+3.47,+15.130,+10.366,+0.942
1686066720,+3.47,+15.181,+10.382,+0.942
1686066780,+3.47,+15.285,+10.355,+0.941
1686066840,+3.47,+15.285,+10.340,+0.942
1686066900,+3.47,+15.328,+10.317,+0.942
1686066960,+3.47,+15.328,+10.315,+0.942
1686067020,+3.47,+15.362,+10.302,+0.942
1686067080,+3.47,+15.371,+10.269,+0.942
1686067140,+3.47,+15.405,+10.267,+0.942
1686067200,+3.47,+15.396,+10.250,+0.941
1686067260,+3.47,+15.414,+10.274,+0.942
1686067320,+3.47,+15.431,+10.204,+0.941
1686067380,+3.47,+15.405,+10.317,+0.941
1686067440,+3.47,+15.233,+10.132,+0.940
1686067500,+3.47,+15.035, +9.998,+0.940
1686067560,+3.47,+14.889,+10.029,+0.940
1686067620,+3.47,+14.828,+10.051,+0.941
1686067680,+3.47,+14.759,+10.034,+0.941
1686067740,+3.47,+14.733, +9.991,+0.940
1686067800,+3.47,+14.664, +9.957,+0.940
1686067860,+3.47,+14.474, +9.707,+0.940
1686067920,+3.47,+13.979, +9.591,+0.939
1686067980,+3.47,+13.621, +9.606,+0.939
1686068040,+3.47,+13.420, +9.660,+0.939
1686068100,+3.47,+13.210, +9.747,+0.939
1686068160,+3.47,+13.122, +9.801,+0.939
1686068220,+3.47,+13.008, +9.881,+0.940
1686068280,+3.47,+12.946, +9.908,+0.940
1686068340,+3.47,+12.858, +9.929,+0.940
1686068400,+3.47,+12.867, +9.934,+0.940
1686068460,+3.47,+12.832, +9.973,+0.940
1686068520,+3.47,+12.823, +9.978,+0.941
1686068580,+3.47,+12.937, +9.911,+0.940
1686068640,+3.47,+13.157, +9.956,+0.941
1686068700,+3.47,+13.516,+10.033,+0.942
1686068760,+3.47,+13.848,+10.174,+0.942
1686068820,+3.47,+14.092,+10.241,+0.942
1686068880,+3.47,+14.239,+10.221,+0.942
1686068940,+3.47,+14.430,+10.314,+0.942
1686069000,+3.47,+14.534,+10.305,+0.943
1686069060,+3.47,+14.733,+10.297,+0.943
1686069120,+3.47,+14.811,+10.309,+0.942
1686069180,+3.47,+14.889,+10.343,+0.942
1686069240,+3.47,+15.026,+10.351,+0.942
1686069300,+3.47,+14.992,+10.140,+0.941
1686069360,+3.47,+14.404,+10.074,+0.941
1686069420,+3.47,+14.543,+10.139,+0.942
1686069480,+3.47,+14.742,+10.118,+0.941
1686069540,+3.47,+14.776,+10.202,+0.941
1686069600,+3.47,+14.716,+10.196,+0.942
1686069660,+3.47,+14.828,+10.258,+0.941
1686069720,+3.47,+14.889,+10.344,+0.942
1686069780,+3.47,+14.949,+10.373,+0.941
1686069840,+3.47,+15.035,+10.384,+0.942
1686069900,+3.47,+15.009,+10.417,+0.942
1686069960,+3.47,+14.983,+10.439,+0.942
1686070020,+3.47,+15.070,+10.401,+0.942
1686070080,+3.47,+15.035,+10.431,+0.941
1686070140,+3.47,+15.147,+10.388,+0.941
1686070200,+3.47,+15.087,+10.418,+0.941
1686070260,+3.47,+15.130,+10.399,+0.942
1686070320,+3.47,+15.164,+10.354,+0.941
1686070380,+3.47,+15.233,+10.288,+0.941
1686070440,+3.47,+15.276,+10.261,+0.942
1686070500,+3.47,+15.302,+10.226,+0.942
1686070560,+3.47,+15.302,+10.210,+0.942
1686070620,+3.47,+15.190, +9.686,+0.939
1686070680,+3.47,+14.776, +9.546,+0.938
1686070740,+3.47,+14.066, +9.622,+0.938
1686070800,+3.47,+13.612, +9.666,+0.938
1686070860,+3.47,+13.192, +9.803,+0.938
1686070920,+3.47,+12.911, +9.877,+0.939
1686070980,+3.47,+12.788, +9.936,+0.939
1686071040,+3.47,+12.646, +9.995,+0.939
1686071100,+3.47,+12.558,+10.025,+0.940
1686071160,+3.47,+12.505,+10.032,+0.940
1686071220,+3.47,+12.434,+10.056,+0.940
1686071280,+3.47,+12.425,+10.067,+0.941
1686071340,+3.47,+12.478,+10.055,+0.941
1686071400,+3.47,+12.602, +9.996,+0.940
1686071460,+3.47,+12.885,+10.130,+0.942
1686071520,+3.47,+13.429,+10.208,+0.943
1686071580,+3.47,+13.892,+10.317,+0.943
1686071640,+3.47,+14.239,+10.315,+0.943
1686071700,+3.47,+14.448,+10.333,+0.943
1686071760,+3.47,+14.638,+10.316,+0.943
1686071820,+3.47,+14.750,+10.307,+0.942
1686071880,+3.47,+14.794,+10.329,+0.942
1686071940,+3.47,+14.932,+10.302,+0.942
1686072000,+3.47,+14.897,+10.307,+0.942
1686072060,+3.47,+14.871,+10.291,+0.942
1686072120,+3.47,+14.949,+10.301,+0.942
1686072180,+3.47,+14.958,+10.322,+0.941
1686072240,+3.47,+15.035,+10.309,+0.942
1686072300,+3.47,+15.044,+10.318,+0.941
1686072360,+3.47,+15.078,+10.321,+0.942
1686072420,+3.47,+15.138,+10.306,+0.941
1686072480,+3.47,+15.095,+10.326,+0.942
1686072540,+3.47,+15.173,+10.286,+0.941
1686072600,+3.47,+15.078,+10.058,+0.941
1686072660,+3.47,+14.940, +9.973,+0.941
1686072720,+3.47,+14.811, +9.986,+0.940
1686072780,+3.47,+14.647, +9.988,+0.941
1686072840,+3.47,+14.586,+10.025,+0.940
1686072900,+3.47,+14.586,+10.080,+0.941
1686072960,+3.47,+14.664,+10.089,+0.940
1686073020,+3.47,+14.673,+10.140,+0.941
1686073080,+3.47,+14.733,+10.134,+0.941
1686073140,+3.47,+14.603,+10.135,+0.941
1686073200,+3.47,+14.569,+10.093,+0.941
1686073260,+3.47,+14.534,+10.005,+0.941
1686073320,+3.47,+14.144, +9.621,+0.939
1686073380,+3.47,+13.813, +9.755,+0.940
1686073440,+3.47,+13.804, +9.798,+0.940
1686073500,+3.47,+13.499, +9.691,+0.939
1686073560,+3.47,+13.201, +9.721,+0.938
1686073620,+3.47,+12.885, +9.860,+0.939
1686073680,+3.47,+12.646, +9.872,+0.939
1686073740,+3.47,+12.470, +9.924,+0.939
1686073800,+3.47,+12.328,+10.006,+0.940
1686073860,+3.47,+12.266,+10.022,+0.940
1686073920,+3.47,+12.195,+10.055,+0.940
1686073980,+3.47,+12.186,+10.034,+0.940
1686074040,+3.47,+12.141,+10.052,+0.940
1686074100,+3.47,+12.097,+10.059,+0.940
1686074160,+3.47,+12.115,+10.064,+0.941
1686074220,+3.47,+12.159,+10.064,+0.941
1686074280,+3.47,+12.213,+10.037,+0.941
1686074340,+3.47,+12.381,+10.025,+0.941
1686074400,+3.47,+12.929,+10.125,+0.942
1686074460,+3.47,+13.324,+10.039,+0.942
1686074520,+3.47,+13.569,+10.018,+0.942
1686074580,+3.47,+13.752, +9.984,+0.941
1686074640,+3.47,+13.848,+10.011,+0.942
1686074700,+3.47,+14.057,+10.012,+0.942
1686074760,+3.47,+14.153,+10.014,+0.942
1686074820,+3.47,+14.231,+10.117,+0.942
1686074880,+3.47,+14.508,+10.112,+0.942
1686074940,+3.47,+14.526,+10.123,+0.941
1686075000,+3.47,+14.603,+10.113,+0.942
1686075060,+3.47,+14.673,+10.109,+0.942
1686075120,+3.47,+14.742,+10.119,+0.942
1686075180,+3.47,+14.750,+10.178,+0.941
1686075240,+3.47,+14.794,+10.196,+0.942
1686075300,+3.47,+14.828,+10.195,+0.941
1686075360,+3.47,+14.889,+10.173,+0.942
1686075420,+3.47,+14.724,+10.076,+0.941
1686075480,+3.47,+14.586,+10.015,+0.941
1686075540,+3.47,+14.621, +9.902,+0.941
1686075600,+3.47,+14.699, +9.881,+0.941
1686075660,+3.47,+14.716, +9.988,+0.941
1686075720,+3.47,+14.785,+10.024,+0.941
1686075780,+3.47,+14.828,+10.061,+0.941
1686075840,+3.47,+14.828,+10.099,+0.941
1686075900,+3.47,+14.819,+10.137,+0.941
1686075960,+3.47,+14.897,+10.174,+0.942
1686076020,+3.47,+14.949,+10.206,+0.942
1686076080,+3.47,+14.914,+10.244,+0.942
1686076140,+3.47,+14.975,+10.210,+0.941
1686076200,+3.47,+14.802, +9.851,+0.940
1686076260,+3.47,+14.569, +9.935,+0.940
1686076320,+3.47,+14.552, +9.964,+0.941
1686076380,+3.47,+14.517, +9.960,+0.940
1686076440,+3.47,+14.396, +9.978,+0.940
1686076500,+3.47,+14.404, +9.981,+0.941
1686076560,+3.47,+14.378,+10.008,+0.941
1686076620,+3.47,+14.335,+10.021,+0.941
1686076680,+3.47,+14.318,+10.019,+0.941
1686076740,+3.47,+14.370, +9.971,+0.941
1686076800,+3.47,+14.396,+10.008,+0.941
1686076860,+3.47,+14.500, +9.961,+0.941
1686076920,+3.47,+14.413, +9.947,+0.941
1686076980,+3.47,+14.422, +9.932,+0.941
1686077040,+3.47,+14.370, +9.949,+0.941
1686077100,+3.47,+14.430, +9.929,+0.941
1686077160,+3.47,+14.448, +9.885,+0.940
1686077220,+3.47,+14.508, +9.896,+0.941
1686077280,+3.47,+14.508, +9.987,+0.941
1686077340,+3.47,+14.629, +9.997,+0.940
1686077400,+3.47,+14.664,+10.028,+0.941
1686077460,+3.47,+14.664,+10.013,+0.941
1686077520,+3.47,+14.716,+10.045,+0.941
1686077580,+3.47,+14.768,+10.064,+0.941
1686077640,+3.47,+14.880,+10.086,+0.941
1686077700,+3.47,+14.837,+10.138,+0.941
1686077760,+3.47,+14.889,+10.137,+0.941
1686077820,+3.47,+14.923,+10.130,+0.941
1686077880,+3.47,+14.949,+10.137,+0.942
1686077940,+3.47,+14.949,+10.219,+0.941
1686078000,+3.47,+14.940,+10.183,+0.941
1686078060,+3.47,+14.940, +9.973,+0.941
1686078120,+3.47,+14.750, +9.659,+0.939
1686078180,+3.47,+14.422, +9.565,+0.939
1686078240,+3.47,+14.109, +9.533,+0.939
1686078300,+3.47,+13.831, +9.612,+0.939
1686078360,+3.47,+13.691, +9.660,+0.940
1686078420,+3.47,+13.621, +9.685,+0.940
1686078480,+3.47,+13.516, +9.694,+0.940
1686078540,+3.47,+13.499, +9.694,+0.940
1686078600,+3.47,+13.473, +9.711,+0.940
1686078660,+3.47,+13.674, +9.851,+0.941
1686078720,+3.47,+14.066, +9.972,+0.941
1686078780,+3.47,+14.318,+10.087,+0.941
1686078840,+3.47,+14.456,+10.119,+0.941
1686078900,+3.47,+14.560,+10.158,+0.942
1686078960,+3.47,+14.638,+10.187,+0.942
1686079020,+3.47,+14.742,+10.215,+0.942
1686079080,+3.47,+14.819,+10.245,+0.942
1686079140,+3.47,+14.837,+10.270,+0.941
1686079200,+3.47,+14.707, +9.998,+0.941
1686079260,+3.47,+14.586, +9.986,+0.941
1686079320,+3.47,+14.612, +9.957,+0.941
1686079380,+3.47,+14.621, +9.940,+0.941
1686079440,+3.47,+14.673, +9.938,+0.941
1686079500,+3.47,+14.759,+10.039,+0.942
1686079560,+3.47,+14.552, +9.988,+0.941
1686079620,+3.47,+14.595, +9.818,+0.940
1686079680,+3.47,+14.074, +9.634,+0.939
1686079740,+3.47,+13.709, +9.676,+0.939
1686079800,+3.47,+13.551, +9.697,+0.939
1686079860,+3.47,+13.411, +9.699,+0.940
1686079920,+3.47,+13.350, +9.678,+0.940
1686079980,+3.47,+13.201, +9.721,+0.940
1686080040,+3.47,+13.175, +9.705,+0.940
1686080100,+3.47,+13.341, +9.838,+0.941
1686080160,+3.47,+13.726, +9.820,+0.942
1686080220,+3.47,+14.005, +9.833,+0.941
1686080280,+3.47,+14.196, +9.866,+0.941
1686080340,+3.47,+14.318, +9.874,+0.941
1686080400,+3.47,+14.448, +9.858,+0.941
1686080460,+3.47,+14.500, +9.885,+0.942
1686080520,+3.47,+14.603, +9.918,+0.941
1686080580,+3.47,+14.707, +9.938,+0.941
1686080640,+3.47,+14.750, +9.942,+0.941
1686080700,+3.47,+14.750, +9.960,+0.941
1686080760,+3.47,+14.811,+10.004,+0.941
1686080820,+3.47,+14.811, +9.964,+0.941
1686080880,+3.47,+14.724, +9.791,+0.940
1686080940,+3.47,+14.396, +9.667,+0.940
1686081000,+3.47,+14.109, +9.589,+0.939
1686081060,+3.47,+13.961, +9.611,+0.939
1686081120,+3.47,+13.848, +9.613,+0.940
1686081180,+3.47,+13.726, +9.608,+0.940
1686081240,+3.47,+13.612, +9.627,+0.940
1686081300,+3.47,+13.551, +9.639,+0.940
1686081360,+3.47,+13.595, +9.642,+0.940
1686081420,+3.47,+13.743, +9.694,+0.940
1686081480,+3.47,+13.848, +9.763,+0.941
1686081540,+3.47,+13.831, +9.771,+0.941
1686081600,+3.47,+14.031, +9.752,+0.941
1686081660,+3.47,+14.144, +9.783,+0.941
1686081720,+3.47,+14.326, +9.788,+0.941
1686081780,+3.47,+14.422, +9.832,+0.941
1686081840,+3.47,+14.508, +9.839,+0.941
1686081900,+3.47,+14.612, +9.886,+0.941
1686081960,+3.47,+14.681, +9.952,+0.942
1686082020,+3.47,+14.733, +9.985,+0.941
1686082080,+3.47,+14.759,+10.017,+0.941
1686082140,+3.47,+14.724,+10.059,+0.941
1686082200,+3.47,+14.776,+10.006,+0.941
1686082260,+3.47,+14.785, +9.954,+0.941
1686082320,+3.47,+14.733, +9.928,+0.941
1686082380,+3.47,+14.621, +9.904,+0.941
1686082440,+3.47,+14.577, +9.873,+0.941
1686082500,+3.47,+14.500, +9.840,+0.941
1686082560,+3.47,+14.577, +9.774,+0.941
1686082620,+3.47,+14.517, +9.795,+0.941
1686082680,+3.47,+14.621, +9.758,+0.941
1686082740,+3.47,+14.647, +9.773,+0.941
1686082800,+3.47,+14.699, +9.806,+0.941
1686082860,+3.47,+14.768, +9.835,+0.941
1686082920,+3.47,+14.750, +9.949,+0.941
1686082980,+3.47,+14.871,+10.021,+0.941
1686083040,+3.47,+14.897,+10.083,+0.941
1686083100,+3.47,+14.923,+10.118,+0.941
1686083160,+3.47,+14.932,+10.162,+0.941
1686083220,+3.47,+14.897,+10.199,+0.941
1686083280,+3.47,+14.897,+10.203,+0.941
1686083340,+3.47,+14.906,+10.163,+0.941
1686083400,+3.47,+14.526, +9.491,+0.939
1686083460,+3.47,+14.344, +9.530,+0.940
1686083520,+3.47,+14.292, +9.550,+0.940
1686083580,+3.47,+14.292, +9.527,+0.940
1686083640,+3.47,+14.274, +9.551,+0.940
1686083700,+3.47,+14.257, +9.538,+0.940
1686083760,+3.47,+14.309, +9.527,+0.940
1686083820,+3.47,+14.387, +9.546,+0.941
1686083880,+3.47,+14.448, +9.651,+0.941
1686083940,+3.47,+14.526, +9.765,+0.941
1686084000,+3.47,+14.603, +9.912,+0.941
1686084060,+3.47,+14.707, +9.961,+0.941
1686084120,+3.47,+14.742,+10.010,+0.941
1686084180,+3.47,+14.828,+10.057,+0.941
1686084240,+3.47,+14.871,+10.070,+0.941
1686084300,+3.47,+14.940,+10.092,+0.941
1686084360,+3.47,+15.009,+10.130,+0.941
1686084420,+3.47,+15.087,+10.084,+0.941
1686084480,+3.47,+15.336, +9.758,+0.941
1686084540,+3.47,+15.371, +9.661,+0.941
1686084600,+3.47,+15.371, +9.641,+0.941
1686084660,+3.47,+15.405, +9.630,+0.941
1686084720,+3.47,+15.457, +9.593,+0.941
1686084780,+3.47,+15.362, +9.602,+0.941
1686084840,+3.47,+15.285, +9.719,+0.941
1686084900,+3.47,+15.233,+10.137,+0.941
1686084960,+3.47,+14.828, +9.422,+0.939
1686085020,+3.47,+14.595, +9.581,+0.940
1686085080,+3.47,+14.534, +9.650,+0.940
1686085140,+3.47,+14.500, +9.668,+0.940
1686085200,+3.47,+14.482, +9.694,+0.940
1686085260,+3.47,+14.465, +9.713,+0.940
1686085320,+3.47,+14.456, +9.705,+0.940
1686085380,+3.47,+14.474, +9.688,+0.941
1686085440,+3.47,+14.491, +9.703,+0.940
1686085500,+3.47,+14.552, +9.722,+0.940
1686085560,+3.47,+14.681, +9.850,+0.941
1686085620,+3.47,+14.759, +9.913,+0.941
1686085680,+3.47,+14.837,+10.066,+0.941
1686085740,+3.47,+14.863,+10.160,+0.941
1686085800,+3.47,+14.949,+10.136,+0.941
1686085860,+3.47,+14.940,+10.157,+0.941
1686085920,+3.47,+14.940,+10.221,+0.941
1686085980,+3.47,+14.586, +9.369,+0.939
1686086040,+3.47,+14.213, +9.374,+0.939
1686086100,+3.47,+13.926, +9.411,+0.939
1686086160,+3.47,+13.839, +9.455,+0.940
1686086220,+3.47,+13.778, +9.493,+0.940
1686086280,+3.47,+13.691, +9.535,+0.940
1686086340,+3.47,+13.656, +9.531,+0.940
1686086400,+3.47,+13.639, +9.543,+0.940
1686086460,+3.47,+13.682, +9.556,+0.941
1686086520,+3.47,+13.822, +9.530,+0.940
1686086580,+3.47,+13.953, +9.626,+0.940
1686086640,+3.47,+14.135, +9.671,+0.941
1686086700,+3.47,+14.352, +9.846,+0.941
1686086760,+3.47,+14.508, +9.880,+0.941
1686086820,+3.47,+14.534, +9.924,+0.941
1686086880,+3.47,+14.664, +9.905,+0.941
1686086940,+3.47,+14.768, +9.954,+0.941
1686087000,+3.47,+14.880, +9.986,+0.942
1686087060,+3.47,+15.009, +9.950,+0.942
1686087120,+3.47,+15.164, +9.818,+0.942
1686087180,+3.47,+15.268, +9.745,+0.941
1686087240,+3.47,+15.448, +9.634,+0.941
1686087300,+3.47,+15.311, +9.865,+0.941
1686087360,+3.47,+15.190,+10.207,+0.941
1686087420,+3.47,+15.164,+10.251,+0.941
1686087480,+3.47,+15.095,+10.222,+0.941
1686087540,+3.47,+15.026, +9.919,+0.940
1686087600,+3.47,+14.742, +9.666,+0.940
1686087660,+3.47,+14.699, +9.695,+0.940
1686087720,+3.47,+14.699, +9.769,+0.940
1686087780,+3.47,+14.759, +9.792,+0.940
1686087840,+3.47,+14.837, +9.839,+0.940
1686087900,+3.47,+14.768, +9.917,+0.941
1686087960,+3.47,+14.949, +9.953,+0.941
1686088020,+3.47,+15.147, +9.930,+0.941
1686088080,+3.47,+15.233, +9.756,+0.941
1686088140,+3.47,+15.190, +9.796,+0.941
1686088200,+3.47,+15.190, +9.816,+0.941
1686088260,+3.47,+15.328, +9.715,+0.941
1686088320,+3.47,+15.345, +9.645,+0.941
1686088380,+3.47,+15.448, +9.599,+0.941
1686088440,+3.47,+15.431, +9.579,+0.940
1686088500,+3.47,+15.551, +9.582,+0.941
1686088560,+3.47,+15.662, +9.591,+0.941
1686088620,+3.47,+15.705, +9.602,+0.940
1686088680,+3.47,+15.680, +9.582,+0.941
1686088740,+3.47,+15.705, +9.549,+0.941
1686088800,+3.47,+15.637, +9.551,+0.941
1686088860,+3.47,+15.628, +9.540,+0.941
1686088920,+3.47,+15.645, +9.521,+0.940
1686088980,+3.47,+15.671, +9.538,+0.941
1686089040,+3.47,+15.808, +9.521,+0.940
1686089100,+3.47,+15.825, +9.562,+0.940
1686089160,+3.47,+15.791, +9.599,+0.941
1686089220,+3.47,+15.791, +9.568,+0.940
1686089280,+3.47,+15.774, +9.498,+0.940
1686089340,+3.47,+15.757, +9.469,+0.940
1686089400,+3.47,+15.705, +9.491,+0.941
1686089460,+3.47,+15.791, +9.543,+0.940
1686089520,+3.47,+15.851, +9.553,+0.941
1686089580,+3.47,+15.945, +9.451,+0.941
1686089640,+3.47,+16.090, +9.473,+0.941
1686089700,+3.47,+16.176, +9.536,+0.941
1686089760,+3.47,+16.372, +9.570,+0.941
1686089820,+3.47,+16.381, +9.679,+0.941
1686089880,+3.47,+16.381, +9.635,+0.940
1686089940,+3.47,+16.287, +9.623,+0.941
1686090000,+3.47,+16.039, +9.311,+0.939
1686090060,+3.47,+15.714, +9.558,+0.939
1686090120,+3.47,+15.362, +9.371,+0.939
1686090180,+3.47,+15.087, +9.416,+0.940
1686090240,+3.47,+14.975, +9.457,+0.939
1686090300,+3.47,+14.932, +9.545,+0.940
1686090360,+3.47,+14.975, +9.734,+0.940
1686090420,+3.47,+15.009, +9.888,+0.940
1686090480,+3.47,+15.018, +9.932,+0.941
1686090540,+3.47,+15.095, +9.947,+0.941
1686090600,+3.47,+15.250, +9.919,+0.941
1686090660,+3.47,+15.499, +9.604,+0.941
1686090720,+3.47,+15.611, +9.754,+0.941
1686090780,+3.47,+15.748, +9.779,+0.941
1686090840,+3.47,+15.825, +9.795,+0.941
1686090900,+3.47,+15.928, +9.787,+0.941
1686090960,+3.47,+15.988, +9.814,+0.941
1686091020,+3.47,+15.937, +9.880,+0.941
1686091080,+3.47,+15.962, +9.876,+0.941
1686091140,+3.47,+15.945, +9.835,+0.940
1686091200,+3.47,+15.834, +9.448,+0.940
1686091260,+3.47,+15.705, +9.426,+0.940
1686091320,+3.47,+15.637, +9.445,+0.940
1686091380,+3.47,+15.628, +9.458,+0.940
1686091440,+3.47,+15.585, +9.456,+0.940
1686091500,+3.47,+15.620, +9.491,+0.940
1686091560,+3.47,+15.551, +9.544,+0.940
1686091620,+3.47,+15.585, +9.563,+0.940
1686091680,+3.47,+15.551, +9.655,+0.940
1686091740,+3.47,+15.422, +9.721,+0.940
1686091800,+3.47,+15.414, +9.967,+0.940
1686091860,+3.47,+15.302,+10.055,+0.941
1686091920,+3.47,+15.242,+10.038,+0.940
1686091980,+3.47,+15.181,+10.013,+0.941
1686092040,+3.47,+15.164,+10.008,+0.941
1686092100,+3.47,+15.207, +9.990,+0.941
1686092160,+3.47,+15.087, +9.619,+0.939
1686092220,+3.47,+14.863, +9.624,+0.940
1686092280,+3.47,+14.845, +9.653,+0.940
1686092340,+3.47,+14.932, +9.743,+0.940
1686092400,+3.47,+14.914, +9.809,+0.940
1686092460,+3.47,+14.828, +9.813,+0.940
1686092520,+3.47,+14.819, +9.781,+0.940
1686092580,+3.47,+14.906, +9.832,+0.941
1686092640,+3.47,+14.897, +9.918,+0.940
1686092700,+3.47,+14.802, +9.868,+0.940
1686092760,+3.47,+14.742, +9.768,+0.940
1686092820,+3.47,+14.673, +9.745,+0.940
1686092880,+3.47,+14.543, +9.709,+0.940
1686092940,+3.47,+14.439, +9.639,+0.940
1686093000,+3.47,+14.231, +9.375,+0.939
1686093060,+3.47,+14.048, +9.237,+0.939
1686093120,+3.47,+13.866, +9.115,+0.939
1686093180,+3.47,+13.709, +9.151,+0.939
1686093240,+3.47,+13.569, +9.186,+0.939
1686093300,+3.47,+13.446, +9.255,+0.939
1686093360,+3.47,+13.262, +9.388,+0.939
1686093420,+3.47,+13.192, +9.454,+0.939
1686093480,+3.47,+13.131, +9.468,+0.940
1686093540,+3.47,+13.131, +9.478,+0.940
1686093600,+3.47,+13.192, +9.498,+0.940
1686093660,+3.47,+13.236, +9.467,+0.940
1686093720,+3.47,+13.271, +9.444,+0.940
1686093780,+3.47,+13.289, +9.448,+0.941
1686093840,+3.47,+13.236, +9.377,+0.939
1686093900,+3.47,+13.043, +9.517,+0.940
1686093960,+3.47,+12.902, +9.611,+0.940
1686094020,+3.47,+12.893, +9.638,+0.940
1686094080,+3.47,+12.779, +9.671,+0.940
1686094140,+3.47,+12.743, +9.667,+0.940
1686094200,+3.47,+12.779, +9.655,+0.940
1686094260,+3.47,+12.752, +9.648,+0.941
1686094320,+3.47,+12.717, +9.641,+0.941
1686094380,+3.47,+12.743, +9.617,+0.941
1686094440,+3.47,+12.655, +9.633,+0.940
1686094500,+3.47,+12.673, +9.642,+0.940
1686094560,+3.47,+12.691, +9.636,+0.940
1686094620,+3.47,+12.655, +9.614,+0.941
1686094680,+3.47,+12.540, +9.643,+0.941
1686094740,+3.47,+12.655, +9.579,+0.940
1686094800,+3.47,+12.523, +9.607,+0.940
1686094860,+3.47,+12.461, +9.625,+0.940
1686094920,+3.47,+12.443, +9.640,+0.941
1686094980,+3.47,+12.443, +9.675,+0.940
1686095040,+3.47,+12.399, +9.745,+0.941
1686095100,+3.47,+12.301, +9.807,+0.941
1686095160,+3.47,+12.275, +9.840,+0.941
1686095220,+3.47,+12.275, +9.845,+0.940
1686095280,+3.47,+12.266, +9.871,+0.941
1686095340,+3.47,+12.239, +9.861,+0.941
1686095400,+3.47,+12.266, +9.853,+0.941
1686095460,+3.47,+12.248, +9.867,+0.941
1686095520,+3.47,+12.301, +9.844,+0.941
1686095580,+3.47,+12.257, +9.848,+0.941
1686095640,+3.47,+12.239, +9.834,+0.941
1686095700,+3.47,+12.195, +9.852,+0.941
1686095760,+3.47,+12.221, +9.842,+0.941
1686095820,+3.47,+12.257, +9.804,+0.941
1686095880,+3.47,+12.266, +9.782,+0.941
1686095940,+3.47,+12.230, +9.787,+0.941
1686096000,+3.47,+12.275, +9.802,+0.941
1686096060,+3.47,+12.204, +9.827,+0.941
1686096120,+3.47,+12.213, +9.843,+0.941
1686096180,+3.47,+12.221, +9.863,+0.941
1686096240,+3.47,+12.150, +9.914,+0.941
1686096300,+3.47,+12.177, +9.881,+0.941
1686096360,+3.47,+12.079, +9.920,+0.941
1686096420,+3.47,+11.999, +9.986,+0.941
1686096480,+3.47,+11.981,+10.001,+0.941
1686096540,+3.47,+11.981, +9.985,+0.941
1686096600,+3.47,+12.017, +9.955,+0.941
1686096660,+3.47,+11.919, +9.988,+0.941
1686096720,+3.47,+11.919, +9.986,+0.941
1686096780,+3.47,+11.919, +9.980,+0.941
1686096840,+3.47,+11.892, +9.995,+0.941
1686096900,+3.47,+11.874, +9.996,+0.941
1686096960,+3.47,+11.883,+10.007,+0.941
1686097020,+3.47,+11.803,+10.041,+0.941
1686097080,+3.47,+11.812,+10.051,+0.941
1686097140,+3.47,+11.857,+10.034,+0.941
1686097200,+3.47,+11.857,+10.026,+0.941
1686097260,+3.47,+11.848,+10.035,+0.941
1686097320,+3.47,+11.901,+10.011,+0.941
1686097380,+3.47,+11.883,+10.010,+0.941
1686097440,+3.47,+11.999, +9.971,+0.941
1686097500,+3.47,+12.053, +9.926,+0.941
1686097560,+3.47,+11.999, +9.969,+0.941
1686097620,+3.47,+12.070, +9.942,+0.942
1686097680,+3.47,+12.159, +9.890,+0.941
1686097740,+3.47,+12.141, +9.926,+0.941
1686097800,+3.47,+12.204, +9.953,+0.941
1686097860,+3.47,+12.319, +9.949,+0.941
1686097920,+3.47,+12.346, +9.973,+0.941
1686097980,+3.47,+12.284, +9.947,+0.941
1686098040,+3.47,+12.159, +9.924,+0.941
1686098100,+3.47,+12.035, +9.934,+0.941
1686098160,+3.47,+11.946, +9.915,+0.941
1686098220,+3.47,+12.008, +9.944,+0.941
1686098280,+3.47,+12.017, +9.934,+0.941
1686098340,+3.47,+11.972, +9.969,+0.941
1686098400,+3.47,+11.990, +9.974,+0.941
1686098460,+3.47,+11.990, +9.976,+0.941
1686098520,+3.47,+12.008, +9.988,+0.941
1686098580,+3.47,+11.946, +9.977,+0.941
1686098640,+3.47,+11.892, +9.990,+0.941
1686098700,+3.47,+11.901, +9.938,+0.941
1686098760,+3.47,+11.803, +9.941,+0.941
1686098820,+3.47,+11.741, +9.967,+0.941
1686098880,+3.47,+11.750, +9.971,+0.941
1686098940,+3.47,+11.758, +9.966,+0.942
1686099000,+3.47,+11.812, +9.933,+0.941
1686099060,+3.47,+11.767, +9.945,+0.941
1686099120,+3.47,+11.767, +9.930,+0.941
1686099180,+3.47,+11.776, +9.928,+0.941
1686099240,+3.47,+11.750, +9.934,+0.941
1686099300,+3.47,+11.767, +9.908,+0.941
1686099360,+3.47,+11.758, +9.920,+0.941
1686099420,+3.47,+11.776, +9.900,+0.941
1686099480,+3.47,+11.794, +9.890,+0.941
1686099540,+3.47,+11.821, +9.887,+0.941
1686099600,+3.47,+11.928, +9.855,+0.941
1686099660,+3.47,+11.955, +9.835,+0.941
1686099720,+3.47,+11.999, +9.814,+0.941
1686099780,+3.47,+12.026, +9.793,+0.941
1686099840,+3.47,+12.088, +9.788,+0.941
1686099900,+3.47,+12.177, +9.806,+0.941
1686099960,+3.47,+12.275, +9.843,+0.942
1686100020,+3.47,+12.381, +9.894,+0.942
1686100080,+3.47,+12.372, +9.921,+0.941
1686100140,+3.47,+12.372,+10.072,+0.941
1686100200,+3.47,+12.496,+10.079,+0.941
1686100260,+3.47,+12.514,+10.105,+0.941
1686100320,+3.47,+12.567,+10.115,+0.942
1686100380,+3.47,+12.549,+10.150,+0.941
1686100440,+3.47,+12.549,+10.121,+0.941
1686100500,+3.47,+12.620,+10.066,+0.941
1686100560,+3.47,+12.646,+10.032,+0.941
1686100620,+3.47,+12.540, +9.823,+0.940
1686100680,+3.47,+12.399, +9.825,+0.941
1686100740,+3.47,+12.390, +9.830,+0.941
1686100800,+3.47,+12.266, +9.834,+0.941
1686100860,+3.47,+12.284, +9.841,+0.941
1686100920,+3.47,+12.257, +9.843,+0.940
1686100980,+3.47,+12.195, +9.874,+0.941
1686101040,+3.47,+12.159, +9.874,+0.941
1686101100,+3.47,+12.186, +9.863,+0.941
1686101160,+3.47,+12.248, +9.898,+0.941
1686101220,+3.47,+12.292, +9.883,+0.942
1686101280,+3.47,+12.328, +9.848,+0.941
1686101340,+3.47,+12.168, +9.883,+0.941
1686101400,+3.47,+12.168, +9.876,+0.941
1686101460,+3.47,+12.159, +9.862,+0.941
1686101520,+3.47,+12.150, +9.860,+0.941
1686101580,+3.47,+12.106, +9.834,+0.941
1686101640,+3.47,+12.079, +9.870,+0.941
1686101700,+3.47,+12.053, +9.951,+0.941
1686101760,+3.47,+12.017, +9.998,+0.941
1686101820,+3.47,+12.008,+10.020,+0.941
1686101880,+3.47,+12.017,+10.027,+0.942
1686101940,+3.47,+12.061, +9.993,+0.941
1686102000,+3.47,+12.053, +9.996,+0.941
1686102060,+3.47,+12.053, +9.938,+0.941
1686102120,+3.47,+12.035, +9.937,+0.941
1686102180,+3.47,+11.964, +9.895,+0.941
1686102240,+3.47,+11.928, +9.869,+0.941
1686102300,+3.47,+11.919, +9.829,+0.941
1686102360,+3.47,+11.848, +9.817,+0.941
1686102420,+3.47,+11.821, +9.781,+0.941
1686102480,+3.47,+11.812, +9.752,+0.941
1686102540,+3.47,+11.857, +9.700,+0.941
1686102600,+3.47,+11.848, +9.664,+0.941
1686102660,+3.47,+11.812, +9.654,+0.941
1686102720,+3.47,+11.830, +9.622,+0.941
1686102780,+3.47,+11.794, +9.646,+0.941
1686102840,+3.47,+12.008, +9.657,+0.941
1686102900,+3.47,+12.213, +9.660,+0.941
1686102960,+3.47,+12.399, +9.669,+0.942
1686103020,+3.47,+12.576, +9.521,+0.942
1686103080,+3.47,+12.682, +9.414,+0.941
1686103140,+3.47,+12.849, +9.305,+0.941
1686103200,+3.47,+12.893, +9.211,+0.941
1686103260,+3.47,+12.902, +9.195,+0.941
1686103320,+3.47,+12.902, +9.224,+0.941
1686103380,+3.47,+12.964, +9.180,+0.941
1686103440,+3.47,+13.052, +9.164,+0.941
1686103500,+3.47,+13.192, +9.162,+0.941
1686103560,+3.47,+13.333, +9.206,+0.941
1686103620,+3.47,+13.368, +9.193,+0.941
1686103680,+3.47,+13.385, +9.200,+0.941
1686103740,+3.47,+13.438, +9.191,+0.941
1686103800,+3.47,+13.411, +9.209,+0.941
1686103860,+3.47,+13.368, +9.209,+0.941
1686103920,+3.47,+13.341, +9.181,+0.940
1686103980,+3.47,+13.245, +9.221,+0.940
1686104040,+3.47,+13.210, +9.250,+0.941
1686104100,+3.47,+13.227, +9.220,+0.941
1686104160,+3.47,+13.157, +9.259,+0.941
1686104220,+3.47,+13.157, +9.282,+0.941
1686104280,+3.47,+13.113, +9.364,+0.941
1686104340,+3.47,+13.210, +9.405,+0.941
1686104400,+3.47,+13.403, +9.430,+0.941
1686104460,+3.47,+13.516, +9.480,+0.941
1686104520,+3.47,+13.166, +9.292,+0.940
1686104580,+3.47,+12.920, +9.389,+0.940
1686104640,+3.47,+12.682, +9.384,+0.940
1686104700,+3.47,+12.478, +9.443,+0.940
1686104760,+3.47,+12.301, +9.494,+0.940
1686104820,+3.47,+12.284, +9.477,+0.940
1686104880,+3.47,+12.230, +9.526,+0.940
1686104940,+3.47,+12.328, +9.509,+0.940
1686105000,+3.47,+12.434, +9.512,+0.941
1686105060,+3.47,+12.523, +9.529,+0.941
1686105120,+3.47,+12.602, +9.564,+0.941
1686105180,+3.47,+12.752, +9.564,+0.941
1686105240,+3.47,+12.964, +9.543,+0.942
1686105300,+3.47,+13.131, +9.519,+0.941
1686105360,+3.47,+13.350, +9.536,+0.942
1686105420,+3.47,+13.508, +9.343,+0.941
1686105480,+3.47,+13.665, +9.257,+0.941
1686105540,+3.47,+13.717, +9.216,+0.941
1686105600,+3.47,+13.726, +9.196,+0.941
1686105660,+3.47,+13.926, +9.319,+0.941
1686105720,+3.47,+14.179, +9.419,+0.941
1686105780,+3.47,+14.213, +9.509,+0.941
1686105840,+3.47,+14.292, +9.389,+0.940
1686105900,+3.47,+14.022, +9.420,+0.940
1686105960,+3.47,+13.874, +9.447,+0.940
1686106020,+3.47,+13.900, +9.430,+0.940
1686106080,+3.47,+13.839, +9.446,+0.940
1686106140,+3.47,+13.866, +9.391,+0.941
1686106200,+3.47,+13.926, +9.401,+0.940
1686106260,+3.47,+14.153, +9.419,+0.941
1686106320,+3.47,+14.222, +9.458,+0.941
1686106380,+3.47,+14.422, +9.544,+0.942
1686106440,+3.47,+14.629, +9.596,+0.941
1686106500,+3.47,+14.819, +9.601,+0.941
1686106560,+3.47,+14.958, +9.482,+0.941
1686106620,+3.47,+14.845, +9.571,+0.941
1686106680,+3.47,+14.750, +9.880,+0.941
1686106740,+3.47,+14.560, +9.792,+0.941
1686106800,+3.47,+14.569, +9.704,+0.940
1686106860,+3.47,+14.560, +9.716,+0.941
1686106920,+3.47,+14.612, +9.748,+0.941
1686106980,+3.47,+14.638, +9.766,+0.940
1686107040,+3.47,+14.742, +9.721,+0.941
1686107100,+3.47,+14.966, +9.655,+0.941
1686107160,+3.47,+15.147, +9.487,+0.941
1686107220,+3.47,+15.276, +9.426,+0.941
1686107280,+3.47,+15.379, +9.380,+0.941
1686107340,+3.47,+15.422, +9.378,+0.941
1686107400,+3.47,+15.396, +9.555,+0.940
1686107460,+3.47,+15.242, +9.503,+0.941
1686107520,+3.47,+15.121, +9.426,+0.940
1686107580,+3.47,+15.044, +9.392,+0.940
1686107640,+3.47,+14.880, +9.357,+0.940
1686107700,+3.47,+14.759, +9.308,+0.939
1686107760,+3.47,+14.638, +9.333,+0.940
1686107820,+3.47,+14.508, +9.420,+0.940
1686107880,+3.47,+14.543, +9.495,+0.940
1686107940,+3.47,+14.526, +9.503,+0.940
1686108000,+3.47,+14.482, +9.482,+0.940
1686108060,+3.47,+14.534, +9.451,+0.940
1686108120,+3.47,+14.465, +9.518,+0.941
1686108180,+3.47,+14.526, +9.535,+0.940
1686108240,+3.47,+14.500, +9.262,+0.939
1686108300,+3.47,+14.344, +9.202,+0.940
1686108360,+3.47,+14.361, +9.242,+0.940
1686108420,+3.47,+14.274, +9.290,+0.940
1686108480,+3.47,+14.257, +9.294,+0.940
1686108540,+3.47,+14.283, +9.267,+0.940
1686108600,+3.47,+14.292, +9.255,+0.940
1686108660,+3.47,+14.213, +9.277,+0.940
1686108720,+3.47,+14.239, +9.256,+0.940
1686108780,+3.47,+14.231, +9.256,+0.940
1686108840,+3.47,+14.266, +9.242,+0.940
1686108900,+3.47,+14.361, +9.234,+0.940
1686108960,+3.47,+14.361, +9.262,+0.940
1686109020,+3.47,+14.465, +9.268,+0.940
1686109080,+3.47,+14.500, +9.290,+0.940
1686109140,+3.47,+14.543, +9.329,+0.940
1686109200,+3.47,+14.681, +9.371,+0.940
1686109260,+3.47,+14.785, +9.494,+0.941
1686109320,+3.47,+14.880, +9.558,+0.940
1686109380,+3.47,+14.958, +9.550,+0.941
1686109440,+3.47,+14.983, +9.515,+0.940
1686109500,+3.47,+15.095, +9.451,+0.941
1686109560,+3.47,+15.173, +9.380,+0.940
1686109620,+3.47,+15.293, +9.298,+0.941
1686109680,+3.47,+15.439, +9.271,+0.941
1686109740,+3.47,+15.542, +9.284,+0.941
1686109800,+3.47,+15.620, +9.302,+0.941
1686109860,+3.47,+15.680, +9.314,+0.941
1686109920,+3.47,+15.697, +9.335,+0.940
1686109980,+3.47,+15.731, +9.362,+0.941
1686110040,+3.47,+15.774, +9.469,+0.940
1686110100,+3.47,+15.757, +9.701,+0.941
1686110160,+3.47,+15.800, +9.676,+0.941
1686110220,+3.47,+15.722, +9.333,+0.940
1686110280,+3.47,+15.517, +9.071,+0.939
1686110340,+3.47,+15.379, +9.030,+0.940
1686110400,+3.47,+15.388, +9.225,+0.940
1686110460,+3.47,+15.276, +9.247,+0.940
1686110520,+3.47,+15.181, +9.212,+0.940
1686110580,+3.47,+15.001, +9.245,+0.939
1686110640,+3.47,+14.949, +9.257,+0.939
1686110700,+3.47,+14.863, +9.331,+0.940
1686110760,+3.47,+14.785, +9.381,+0.940
1686110820,+3.47,+14.716, +9.428,+0.940
1686110880,+3.47,+14.802, +9.418,+0.940
1686110940,+3.47,+14.794, +9.422,+0.940
1686111000,+3.47,+14.880, +9.308,+0.940
1686111060,+3.47,+14.811, +9.282,+0.940
1686111120,+3.47,+14.733, +9.140,+0.939
1686111180,+3.47,+14.430, +9.251,+0.940
1686111240,+3.47,+14.456, +9.295,+0.940
1686111300,+3.47,+14.474, +9.306,+0.940
1686111360,+3.47,+14.517, +9.315,+0.940
1686111420,+3.47,+14.543, +9.298,+0.940
1686111480,+3.47,+14.422, +9.280,+0.940
1686111540,+3.47,+14.378, +9.272,+0.940
1686111600,+3.47,+14.361, +9.279,+0.940
1686111660,+3.47,+14.474, +9.268,+0.940
1686111720,+3.47,+14.474, +9.295,+0.941
1686111780,+3.47,+14.534, +9.251,+0.940
1686111840,+3.47,+14.638, +9.257,+0.940
1686111900,+3.47,+14.750, +9.243,+0.940
1686111960,+3.47,+14.837, +9.414,+0.941
1686112020,+3.47,+14.958, +9.507,+0.941
1686112080,+3.47,+15.035, +9.455,+0.941
1686112140,+3.47,+14.949, +9.394,+0.941
1686112200,+3.47,+14.992, +9.326,+0.940
1686112260,+3.47,+14.966, +9.380,+0.940
1686112320,+3.47,+14.949, +9.454,+0.941
1686112380,+3.47,+14.966, +9.568,+0.941
1686112440,+3.47,+14.923, +9.583,+0.941
1686112500,+3.47,+14.983, +9.578,+0.941
1686112560,+3.47,+14.949, +9.570,+0.941
1686112620,+3.47,+14.958, +9.532,+0.940
1686112680,+3.47,+14.932, +9.590,+0.940
1686112740,+3.47,+14.759, +9.074,+0.939
1686112800,+3.47,+14.231, +9.276,+0.939
1686112860,+3.47,+13.892, +9.443,+0.939
1686112920,+3.47,+13.656, +9.618,+0.939
1686112980,+3.47,+13.438, +9.781,+0.939
1686113040,+3.47,+13.376, +9.746,+0.939
1686113100,+3.47,+13.210, +9.715,+0.940
1686113160,+3.47,+13.078, +9.688,+0.940
1686113220,+3.47,+12.911, +9.710,+0.939
1686113280,+3.47,+12.902, +9.724,+0.940
1686113340,+3.47,+12.867, +9.705,+0.939
1686113400,+3.47,+12.788, +9.721,+0.940
1686113460,+3.47,+12.743, +9.725,+0.940
1686113520,+3.47,+12.761, +9.696,+0.940
1686113580,+3.47,+12.752, +9.695,+0.940
1686113640,+3.47,+12.726, +9.705,+0.940
1686113700,+3.47,+12.655, +9.768,+0.940
1686113760,+3.47,+12.638, +9.873,+0.940
1686113820,+3.47,+12.567, +9.948,+0.940
1686113880,+3.47,+12.611, +9.950,+0.940
1686113940,+3.47,+12.576, +9.983,+0.940
1686114000,+3.47,+12.496,+10.017,+0.941
1686114060,+3.47,+12.452,+10.009,+0.940
1686114120,+3.47,+12.408,+10.071,+0.940
1686114180,+3.47,+12.443,+10.077,+0.941
1686114240,+3.47,+12.363,+10.116,+0.941
1686114300,+3.47,+12.434,+10.087,+0.941
1686114360,+3.47,+12.408,+10.086,+0.941
1686114420,+3.47,+12.416,+10.046,+0.941
1686114480,+3.47,+12.390,+10.024,+0.941
1686114540,+3.47,+12.416,+10.013,+0.940
1686114600,+3.47,+12.443, +9.996,+0.941
1686114660,+3.47,+12.505, +9.970,+0.941
1686114720,+3.47,+12.496, +9.965,+0.941
1686114780,+3.47,+12.655, +9.942,+0.941
1686114840,+3.47,+12.664, +9.867,+0.941
1686114900,+3.47,+12.664, +9.851,+0.941
1686114960,+3.47,+12.735, +9.888,+0.941
1686115020,+3.47,+12.788, +9.890,+0.941
1686115080,+3.47,+12.735, +9.902,+0.941
1686115140,+3.47,+12.849, +9.845,+0.941
1686115200,+3.47,+12.858, +9.824,+0.941
1686115260,+3.47,+12.973, +9.754,+0.941
1686115320,+3.47,+13.096, +9.672,+0.941
1686115380,+3.47,+13.210, +9.593,+0.942
1686115440,+3.47,+13.210, +9.543,+0.941
1686115500,+3.47,+13.148, +9.700,+0.940
1686115560,+3.47,+12.964, +9.902,+0.941
1686115620,+3.47,+13.052, +9.878,+0.941
1686115680,+3.47,+13.008, +9.942,+0.941
1686115740,+3.47,+12.929,+10.138,+0.941
1686115800,+3.47,+12.911,+10.096,+0.941
1686115860,+3.47,+12.876,+10.107,+0.941
1686115920,+3.47,+12.814,+10.132,+0.941
1686115980,+3.47,+12.779,+10.039,+0.940
1686116040,+3.47,+12.796,+10.028,+0.941
1686116100,+3.47,+12.743,+10.055,+0.941
1686116160,+3.47,+12.726,+10.084,+0.941
1686116220,+3.47,+12.682,+10.147,+0.940
1686116280,+3.47,+12.655,+10.140,+0.941
1686116340,+3.47,+12.620,+10.013,+0.940
1686116400,+3.47,+12.487,+10.008,+0.941
1686116460,+3.47,+12.372,+10.052,+0.941
1686116520,+3.47,+12.381,+10.040,+0.941
1686116580,+3.47,+12.372,+10.026,+0.941
1686116640,+3.47,+12.381,+10.040,+0.941
1686116700,+3.47,+12.301,+10.071,+0.941
1686116760,+3.47,+12.319,+10.020,+0.941
1686116820,+3.47,+12.337, +9.979,+0.941
1686116880,+3.47,+12.301, +9.975,+0.941
1686116940,+3.47,+12.328,+10.007,+0.941
1686117000,+3.47,+12.328,+10.065,+0.941
1686117060,+3.47,+12.301,+10.090,+0.940
1686117120,+3.47,+12.292,+10.088,+0.941
1686117180,+3.47,+12.319,+10.073,+0.941
1686117240,+3.47,+12.230,+10.127,+0.941
1686117300,+3.47,+12.248,+10.201,+0.941
1686117360,+3.47,+12.248,+10.240,+0.941
1686117420,+3.47,+12.257,+10.248,+0.941
1686117480,+3.47,+12.248,+10.277,+0.942
1686117540,+3.47,+12.319,+10.240,+0.941
1686117600,+3.47,+12.248,+10.250,+0.941
1686117660,+3.47,+12.301,+10.188,+0.941
1686117720,+3.47,+12.319,+10.142,+0.941
1686117780,+3.47,+12.284,+10.150,+0.941
1686117840,+3.47,+12.266,+10.165,+0.941
1686117900,+3.47,+12.310,+10.159,+0.941
1686117960,+3.47,+12.363,+10.153,+0.942
1686118020,+3.47,+12.310,+10.153,+0.941
1686118080,+3.47,+12.337,+10.132,+0.941
1686118140,+3.47,+12.301,+10.137,+0.942
1686118200,+3.47,+12.310,+10.097,+0.941
1686118260,+3.47,+12.310,+10.085,+0.941
1686118320,+3.47,+12.328,+10.056,+0.941
1686118380,+3.47,+12.390,+10.023,+0.941
1686118440,+3.47,+12.372,+10.022,+0.942
1686118500,+3.47,+12.416, +9.978,+0.941
1686118560,+3.47,+12.416, +9.938,+0.941
1686118620,+3.47,+12.310,+10.058,+0.941
1686118680,+3.47,+12.230,+10.061,+0.941
1686118740,+3.47,+12.141, +9.915,+0.941
1686118800,+3.47,+12.053, +9.840,+0.940
1686118860,+3.47,+12.044, +9.726,+0.941
1686118920,+3.47,+11.883, +9.717,+0.940
1686118980,+3.47,+11.919, +9.676,+0.941
1686119040,+3.47,+11.857, +9.688,+0.941
1686119100,+3.47,+11.857, +9.692,+0.941
1686119160,+3.47,+11.803, +9.724,+0.940
1686119220,+3.47,+11.785, +9.752,+0.941
1686119280,+3.47,+11.812, +9.744,+0.941
1686119340,+3.47,+11.803, +9.752,+0.941
1686119400,+3.47,+11.821, +9.750,+0.941
1686119460,+3.47,+11.848, +9.747,+0.941
1686119520,+3.47,+11.839, +9.785,+0.942
1686119580,+3.47,+11.883, +9.769,+0.941
1686119640,+3.47,+11.901, +9.787,+0.942
1686119700,+3.47,+11.999, +9.773,+0.941
1686119760,+3.47,+12.035, +9.805,+0.941
1686119820,+3.47,+12.035, +9.828,+0.941
1686119880,+3.47,+12.053, +9.827,+0.941
1686119940,+3.47,+12.115, +9.831,+0.941
1686120000,+3.47,+12.150, +9.833,+0.941
1686120060,+3.47,+12.257, +9.926,+0.942
1686120120,+3.47,+12.354, +9.879,+0.941
1686120180,+3.47,+12.284, +9.911,+0.941
1686120240,+3.47,+12.230, +9.973,+0.941
1686120300,+3.47,+12.221, +9.926,+0.941
1686120360,+3.47,+12.204, +9.913,+0.941
1686120420,+3.47,+12.257, +9.858,+0.941
1686120480,+3.47,+12.266, +9.832,+0.941
1686120540,+3.47,+12.452, +9.832,+0.941
1686120600,+3.47,+12.805, +9.850,+0.943
1686120660,+3.47,+13.210, +9.876,+0.942
1686120720,+3.47,+13.647, +9.866,+0.943
1686120780,+3.47,+14.048, +9.786,+0.942
1686120840,+3.47,+14.560, +9.753,+0.943
1686120900,+3.47,+14.845, +9.795,+0.942
1686120960,+3.47,+15.087, +9.791,+0.942
1686121020,+3.47,+15.293, +9.793,+0.942
1686121080,+3.47,+15.499, +9.721,+0.942
1686121140,+3.47,+15.645, +9.727,+0.943
1686121200,+3.47,+15.740, +9.764,+0.942
1686121260,+3.47,+15.928, +9.797,+0.943
1686121320,+3.47,+16.056, +9.968,+0.943
1686121380,+3.47,+16.133, +9.895,+0.942
1686121440,+3.47,+16.048, +9.662,+0.941
1686121500,+3.47,+15.988, +9.589,+0.941
1686121560,+3.47,+15.928, +9.611,+0.941
1686121620,+3.47,+15.979, +9.598,+0.941
1686121680,+3.47,+15.945, +9.622,+0.941
1686121740,+3.47,+15.859, +9.669,+0.942
1686121800,+3.47,+15.885, +9.646,+0.941
1686121860,+3.47,+15.885, +9.630,+0.941
1686121920,+3.47,+15.885, +9.649,+0.940
1686121980,+3.47,+15.757, +9.405,+0.940
1686122040,+3.47,+15.499, +9.377,+0.940
1686122100,+3.47,+15.302, +9.389,+0.939
1686122160,+3.47,+15.233, +9.544,+0.941
1686122220,+3.47,+15.371, +9.552,+0.941
1686122280,+3.47,+15.499, +9.652,+0.941
1686122340,+3.47,+15.517, +9.744,+0.941
1686122400,+3.47,+15.336, +9.395,+0.938
1686122460,+3.47,+14.508, +9.294,+0.938
1686122520,+3.47,+13.926, +9.342,+0.938
1686122580,+3.47,+13.411, +9.476,+0.938
1686122640,+3.47,+12.999, +9.704,+0.938
1686122700,+3.47,+12.805, +9.783,+0.939
1686122760,+3.47,+12.655, +9.825,+0.939
1686122820,+3.47,+12.558, +9.832,+0.939
1686122880,+3.47,+12.390, +9.856,+0.939
1686122940,+3.47,+12.337, +9.886,+0.939
1686123000,+3.47,+12.266, +9.793,+0.940
1686123060,+3.47,+12.044, +9.715,+0.939
1686123120,+3.47,+12.026, +9.766,+0.940
1686123180,+3.47,+11.964, +9.838,+0.940
1686123240,+3.47,+11.981, +9.836,+0.940
1686123300,+3.47,+11.990, +9.832,+0.940
1686123360,+3.47,+11.999, +9.854,+0.940
1686123420,+3.47,+11.981,+10.019,+0.942
1686123480,+3.47,+12.849,+10.052,+0.943
1686123540,+3.47,+13.508,+10.006,+0.943
1686123600,+3.47,+14.031, +9.934,+0.943
1686123660,+3.47,+14.474, +9.900,+0.943
1686123720,+3.47,+14.768, +9.898,+0.943
1686123780,+3.47,+14.932, +9.920,+0.943
1686123840,+3.47,+15.190, +9.932,+0.943
1686123900,+3.47,+15.379, +9.871,+0.942
1686123960,+3.47,+15.499, +9.871,+0.942
1686124020,+3.47,+15.662, +9.858,+0.942
1686124080,+3.47,+15.800, +9.904,+0.942
1686124140,+3.47,+15.954, +9.859,+0.942
1686124200,+3.47,+16.022, +9.852,+0.942
1686124260,+3.47,+16.107, +9.851,+0.942
1686124320,+3.47,+16.244, +9.855,+0.942
1686124380,+3.47,+16.295, +9.903,+0.942
1686124440,+3.47,+16.432, +9.882,+0.942
1686124500,+3.47,+16.517, +9.889,+0.942
1686124560,+3.47,+16.508, +9.921,+0.942
1686124620,+3.47,+16.466,+10.008,+0.942
1686124680,+3.47,+16.491, +9.878,+0.941
1686124740,+3.47,+16.381, +9.865,+0.941
1686124800,+3.47,+16.278,+10.024,+0.941
1686124860,+3.47,+16.261, +9.910,+0.941
1686124920,+3.47,+15.928, +9.777,+0.941
1686124980,+3.47,+15.919, +9.771,+0.940
1686125040,+3.47,+15.842, +9.897,+0.942
1686125100,+3.47,+15.868, +9.958,+0.941
1686125160,+3.47,+15.919, +9.967,+0.941
1686125220,+3.47,+15.971, +9.992,+0.941
1686125280,+3.47,+16.031,+10.008,+0.941
1686125340,+3.47,+15.996,+10.046,+0.941
1686125400,+3.47,+16.065,+10.030,+0.941
1686125460,+3.47,+16.082, +9.974,+0.941
1686125520,+3.47,+16.022,+10.002,+0.941
1686125580,+3.47,+16.099, +9.996,+0.941
1686125640,+3.47,+16.065,+10.035,+0.941
1686125700,+3.47,+15.996,+10.054,+0.941
1686125760,+3.47,+16.039,+10.032,+0.941
1686125820,+3.47,+15.988, +9.973,+0.941
1686125880,+3.47,+15.817, +9.750,+0.940
1686125940,+3.47,+15.662, +9.777,+0.940
1686126000,+3.47,+15.611, +9.812,+0.940
1686126060,+3.47,+15.525, +9.786,+0.940
1686126120,+3.47,+15.499, +9.720,+0.940
1686126180,+3.47,+15.259, +9.615,+0.940
1686126240,+3.47,+15.121, +9.756,+0.939
1686126300,+3.47,+14.966, +9.872,+0.940
1686126360,+3.47,+14.863, +9.880,+0.940
1686126420,+3.47,+14.716, +9.898,+0.940
1686126480,+3.47,+14.655, +9.864,+0.940
1686126540,+3.47,+14.638, +9.881,+0.940
1686126600,+3.47,+14.655, +9.975,+0.941
1686126660,+3.47,+14.828, +9.938,+0.941
1686126720,+3.47,+14.889, +9.898,+0.940
1686126780,+3.47,+15.078, +9.908,+0.941
1686126840,+3.47,+15.233, +9.902,+0.941
1686126900,+3.47,+15.379, +9.900,+0.941
1686126960,+3.47,+15.534, +9.906,+0.941
1686127020,+3.47,+15.602, +9.961,+0.941
1686127080,+3.47,+15.602, +9.786,+0.941
1686127140,+3.47,+15.396, +9.719,+0.940
1686127200,+3.47,+14.983, +9.581,+0.939
1686127260,+3.47,+14.716, +9.786,+0.940
1686127320,+3.47,+14.716, +9.826,+0.941
1686127380,+3.47,+14.699, +9.829,+0.940
1686127440,+3.47,+14.629, +9.797,+0.940
1686127500,+3.47,+14.448, +9.804,+0.940
1686127560,+3.47,+14.491, +9.850,+0.941
1686127620,+3.47,+14.456, +9.815,+0.941
1686127680,+3.47,+14.422, +9.843,+0.940
1686127740,+3.47,+14.577, +9.883,+0.941
1686127800,+3.47,+14.733, +9.943,+0.941
1686127860,+3.47,+14.923, +9.894,+0.941
1686127920,+3.47,+15.035, +9.854,+0.941
1686127980,+3.47,+15.035, +9.438,+0.938
1686128040,+3.47,+14.387, +9.757,+0.940
1686128100,+3.47,+14.352, +9.772,+0.940
1686128160,+3.47,+14.118, +9.705,+0.939
1686128220,+3.47,+13.831, +9.771,+0.940
1686128280,+3.47,+13.709, +9.807,+0.939
1686128340,+3.47,+13.647, +9.852,+0.940
1686128400,+3.47,+13.813, +9.939,+0.941
1686128460,+3.47,+14.066, +9.887,+0.941
1686128520,+3.47,+14.222, +9.908,+0.941
1686128580,+3.47,+14.448, +9.849,+0.941
1686128640,+3.47,+14.534, +9.804,+0.941
1686128700,+3.47,+14.344, +9.764,+0.939
1686128760,+3.47,+14.196, +9.766,+0.940
1686128820,+3.47,+14.022, +9.797,+0.940
1686128880,+3.47,+13.996, +9.768,+0.940
1686128940,+3.47,+13.918, +9.851,+0.940
1686129000,+3.47,+14.144, +9.902,+0.941
1686129060,+3.47,+14.309, +9.913,+0.941
1686129120,+3.47,+14.439, +9.942,+0.941
1686129180,+3.47,+14.586, +9.905,+0.941
1686129240,+3.47,+14.707, +9.872,+0.941
1686129300,+3.47,+14.742, +9.896,+0.941
1686129360,+3.47,+14.828, +9.928,+0.942
1686129420,+3.47,+14.966, +9.869,+0.941
1686129480,+3.47,+15.009, +9.861,+0.942
1686129540,+3.47,+15.104, +9.828,+0.941
1686129600,+3.47,+15.181, +9.813,+0.941
1686129660,+3.47,+15.250, +9.814,+0.941
1686129720,+3.47,+15.259, +9.796,+0.941
1686129780,+3.47,+14.897, +9.435,+0.938
1686129840,+3.47,+14.361, +9.510,+0.938
1686129900,+3.47,+13.743, +9.670,+0.938
1686129960,+3.47,+13.350, +9.748,+0.939
1686130020,+3.47,+13.069, +9.808,+0.939
1686130080,+3.47,+12.920, +9.832,+0.939
1686130140,+3.47,+12.788, +9.864,+0.939
1686130200,+3.47,+12.708, +9.916,+0.940
1686130260,+3.47,+12.955, +9.993,+0.940
1686130320,+3.47,+13.183,+10.068,+0.941
1686130380,+3.47,+13.525, +9.966,+0.940
1686130440,+3.47,+13.674, +9.960,+0.941
1686130500,+3.47,+13.743,+10.025,+0.941
1686130560,+3.47,+13.987,+10.018,+0.942
1686130620,+3.47,+14.196,+10.018,+0.941
1686130680,+3.47,+14.326,+10.018,+0.941
1686130740,+3.47,+14.508,+10.038,+0.942
1686130800,+3.47,+14.621,+10.007,+0.942
1686130860,+3.47,+14.724,+10.004,+0.942
1686130920,+3.47,+14.828,+10.046,+0.942
1686130980,+3.47,+14.906,+10.044,+0.941
1686131040,+3.47,+14.889,+10.141,+0.942
1686131100,+3.47,+14.923,+10.009,+0.941
1686131160,+3.47,+14.811,+10.013,+0.941
1686131220,+3.47,+14.811,+10.016,+0.941
1686131280,+3.47,+14.819,+10.020,+0.941
1686131340,+3.47,+14.759, +9.958,+0.940
1686131400,+3.47,+13.831, +9.237,+0.937
1686131460,+3.47,+12.893, +9.257,+0.937
1686131520,+3.47,+12.319, +9.277,+0.938
1686131580,+3.47,+11.946, +9.312,+0.938
1686131640,+3.47,+11.598, +9.374,+0.938
1686131700,+3.47,+11.338, +9.413,+0.939
1686131760,+3.47,+11.230, +9.441,+0.939
1686131820,+3.47,+11.122, +9.539,+0.939
1686131880,+3.47,+11.239, +9.604,+0.940
1686131940,+3.47,+11.436, +9.816,+0.940
1686132000,+3.47,+12.008,+10.311,+0.943
1686132060,+3.47,+12.902,+10.229,+0.943
1686132120,+3.47,+13.315,+10.180,+0.942
1686132180,+3.47,+13.630,+10.159,+0.943
1686132240,+3.47,+13.455, +9.905,+0.940
1686132300,+3.47,+13.333, +9.916,+0.941
1686132360,+3.47,+13.324, +9.883,+0.941
1686132420,+3.47,+13.052, +9.700,+0.940
1686132480,+3.47,+12.602, +9.701,+0.940
1686132540,+3.47,+12.354, +9.733,+0.940
1686132600,+3.47,+12.257, +9.774,+0.940
1686132660,+3.47,+12.248, +9.850,+0.941
1686132720,+3.47,+12.337, +9.913,+0.941
1686132780,+3.47,+12.478, +9.925,+0.941
1686132840,+3.47,+12.532, +9.961,+0.941
1686132900,+3.47,+12.629, +9.956,+0.941
1686132960,+3.47,+12.708, +9.917,+0.941
1686133020,+3.47,+12.664, +9.910,+0.940
1686133080,+3.47,+12.629, +9.848,+0.940
1686133140,+3.47,+12.390, +9.737,+0.939
1686133200,+3.47,+12.017, +9.700,+0.940
1686133260,+3.47,+11.803, +9.661,+0.939
1686133320,+3.47,+11.651, +9.649,+0.940
1686133380,+3.47,+11.544, +9.640,+0.940
1686133440,+3.47,+11.311, +9.689,+0.940
1686133500,+3.47,+11.302, +9.686,+0.940
1686133560,+3.47,+11.284, +9.698,+0.940
1686133620,+3.47,+11.266, +9.700,+0.940
1686133680,+3.47,+11.266, +9.706,+0.941
1686133740,+3.47,+11.257, +9.710,+0.941
1686133800,+3.47,+11.293, +9.701,+0.940
1686133860,+3.47,+11.311, +9.705,+0.941
1686133920,+3.47,+11.257, +9.714,+0.941
1686133980,+3.47,+11.284, +9.675,+0.940
1686134040,+3.47,+11.239, +9.672,+0.940
1686134100,+3.47,+11.131, +9.722,+0.941
1686134160,+3.47,+11.131, +9.717,+0.940
1686134220,+3.47,+11.104, +9.739,+0.941
1686134280,+3.47,+11.158, +9.738,+0.941
1686134340,+3.47,+11.140, +9.749,+0.941
1686134400,+3.47,+11.230, +9.729,+0.941
1686134460,+3.47,+11.239, +9.769,+0.941
1686134520,+3.47,+11.400, +9.786,+0.941
1686134580,+3.47,+11.463, +9.797,+0.941
1686134640,+3.47,+11.517, +9.770,+0.941
1686134700,+3.47,+11.490, +9.786,+0.942
1686134760,+3.47,+11.481, +9.795,+0.941
1686134820,+3.47,+11.526, +9.813,+0.941
1686134880,+3.47,+11.535, +9.859,+0.941
1686134940,+3.47,+11.633, +9.849,+0.941
1686135000,+3.47,+11.678, +9.881,+0.941
1686135060,+3.47,+11.741, +9.886,+0.941
1686135120,+3.47,+11.803, +9.891,+0.942
1686135180,+3.47,+11.794, +9.916,+0.941
1686135240,+3.47,+11.857, +9.907,+0.941
1686135300,+3.47,+11.830, +9.901,+0.941
1686135360,+3.47,+11.794, +9.894,+0.941
1686135420,+3.47,+11.812, +9.898,+0.941
1686135480,+3.47,+11.874, +9.909,+0.941
1686135540,+3.47,+11.892, +9.937,+0.941
1686135600,+3.47,+11.928, +9.951,+0.941
1686135660,+3.47,+11.892, +9.981,+0.941
1686135720,+3.47,+11.910, +9.990,+0.941
1686135780,+3.47,+11.946,+10.006,+0.941
1686135840,+3.47,+12.026,+10.036,+0.942
1686135900,+3.47,+12.061,+10.078,+0.942
1686135960,+3.47,+12.301,+10.079,+0.942
1686136020,+3.47,+12.505,+10.100,+0.942
1686136080,+3.47,+12.761,+10.100,+0.942
1686136140,+3.47,+12.858,+10.117,+0.942
1686136200,+3.47,+13.192,+10.126,+0.943
1686136260,+3.47,+13.166,+10.005,+0.941
1686136320,+3.47,+13.078,+10.104,+0.941
1686136380,+3.47,+13.131,+10.078,+0.941
1686136440,+3.47,+13.166,+10.108,+0.941
1686136500,+3.47,+13.157,+10.036,+0.941
1686136560,+3.47,+13.043,+10.018,+0.940
1686136620,+3.47,+12.973,+10.053,+0.941
1686136680,+3.47,+13.034,+10.122,+0.942
1686136740,+3.47,+13.148,+10.133,+0.942
1686136800,+3.47,+13.315,+10.145,+0.942
1686136860,+3.47,+13.411,+10.144,+0.942
1686136920,+3.47,+13.543,+10.149,+0.942
1686136980,+3.47,+13.726,+10.121,+0.942
1686137040,+3.47,+13.831,+10.098,+0.942
1686137100,+3.47,+13.961,+10.061,+0.941
1686137160,+3.47,+14.031,+10.069,+0.941
1686137220,+3.47,+14.196,+10.086,+0.942
1686137280,+3.47,+14.335,+10.095,+0.942
1686137340,+3.47,+14.465,+10.081,+0.942
1686137400,+3.47,+14.560,+10.088,+0.942
1686137460,+3.47,+14.681,+10.073,+0.942
1686137520,+3.47,+14.845,+10.027,+0.941
1686137580,+3.47,+14.897,+10.041,+0.942
1686137640,+3.47,+15.018,+10.015,+0.941
1686137700,+3.47,+15.095, +9.986,+0.942
1686137760,+3.47,+14.983, +9.969,+0.941
1686137820,+3.47,+14.750, +9.908,+0.940
1686137880,+3.47,+14.552, +9.952,+0.941
1686137940,+3.47,+14.465,+10.004,+0.941
1686138000,+3.47,+14.491, +9.982,+0.941
1686138060,+3.47,+14.508,+10.009,+0.941
1686138120,+3.47,+14.448,+10.044,+0.941
1686138180,+3.47,+14.586,+10.048,+0.941
1686138240,+3.47,+14.629,+10.093,+0.941
1686138300,+3.47,+14.638,+10.045,+0.941
1686138360,+3.47,+14.603,+10.057,+0.941
1686138420,+3.47,+14.586,+10.047,+0.941
1686138480,+3.47,+14.577,+10.032,+0.941
1686138540,+3.47,+14.560,+10.032,+0.940
1686138600,+3.47,+14.482,+10.048,+0.941
1686138660,+3.47,+14.439,+10.052,+0.940
1686138720,+3.47,+14.448,+10.065,+0.941
1686138780,+3.47,+14.413,+10.070,+0.941
1686138840,+3.47,+14.361,+10.062,+0.941
1686138900,+3.47,+14.318,+10.060,+0.940
1686138960,+3.47,+14.309,+10.094,+0.941
1686139020,+3.47,+14.404,+10.091,+0.941
1686139080,+3.47,+14.526,+10.071,+0.941
1686139140,+3.47,+14.560,+10.088,+0.941
1686139200,+3.47,+14.647,+10.090,+0.941
1686139260,+3.47,+14.707,+10.080,+0.940
1686139320,+3.47,+14.759,+10.084,+0.941
1686139380,+3.47,+14.595,+10.006,+0.940
1686139440,+3.47,+14.422, +9.975,+0.940
1686139500,+3.47,+14.231,+10.013,+0.941
1686139560,+3.47,+14.170,+10.032,+0.941
1686139620,+3.47,+14.144,+10.055,+0.941
1686139680,+3.47,+14.187,+10.083,+0.941
1686139740,+3.47,+14.387,+10.181,+0.941
1686139800,+3.47,+14.586,+10.205,+0.942
1686139860,+3.47,+14.690,+10.162,+0.941
1686139920,+3.47,+14.750,+10.184,+0.942
1686139980,+3.47,+14.889,+10.153,+0.941
1686140040,+3.47,+14.992,+10.123,+0.941
1686140100,+3.47,+15.070,+10.083,+0.941
1686140160,+3.47,+15.087,+10.088,+0.941
1686140220,+3.47,+15.087,+10.089,+0.941
1686140280,+3.47,+15.130,+10.058,+0.941
1686140340,+3.47,+15.104,+10.080,+0.941
1686140400,+3.47,+15.156,+10.081,+0.941
1686140460,+3.47,+15.216,+10.070,+0.941
1686140520,+3.47,+15.147,+10.033,+0.940
1686140580,+3.47,+15.147, +9.971,+0.941
1686140640,+3.47,+15.147,+10.016,+0.941
1686140700,+3.47,+15.147,+10.051,+0.941
1686140760,+3.47,+15.044,+10.129,+0.941
1686140820,+3.47,+15.035,+10.101,+0.941
1686140880,+3.47,+15.026,+10.091,+0.941
1686140940,+3.47,+15.052,+10.134,+0.941
1686141000,+3.47,+15.044,+10.141,+0.941
1686141060,+3.47,+15.130,+10.073,+0.941
1686141120,+3.47,+15.225,+10.087,+0.941
1686141180,+3.47,+15.353,+10.100,+0.942
1686141240,+3.47,+15.534,+10.101,+0.941
1686141300,+3.47,+15.705,+10.107,+0.942
1686141360,+3.47,+15.954,+10.089,+0.942
1686141420,+3.47,+16.176,+10.078,+0.943
1686141480,+3.47,+16.261,+10.061,+0.942
1686141540,+3.47,+16.440,+10.063,+0.942
1686141600,+3.47,+16.602,+10.077,+0.942
1686141660,+3.47,+16.687,+10.098,+0.942
1686141720,+3.47,+16.176, +9.815,+0.939
1686141780,+3.47,+15.697, +9.929,+0.939
1686141840,+3.47,+15.379,+10.073,+0.940
1686141900,+3.47,+15.285,+10.084,+0.940
1686141960,+3.47,+15.147,+10.110,+0.940
1686142020,+3.47,+15.121,+10.117,+0.941
1686142080,+3.47,+15.087,+10.160,+0.941
1686142140,+3.47,+15.026,+10.123,+0.940
1686142200,+3.47,+14.983,+10.183,+0.941
1686142260,+3.47,+15.035,+10.181,+0.941
1686142320,+3.47,+14.889, +9.960,+0.939
1686142380,+3.47,+14.664, +9.993,+0.940
