7450-798456
OS REV: 1.03 Sensor Cal: 1539277937
Time (sec),  BV (Volts),  T (deg C),  DO (mg/l),  Q ()
1683636840,+3.45,+10.960,+11.055,+0.944
1683636900,+3.45,+10.960,+11.060,+0.944
1683636960,+3.45,+10.960,+11.047,+0.944
1683637020,+3.45,+10.951,+11.026,+0.944
1683637080,+3.45,+10.914,+11.013,+0.944
1683637140,+3.45,+10.851,+11.030,+0.944
1683637200,+3.45,+10.842,+11.021,+0.944
1683637260,+3.45,+10.833,+11.013,+0.944
1683637320,+3.45,+10.878,+10.984,+0.944
1683637380,+3.45,+10.878,+10.983,+0.944
1683637440,+3.45,+10.842,+10.978,+0.943
1683637500,+3.45,+10.851,+10.967,+0.944
1683637560,+3.45,+10.869,+10.986,+0.944
1683637620,+3.45,+10.905,+11.043,+0.944
1683637680,+3.45,+10.923,+11.046,+0.944
1683637740,+3.45,+11.005,+11.024,+0.944
1683637800,+3.45,+10.978,+11.043,+0.944
1683637860,+3.45,+11.014,+11.059,+0.944
1683637920,+3.45,+11.041,+11.054,+0.944
1683637980,+3.45,+11.050,+11.077,+0.944
1683638040,+3.45,+11.104,+11.085,+0.944
1683638100,+3.45,+11.113,+11.101,+0.944
1683638160,+3.45,+11.095,+11.115,+0.944
1683638220,+3.45,+10.761,+10.706,+0.942
1683638280,+3.45,+10.398,+10.714,+0.943
1683638340,+3.45,+10.243,+10.669,+0.943
1683638400,+3.45,+10.106,+10.688,+0.943
1683638460,+3.45,+10.033,+10.665,+0.943
1683638520,+3.45, +9.932,+10.661,+0.943
1683638580,+3.45, +9.850,+10.675,+0.943
1683638640,+3.45, +9.813,+10.667,+0.943
1683638700,+3.45, +9.657,+10.693,+0.943
1683638760,+3.45, +9.712,+10.665,+0.943
1683638820,+3.45, +9.730,+10.642,+0.943
1683638880,+3.45, +9.684,+10.664,+0.943
1683638940,+3.45, +9.657,+10.688,+0.944
1683639000,+3.45, +9.675,+10.687,+0.944
1683639060,+3.45, +9.703,+10.681,+0.944
1683639120,+3.45, +9.749,+10.654,+0.944
1683639180,+3.45, +9.694,+10.676,+0.944
1683639240,+3.45, +9.684,+10.637,+0.943
1683639300,+3.45, +9.638,+10.614,+0.944
1683639360,+3.45, +9.519,+10.579,+0.943
1683639420,+3.45, +9.408,+10.547,+0.943
1683639480,+3.45, +9.371,+10.517,+0.943
1683639540,+3.45, +9.371,+10.504,+0.944
1683639600,+3.45, +9.399,+10.506,+0.944
1683639660,+3.45, +9.399,+10.506,+0.943
1683639720,+3.45, +9.399,+10.530,+0.944
1683639780,+3.45, +9.408,+10.549,+0.944
1683639840,+3.45, +9.445,+10.554,+0.944
1683639900,+3.45, +9.482,+10.579,+0.944
1683639960,+3.45, +9.537,+10.585,+0.944
1683640020,+3.45, +9.648,+10.572,+0.944
1683640080,+3.45, +9.592,+10.624,+0.944
1683640140,+3.45, +9.565,+10.643,+0.944
1683640200,+3.45, +9.574,+10.618,+0.944
1683640260,+3.45, +9.528,+10.615,+0.944
1683640320,+3.45, +9.583,+10.600,+0.944
1683640380,+3.45, +9.546,+10.626,+0.944
1683640440,+3.45, +9.629,+10.600,+0.944
1683640500,+3.45, +9.620,+10.616,+0.944
1683640560,+3.45, +9.657,+10.641,+0.944
1683640620,+3.45, +9.675,+10.662,+0.944
1683640680,+3.45, +9.648,+10.684,+0.944
1683640740,+3.45, +9.666,+10.685,+0.944
1683640800,+3.45, +9.657,+10.707,+0.944
1683640860,+3.45, +9.694,+10.715,+0.944
1683640920,+3.45, +9.675,+10.737,+0.944
1683640980,+3.45, +9.675,+10.754,+0.944
1683641040,+3.45, +9.675,+10.773,+0.944
1683641100,+3.45, +9.620,+10.786,+0.944
1683641160,+3.45, +9.666,+10.747,+0.944
1683641220,+3.45, +9.638,+10.766,+0.944
1683641280,+3.45, +9.684,+10.738,+0.944
1683641340,+3.45, +9.648,+10.740,+0.944
1683641400,+3.45, +9.657,+10.759,+0.944
1683641460,+3.45, +9.666,+10.774,+0.944
1683641520,+3.45, +9.684,+10.792,+0.944
1683641580,+3.45, +9.739,+10.800,+0.944
1683641640,+3.45, +9.739,+10.814,+0.944
1683641700,+3.45, +9.703,+10.826,+0.944
1683641760,+3.45, +9.712,+10.823,+0.944
1683641820,+3.45, +9.739,+10.811,+0.944
1683641880,+3.45, +9.730,+10.819,+0.944
1683641940,+3.45, +9.730,+10.808,+0.944
1683642000,+3.45, +9.758,+10.797,+0.944
1683642060,+3.45, +9.721,+10.837,+0.945
1683642120,+3.45, +9.739,+10.834,+0.944
1683642180,+3.45, +9.795,+10.817,+0.944
1683642240,+3.45, +9.730,+10.854,+0.944
1683642300,+3.45, +9.749,+10.848,+0.944
1683642360,+3.45, +9.822,+10.812,+0.944
1683642420,+3.45, +9.850,+10.794,+0.944
1683642480,+3.45, +9.859,+10.787,+0.944
1683642540,+3.45, +9.795,+10.808,+0.944
1683642600,+3.45, +9.795,+10.791,+0.944
1683642660,+3.45, +9.840,+10.799,+0.944
1683642720,+3.45, +9.776,+10.859,+0.944
1683642780,+3.45, +9.840,+10.839,+0.944
1683642840,+3.45, +9.776,+10.807,+0.944
1683642900,+3.45, +9.675,+10.645,+0.943
1683642960,+3.45, +9.500,+10.509,+0.943
1683643020,+3.45, +9.408,+10.405,+0.943
1683643080,+3.45, +9.288,+10.387,+0.943
1683643140,+3.45, +9.195,+10.389,+0.943
1683643200,+3.45, +9.177,+10.362,+0.943
1683643260,+3.45, +9.140,+10.355,+0.943
1683643320,+3.45, +9.121,+10.355,+0.943
1683643380,+3.45, +9.177,+10.332,+0.943
1683643440,+3.45, +9.140,+10.372,+0.943
1683643500,+3.45, +9.214,+10.415,+0.944
1683643560,+3.45, +9.343,+10.469,+0.944
1683643620,+3.45, +9.399,+10.558,+0.945
1683643680,+3.45, +9.463,+10.589,+0.944
1683643740,+3.45, +9.583,+10.593,+0.944
1683643800,+3.45, +9.583,+10.623,+0.944
1683643860,+3.45, +9.657,+10.641,+0.945
1683643920,+3.45, +9.703,+10.679,+0.944
1683643980,+3.45, +9.703,+10.780,+0.944
1683644040,+3.45, +9.749,+10.793,+0.944
1683644100,+3.45, +9.648,+10.622,+0.944
1683644160,+3.45, +9.445,+10.553,+0.944
1683644220,+3.45, +9.500,+10.517,+0.943
1683644280,+3.45, +9.500,+10.565,+0.944
1683644340,+3.45, +9.519,+10.665,+0.944
1683644400,+3.45, +9.638,+10.698,+0.944
1683644460,+3.45, +9.703,+10.726,+0.944
1683644520,+3.45, +9.703,+10.751,+0.944
1683644580,+3.45, +9.703,+10.780,+0.944
1683644640,+3.45, +9.739,+10.798,+0.944
1683644700,+3.45, +9.813,+10.768,+0.944
1683644760,+3.45, +9.795,+10.799,+0.944
1683644820,+3.45, +9.776,+10.834,+0.944
1683644880,+3.45, +9.813,+10.827,+0.944
1683644940,+3.45, +9.868,+10.800,+0.944
1683645000,+3.45, +9.859,+10.818,+0.944
1683645060,+3.45, +9.840,+10.846,+0.944
1683645120,+3.45, +9.868,+10.877,+0.945
1683645180,+3.45, +9.987,+10.837,+0.944
1683645240,+3.45, +9.905,+10.901,+0.944
1683645300,+3.45,+10.015,+10.904,+0.944
1683645360,+3.45, +9.996,+10.953,+0.944
1683645420,+3.45,+10.088,+10.943,+0.944
1683645480,+3.45,+10.097,+10.963,+0.944
1683645540,+3.45,+10.170,+10.939,+0.944
1683645600,+3.45,+10.124,+10.936,+0.944
1683645660,+3.45,+10.133,+10.932,+0.944
1683645720,+3.45,+10.143,+10.915,+0.944
1683645780,+3.45,+10.106,+10.953,+0.944
1683645840,+3.45,+10.188,+10.898,+0.944
1683645900,+3.45,+10.243,+10.897,+0.944
1683645960,+3.45,+10.261,+10.934,+0.944
1683646020,+3.45,+10.334,+10.926,+0.944
1683646080,+3.45,+10.343,+10.923,+0.944
1683646140,+3.45,+10.370,+10.924,+0.944
1683646200,+3.45,+10.361,+10.971,+0.944
1683646260,+3.45,+10.434,+10.996,+0.945
1683646320,+3.45,+10.452,+10.989,+0.944
1683646380,+3.45,+10.480,+10.901,+0.944
1683646440,+3.45,+10.470,+10.919,+0.944
1683646500,+3.45,+10.434,+10.970,+0.944
1683646560,+3.45,+10.425,+10.914,+0.944
1683646620,+3.45,+10.343,+10.825,+0.943
1683646680,+3.45,+10.179,+10.686,+0.944
1683646740,+3.45,+10.005,+10.686,+0.943
1683646800,+3.45, +9.923,+10.673,+0.943
1683646860,+3.45, +9.868,+10.650,+0.943
1683646920,+3.45, +9.859,+10.606,+0.943
1683646980,+3.45, +9.694,+10.641,+0.944
1683647040,+3.45, +9.703,+10.591,+0.943
1683647100,+3.45, +9.638,+10.595,+0.944
1683647160,+3.45, +9.583,+10.595,+0.944
1683647220,+3.45, +9.519,+10.585,+0.943
1683647280,+3.45, +9.537,+10.550,+0.943
1683647340,+3.45, +9.546,+10.538,+0.944
1683647400,+3.45, +9.546,+10.522,+0.943
1683647460,+3.45, +9.537,+10.552,+0.944
1683647520,+3.45, +9.565,+10.564,+0.944
1683647580,+3.45, +9.565,+10.614,+0.944
1683647640,+3.45, +9.602,+10.653,+0.944
1683647700,+3.45, +9.749,+10.654,+0.944
1683647760,+3.45, +9.638,+10.734,+0.944
1683647820,+3.45, +9.739,+10.725,+0.944
1683647880,+3.45, +9.850,+10.750,+0.944
1683647940,+3.45, +9.868,+10.797,+0.944
1683648000,+3.45,+10.005,+10.786,+0.944
1683648060,+3.45,+10.069,+10.792,+0.944
1683648120,+3.45,+10.088,+10.779,+0.944
1683648180,+3.45,+10.152,+10.775,+0.944
1683648240,+3.45,+10.206,+10.756,+0.944
1683648300,+3.45,+10.234,+10.767,+0.944
1683648360,+3.45,+10.325,+10.799,+0.944
1683648420,+3.45,+10.343,+10.915,+0.944
1683648480,+3.45,+10.443,+10.926,+0.945
1683648540,+3.45,+10.452,+10.936,+0.944
1683648600,+3.45,+10.389,+10.942,+0.944
1683648660,+3.45,+10.334,+10.924,+0.944
1683648720,+3.45,+10.316,+10.910,+0.944
1683648780,+3.45,+10.252,+10.906,+0.944
1683648840,+3.45,+10.216,+10.868,+0.944
1683648900,+3.45,+10.288,+10.823,+0.944
1683648960,+3.45,+10.261,+10.839,+0.944
1683649020,+3.45,+10.298,+10.840,+0.944
1683649080,+3.45,+10.307,+10.811,+0.944
1683649140,+3.45,+10.288,+10.810,+0.944
1683649200,+3.45,+10.361,+10.833,+0.944
1683649260,+3.45,+10.398,+10.829,+0.944
1683649320,+3.45,+10.307,+10.868,+0.944
1683649380,+3.45,+10.461,+10.841,+0.944
1683649440,+3.45,+10.452,+10.848,+0.944
1683649500,+3.45,+10.498,+10.844,+0.944
1683649560,+3.45,+10.489,+10.854,+0.944
1683649620,+3.45,+10.480,+10.922,+0.944
1683649680,+3.45,+10.470,+10.837,+0.944
1683649740,+3.45,+10.316,+10.627,+0.943
1683649800,+3.45,+10.179,+10.679,+0.943
1683649860,+3.45,+10.060,+10.691,+0.943
1683649920,+3.45, +9.960,+10.669,+0.944
1683649980,+3.45, +9.950,+10.675,+0.944
1683650040,+3.45, +9.950,+10.690,+0.944
1683650100,+3.45, +9.969,+10.695,+0.944
1683650160,+3.45,+10.005,+10.738,+0.944
1683650220,+3.45,+10.033,+10.728,+0.944
1683650280,+3.45,+10.060,+10.738,+0.944
1683650340,+3.45,+10.115,+10.745,+0.944
1683650400,+3.45,+10.161,+10.763,+0.944
1683650460,+3.45,+10.243,+10.769,+0.945
1683650520,+3.45,+10.288,+10.777,+0.944
1683650580,+3.45,+10.325,+10.787,+0.944
1683650640,+3.45,+10.352,+10.795,+0.944
1683650700,+3.45,+10.361,+10.841,+0.944
1683650760,+3.45,+10.298,+10.897,+0.944
1683650820,+3.45,+10.352,+10.880,+0.944
1683650880,+3.45,+10.380,+10.879,+0.944
1683650940,+3.45,+10.389,+10.868,+0.944
1683651000,+3.45,+10.407,+10.855,+0.944
1683651060,+3.45,+10.434,+10.838,+0.943
1683651120,+3.45,+10.434,+10.836,+0.944
1683651180,+3.45,+10.425,+10.826,+0.944
1683651240,+3.45,+10.443,+10.836,+0.944
1683651300,+3.45,+10.443,+10.839,+0.945
1683651360,+3.45,+10.470,+10.823,+0.944
1683651420,+3.45,+10.443,+10.864,+0.944
1683651480,+3.45,+10.543,+10.836,+0.944
1683651540,+3.45,+10.498,+10.882,+0.944
1683651600,+3.45,+10.498,+10.876,+0.944
1683651660,+3.45,+10.525,+10.870,+0.944
1683651720,+3.45,+10.434,+10.916,+0.944
1683651780,+3.45,+10.489,+10.899,+0.944
1683651840,+3.45,+10.516,+10.927,+0.944
1683651900,+3.45,+10.525,+10.952,+0.944
1683651960,+3.45,+10.543,+10.963,+0.944
1683652020,+3.45,+10.516,+11.003,+0.944
1683652080,+3.45,+10.652,+10.995,+0.944
1683652140,+3.45,+10.634,+11.008,+0.944
1683652200,+3.45,+10.616,+10.954,+0.944
1683652260,+3.45,+10.489,+10.696,+0.943
1683652320,+3.45,+10.334,+10.648,+0.943
1683652380,+3.45,+10.298,+10.709,+0.944
1683652440,+3.45,+10.370,+10.835,+0.944
1683652500,+3.45,+10.380,+10.846,+0.944
1683652560,+3.45,+10.398,+10.832,+0.943
1683652620,+3.45,+10.370,+10.793,+0.944
1683652680,+3.45,+10.398,+10.878,+0.944
1683652740,+3.45,+10.434,+10.918,+0.944
1683652800,+3.45,+10.570,+10.923,+0.944
1683652860,+3.45,+10.652,+10.977,+0.944
1683652920,+3.45,+10.797,+10.988,+0.945
1683652980,+3.45,+10.923,+10.991,+0.945
1683653040,+3.45,+10.914,+11.007,+0.944
1683653100,+3.45,+11.023,+10.963,+0.944
1683653160,+3.45,+11.041,+10.977,+0.945
1683653220,+3.45,+11.059,+10.972,+0.945
1683653280,+3.45,+11.068,+10.971,+0.944
1683653340,+3.45,+11.086,+10.966,+0.945
1683653400,+3.45,+11.140,+10.937,+0.944
1683653460,+3.45,+11.086,+10.963,+0.944
1683653520,+3.45,+11.077,+10.939,+0.944
1683653580,+3.45,+10.987,+10.912,+0.944
1683653640,+3.45,+10.869,+10.741,+0.942
1683653700,+3.45,+10.480,+10.212,+0.942
1683653760,+3.45,+10.079, +9.923,+0.942
1683653820,+3.45, +9.739, +9.976,+0.942
1683653880,+3.45, +9.675,+10.006,+0.942
1683653940,+3.45, +9.546,+10.032,+0.942
1683654000,+3.45, +9.491,+10.030,+0.942
1683654060,+3.45, +9.473,+10.086,+0.943
1683654120,+3.45, +9.436,+10.198,+0.943
1683654180,+3.45, +9.592,+10.258,+0.943
1683654240,+3.45, +9.703,+10.379,+0.944
1683654300,+3.45, +9.960,+10.525,+0.944
1683654360,+3.45,+10.005,+10.554,+0.944
1683654420,+3.45,+10.088,+10.555,+0.944
1683654480,+3.45,+10.206,+10.557,+0.944
1683654540,+3.45,+10.234,+10.596,+0.944
1683654600,+3.45,+10.298,+10.600,+0.944
1683654660,+3.45,+10.343,+10.651,+0.944
1683654720,+3.45,+10.298,+10.615,+0.944
1683654780,+3.45,+10.270,+10.586,+0.943
1683654840,+3.45,+10.179,+10.558,+0.944
1683654900,+3.45,+10.115,+10.506,+0.943
1683654960,+3.45,+10.015,+10.541,+0.944
1683655020,+3.45, +9.914,+10.554,+0.943
1683655080,+3.45, +9.905,+10.548,+0.943
1683655140,+3.45, +9.932,+10.597,+0.944
1683655200,+3.45,+10.088,+10.722,+0.945
1683655260,+3.45,+10.343,+10.878,+0.945
1683655320,+3.45,+10.516,+10.918,+0.945
1683655380,+3.45,+10.679,+10.991,+0.945
1683655440,+3.45,+10.923,+11.113,+0.946
1683655500,+3.45,+11.275,+11.173,+0.946
1683655560,+3.45,+11.571,+11.207,+0.946
1683655620,+3.45,+11.785,+11.185,+0.946
1683655680,+3.45,+11.919,+11.193,+0.946
1683655740,+3.45,+11.928,+11.246,+0.945
1683655800,+3.45,+11.830,+11.280,+0.945
1683655860,+3.45,+11.767,+11.327,+0.945
1683655920,+3.45,+11.785,+11.302,+0.945
1683655980,+3.45,+11.794,+11.232,+0.945
1683656040,+3.45,+11.741,+11.197,+0.944
1683656100,+3.45,+11.651,+11.007,+0.944
1683656160,+3.45,+11.481,+10.963,+0.944
1683656220,+3.45,+11.320,+10.903,+0.944
1683656280,+3.45,+11.221,+10.834,+0.944
1683656340,+3.45,+11.122,+10.852,+0.943
1683656400,+3.45,+11.023,+10.854,+0.943
1683656460,+3.45,+11.005,+10.856,+0.943
1683656520,+3.45,+10.951,+10.876,+0.943
1683656580,+3.45,+10.996,+10.857,+0.943
1683656640,+3.45,+10.996,+10.889,+0.944
1683656700,+3.45,+10.996,+10.889,+0.944
1683656760,+3.45,+11.050,+10.860,+0.944
1683656820,+3.45,+11.005,+10.868,+0.944
1683656880,+3.45,+10.978,+10.854,+0.943
1683656940,+3.45,+10.752,+10.584,+0.942
1683657000,+3.45,+10.570,+10.551,+0.943
1683657060,+3.45,+10.543,+10.690,+0.943
1683657120,+3.45,+10.443,+10.662,+0.943
1683657180,+3.45,+10.334,+10.630,+0.943
1683657240,+3.45,+10.307,+10.557,+0.943
1683657300,+3.45,+10.216,+10.575,+0.943
1683657360,+3.45,+10.170,+10.574,+0.943
1683657420,+3.45,+10.143,+10.607,+0.943
1683657480,+3.45,+10.206,+10.656,+0.943
1683657540,+3.45,+10.234,+10.723,+0.944
1683657600,+3.45,+10.316,+10.779,+0.943
1683657660,+3.45,+10.470,+10.916,+0.945
1683657720,+3.45,+10.679,+10.899,+0.945
1683657780,+3.45,+10.914,+11.001,+0.945
1683657840,+3.45,+11.077,+11.065,+0.945
1683657900,+3.45,+11.338,+11.130,+0.945
1683657960,+3.45,+11.454,+11.143,+0.945
1683658020,+3.45,+11.571,+11.115,+0.945
1683658080,+3.45,+11.633,+11.135,+0.945
1683658140,+3.45,+11.741,+11.191,+0.945
1683658200,+3.45,+11.839,+11.295,+0.945
1683658260,+3.45,+11.830,+11.364,+0.945
1683658320,+3.45,+11.866,+11.438,+0.946
1683658380,+3.45,+11.990,+11.315,+0.945
1683658440,+3.45,+11.999,+11.258,+0.944
1683658500,+3.45,+11.999,+11.249,+0.945
1683658560,+3.45,+11.955,+11.221,+0.944
1683658620,+3.45,+11.839,+11.144,+0.944
1683658680,+3.45,+11.562,+10.786,+0.943
1683658740,+3.45,+11.374,+10.791,+0.943
1683658800,+3.45,+11.221,+10.876,+0.943
1683658860,+3.45,+11.149,+10.828,+0.943
1683658920,+3.45,+11.050,+10.848,+0.943
1683658980,+3.45,+10.996,+10.838,+0.943
1683659040,+3.45,+10.905,+10.700,+0.942
1683659100,+3.45,+10.706,+10.645,+0.943
1683659160,+3.45,+10.525,+10.730,+0.943
1683659220,+3.45,+10.470,+10.714,+0.942
1683659280,+3.45,+10.425,+10.714,+0.943
1683659340,+3.45,+10.361,+10.724,+0.943
1683659400,+3.45,+10.334,+10.711,+0.943
1683659460,+3.45,+10.298,+10.737,+0.943
1683659520,+3.45,+10.243,+10.773,+0.944
1683659580,+3.45,+10.243,+10.839,+0.944
1683659640,+3.45,+10.252,+10.901,+0.944
1683659700,+3.45,+10.270,+10.929,+0.943
1683659760,+3.45,+10.298,+10.893,+0.944
1683659820,+3.45,+10.307,+10.822,+0.944
1683659880,+3.45,+10.307,+10.794,+0.943
1683659940,+3.45,+10.261,+10.806,+0.943
1683660000,+3.45,+10.279,+10.805,+0.943
1683660060,+3.45,+10.288,+10.799,+0.944
1683660120,+3.45,+10.389,+10.872,+0.944
1683660180,+3.45,+10.516,+10.914,+0.944
1683660240,+3.45,+10.616,+10.821,+0.944
1683660300,+3.45,+10.570,+10.867,+0.944
1683660360,+3.45,+10.661,+10.896,+0.944
1683660420,+3.45,+10.806,+10.910,+0.944
1683660480,+3.45,+10.978,+10.918,+0.944
1683660540,+3.45,+11.122,+11.045,+0.945
1683660600,+3.45,+11.311,+11.031,+0.945
1683660660,+3.45,+11.454,+11.045,+0.945
1683660720,+3.45,+11.445,+11.081,+0.945
1683660780,+3.45,+11.490,+11.067,+0.944
1683660840,+3.45,+11.158,+10.587,+0.943
1683660900,+3.45,+10.734,+10.424,+0.942
1683660960,+3.45,+10.380,+10.404,+0.942
1683661020,+3.45,+10.152,+10.408,+0.942
1683661080,+3.45,+10.024,+10.463,+0.943
1683661140,+3.45, +9.905,+10.445,+0.943
1683661200,+3.45, +9.739,+10.450,+0.943
1683661260,+3.45, +9.648,+10.470,+0.943
1683661320,+3.45, +9.675,+10.453,+0.943
1683661380,+3.45, +9.638,+10.473,+0.943
1683661440,+3.45, +9.620,+10.518,+0.943
1683661500,+3.45, +9.684,+10.508,+0.943
1683661560,+3.45, +9.694,+10.523,+0.944
1683661620,+3.45, +9.657,+10.539,+0.943
1683661680,+3.45, +9.712,+10.529,+0.944
1683661740,+3.45, +9.730,+10.550,+0.943
1683661800,+3.45, +9.785,+10.556,+0.944
1683661860,+3.45, +9.749,+10.591,+0.944
1683661920,+3.45, +9.785,+10.577,+0.944
1683661980,+3.45, +9.758,+10.605,+0.944
1683662040,+3.45, +9.684,+10.649,+0.944
1683662100,+3.45, +9.721,+10.653,+0.944
1683662160,+3.45, +9.749,+10.651,+0.944
1683662220,+3.45, +9.730,+10.675,+0.944
1683662280,+3.45, +9.684,+10.688,+0.944
1683662340,+3.45, +9.730,+10.671,+0.944
1683662400,+3.45, +9.694,+10.680,+0.944
1683662460,+3.45, +9.712,+10.687,+0.944
1683662520,+3.45, +9.785,+10.656,+0.944
1683662580,+3.45, +9.739,+10.697,+0.944
1683662640,+3.45, +9.712,+10.704,+0.944
1683662700,+3.45, +9.813,+10.651,+0.944
1683662760,+3.45, +9.776,+10.682,+0.944
1683662820,+3.45, +9.813,+10.705,+0.944
1683662880,+3.45, +9.886,+10.724,+0.944
1683662940,+3.45,+10.024,+10.692,+0.944
1683663000,+3.45,+10.024,+10.716,+0.944
1683663060,+3.45,+10.115,+10.670,+0.944
1683663120,+3.45,+10.197,+10.659,+0.944
1683663180,+3.45,+10.170,+10.661,+0.944
1683663240,+3.45,+10.170,+10.685,+0.944
1683663300,+3.45,+10.288,+10.655,+0.944
1683663360,+3.45,+10.343,+10.653,+0.944
1683663420,+3.45,+10.434,+10.674,+0.945
1683663480,+3.45,+10.480,+10.682,+0.945
1683663540,+3.45,+10.434,+10.588,+0.944
1683663600,+3.45,+10.298,+10.558,+0.944
1683663660,+3.45,+10.188,+10.601,+0.944
1683663720,+3.45,+10.188,+10.610,+0.944
1683663780,+3.45,+10.179,+10.610,+0.944
1683663840,+3.45,+10.079,+10.612,+0.944
1683663900,+3.45,+10.060,+10.598,+0.943
1683663960,+3.45,+10.024,+10.617,+0.944
1683664020,+3.45, +9.941,+10.570,+0.944
1683664080,+3.45, +9.941,+10.465,+0.943
1683664140,+3.45, +9.822,+10.464,+0.943
1683664200,+3.45, +9.767,+10.462,+0.943
1683664260,+3.45, +9.776,+10.481,+0.944
1683664320,+3.45, +9.684,+10.531,+0.944
1683664380,+3.45, +9.730,+10.505,+0.944
1683664440,+3.45, +9.767,+10.485,+0.944
1683664500,+3.45, +9.785,+10.456,+0.944
1683664560,+3.45, +9.739,+10.455,+0.944
1683664620,+3.45, +9.739,+10.428,+0.944
1683664680,+3.45, +9.703,+10.401,+0.944
1683664740,+3.45, +9.648,+10.433,+0.944
1683664800,+3.45, +9.611,+10.430,+0.943
1683664860,+3.45, +9.528,+10.415,+0.944
1683664920,+3.45, +9.417,+10.395,+0.944
1683664980,+3.45, +9.362,+10.370,+0.943
1683665040,+3.45, +9.408,+10.336,+0.943
1683665100,+3.45, +9.306,+10.355,+0.943
1683665160,+3.45, +9.260,+10.354,+0.944
1683665220,+3.45, +9.325,+10.301,+0.944
1683665280,+3.45, +9.297,+10.304,+0.943
1683665340,+3.45, +9.260,+10.317,+0.943
1683665400,+3.45, +9.251,+10.325,+0.944
1683665460,+3.45, +9.241,+10.306,+0.943
1683665520,+3.45, +9.186,+10.311,+0.944
1683665580,+3.45, +9.158,+10.294,+0.944
1683665640,+3.45, +9.204,+10.257,+0.944
1683665700,+3.45, +9.223,+10.238,+0.944
1683665760,+3.45, +9.195,+10.228,+0.943
1683665820,+3.45, +9.149,+10.235,+0.944
1683665880,+3.45, +9.195,+10.213,+0.944
1683665940,+3.45, +9.149,+10.247,+0.944
1683666000,+3.45, +9.186,+10.225,+0.944
1683666060,+3.45, +9.214,+10.218,+0.944
1683666120,+3.45, +9.140,+10.251,+0.944
1683666180,+3.45, +9.121,+10.200,+0.943
1683666240,+3.45, +9.075,+10.189,+0.943
1683666300,+3.45, +9.065,+10.165,+0.943
1683666360,+3.45, +9.047,+10.153,+0.944
1683666420,+3.45, +9.065,+10.113,+0.943
1683666480,+3.45, +8.991,+10.116,+0.943
1683666540,+3.45, +9.010,+10.085,+0.943
1683666600,+3.45, +8.879,+10.132,+0.944
1683666660,+3.45, +8.963,+10.078,+0.943
1683666720,+3.45, +8.861,+10.140,+0.943
1683666780,+3.45, +8.972,+10.127,+0.944
1683666840,+3.45, +8.991,+10.173,+0.944
1683666900,+3.45, +9.084,+10.203,+0.944
1683666960,+3.45, +9.140,+10.261,+0.944
1683667020,+3.45, +9.214,+10.262,+0.944
1683667080,+3.45, +9.251,+10.311,+0.944
1683667140,+3.45, +9.306,+10.352,+0.944
1683667200,+3.45, +9.408,+10.361,+0.945
1683667260,+3.45, +9.482,+10.343,+0.944
1683667320,+3.45, +9.482,+10.389,+0.945
1683667380,+3.45, +9.509,+10.385,+0.944
1683667440,+3.45, +9.602,+10.401,+0.945
1683667500,+3.45, +9.739,+10.491,+0.945
1683667560,+3.45, +9.895,+10.499,+0.945
1683667620,+3.45,+10.060,+10.521,+0.945
1683667680,+3.45,+10.106,+10.563,+0.945
1683667740,+3.45,+10.106,+10.584,+0.944
1683667800,+3.46,+10.170,+10.577,+0.944
1683667860,+3.45,+10.206,+10.587,+0.944
1683667920,+3.45,+10.270,+10.576,+0.944
1683667980,+3.45,+10.261,+10.606,+0.944
1683668040,+3.45,+10.307,+10.610,+0.944
1683668100,+3.45,+10.316,+10.633,+0.944
1683668160,+3.45,+10.316,+10.650,+0.944
1683668220,+3.45,+10.370,+10.638,+0.944
1683668280,+3.45,+10.307,+10.665,+0.944
1683668340,+3.45,+10.298,+10.645,+0.944
1683668400,+3.45,+10.352,+10.601,+0.944
1683668460,+3.45,+10.316,+10.604,+0.944
1683668520,+3.45,+10.352,+10.572,+0.944
1683668580,+3.45,+10.343,+10.572,+0.944
1683668640,+3.45,+10.361,+10.597,+0.945
1683668700,+3.45,+10.452,+10.600,+0.945
1683668760,+3.45,+10.461,+10.642,+0.944
1683668820,+3.45,+10.525,+10.659,+0.944
1683668880,+3.45,+10.598,+10.665,+0.944
1683668940,+3.45,+10.706,+10.634,+0.945
1683669000,+3.45,+10.697,+10.619,+0.944
1683669060,+3.45,+10.670,+10.647,+0.944
1683669120,+3.45,+10.752,+10.648,+0.944
1683669180,+3.45,+10.842,+10.659,+0.944
1683669240,+3.45,+10.941,+10.684,+0.944
1683669300,+3.45,+10.923,+10.804,+0.944
1683669360,+3.45,+10.923,+10.807,+0.944
1683669420,+3.45,+10.887,+10.786,+0.944
1683669480,+3.45,+10.833,+10.755,+0.944
1683669540,+3.45,+10.824,+10.636,+0.943
1683669600,+3.45,+10.661,+10.660,+0.944
1683669660,+3.45,+10.679,+10.617,+0.944
1683669720,+3.45,+10.616,+10.615,+0.943
1683669780,+3.45,+10.652,+10.588,+0.944
1683669840,+3.45,+10.715,+10.547,+0.943
1683669900,+3.45,+10.607,+10.579,+0.943
1683669960,+3.45,+10.625,+10.578,+0.944
1683670020,+3.45,+10.625,+10.602,+0.944
1683670080,+3.45,+10.688,+10.617,+0.944
1683670140,+3.45,+10.706,+10.625,+0.943
1683670200,+3.45,+10.788,+10.605,+0.944
1683670260,+3.45,+10.679,+10.657,+0.943
1683670320,+3.45,+10.679,+10.657,+0.944
1683670380,+3.45,+10.661,+10.667,+0.944
1683670440,+3.45,+10.652,+10.659,+0.944
1683670500,+3.45,+10.652,+10.667,+0.944
1683670560,+3.45,+10.643,+10.672,+0.944
1683670620,+3.45,+10.652,+10.670,+0.944
1683670680,+3.45,+10.616,+10.706,+0.943
1683670740,+3.45,+10.643,+10.727,+0.944
1683670800,+3.45,+10.715,+10.715,+0.944
1683670860,+3.45,+10.661,+10.751,+0.944
1683670920,+3.45,+10.688,+10.740,+0.943
1683670980,+3.45,+10.743,+10.718,+0.944
1683671040,+3.45,+10.697,+10.726,+0.943
1683671100,+3.45,+10.797,+10.723,+0.944
1683671160,+3.45,+10.770,+10.616,+0.943
1683671220,+3.45,+10.634,+10.614,+0.944
1683671280,+3.45,+10.598,+10.659,+0.943
1683671340,+3.45,+10.579,+10.672,+0.944
1683671400,+3.45,+10.534,+10.688,+0.944
1683671460,+3.45,+10.634,+10.705,+0.944
1683671520,+3.45,+10.734,+10.735,+0.945
1683671580,+3.45,+10.752,+10.740,+0.944
1683671640,+3.45,+10.824,+10.737,+0.944
1683671700,+3.45,+10.869,+10.669,+0.944
1683671760,+3.45,+10.706,+10.614,+0.943
1683671820,+3.45,+10.670,+10.629,+0.943
1683671880,+3.45,+10.625,+10.641,+0.944
1683671940,+3.45,+10.625,+10.665,+0.944
1683672000,+3.45,+10.679,+10.699,+0.944
1683672060,+3.45,+10.860,+10.761,+0.944
1683672120,+3.45,+11.077,+10.799,+0.944
1683672180,+3.45,+11.185,+10.817,+0.944
1683672240,+3.45,+11.293,+10.811,+0.945
1683672300,+3.45,+11.383,+10.830,+0.945
1683672360,+3.45,+11.454,+10.875,+0.945
1683672420,+3.45,+11.553,+10.906,+0.945
1683672480,+3.45,+11.767,+10.869,+0.944
1683672540,+3.45,+11.785,+10.918,+0.945
1683672600,+3.45,+11.848,+10.869,+0.944
1683672660,+3.45,+11.293,+10.283,+0.941
1683672720,+3.45,+10.815,+10.375,+0.942
1683672780,+3.45,+10.507,+10.492,+0.942
1683672840,+3.45,+10.489,+10.687,+0.943
1683672900,+3.45,+10.743,+10.704,+0.944
1683672960,+3.45,+10.896,+10.720,+0.944
1683673020,+3.45,+10.969,+10.738,+0.944
1683673080,+3.45,+11.005,+10.768,+0.943
1683673140,+3.45,+11.086,+10.810,+0.944
1683673200,+3.45,+11.167,+10.816,+0.944
1683673260,+3.45,+11.203,+10.816,+0.944
1683673320,+3.45,+11.248,+10.792,+0.944
1683673380,+3.45,+11.275,+10.779,+0.944
1683673440,+3.45,+11.140,+10.567,+0.943
1683673500,+3.45,+10.570,+10.322,+0.942
1683673560,+3.45,+10.298,+10.462,+0.943
1683673620,+3.45,+10.225,+10.475,+0.942
1683673680,+3.45,+10.170,+10.506,+0.943
1683673740,+3.45,+10.106,+10.630,+0.943
1683673800,+3.45,+10.170,+10.670,+0.943
1683673860,+3.45,+10.179,+10.651,+0.943
1683673920,+3.45,+10.033,+10.406,+0.943
1683673980,+3.45, +9.804,+10.401,+0.943
1683674040,+3.45, +9.749,+10.429,+0.943
1683674100,+3.45, +9.648,+10.465,+0.943
1683674160,+3.45, +9.638,+10.488,+0.943
1683674220,+3.45, +9.675,+10.491,+0.944
1683674280,+3.45, +9.749,+10.480,+0.944
1683674340,+3.45, +9.611,+10.484,+0.944
1683674400,+3.45, +9.574,+10.443,+0.943
1683674460,+3.45, +9.620,+10.457,+0.944
1683674520,+3.45, +9.721,+10.606,+0.944
1683674580,+3.45, +9.950,+10.688,+0.945
1683674640,+3.45,+10.252,+10.813,+0.945
1683674700,+3.45,+10.489,+10.787,+0.945
1683674760,+3.45,+10.598,+10.799,+0.944
1683674820,+3.45,+10.706,+10.750,+0.944
1683674880,+3.45,+10.407,+10.585,+0.943
1683674940,+3.45,+10.133,+10.561,+0.944
1683675000,+3.45,+10.042,+10.497,+0.943
1683675060,+3.45, +9.804,+10.395,+0.943
1683675120,+3.45, +9.749,+10.194,+0.943
1683675180,+3.45, +9.611,+10.205,+0.943
1683675240,+3.45, +9.555,+10.226,+0.943
1683675300,+3.45, +9.546,+10.200,+0.943
1683675360,+3.45, +9.473,+10.225,+0.944
1683675420,+3.45, +9.436,+10.223,+0.943
1683675480,+3.45, +9.417,+10.228,+0.944
1683675540,+3.45, +9.436,+10.202,+0.943
1683675600,+3.45, +9.408,+10.218,+0.943
1683675660,+3.45, +9.408,+10.208,+0.943
1683675720,+3.45, +9.399,+10.209,+0.943
1683675780,+3.45, +9.380,+10.217,+0.943
1683675840,+3.45, +9.454,+10.240,+0.944
1683675900,+3.45, +9.445,+10.323,+0.944
1683675960,+3.45, +9.509,+10.347,+0.944
1683676020,+3.45, +9.583,+10.375,+0.944
1683676080,+3.45, +9.712,+10.583,+0.944
1683676140,+3.45, +9.905,+10.700,+0.945
1683676200,+3.45, +9.886,+10.495,+0.944
1683676260,+3.45, +9.877,+10.454,+0.944
1683676320,+3.45, +9.886,+10.577,+0.944
1683676380,+3.45,+10.088,+10.591,+0.944
1683676440,+3.45,+10.079,+10.707,+0.945
1683676500,+3.45,+10.097,+10.691,+0.944
1683676560,+3.45,+10.161,+10.644,+0.945
1683676620,+3.45,+10.106,+10.601,+0.944
1683676680,+3.45,+10.042,+10.580,+0.943
1683676740,+3.45,+10.079,+10.573,+0.944
1683676800,+3.45,+10.124,+10.592,+0.944
1683676860,+3.45,+10.225,+10.596,+0.944
1683676920,+3.45,+10.316,+10.652,+0.945
1683676980,+3.45,+10.452,+10.669,+0.944
1683677040,+3.45,+10.570,+10.698,+0.944
1683677100,+3.45,+10.607,+10.720,+0.945
1683677160,+3.45,+10.688,+10.702,+0.944
1683677220,+3.45,+10.697,+10.697,+0.944
1683677280,+3.45,+10.734,+10.678,+0.944
1683677340,+3.45,+10.788,+10.656,+0.944
1683677400,+3.45,+10.797,+10.671,+0.944
1683677460,+3.45,+10.887,+10.692,+0.944
1683677520,+3.45,+10.932,+10.662,+0.944
1683677580,+3.45,+10.878,+10.598,+0.943
1683677640,+3.45,+10.770,+10.590,+0.944
1683677700,+3.45,+10.489,+10.340,+0.943
1683677760,+3.45,+10.307,+10.523,+0.943
1683677820,+3.45,+10.216,+10.540,+0.943
1683677880,+3.45,+10.060,+10.600,+0.943
1683677940,+3.45, +9.978,+10.622,+0.943
1683678000,+3.45,+10.015,+10.574,+0.943
1683678060,+3.45, +9.932,+10.611,+0.944
1683678120,+3.45, +9.932,+10.586,+0.944
1683678180,+3.45, +9.905,+10.575,+0.943
1683678240,+3.45, +9.905,+10.562,+0.944
1683678300,+3.45, +9.932,+10.545,+0.944
1683678360,+3.45, +9.905,+10.558,+0.944
1683678420,+3.45, +9.996,+10.543,+0.944
1683678480,+3.45,+10.060,+10.578,+0.944
1683678540,+3.45,+10.197,+10.580,+0.944
1683678600,+3.45,+10.252,+10.574,+0.944
1683678660,+3.45,+10.325,+10.543,+0.944
1683678720,+3.45,+10.343,+10.539,+0.944
1683678780,+3.45,+10.343,+10.520,+0.944
1683678840,+3.45,+10.316,+10.495,+0.943
1683678900,+3.45,+10.197,+10.448,+0.943
1683678960,+3.45,+10.106,+10.468,+0.943
1683679020,+3.45, +9.950,+10.512,+0.943
1683679080,+3.45, +9.868,+10.555,+0.943
1683679140,+3.45, +9.804,+10.578,+0.944
1683679200,+3.45, +9.758,+10.595,+0.944
1683679260,+3.45, +9.758,+10.564,+0.943
1683679320,+3.45, +9.694,+10.559,+0.944
1683679380,+3.45, +9.666,+10.489,+0.944
1683679440,+3.45, +9.629,+10.458,+0.943
1683679500,+3.45, +9.629,+10.435,+0.943
1683679560,+3.45, +9.565,+10.441,+0.943
1683679620,+3.45, +9.546,+10.435,+0.944
1683679680,+3.45, +9.500,+10.401,+0.943
1683679740,+3.45, +9.417,+10.380,+0.943
1683679800,+3.45, +9.408,+10.360,+0.944
1683679860,+3.45, +9.380,+10.337,+0.944
1683679920,+3.45, +9.325,+10.334,+0.943
1683679980,+3.45, +9.297,+10.332,+0.944
1683680040,+3.45, +9.269,+10.322,+0.944
1683680100,+3.45, +9.297,+10.293,+0.944
1683680160,+3.45, +9.352,+10.299,+0.944
1683680220,+3.45, +9.436,+10.345,+0.944
1683680280,+3.45, +9.509,+10.386,+0.943
1683680340,+3.45, +9.537,+10.443,+0.944
1683680400,+3.45, +9.638,+10.462,+0.944
1683680460,+3.45, +9.694,+10.461,+0.944
1683680520,+3.45, +9.730,+10.450,+0.944
1683680580,+3.45, +9.767,+10.469,+0.944
1683680640,+3.45, +9.895,+10.419,+0.944
1683680700,+3.45, +9.703,+10.084,+0.943
1683680760,+3.45, +9.426,+10.139,+0.943
1683680820,+3.45, +9.500,+10.303,+0.944
1683680880,+3.45, +9.565,+10.432,+0.944
1683680940,+3.45, +9.712,+10.465,+0.944
1683681000,+3.45, +9.739,+10.448,+0.944
1683681060,+3.45, +9.739,+10.447,+0.944
1683681120,+3.45, +9.739,+10.410,+0.944
1683681180,+3.45, +9.739,+10.401,+0.944
1683681240,+3.45, +9.831,+10.430,+0.944
1683681300,+3.45, +9.960,+10.468,+0.945
1683681360,+3.45,+10.069,+10.452,+0.944
1683681420,+3.45,+10.042,+10.546,+0.944
1683681480,+3.45,+10.060,+10.497,+0.944
1683681540,+3.45, +9.491, +9.710,+0.941
1683681600,+3.45, +9.093, +9.740,+0.942
1683681660,+3.45, +8.972, +9.813,+0.942
1683681720,+3.45, +8.805, +9.947,+0.943
1683681780,+3.45, +9.028,+10.178,+0.943
1683681840,+3.45, +9.167,+10.226,+0.943
1683681900,+3.45, +9.167,+10.241,+0.943
1683681960,+3.45, +9.306,+10.234,+0.944
1683682020,+3.45, +9.232,+10.279,+0.944
1683682080,+3.45, +9.315,+10.273,+0.944
1683682140,+3.45, +9.482,+10.337,+0.944
1683682200,+3.45, +9.583,+10.346,+0.944
1683682260,+3.45, +9.684,+10.504,+0.945
1683682320,+3.45, +9.712,+10.521,+0.944
1683682380,+3.45, +9.749,+10.504,+0.944
1683682440,+3.45, +9.657,+10.474,+0.944
1683682500,+3.45, +9.620,+10.451,+0.944
1683682560,+3.45, +9.482,+10.365,+0.943
1683682620,+3.45, +9.140, +9.966,+0.942
1683682680,+3.45, +8.777, +9.803,+0.942
1683682740,+3.45, +8.637, +9.752,+0.942
1683682800,+3.45, +8.496, +9.789,+0.942
1683682860,+3.45, +8.412, +9.798,+0.942
1683682920,+3.45, +8.356, +9.824,+0.943
1683682980,+3.45, +8.393, +9.797,+0.942
1683683040,+3.45, +8.384, +9.810,+0.942
1683683100,+3.45, +8.384, +9.868,+0.943
1683683160,+3.45, +8.468, +9.907,+0.943
1683683220,+3.45, +8.534, +9.941,+0.943
1683683280,+3.45, +8.627, +9.941,+0.943
1683683340,+3.45, +8.749, +9.958,+0.943
1683683400,+3.45, +8.851, +9.997,+0.944
1683683460,+3.45, +9.010,+10.029,+0.944
1683683520,+3.45, +9.140,+10.081,+0.944
1683683580,+3.45, +9.251,+10.139,+0.944
1683683640,+3.45, +9.362,+10.280,+0.944
1683683700,+3.45, +9.436,+10.418,+0.944
1683683760,+3.45, +9.528,+10.504,+0.945
1683683820,+3.45, +9.555,+10.441,+0.944
1683683880,+3.45, +9.306,+10.330,+0.944
1683683940,+3.45, +9.306,+10.325,+0.944
1683684000,+3.45, +9.371,+10.336,+0.944
1683684060,+3.45, +9.417,+10.349,+0.944
1683684120,+3.45, +9.482,+10.350,+0.944
1683684180,+3.45, +9.454,+10.386,+0.944
1683684240,+3.45, +9.325,+10.182,+0.943
1683684300,+3.45, +8.907, +9.970,+0.942
1683684360,+3.45, +8.693, +9.886,+0.942
1683684420,+3.45, +8.571, +9.844,+0.942
1683684480,+3.45, +8.431, +9.850,+0.943
1683684540,+3.45, +8.412, +9.807,+0.942
1683684600,+3.45, +8.337, +9.791,+0.943
1683684660,+3.45, +8.318, +9.765,+0.942
1683684720,+3.45, +8.252, +9.777,+0.943
1683684780,+3.45, +8.318, +9.743,+0.943
1683684840,+3.45, +8.299, +9.773,+0.942
1683684900,+3.45, +8.318, +9.830,+0.943
1683684960,+3.45, +8.393, +9.827,+0.943
1683685020,+3.45, +8.515, +9.814,+0.943
1683685080,+3.45, +8.618, +9.979,+0.944
1683685140,+3.45, +8.543, +9.815,+0.942
1683685200,+3.45, +8.431, +9.819,+0.943
1683685260,+3.45, +8.384, +9.797,+0.943
1683685320,+3.45, +8.374, +9.780,+0.943
1683685380,+3.45, +8.327, +9.781,+0.943
1683685440,+3.45, +8.318, +9.765,+0.943
1683685500,+3.45, +8.440, +9.743,+0.943
1683685560,+3.45, +8.524, +9.869,+0.943
1683685620,+3.45, +8.609, +9.949,+0.944
1683685680,+3.45, +8.749, +9.969,+0.944
1683685740,+3.45, +8.758,+10.040,+0.944
1683685800,+3.45, +8.767, +9.985,+0.943
1683685860,+3.45, +8.627, +9.890,+0.943
1683685920,+3.45, +8.478, +9.820,+0.943
1683685980,+3.45, +8.346, +9.820,+0.943
1683686040,+3.45, +8.290, +9.793,+0.943
1683686100,+3.45, +8.280, +9.773,+0.943
1683686160,+3.45, +8.402, +9.758,+0.943
1683686220,+3.45, +8.534, +9.853,+0.944
1683686280,+3.45, +8.739, +9.939,+0.944
1683686340,+3.45, +8.926, +9.989,+0.944
1683686400,+3.45, +8.926,+10.044,+0.944
1683686460,+3.45, +9.010,+10.057,+0.944
1683686520,+3.45, +8.730, +9.662,+0.942
1683686580,+3.45, +8.449, +9.561,+0.942
1683686640,+3.45, +8.290, +9.603,+0.942
1683686700,+3.45, +8.243, +9.661,+0.943
1683686760,+3.45, +8.214, +9.676,+0.943
1683686820,+3.45, +8.262, +9.677,+0.943
1683686880,+3.45, +8.356, +9.740,+0.943
1683686940,+3.45, +8.431, +9.813,+0.943
1683687000,+3.45, +8.496, +9.823,+0.943
1683687060,+3.45, +8.496, +9.790,+0.943
1683687120,+3.45, +8.449, +9.779,+0.943
1683687180,+3.45, +8.299, +9.647,+0.942
1683687240,+3.45, +8.130, +9.619,+0.943
1683687300,+3.45, +7.931, +9.642,+0.943
1683687360,+3.45, +7.912, +9.625,+0.943
1683687420,+3.45, +7.979, +9.633,+0.943
1683687480,+3.45, +8.111, +9.686,+0.943
1683687540,+3.45, +8.262, +9.795,+0.943
1683687600,+3.45, +8.412, +9.864,+0.944
1683687660,+3.45, +8.487, +9.814,+0.943
1683687720,+3.45, +8.280, +9.598,+0.942
1683687780,+3.45, +8.026, +9.571,+0.942
1683687840,+3.45, +7.941, +9.590,+0.942
1683687900,+3.45, +7.865, +9.587,+0.943
1683687960,+3.45, +7.846, +9.562,+0.942
1683688020,+3.45, +7.713, +9.604,+0.943
1683688080,+3.45, +7.704, +9.607,+0.943
1683688140,+3.45, +7.694, +9.654,+0.943
1683688200,+3.45, +7.808, +9.663,+0.943
1683688260,+3.45, +7.827, +9.646,+0.943
1683688320,+3.45, +7.903, +9.653,+0.943
1683688380,+3.45, +7.998, +9.656,+0.943
1683688440,+3.45, +7.988, +9.669,+0.943
1683688500,+3.45, +7.998, +9.680,+0.943
1683688560,+3.45, +8.139, +9.724,+0.944
1683688620,+3.45, +8.224, +9.807,+0.944
1683688680,+3.45, +8.280, +9.821,+0.944
1683688740,+3.45, +8.214, +9.843,+0.943
1683688800,+3.45, +8.252, +9.791,+0.943
1683688860,+3.45, +8.233, +9.787,+0.944
1683688920,+3.45, +8.214, +9.737,+0.943
1683688980,+3.45, +8.073, +9.714,+0.943
1683689040,+3.45, +8.064, +9.648,+0.943
1683689100,+3.45, +7.969, +9.625,+0.943
1683689160,+3.45, +7.922, +9.645,+0.943
1683689220,+3.45, +8.064, +9.650,+0.943
1683689280,+3.45, +8.130, +9.671,+0.943
1683689340,+3.45, +8.186, +9.714,+0.943
1683689400,+3.45, +8.280, +9.782,+0.943
1683689460,+3.45, +8.402, +9.749,+0.943
1683689520,+3.45, +8.440, +9.810,+0.944
1683689580,+3.45, +8.534, +9.861,+0.944
1683689640,+3.45, +8.599, +9.948,+0.944
1683689700,+3.45, +8.665,+10.032,+0.945
1683689760,+3.45, +8.693, +9.995,+0.944
1683689820,+3.45, +8.711, +9.976,+0.944
1683689880,+3.45, +8.665, +9.722,+0.943
1683689940,+3.45, +8.468, +9.812,+0.943
1683690000,+3.45, +8.440, +9.814,+0.943
1683690060,+3.45, +8.356, +9.836,+0.943
1683690120,+3.45, +8.356, +9.839,+0.943
1683690180,+3.45, +8.318, +9.824,+0.943
1683690240,+3.45, +8.327, +9.792,+0.943
1683690300,+3.45, +8.309, +9.789,+0.943
1683690360,+3.45, +8.262, +9.812,+0.943
1683690420,+3.45, +8.318, +9.790,+0.943
1683690480,+3.45, +8.318, +9.784,+0.943
1683690540,+3.45, +8.262, +9.791,+0.943
1683690600,+3.45, +8.299, +9.772,+0.943
1683690660,+3.45, +8.299, +9.796,+0.943
1683690720,+3.45, +8.431, +9.785,+0.943
1683690780,+3.45, +8.421, +9.816,+0.943
1683690840,+3.45, +8.487, +9.800,+0.943
1683690900,+3.45, +8.459, +9.802,+0.943
1683690960,+3.45, +8.515, +9.796,+0.943
1683691020,+3.45, +8.524, +9.815,+0.943
1683691080,+3.45, +8.590, +9.801,+0.943
1683691140,+3.45, +8.487, +9.830,+0.943
1683691200,+3.45, +8.515, +9.809,+0.943
1683691260,+3.45, +8.534, +9.803,+0.943
1683691320,+3.45, +8.571, +9.812,+0.943
1683691380,+3.45, +8.590, +9.834,+0.943
1683691440,+3.45, +8.562, +9.875,+0.944
1683691500,+3.45, +8.683, +9.839,+0.943
1683691560,+3.45, +8.749, +9.809,+0.943
1683691620,+3.45, +8.711, +9.855,+0.944
1683691680,+3.45, +8.861, +9.907,+0.944
1683691740,+3.45, +8.786, +9.942,+0.943
1683691800,+3.45, +8.777, +9.947,+0.944
1683691860,+3.45, +8.767, +9.921,+0.944
1683691920,+3.45, +8.739, +9.883,+0.943
1683691980,+3.45, +8.749, +9.846,+0.943
1683692040,+3.45, +8.758, +9.909,+0.943
1683692100,+3.45, +8.833, +9.958,+0.944
1683692160,+3.45, +8.870, +9.999,+0.944
1683692220,+3.45, +8.954,+10.012,+0.943
1683692280,+3.45, +9.010,+10.025,+0.944
1683692340,+3.45, +9.047,+10.064,+0.944
1683692400,+3.45, +9.112,+10.095,+0.944
1683692460,+3.45, +9.214,+10.146,+0.944
1683692520,+3.45, +9.334,+10.159,+0.944
1683692580,+3.45, +9.426,+10.146,+0.944
1683692640,+3.45, +9.454,+10.181,+0.944
1683692700,+3.45, +9.620,+10.214,+0.944
1683692760,+3.45, +9.648,+10.245,+0.944
1683692820,+3.45, +9.694,+10.270,+0.944
1683692880,+3.45, +9.749,+10.404,+0.945
1683692940,+3.45, +9.785,+10.480,+0.944
1683693000,+3.45, +9.831,+10.517,+0.944
1683693060,+3.45, +9.795,+10.596,+0.944
1683693120,+3.45, +9.776,+10.647,+0.944
1683693180,+3.45, +9.813,+10.651,+0.944
1683693240,+3.45, +9.822,+10.665,+0.944
1683693300,+3.45, +9.758,+10.712,+0.944
1683693360,+3.45, +9.749,+10.695,+0.944
1683693420,+3.45, +9.795,+10.640,+0.944
1683693480,+3.45, +9.795,+10.646,+0.944
1683693540,+3.45, +9.776,+10.666,+0.944
1683693600,+3.45, +9.758,+10.662,+0.944
1683693660,+3.45, +9.795,+10.643,+0.944
1683693720,+3.45, +9.712,+10.658,+0.944
1683693780,+3.45, +9.795,+10.616,+0.944
1683693840,+3.45, +9.785,+10.616,+0.944
1683693900,+3.45, +9.730,+10.637,+0.944
1683693960,+3.45, +9.795,+10.599,+0.944
1683694020,+3.45, +9.776,+10.595,+0.944
1683694080,+3.45, +9.804,+10.571,+0.944
1683694140,+3.45, +9.758,+10.589,+0.944
1683694200,+3.45, +9.666,+10.620,+0.944
1683694260,+3.45, +9.767,+10.574,+0.944
1683694320,+3.45, +9.776,+10.564,+0.944
1683694380,+3.45, +9.758,+10.580,+0.944
1683694440,+3.45, +9.776,+10.589,+0.944
1683694500,+3.45, +9.785,+10.605,+0.944
1683694560,+3.45, +9.795,+10.594,+0.944
1683694620,+3.45, +9.785,+10.603,+0.944
1683694680,+3.45, +9.804,+10.605,+0.944
1683694740,+3.45, +9.795,+10.606,+0.944
1683694800,+3.45, +9.795,+10.603,+0.944
1683694860,+3.45, +9.776,+10.607,+0.943
1683694920,+3.45, +9.877,+10.559,+0.944
1683694980,+3.45, +9.758,+10.600,+0.944
1683695040,+3.45, +9.785,+10.597,+0.944
1683695100,+3.45, +9.905,+10.568,+0.944
1683695160,+3.45, +9.905,+10.597,+0.943
1683695220,+3.45, +9.905,+10.625,+0.944
1683695280,+3.45, +9.886,+10.631,+0.943
1683695340,+3.45, +9.859,+10.658,+0.944
1683695400,+3.45, +9.923,+10.662,+0.944
1683695460,+3.45, +9.877,+10.680,+0.944
1683695520,+3.45, +9.969,+10.643,+0.944
1683695580,+3.45, +9.905,+10.643,+0.944
1683695640,+3.45, +9.776,+10.555,+0.943
1683695700,+3.45, +9.684,+10.562,+0.944
1683695760,+3.45, +9.648,+10.533,+0.943
1683695820,+3.45, +9.684,+10.508,+0.944
1683695880,+3.45, +9.648,+10.500,+0.944
1683695940,+3.45, +9.565,+10.530,+0.944
1683696000,+3.45, +9.592,+10.488,+0.944
1683696060,+3.45, +9.546,+10.474,+0.944
1683696120,+3.45, +9.491,+10.410,+0.943
1683696180,+3.45, +9.454,+10.358,+0.943
1683696240,+3.45, +9.426,+10.305,+0.943
1683696300,+3.45, +9.269,+10.298,+0.943
1683696360,+3.45, +9.315,+10.234,+0.943
1683696420,+3.45, +9.260,+10.228,+0.944
1683696480,+3.45, +9.251,+10.205,+0.943
1683696540,+3.45, +9.223,+10.199,+0.943
1683696600,+3.45, +9.167,+10.213,+0.944
1683696660,+3.45, +9.158,+10.190,+0.943
1683696720,+3.45, +9.130,+10.186,+0.943
1683696780,+3.45, +9.149,+10.172,+0.943
1683696840,+3.45, +9.102,+10.177,+0.943
1683696900,+3.45, +9.075,+10.193,+0.944
1683696960,+3.45, +9.112,+10.176,+0.944
1683697020,+3.45, +9.093,+10.195,+0.943
1683697080,+3.45, +9.121,+10.201,+0.943
1683697140,+3.45, +9.112,+10.222,+0.944
1683697200,+3.45, +9.047,+10.257,+0.943
1683697260,+3.45, +9.075,+10.254,+0.944
1683697320,+3.45, +9.093,+10.245,+0.944
1683697380,+3.45, +9.075,+10.250,+0.944
1683697440,+3.45, +9.149,+10.204,+0.943
1683697500,+3.45, +9.102,+10.216,+0.944
1683697560,+3.45, +9.102,+10.209,+0.943
1683697620,+3.45, +9.102,+10.218,+0.943
1683697680,+3.45, +9.047,+10.247,+0.944
1683697740,+3.45, +9.056,+10.253,+0.944
1683697800,+3.45, +9.093,+10.214,+0.943
1683697860,+3.45, +9.121,+10.204,+0.944
1683697920,+3.45, +9.093,+10.207,+0.944
1683697980,+3.45, +9.056,+10.234,+0.944
1683698040,+3.45, +9.084,+10.211,+0.944
1683698100,+3.45, +9.102,+10.205,+0.944
1683698160,+3.45, +9.075,+10.206,+0.943
1683698220,+3.45, +9.093,+10.188,+0.943
1683698280,+3.45, +9.075,+10.196,+0.943
1683698340,+3.45, +9.130,+10.164,+0.943
1683698400,+3.45, +9.130,+10.176,+0.944
1683698460,+3.45, +9.065,+10.192,+0.944
1683698520,+3.45, +9.084,+10.171,+0.943
1683698580,+3.45, +9.065,+10.189,+0.944
1683698640,+3.45, +9.112,+10.179,+0.944
1683698700,+3.45, +9.093,+10.181,+0.943
1683698760,+3.45, +9.028,+10.196,+0.943
1683698820,+3.45, +9.140,+10.152,+0.943
1683698880,+3.45, +9.093,+10.197,+0.943
1683698940,+3.45, +9.140,+10.198,+0.943
1683699000,+3.45, +9.121,+10.223,+0.943
1683699060,+3.45, +9.112,+10.236,+0.944
1683699120,+3.45, +9.093,+10.251,+0.944
1683699180,+3.45, +9.065,+10.294,+0.943
1683699240,+3.45, +9.102,+10.306,+0.944
1683699300,+3.45, +9.112,+10.307,+0.943
1683699360,+3.45, +9.028,+10.327,+0.944
1683699420,+3.45, +9.149,+10.267,+0.944
1683699480,+3.45, +9.130,+10.271,+0.943
1683699540,+3.45, +9.102,+10.293,+0.944
1683699600,+3.45, +9.056,+10.315,+0.944
1683699660,+3.45, +9.075,+10.311,+0.944
1683699720,+3.45, +9.084,+10.300,+0.944
1683699780,+3.45, +9.158,+10.271,+0.944
1683699840,+3.45, +9.112,+10.307,+0.944
1683699900,+3.45, +9.149,+10.277,+0.944
1683699960,+3.45, +9.121,+10.272,+0.944
1683700020,+3.45, +9.204,+10.236,+0.944
1683700080,+3.45, +9.241,+10.236,+0.943
1683700140,+3.45, +9.223,+10.281,+0.944
1683700200,+3.45, +9.297,+10.295,+0.944
1683700260,+3.45, +9.334,+10.314,+0.944
1683700320,+3.45, +9.389,+10.336,+0.944
1683700380,+3.45, +9.454,+10.387,+0.944
1683700440,+3.45, +9.509,+10.500,+0.945
1683700500,+3.45, +9.795,+10.690,+0.945
1683700560,+3.45,+10.143,+10.848,+0.945
1683700620,+3.45,+10.425,+10.849,+0.945
1683700680,+3.45,+10.652,+10.850,+0.945
1683700740,+3.45,+10.752,+10.871,+0.945
1683700800,+3.45,+10.878,+10.916,+0.945
1683700860,+3.45,+10.960,+10.919,+0.945
1683700920,+3.45,+11.077,+10.875,+0.945
1683700980,+3.45,+11.131,+10.876,+0.945
1683701040,+3.45,+11.185,+10.782,+0.944
1683701100,+3.45,+10.752,+10.465,+0.944
1683701160,+3.45,+10.661,+10.604,+0.944
1683701220,+3.45,+10.869,+10.675,+0.944
1683701280,+3.45,+11.014,+10.732,+0.945
1683701340,+3.45,+11.203,+10.817,+0.944
1683701400,+3.45,+11.347,+10.878,+0.944
1683701460,+3.45,+11.454,+10.899,+0.945
1683701520,+3.45,+11.481,+10.906,+0.944
1683701580,+3.45,+11.535,+10.910,+0.944
1683701640,+3.45,+11.580,+10.930,+0.944
1683701700,+3.45,+11.598,+10.937,+0.944
1683701760,+3.45,+11.669,+10.920,+0.944
1683701820,+3.45,+11.607,+10.942,+0.944
1683701880,+3.45,+11.669,+10.913,+0.944
1683701940,+3.45,+11.633,+10.929,+0.944
1683702000,+3.45,+11.660,+10.923,+0.944
1683702060,+3.45,+11.758,+10.901,+0.944
1683702120,+3.45,+11.732,+10.912,+0.944
1683702180,+3.45,+11.714,+10.942,+0.945
1683702240,+3.45,+11.741,+10.930,+0.944
1683702300,+3.45,+11.750,+10.928,+0.944
1683702360,+3.45,+11.678,+10.844,+0.943
1683702420,+3.45,+11.481,+10.713,+0.943
1683702480,+3.45,+11.320,+10.728,+0.943
1683702540,+3.45,+11.329,+10.766,+0.944
1683702600,+3.45,+11.445,+10.791,+0.944
1683702660,+3.45,+11.517,+10.831,+0.944
1683702720,+3.45,+11.535,+10.907,+0.945
1683702780,+3.45,+11.642,+10.854,+0.944
1683702840,+3.45,+11.669,+10.853,+0.944
1683702900,+3.45,+11.651,+10.870,+0.944
1683702960,+3.45,+11.660,+10.870,+0.944
1683703020,+3.45,+11.669,+10.881,+0.944
1683703080,+3.45,+11.758,+10.929,+0.945
1683703140,+3.45,+11.732,+11.022,+0.944
1683703200,+3.45,+11.741,+11.029,+0.944
1683703260,+3.45,+11.750,+11.004,+0.944
1683703320,+3.45,+11.785,+10.906,+0.943
1683703380,+3.45,+11.714,+10.926,+0.944
1683703440,+3.45,+11.732,+10.977,+0.943
1683703500,+3.45,+11.758,+11.011,+0.944
1683703560,+3.45,+11.732,+11.047,+0.944
1683703620,+3.45,+11.678,+11.125,+0.945
1683703680,+3.45,+11.741,+11.035,+0.943
1683703740,+3.45,+11.705,+11.053,+0.944
1683703800,+3.45,+11.696,+11.017,+0.944
1683703860,+3.45,+11.696,+11.009,+0.944
1683703920,+3.45,+11.642,+11.034,+0.944
1683703980,+3.45,+11.678,+11.015,+0.944
1683704040,+3.45,+11.580,+10.859,+0.943
1683704100,+3.45,+11.481,+10.753,+0.943
1683704160,+3.45,+11.365,+10.747,+0.943
1683704220,+3.45,+11.311,+10.725,+0.943
1683704280,+3.45,+11.239,+10.708,+0.943
1683704340,+3.45,+10.806,+10.248,+0.942
1683704400,+3.45,+10.498,+10.204,+0.941
1683704460,+3.45,+10.252,+10.273,+0.942
1683704520,+3.45,+10.124,+10.312,+0.942
1683704580,+3.45, +9.969,+10.397,+0.942
1683704640,+3.45, +9.895,+10.388,+0.942
1683704700,+3.45, +9.859,+10.403,+0.942
1683704760,+3.45, +9.795,+10.410,+0.943
1683704820,+3.45, +9.776,+10.413,+0.942
1683704880,+3.45, +9.767,+10.415,+0.943
1683704940,+3.45, +9.767,+10.400,+0.943
1683705000,+3.45, +9.758,+10.415,+0.943
1683705060,+3.45, +9.785,+10.419,+0.943
1683705120,+3.45, +9.804,+10.417,+0.943
1683705180,+3.45, +9.831,+10.423,+0.944
1683705240,+3.45, +9.859,+10.436,+0.944
1683705300,+3.45, +9.840,+10.455,+0.944
1683705360,+3.45, +9.850,+10.464,+0.944
1683705420,+3.45, +9.987,+10.434,+0.944
1683705480,+3.45, +9.941,+10.427,+0.943
1683705540,+3.45, +9.941,+10.462,+0.944
1683705600,+3.45, +9.987,+10.511,+0.944
1683705660,+3.45,+10.015,+10.553,+0.944
1683705720,+3.45,+10.024,+10.596,+0.944
1683705780,+3.45, +9.941,+10.615,+0.944
1683705840,+3.45, +9.978,+10.578,+0.944
1683705900,+3.45, +9.969,+10.545,+0.944
1683705960,+3.45, +9.914,+10.536,+0.944
1683706020,+3.45, +9.859,+10.526,+0.944
1683706080,+3.45, +9.877,+10.492,+0.944
1683706140,+3.45, +9.886,+10.462,+0.944
1683706200,+3.45, +9.932,+10.437,+0.944
1683706260,+3.45, +9.840,+10.475,+0.944
1683706320,+3.45, +9.932,+10.436,+0.944
1683706380,+3.45, +9.969,+10.445,+0.944
1683706440,+3.45, +9.914,+10.516,+0.944
1683706500,+3.45, +9.932,+10.558,+0.944
1683706560,+3.45, +9.978,+10.596,+0.944
1683706620,+3.45, +9.905,+10.658,+0.944
1683706680,+3.45, +9.987,+10.635,+0.944
1683706740,+3.45,+10.024,+10.656,+0.944
1683706800,+3.45,+10.088,+10.665,+0.944
1683706860,+3.45,+10.152,+10.667,+0.944
1683706920,+3.45,+10.216,+10.658,+0.944
1683706980,+3.45,+10.261,+10.708,+0.944
1683707040,+3.45,+10.398,+10.778,+0.945
1683707100,+3.45,+10.461,+10.819,+0.944
1683707160,+3.45,+10.534,+10.835,+0.945
1683707220,+3.45,+10.661,+10.778,+0.944
1683707280,+3.45,+10.670,+10.777,+0.944
1683707340,+3.45,+10.697,+10.766,+0.944
1683707400,+3.45,+10.752,+10.751,+0.944
1683707460,+3.45,+10.824,+10.734,+0.944
1683707520,+3.45,+10.842,+10.752,+0.944
1683707580,+3.45,+10.851,+10.759,+0.944
1683707640,+3.45,+10.824,+10.787,+0.944
1683707700,+3.45,+10.842,+10.784,+0.944
1683707760,+3.45,+10.851,+10.797,+0.944
1683707820,+3.45,+10.923,+10.795,+0.944
1683707880,+3.45,+10.923,+10.862,+0.944
1683707940,+3.45,+11.005,+10.919,+0.944
1683708000,+3.45,+11.131,+10.957,+0.945
1683708060,+3.45,+11.257,+11.040,+0.945
1683708120,+3.45,+11.320,+11.101,+0.944
1683708180,+3.45,+11.391,+11.178,+0.945
1683708240,+3.45,+11.409,+11.194,+0.944
1683708300,+3.45,+11.436,+11.230,+0.945
1683708360,+3.45,+11.553,+11.262,+0.944
1683708420,+3.45,+11.571,+11.299,+0.945
1683708480,+3.45,+11.535,+11.332,+0.945
1683708540,+3.45,+11.562,+11.280,+0.944
1683708600,+3.45,+11.642,+11.260,+0.944
1683708660,+3.45,+11.660,+11.283,+0.945
1683708720,+3.45,+11.651,+11.282,+0.945
1683708780,+3.45,+11.391,+10.613,+0.942
1683708840,+3.45,+10.842,+10.530,+0.942
1683708900,+3.45,+10.543,+10.565,+0.942
1683708960,+3.45,+10.352,+10.609,+0.942
1683709020,+3.45,+10.252,+10.648,+0.943
1683709080,+3.45,+10.188,+10.660,+0.942
1683709140,+3.45,+10.161,+10.669,+0.943
1683709200,+3.45,+10.088,+10.683,+0.943
1683709260,+3.45,+10.024,+10.701,+0.943
1683709320,+3.45, +9.960,+10.685,+0.943
1683709380,+3.45, +9.868,+10.719,+0.943
1683709440,+3.45, +9.850,+10.713,+0.943
1683709500,+3.45, +9.822,+10.716,+0.943
1683709560,+3.45, +9.840,+10.699,+0.943
1683709620,+3.45, +9.785,+10.690,+0.943
1683709680,+3.45, +9.785,+10.706,+0.944
1683709740,+3.45, +9.776,+10.691,+0.944
1683709800,+3.45, +9.730,+10.701,+0.944
1683709860,+3.45, +9.767,+10.675,+0.944
1683709920,+3.45, +9.739,+10.679,+0.944
1683709980,+3.45, +9.749,+10.655,+0.943
1683710040,+3.45, +9.758,+10.644,+0.944
1683710100,+3.45, +9.712,+10.657,+0.944
1683710160,+3.45, +9.749,+10.634,+0.943
1683710220,+3.45, +9.758,+10.632,+0.943
1683710280,+3.45, +9.730,+10.648,+0.943
1683710340,+3.45, +9.712,+10.668,+0.943
1683710400,+3.45, +9.712,+10.720,+0.944
1683710460,+3.45, +9.767,+10.766,+0.944
1683710520,+3.45, +9.749,+10.817,+0.944
1683710580,+3.45, +9.749,+10.845,+0.944
1683710640,+3.45, +9.776,+10.833,+0.944
1683710700,+3.45, +9.703,+10.833,+0.944
1683710760,+3.45, +9.758,+10.787,+0.944
1683710820,+3.45, +9.694,+10.800,+0.944
1683710880,+3.45, +9.666,+10.842,+0.944
1683710940,+3.45, +9.648,+10.840,+0.944
1683711000,+3.45, +9.675,+10.838,+0.944
1683711060,+3.45, +9.648,+10.839,+0.944
1683711120,+3.45, +9.638,+10.824,+0.944
1683711180,+3.45, +9.611,+10.806,+0.944
1683711240,+3.45, +9.565,+10.802,+0.944
1683711300,+3.45, +9.546,+10.784,+0.944
1683711360,+3.45, +9.509,+10.739,+0.944
1683711420,+3.45, +9.546,+10.685,+0.944
1683711480,+3.45, +9.436,+10.696,+0.943
1683711540,+3.45, +9.417,+10.676,+0.944
1683711600,+3.45, +9.445,+10.629,+0.943
1683711660,+3.45, +9.352,+10.651,+0.944
1683711720,+3.45, +9.408,+10.621,+0.944
1683711780,+3.45, +9.334,+10.639,+0.944
1683711840,+3.45, +9.352,+10.635,+0.944
1683711900,+3.45, +9.315,+10.625,+0.943
1683711960,+3.45, +9.325,+10.618,+0.944
1683712020,+3.45, +9.278,+10.619,+0.944
1683712080,+3.45, +9.269,+10.607,+0.944
1683712140,+3.45, +9.260,+10.601,+0.944
1683712200,+3.45, +9.251,+10.597,+0.944
1683712260,+3.45, +9.278,+10.572,+0.944
1683712320,+3.45, +9.260,+10.573,+0.944
1683712380,+3.45, +9.241,+10.559,+0.944
1683712440,+3.45, +9.140,+10.501,+0.943
1683712500,+3.45, +9.102,+10.456,+0.943
1683712560,+3.45, +9.075,+10.445,+0.944
1683712620,+3.45, +9.056,+10.427,+0.943
1683712680,+3.45, +8.991,+10.413,+0.943
1683712740,+3.45, +8.954,+10.308,+0.943
1683712800,+3.45, +8.870,+10.264,+0.943
1683712860,+3.45, +8.823,+10.236,+0.943
1683712920,+3.45, +8.758,+10.225,+0.943
1683712980,+3.45, +8.683,+10.250,+0.944
1683713040,+3.45, +8.618,+10.262,+0.943
1683713100,+3.45, +8.655,+10.249,+0.944
1683713160,+3.45, +8.627,+10.245,+0.943
1683713220,+3.45, +8.618,+10.247,+0.943
1683713280,+3.45, +8.665,+10.236,+0.943
1683713340,+3.45, +8.711,+10.232,+0.943
1683713400,+3.45, +8.693,+10.262,+0.943
1683713460,+3.45, +8.702,+10.276,+0.944
1683713520,+3.45, +8.711,+10.265,+0.944
1683713580,+3.45, +8.767,+10.246,+0.944
1683713640,+3.45, +8.721,+10.283,+0.944
1683713700,+3.45, +8.767,+10.303,+0.944
1683713760,+3.45, +8.777,+10.345,+0.944
1683713820,+3.45, +8.795,+10.320,+0.944
1683713880,+3.45, +8.730,+10.301,+0.944
1683713940,+3.45, +8.767,+10.248,+0.943
1683714000,+3.45, +8.637,+10.279,+0.943
1683714060,+3.45, +8.609,+10.285,+0.943
1683714120,+3.45, +8.609,+10.284,+0.944
1683714180,+3.45, +8.562,+10.293,+0.944
1683714240,+3.45, +8.562,+10.293,+0.944
1683714300,+3.45, +8.590,+10.261,+0.943
1683714360,+3.45, +8.562,+10.279,+0.943
1683714420,+3.45, +8.524,+10.273,+0.943
1683714480,+3.45, +8.552,+10.240,+0.943
1683714540,+3.45, +8.515,+10.254,+0.944
1683714600,+3.45, +8.506,+10.241,+0.943
1683714660,+3.45, +8.543,+10.210,+0.943
1683714720,+3.45, +8.487,+10.219,+0.943
1683714780,+3.45, +8.440,+10.244,+0.944
1683714840,+3.45, +8.478,+10.232,+0.944
1683714900,+3.45, +8.524,+10.222,+0.944
1683714960,+3.45, +8.515,+10.221,+0.943
1683715020,+3.45, +8.393,+10.267,+0.944
1683715080,+3.45, +8.478,+10.208,+0.943
1683715140,+3.45, +8.412,+10.206,+0.943
1683715200,+3.45, +8.337,+10.089,+0.943
1683715260,+3.45, +8.243,+10.101,+0.943
1683715320,+3.45, +8.196,+10.110,+0.943
1683715380,+3.45, +8.214,+10.076,+0.943
1683715440,+3.45, +8.149,+10.093,+0.943
1683715500,+3.45, +8.149,+10.061,+0.943
1683715560,+3.45, +8.101,+10.047,+0.943
1683715620,+3.45, +8.064,+10.051,+0.943
1683715680,+3.45, +8.083,+10.024,+0.943
1683715740,+3.45, +8.092,+10.010,+0.943
1683715800,+3.45, +8.064,+10.034,+0.943
1683715860,+3.45, +8.092,+10.030,+0.943
1683715920,+3.45, +8.045,+10.077,+0.944
1683715980,+3.45, +8.149,+10.048,+0.943
1683716040,+3.45, +8.158,+10.063,+0.943
1683716100,+3.45, +8.167,+10.097,+0.943
1683716160,+3.45, +8.233,+10.104,+0.943
1683716220,+3.45, +8.309,+10.114,+0.944
1683716280,+3.45, +8.309,+10.116,+0.943
1683716340,+3.45, +8.309,+10.128,+0.943
1683716400,+3.45, +8.243,+10.161,+0.944
1683716460,+3.45, +8.309,+10.154,+0.944
1683716520,+3.45, +8.309,+10.178,+0.944
1683716580,+3.45, +8.421,+10.174,+0.944
1683716640,+3.45, +8.299,+10.188,+0.944
1683716700,+3.45, +8.224,+10.191,+0.944
1683716760,+3.45, +8.233,+10.175,+0.944
1683716820,+3.45, +8.233,+10.150,+0.943
1683716880,+3.45, +8.262,+10.136,+0.944
1683716940,+3.45, +8.262,+10.124,+0.943
1683717000,+3.45, +8.214,+10.122,+0.943
1683717060,+3.45, +8.149,+10.136,+0.943
1683717120,+3.45, +8.167,+10.106,+0.943
1683717180,+3.45, +8.111,+10.119,+0.943
1683717240,+3.45, +8.073,+10.127,+0.944
1683717300,+3.45, +8.083,+10.122,+0.943
1683717360,+3.45, +8.149,+10.101,+0.943
1683717420,+3.45, +8.092,+10.134,+0.943
1683717480,+3.45, +8.073,+10.143,+0.944
1683717540,+3.45, +8.120,+10.116,+0.944
1683717600,+3.45, +8.111,+10.132,+0.944
1683717660,+3.45, +8.092,+10.159,+0.943
1683717720,+3.45, +8.177,+10.152,+0.944
1683717780,+3.45, +8.196,+10.152,+0.943
1683717840,+3.45, +8.214,+10.168,+0.944
1683717900,+3.45, +8.186,+10.165,+0.943
1683717960,+3.45, +8.139,+10.181,+0.943
1683718020,+3.45, +8.186,+10.154,+0.943
1683718080,+3.45, +8.243,+10.129,+0.944
1683718140,+3.45, +8.243,+10.112,+0.943
1683718200,+3.45, +8.149,+10.152,+0.943
1683718260,+3.45, +8.214,+10.122,+0.943
1683718320,+3.45, +8.243,+10.128,+0.944
1683718380,+3.45, +8.186,+10.148,+0.943
1683718440,+3.45, +8.233,+10.130,+0.943
1683718500,+3.45, +8.233,+10.125,+0.943
1683718560,+3.45, +8.214,+10.139,+0.944
1683718620,+3.45, +8.252,+10.115,+0.943
1683718680,+3.45, +8.271,+10.106,+0.943
1683718740,+3.45, +8.224,+10.124,+0.943
1683718800,+3.45, +8.233,+10.117,+0.943
1683718860,+3.45, +8.205,+10.143,+0.944
1683718920,+3.45, +8.290,+10.110,+0.944
1683718980,+3.45, +8.224,+10.146,+0.944
1683719040,+3.45, +8.243,+10.134,+0.943
1683719100,+3.45, +8.186,+10.163,+0.944
1683719160,+3.45, +8.252,+10.134,+0.943
1683719220,+3.45, +8.252,+10.144,+0.943
1683719280,+3.45, +8.214,+10.159,+0.943
1683719340,+3.45, +8.224,+10.153,+0.943
1683719400,+3.45, +8.177,+10.169,+0.943
1683719460,+3.45, +8.196,+10.164,+0.943
1683719520,+3.45, +8.214,+10.146,+0.943
1683719580,+3.45, +8.167,+10.149,+0.943
1683719640,+3.45, +8.139,+10.138,+0.943
1683719700,+3.45, +8.130,+10.123,+0.943
1683719760,+3.45, +8.054,+10.120,+0.943
1683719820,+3.45, +8.083,+10.069,+0.943
1683719880,+3.45, +7.998,+10.074,+0.943
1683719940,+3.45, +7.960,+10.064,+0.943
1683720000,+3.45, +7.912,+10.068,+0.943
1683720060,+3.45, +7.903,+10.054,+0.943
1683720120,+3.45, +7.922,+10.032,+0.943
1683720180,+3.45, +7.912,+10.024,+0.943
1683720240,+3.45, +7.903,+10.022,+0.944
1683720300,+3.45, +7.875, +9.995,+0.943
1683720360,+3.45, +7.884, +9.993,+0.943
1683720420,+3.45, +7.922, +9.965,+0.943
1683720480,+3.45, +7.856, +9.978,+0.943
1683720540,+3.45, +7.884, +9.969,+0.943
1683720600,+3.45, +7.875, +9.963,+0.943
1683720660,+3.45, +7.846, +9.969,+0.943
1683720720,+3.45, +7.846, +9.961,+0.943
1683720780,+3.45, +7.884, +9.947,+0.943
1683720840,+3.45, +7.837, +9.972,+0.943
1683720900,+3.45, +7.865, +9.964,+0.943
1683720960,+3.45, +7.884, +9.976,+0.943
1683721020,+3.45, +7.865, +9.994,+0.943
1683721080,+3.45, +7.846,+10.011,+0.943
1683721140,+3.45, +7.922, +9.996,+0.943
1683721200,+3.45, +7.941, +9.996,+0.943
1683721260,+3.45, +7.846,+10.036,+0.943
1683721320,+3.45, +7.846,+10.038,+0.943
1683721380,+3.45, +7.875,+10.030,+0.943
1683721440,+3.45, +7.808,+10.067,+0.943
1683721500,+3.45, +7.827,+10.065,+0.943
1683721560,+3.45, +7.827,+10.060,+0.943
1683721620,+3.45, +7.865,+10.047,+0.943
1683721680,+3.45, +7.865,+10.037,+0.943
1683721740,+3.45, +7.875,+10.018,+0.943
1683721800,+3.45, +7.903,+10.010,+0.943
1683721860,+3.45, +7.884,+10.016,+0.943
1683721920,+3.45, +7.893,+10.012,+0.943
1683721980,+3.45, +7.903,+10.011,+0.943
1683722040,+3.45, +7.884,+10.010,+0.943
1683722100,+3.45, +7.884,+10.016,+0.943
1683722160,+3.45, +7.875,+10.024,+0.944
1683722220,+3.45, +7.903,+10.004,+0.943
1683722280,+3.45, +7.903,+10.019,+0.943
1683722340,+3.45, +7.865,+10.051,+0.943
1683722400,+3.45, +7.912,+10.034,+0.943
1683722460,+3.45, +7.903,+10.047,+0.944
1683722520,+3.45, +7.827,+10.065,+0.943
1683722580,+3.45, +7.903,+10.039,+0.944
1683722640,+3.45, +7.912,+10.033,+0.944
1683722700,+3.45, +7.884,+10.042,+0.943
1683722760,+3.45, +7.941,+10.016,+0.943
1683722820,+3.45, +7.941,+10.019,+0.943
1683722880,+3.45, +7.979,+10.040,+0.943
1683722940,+3.45, +7.969,+10.063,+0.943
1683723000,+3.45, +7.941,+10.083,+0.943
1683723060,+3.45, +7.931,+10.082,+0.943
1683723120,+3.45, +7.979,+10.066,+0.944
1683723180,+3.45, +7.998,+10.042,+0.943
