7450-798456
OS REV: 1.03 Sensor Cal: 1539277937
Time (sec),  BV (Volts),  T (deg C),  DO (mg/l),  Q ()
1685969640,+3.47,+11.445,+10.349,+0.940
1685969700,+3.47,+11.409,+10.379,+0.941
1685969760,+3.47,+11.347,+10.369,+0.941
1685969820,+3.47,+11.302,+10.370,+0.940
1685969880,+3.47,+11.212,+10.408,+0.941
1685969940,+3.47,+11.203,+10.395,+0.941
1685970000,+3.47,+11.203,+10.387,+0.941
1685970060,+3.47,+11.158,+10.415,+0.941
1685970120,+3.47,+11.140,+10.415,+0.941
1685970180,+3.47,+11.167,+10.379,+0.941
1685970240,+3.47,+11.122,+10.405,+0.942
1685970300,+3.47,+11.149,+10.401,+0.942
1685970360,+3.47,+11.149,+10.425,+0.942
1685970420,+3.47,+11.203,+10.437,+0.941
1685970480,+3.47,+11.284,+10.424,+0.941
1685970540,+3.47,+11.230,+10.444,+0.941
1685970600,+3.47,+11.248,+10.439,+0.942
1685970660,+3.47,+11.311,+10.444,+0.942
1685970720,+3.47,+11.347,+10.483,+0.941
1685970780,+3.47,+11.374,+10.502,+0.941
1685970840,+3.47,+11.445,+10.459,+0.941
1685970900,+3.47,+11.418,+10.458,+0.942
1685970960,+3.47,+11.391,+10.473,+0.941
1685971020,+3.47,+11.409,+10.449,+0.940
1685971080,+3.47,+11.463,+10.527,+0.941
1685971140,+3.47,+11.732,+10.448,+0.942
1685971200,+3.47,+11.830,+10.340,+0.942
1685971260,+3.47,+11.972,+10.286,+0.942
1685971320,+3.47,+12.088,+10.246,+0.942
1685971380,+3.47,+12.221,+10.246,+0.942
1685971440,+3.47,+12.301,+10.228,+0.942
1685971500,+3.47,+12.425,+10.203,+0.942
1685971560,+3.47,+12.514,+10.213,+0.942
1685971620,+3.47,+12.638,+10.222,+0.942
1685971680,+3.47,+12.832,+10.228,+0.942
1685971740,+3.47,+13.069,+10.211,+0.942
1685971800,+3.47,+13.376,+10.225,+0.943
1685971860,+3.47,+13.874,+10.398,+0.944
1685971920,+3.47,+14.309,+10.344,+0.944
1685971980,+3.47,+14.733,+10.335,+0.944
1685972040,+3.47,+15.113,+10.292,+0.944
1685972100,+3.47,+15.353,+10.276,+0.944
1685972160,+3.47,+15.637,+10.239,+0.944
1685972220,+3.47,+15.791,+10.216,+0.943
1685972280,+3.47,+15.996,+10.156,+0.943
1685972340,+3.47,+16.039, +9.632,+0.939
1685972400,+3.47,+15.164, +9.959,+0.941
1685972460,+3.47,+14.811, +9.953,+0.940
1685972520,+3.47,+14.569,+10.014,+0.940
1685972580,+3.47,+14.352,+10.022,+0.940
1685972640,+3.47,+14.022,+10.038,+0.940
1685972700,+3.47,+13.770,+10.115,+0.940
1685972760,+3.47,+13.726,+10.148,+0.941
1685972820,+3.47,+13.857,+10.147,+0.940
1685972880,+3.47,+13.883,+10.148,+0.941
1685972940,+3.47,+14.048,+10.187,+0.942
1685973000,+3.47,+14.231,+10.144,+0.941
1685973060,+3.47,+14.266, +9.827,+0.939
1685973120,+3.47,+13.743,+10.252,+0.942
1685973180,+3.47,+14.074,+10.179,+0.941
1685973240,+3.47,+14.205,+10.221,+0.942
1685973300,+3.47,+14.352,+10.133,+0.941
1685973360,+3.47,+14.465,+10.158,+0.942
1685973420,+3.47,+14.560,+10.127,+0.941
1685973480,+3.47,+14.560,+10.165,+0.942
1685973540,+3.47,+14.629,+10.175,+0.941
1685973600,+3.47,+14.742,+10.156,+0.942
1685973660,+3.47,+14.707,+10.126,+0.941
1685973720,+3.47,+14.560,+10.089,+0.940
1685973780,+3.47,+14.534,+10.108,+0.941
1685973840,+3.47,+13.961, +9.763,+0.937
1685973900,+3.47,+13.674,+10.125,+0.940
1685973960,+3.47,+13.411,+10.039,+0.939
1685974020,+3.47,+13.104,+10.108,+0.940
1685974080,+3.47,+13.096,+10.336,+0.941
1685974140,+3.47,+13.385,+10.252,+0.941
1685974200,+3.47,+13.586,+10.163,+0.940
1685974260,+3.47,+13.656,+10.242,+0.941
1685974320,+3.47,+13.909,+10.153,+0.941
1685974380,+3.47,+13.822,+10.156,+0.941
1685974440,+3.47,+13.944,+10.219,+0.941
1685974500,+3.47,+14.066,+10.245,+0.942
1685974560,+3.47,+13.831, +9.849,+0.938
1685974620,+3.47,+13.455,+10.152,+0.940
1685974680,+3.47,+13.368,+10.191,+0.940
1685974740,+3.47,+13.368,+10.200,+0.940
1685974800,+3.47,+13.333,+10.198,+0.941
1685974860,+3.47,+13.227,+10.184,+0.940
1685974920,+3.47,+13.210,+10.205,+0.941
1685974980,+3.47,+13.183,+10.236,+0.941
1685975040,+3.47,+13.192,+10.233,+0.941
1685975100,+3.47,+13.368,+10.232,+0.941
1685975160,+3.47,+13.490,+10.239,+0.942
1685975220,+3.47,+13.682,+10.222,+0.942
1685975280,+3.47,+13.839,+10.212,+0.942
1685975340,+3.47,+13.918,+10.200,+0.942
1685975400,+3.47,+14.057,+10.154,+0.942
1685975460,+3.47,+14.040,+10.106,+0.941
1685975520,+3.47,+13.682, +9.900,+0.939
1685975580,+3.47,+13.157,+10.048,+0.939
1685975640,+3.47,+12.893,+10.173,+0.939
1685975700,+3.47,+12.638,+10.249,+0.940
1685975760,+3.47,+12.735,+10.381,+0.941
1685975820,+3.47,+13.166,+10.373,+0.942
1685975880,+3.47,+13.499,+10.311,+0.942
1685975940,+3.47,+13.735,+10.234,+0.942
1685976000,+3.47,+13.848,+10.227,+0.942
1685976060,+3.47,+14.022,+10.235,+0.942
1685976120,+3.47,+14.066,+10.163,+0.941
1685976180,+3.47,+14.057,+10.160,+0.942
1685976240,+3.47,+13.987,+10.077,+0.941
1685976300,+3.47,+13.761,+10.052,+0.940
1685976360,+3.47,+13.525,+10.149,+0.940
1685976420,+3.47,+13.376,+10.177,+0.940
1685976480,+3.47,+13.315,+10.210,+0.941
1685976540,+3.47,+13.245,+10.215,+0.941
1685976600,+3.47,+13.166,+10.234,+0.940
1685976660,+3.47,+13.175,+10.265,+0.941
1685976720,+3.47,+13.262,+10.270,+0.942
1685976780,+3.47,+13.289,+10.262,+0.941
1685976840,+3.47,+13.359,+10.279,+0.942
1685976900,+3.47,+13.403,+10.208,+0.941
1685976960,+3.47,+13.262,+10.224,+0.941
1685977020,+3.47,+13.227,+10.273,+0.941
1685977080,+3.47,+13.341,+10.252,+0.941
1685977140,+3.47,+13.368,+10.252,+0.941
1685977200,+3.47,+13.403,+10.242,+0.941
1685977260,+3.47,+13.411,+10.211,+0.941
1685977320,+3.47,+13.306,+10.218,+0.941
1685977380,+3.47,+13.166,+10.232,+0.941
1685977440,+3.47,+12.973,+10.219,+0.940
1685977500,+3.47,+12.832,+10.295,+0.940
1685977560,+3.47,+12.708,+10.367,+0.941
1685977620,+3.47,+12.664,+10.401,+0.941
1685977680,+3.47,+12.576,+10.416,+0.941
1685977740,+3.47,+12.549,+10.421,+0.941
1685977800,+3.47,+12.655,+10.394,+0.941
1685977860,+3.47,+12.629,+10.440,+0.941
1685977920,+3.47,+12.788,+10.377,+0.941
1685977980,+3.47,+12.779,+10.384,+0.942
1685978040,+3.47,+12.858,+10.366,+0.941
1685978100,+3.47,+13.043,+10.322,+0.941
1685978160,+3.47,+13.096,+10.248,+0.941
1685978220,+3.47,+13.069,+10.270,+0.941
1685978280,+3.47,+13.017,+10.331,+0.941
1685978340,+3.47,+13.060,+10.373,+0.941
1685978400,+3.47,+12.981,+10.437,+0.941
1685978460,+3.47,+12.937,+10.455,+0.941
1685978520,+3.47,+12.981,+10.404,+0.941
1685978580,+3.47,+13.034,+10.413,+0.942
1685978640,+3.47,+13.087,+10.470,+0.941
1685978700,+3.47,+13.069,+10.520,+0.941
1685978760,+3.47,+13.060,+10.550,+0.942
1685978820,+3.47,+13.219,+10.506,+0.942
1685978880,+3.47,+13.210,+10.457,+0.942
1685978940,+3.47,+13.403,+10.370,+0.942
1685979000,+3.47,+13.464,+10.323,+0.942
1685979060,+3.47,+13.604,+10.253,+0.942
1685979120,+3.47,+13.752,+10.254,+0.942
1685979180,+3.47,+13.682,+10.268,+0.941
1685979240,+3.47,+13.525,+10.309,+0.940
1685979300,+3.47,+13.490,+10.408,+0.941
1685979360,+3.47,+13.490,+10.372,+0.941
1685979420,+3.47,+13.420,+10.455,+0.942
1685979480,+3.47,+13.525,+10.337,+0.941
1685979540,+3.47,+13.534,+10.371,+0.941
1685979600,+3.47,+13.551,+10.358,+0.941
1685979660,+3.47,+13.534,+10.333,+0.941
1685979720,+3.47,+13.499,+10.362,+0.941
1685979780,+3.47,+13.508,+10.372,+0.941
1685979840,+3.47,+13.551,+10.409,+0.942
1685979900,+3.47,+13.691,+10.345,+0.942
1685979960,+3.47,+13.822,+10.323,+0.942
1685980020,+3.47,+14.074,+10.351,+0.943
1685980080,+3.47,+14.517,+10.295,+0.943
1685980140,+3.47,+15.276,+10.379,+0.944
1685980200,+3.47,+15.714,+10.159,+0.943
1685980260,+3.47,+15.851,+10.089,+0.943
1685980320,+3.47,+15.894,+10.138,+0.943
1685980380,+3.47,+16.022,+10.120,+0.943
1685980440,+3.47,+16.082,+10.075,+0.942
1685980500,+3.47,+16.210,+10.096,+0.943
1685980560,+3.47,+16.261,+10.052,+0.942
1685980620,+3.47,+16.176, +9.991,+0.942
1685980680,+3.47,+16.125, +9.970,+0.942
1685980740,+3.47,+16.193, +9.966,+0.942
1685980800,+3.47,+16.278, +9.944,+0.942
1685980860,+3.47,+16.227,+10.046,+0.942
1685980920,+3.47,+16.261,+10.043,+0.941
1685980980,+3.47,+16.312,+10.061,+0.942
1685981040,+3.47,+16.201,+10.070,+0.941
1685981100,+3.47,+16.073,+10.052,+0.941
1685981160,+3.47,+15.525, +9.711,+0.938
1685981220,+3.47,+14.932,+10.007,+0.939
1685981280,+3.47,+14.802,+10.128,+0.940
1685981340,+3.47,+14.750,+10.070,+0.940
1685981400,+3.47,+14.664,+10.089,+0.940
1685981460,+3.47,+14.638,+10.176,+0.941
1685981520,+3.47,+14.889,+10.230,+0.942
1685981580,+3.47,+15.113,+10.291,+0.942
1685981640,+3.47,+15.353,+10.304,+0.942
1685981700,+3.47,+15.568,+10.234,+0.942
1685981760,+3.47,+15.748,+10.153,+0.942
1685981820,+3.47,+15.834,+10.094,+0.942
1685981880,+3.47,+15.791,+10.120,+0.942
1685981940,+3.47,+15.894,+10.063,+0.941
1685982000,+3.47,+15.911,+10.070,+0.942
1685982060,+3.47,+15.894,+10.068,+0.941
1685982120,+3.47,+15.825,+10.131,+0.941
1685982180,+3.47,+15.817,+10.175,+0.942
1685982240,+3.47,+15.714,+10.178,+0.941
1685982300,+3.47,+15.757,+10.150,+0.941
1685982360,+3.47,+15.714,+10.143,+0.941
1685982420,+3.47,+15.688,+10.155,+0.941
1685982480,+3.47,+15.722,+10.177,+0.941
1685982540,+3.47,+15.705,+10.020,+0.941
1685982600,+3.47,+15.534, +9.993,+0.940
1685982660,+3.47,+15.465, +9.998,+0.941
1685982720,+3.47,+15.474,+10.002,+0.941
1685982780,+3.47,+15.517,+10.027,+0.941
1685982840,+3.47,+15.594,+10.006,+0.941
1685982900,+3.47,+15.722, +9.994,+0.941
1685982960,+3.47,+15.774,+10.061,+0.942
1685983020,+3.47,+15.885,+10.095,+0.941
1685983080,+3.47,+15.919,+10.165,+0.942
1685983140,+3.47,+16.039,+10.166,+0.942
1685983200,+3.47,+16.125,+10.145,+0.942
1685983260,+3.47,+16.244,+10.088,+0.942
1685983320,+3.47,+16.261,+10.063,+0.942
1685983380,+3.47,+16.364,+10.050,+0.942
1685983440,+3.47,+16.491,+10.008,+0.942
1685983500,+3.47,+16.645, +9.990,+0.942
1685983560,+3.47,+16.891, +9.967,+0.943
1685983620,+3.47,+17.104, +9.933,+0.943
1685983680,+3.47,+17.375, +9.877,+0.942
1685983740,+3.47,+17.621, +9.924,+0.943
1685983800,+3.47,+17.908, +9.845,+0.944
1685983860,+3.47,+17.993, +9.786,+0.943
1685983920,+3.47,+17.680, +9.533,+0.940
1685983980,+3.47,+17.273, +9.793,+0.941
1685984040,+3.47,+17.273, +9.820,+0.941
1685984100,+3.47,+17.316, +9.849,+0.942
1685984160,+3.47,+17.553, +9.685,+0.942
1685984220,+3.47,+17.612, +9.650,+0.942
1685984280,+3.47,+17.680, +9.472,+0.941
1685984340,+3.47,+17.256, +9.721,+0.941
1685984400,+3.47,+16.959, +9.657,+0.940
1685984460,+3.47,+16.508, +9.814,+0.940
1685984520,+3.47,+16.312, +9.920,+0.941
1685984580,+3.47,+16.210, +9.879,+0.940
1685984640,+3.47,+16.039, +9.909,+0.941
1685984700,+3.47,+16.022, +9.886,+0.941
1685984760,+3.47,+15.996, +9.897,+0.941
1685984820,+3.47,+15.996, +9.905,+0.941
1685984880,+3.47,+15.937, +9.931,+0.940
1685984940,+3.47,+15.954, +9.915,+0.940
1685985000,+3.47,+15.345, +9.817,+0.939
1685985060,+3.47,+15.044, +9.875,+0.939
1685985120,+3.47,+14.819, +9.932,+0.940
1685985180,+3.47,+14.690, +9.992,+0.939
1685985240,+3.47,+14.776,+10.006,+0.940
1685985300,+3.47,+14.966,+10.051,+0.941
1685985360,+3.47,+15.061, +9.979,+0.940
1685985420,+3.47,+15.087, +9.994,+0.941
1685985480,+3.47,+15.001, +9.913,+0.940
1685985540,+3.47,+14.768, +9.963,+0.940
1685985600,+3.47,+14.612,+10.023,+0.940
1685985660,+3.47,+14.500,+10.056,+0.940
1685985720,+3.47,+14.413,+10.066,+0.940
1685985780,+3.47,+14.456,+10.109,+0.941
1685985840,+3.47,+14.560,+10.045,+0.940
1685985900,+3.47,+14.508,+10.018,+0.941
1685985960,+3.47,+14.465,+10.050,+0.940
1685986020,+3.47,+14.465,+10.015,+0.940
1685986080,+3.47,+14.681,+10.162,+0.942
1685986140,+3.47,+14.958,+10.198,+0.942
1685986200,+3.47,+15.190,+10.184,+0.942
1685986260,+3.47,+15.414,+10.130,+0.942
1685986320,+3.47,+15.568,+10.065,+0.942
1685986380,+3.47,+15.740,+10.040,+0.942
1685986440,+3.47,+15.885, +9.989,+0.942
1685986500,+3.47,+16.491,+10.066,+0.944
1685986560,+3.47,+16.993, +9.903,+0.943
1685986620,+3.47,+17.324, +9.833,+0.943
1685986680,+3.47,+17.129, +9.549,+0.940
1685986740,+3.47,+16.270, +9.865,+0.940
1685986800,+3.47,+15.808, +9.974,+0.940
1685986860,+3.47,+15.680,+10.133,+0.941
1685986920,+3.47,+15.560,+10.178,+0.941
1685986980,+3.47,+15.457,+10.163,+0.941
1685987040,+3.47,+15.508,+10.195,+0.941
1685987100,+3.47,+15.585,+10.172,+0.941
1685987160,+3.47,+15.534,+10.155,+0.941
1685987220,+3.47,+15.594,+10.255,+0.941
1685987280,+3.47,+15.525,+10.261,+0.941
1685987340,+3.47,+15.439,+10.287,+0.941
1685987400,+3.47,+15.439,+10.281,+0.941
1685987460,+3.47,+15.457,+10.284,+0.941
1685987520,+3.47,+15.508,+10.292,+0.942
1685987580,+3.47,+15.560,+10.262,+0.941
1685987640,+3.47,+15.680,+10.245,+0.942
1685987700,+3.47,+15.842,+10.122,+0.941
1685987760,+3.47,+15.954,+10.147,+0.942
1685987820,+3.47,+16.082,+10.084,+0.942
1685987880,+3.47,+16.107,+10.095,+0.941
1685987940,+3.47,+16.133, +9.932,+0.941
1685988000,+3.47,+15.748, +9.895,+0.940
1685988060,+3.47,+15.594,+10.058,+0.941
1685988120,+3.47,+15.680,+10.107,+0.942
1685988180,+3.47,+15.868,+10.122,+0.942
1685988240,+3.47,+15.859, +9.906,+0.940
1685988300,+3.47,+15.594,+10.019,+0.941
1685988360,+3.47,+15.577,+10.020,+0.941
1685988420,+3.47,+15.517, +9.956,+0.940
1685988480,+3.47,+15.422,+10.063,+0.940
1685988540,+3.47,+15.293,+10.141,+0.940
1685988600,+3.47,+15.242,+10.157,+0.941
1685988660,+3.47,+15.181,+10.126,+0.941
1685988720,+3.47,+15.104,+10.076,+0.940
1685988780,+3.47,+14.975,+10.016,+0.940
1685988840,+3.47,+14.966,+10.005,+0.941
1685988900,+3.47,+14.923,+10.035,+0.941
1685988960,+3.47,+14.940,+10.039,+0.941
1685989020,+3.47,+14.983,+10.041,+0.941
1685989080,+3.47,+15.044,+10.124,+0.941
1685989140,+3.47,+15.147,+10.196,+0.942
1685989200,+3.47,+15.216,+10.197,+0.941
1685989260,+3.47,+15.319,+10.188,+0.941
1685989320,+3.47,+15.371,+10.160,+0.941
1685989380,+3.47,+15.439,+10.160,+0.942
1685989440,+3.47,+15.508,+10.146,+0.942
1685989500,+3.47,+15.542,+10.120,+0.942
1685989560,+3.47,+15.422, +9.977,+0.940
1685989620,+3.47,+15.414,+10.086,+0.941
1685989680,+3.47,+15.431,+10.133,+0.942
1685989740,+3.47,+15.388,+10.201,+0.942
1685989800,+3.47,+14.274, +9.540,+0.936
1685989860,+3.47,+13.481, +9.811,+0.938
1685989920,+3.47,+13.157, +9.938,+0.938
1685989980,+3.47,+12.823,+10.009,+0.938
1685990040,+3.47,+12.576,+10.118,+0.939
1685990100,+3.47,+12.452,+10.184,+0.939
1685990160,+3.47,+12.381,+10.230,+0.940
1685990220,+3.47,+12.416,+10.243,+0.940
1685990280,+3.47,+12.408,+10.251,+0.940
1685990340,+3.47,+12.532,+10.244,+0.941
1685990400,+3.47,+12.682,+10.287,+0.941
1685990460,+3.47,+13.025,+10.251,+0.941
1685990520,+3.47,+13.254,+10.215,+0.941
1685990580,+3.47,+13.289,+10.002,+0.939
1685990640,+3.47,+12.849,+10.142,+0.940
1685990700,+3.47,+12.443, +9.970,+0.939
1685990760,+3.47,+12.141,+10.040,+0.940
1685990820,+3.47,+12.026,+10.041,+0.940
1685990880,+3.47,+11.830,+10.093,+0.940
1685990940,+3.47,+11.758,+10.117,+0.940
1685991000,+3.47,+11.696,+10.145,+0.940
1685991060,+3.47,+11.651,+10.143,+0.940
1685991120,+3.47,+11.535,+10.199,+0.941
1685991180,+3.47,+11.553,+10.180,+0.941
1685991240,+3.47,+11.535,+10.167,+0.940
1685991300,+3.47,+11.544,+10.175,+0.941
1685991360,+3.47,+11.508,+10.192,+0.941
1685991420,+3.47,+11.508,+10.125,+0.941
1685991480,+3.47,+11.418,+10.139,+0.940
1685991540,+3.47,+11.329,+10.169,+0.941
1685991600,+3.47,+11.284,+10.170,+0.941
1685991660,+3.47,+11.257,+10.175,+0.941
1685991720,+3.47,+11.239,+10.201,+0.941
1685991780,+3.47,+11.356,+10.208,+0.941
1685991840,+3.47,+11.418,+10.253,+0.941
1685991900,+3.47,+11.678,+10.239,+0.942
1685991960,+3.47,+12.088,+10.317,+0.942
1685992020,+3.47,+12.133,+10.182,+0.942
1685992080,+3.47,+12.248,+10.135,+0.942
1685992140,+3.47,+12.399,+10.121,+0.942
1685992200,+3.47,+12.390,+10.064,+0.941
1685992260,+3.47,+12.328,+10.219,+0.942
1685992320,+3.47,+12.452,+10.121,+0.942
1685992380,+3.47,+12.168, +9.826,+0.940
1685992440,+3.47,+11.821, +9.936,+0.940
1685992500,+3.47,+11.696,+10.068,+0.941
1685992560,+3.47,+11.642,+10.076,+0.941
1685992620,+3.47,+11.598,+10.067,+0.941
1685992680,+3.47,+11.803,+10.236,+0.943
1685992740,+3.47,+12.470,+10.272,+0.944
1685992800,+3.47,+12.964,+10.238,+0.943
1685992860,+3.47,+13.306,+10.179,+0.943
1685992920,+3.47,+13.586,+10.263,+0.943
1685992980,+3.47,+13.787,+10.006,+0.942
1685993040,+3.47,+12.849, +9.547,+0.939
1685993100,+3.47,+12.230, +9.724,+0.939
1685993160,+3.47,+11.866, +9.872,+0.940
1685993220,+3.47,+11.651, +9.913,+0.940
1685993280,+3.47,+11.463, +9.949,+0.940
1685993340,+3.47,+11.356, +9.948,+0.940
1685993400,+3.47,+11.293, +9.969,+0.941
1685993460,+3.47,+11.275, +9.942,+0.940
1685993520,+3.47,+11.203, +9.966,+0.941
1685993580,+3.47,+11.149, +9.973,+0.940
1685993640,+3.47,+11.158, +9.959,+0.940
1685993700,+3.47,+11.212,+10.048,+0.941
1685993760,+3.47,+11.767,+10.097,+0.943
1685993820,+3.47,+12.523,+10.138,+0.943
1685993880,+3.47,+13.157,+10.130,+0.943
1685993940,+3.47,+13.639,+10.222,+0.944
1685994000,+3.47,+12.937, +9.387,+0.938
1685994060,+3.47,+12.150, +9.588,+0.939
1685994120,+3.47,+11.705, +9.773,+0.940
1685994180,+3.47,+11.499, +9.839,+0.940
1685994240,+3.47,+11.427, +9.908,+0.941
1685994300,+3.47,+11.454, +9.889,+0.940
1685994360,+3.47,+11.526, +9.990,+0.941
1685994420,+3.47,+11.812, +9.999,+0.941
1685994480,+3.47,+12.266,+10.020,+0.942
1685994540,+3.47,+12.796,+10.135,+0.943
1685994600,+3.47,+13.122,+10.091,+0.942
1685994660,+3.47,+13.368,+10.064,+0.943
1685994720,+3.47,+13.438, +9.982,+0.942
1685994780,+3.47,+13.429, +9.985,+0.942
1685994840,+3.47,+13.499,+10.019,+0.942
1685994900,+3.47,+13.700, +9.998,+0.942
1685994960,+3.47,+13.709, +9.950,+0.941
1685995020,+3.47,+13.630, +9.921,+0.941
1685995080,+3.47,+12.973, +9.453,+0.938
1685995140,+3.47,+12.390, +9.607,+0.940
1685995200,+3.47,+12.035, +9.711,+0.939
1685995260,+3.47,+11.750, +9.759,+0.940
1685995320,+3.47,+11.874, +9.887,+0.941
1685995380,+3.47,+12.301,+10.046,+0.942
1685995440,+3.47,+12.823,+10.023,+0.942
1685995500,+3.47,+13.297,+10.092,+0.942
1685995560,+3.47,+12.946, +9.733,+0.940
1685995620,+3.47,+12.708, +9.978,+0.940
1685995680,+3.47,+12.752,+10.028,+0.941
1685995740,+3.47,+12.664,+10.045,+0.941
1685995800,+3.47,+12.549, +9.974,+0.940
1685995860,+3.47,+12.434, +9.978,+0.940
1685995920,+3.47,+12.523, +9.967,+0.941
1685995980,+3.47,+12.620, +9.986,+0.941
1685996040,+3.47,+12.867, +9.991,+0.941
1685996100,+3.47,+13.052, +9.941,+0.941
1685996160,+3.47,+13.113, +9.929,+0.941
1685996220,+3.47,+13.183, +9.958,+0.942
1685996280,+3.47,+13.359, +9.982,+0.941
1685996340,+3.47,+13.438, +9.989,+0.941
1685996400,+3.47,+13.420, +9.901,+0.941
1685996460,+3.47,+13.350, +9.922,+0.941
1685996520,+3.47,+13.359, +9.916,+0.941
1685996580,+3.47,+13.271, +9.916,+0.941
1685996640,+3.47,+13.333, +9.888,+0.941
1685996700,+3.47,+13.315, +9.850,+0.941
1685996760,+3.47,+13.201, +9.840,+0.941
1685996820,+3.47,+13.280, +9.871,+0.941
1685996880,+3.47,+13.525, +9.894,+0.941
1685996940,+3.47,+13.857, +9.993,+0.942
1685997000,+3.47,+14.153,+10.057,+0.942
1685997060,+3.47,+14.430,+10.049,+0.942
1685997120,+3.47,+14.292,+10.010,+0.941
1685997180,+3.47,+14.309,+10.023,+0.941
1685997240,+3.47,+14.448,+10.035,+0.942
1685997300,+3.47,+14.439,+10.081,+0.942
1685997360,+3.47,+14.500,+10.080,+0.941
1685997420,+3.47,+14.612,+10.065,+0.942
1685997480,+3.47,+14.776,+10.027,+0.942
1685997540,+3.47,+14.975, +9.957,+0.941
1685997600,+3.47,+15.095, +9.805,+0.941
1685997660,+3.47,+15.035, +9.944,+0.942
1685997720,+3.47,+15.035,+10.057,+0.942
1685997780,+3.47,+14.958, +9.756,+0.940
1685997840,+3.47,+14.716, +9.883,+0.940
1685997900,+3.47,+14.603,+10.053,+0.940
1685997960,+3.47,+14.508,+10.167,+0.941
1685998020,+3.47,+14.439,+10.179,+0.940
1685998080,+3.47,+14.361,+10.190,+0.941
1685998140,+3.47,+14.274,+10.174,+0.941
1685998200,+3.47,+14.370,+10.175,+0.941
1685998260,+3.47,+14.482,+10.223,+0.941
1685998320,+3.47,+14.534,+10.228,+0.941
1685998380,+3.47,+14.603,+10.216,+0.941
1685998440,+3.47,+14.647,+10.212,+0.941
1685998500,+3.47,+14.716,+10.185,+0.941
1685998560,+3.47,+14.603,+10.145,+0.940
1685998620,+3.47,+14.482,+10.201,+0.941
1685998680,+3.47,+14.352,+10.214,+0.940
1685998740,+3.47,+14.248,+10.011,+0.940
1685998800,+3.47,+14.092,+10.005,+0.940
1685998860,+3.47,+14.118, +9.962,+0.940
1685998920,+3.47,+14.074, +9.986,+0.940
1685998980,+3.47,+14.040,+10.000,+0.941
1685999040,+3.47,+14.092, +9.972,+0.941
1685999100,+3.47,+14.109,+10.042,+0.941
1685999160,+3.47,+14.239,+10.178,+0.941
1685999220,+3.47,+14.335,+10.199,+0.942
1685999280,+3.47,+14.430,+10.129,+0.941
1685999340,+3.47,+14.517,+10.122,+0.941
1685999400,+3.47,+14.638,+10.097,+0.941
1685999460,+3.47,+14.794,+10.057,+0.942
1685999520,+3.47,+14.880, +9.858,+0.940
1685999580,+3.47,+14.673, +9.908,+0.941
1685999640,+3.47,+14.560, +9.928,+0.940
1685999700,+3.47,+14.456, +9.985,+0.941
1685999760,+3.47,+14.422, +9.473,+0.938
1685999820,+3.47,+13.481, +9.619,+0.938
1685999880,+3.47,+13.131, +9.780,+0.939
1685999940,+3.47,+12.876, +9.833,+0.939
1686000000,+3.47,+12.726, +9.883,+0.939
1686000060,+3.47,+12.638, +9.924,+0.939
1686000120,+3.47,+12.664, +9.973,+0.940
1686000180,+3.47,+12.823,+10.022,+0.941
1686000240,+3.47,+13.148, +9.945,+0.941
1686000300,+3.47,+13.289, +9.894,+0.941
1686000360,+3.47,+13.455, +9.933,+0.941
1686000420,+3.47,+13.665, +9.881,+0.941
1686000480,+3.47,+13.735, +9.847,+0.941
1686000540,+3.47,+13.709, +9.840,+0.941
1686000600,+3.47,+13.647, +9.564,+0.939
1686000660,+3.47,+13.104, +9.777,+0.939
1686000720,+3.47,+12.876, +9.952,+0.940
1686000780,+3.47,+12.796,+10.022,+0.940
1686000840,+3.47,+12.655, +9.927,+0.940
1686000900,+3.47,+12.514, +9.959,+0.940
1686000960,+3.47,+12.346,+10.030,+0.940
1686001020,+3.47,+12.292,+10.033,+0.940
1686001080,+3.47,+12.266,+10.011,+0.940
1686001140,+3.47,+12.310,+10.035,+0.941
1686001200,+3.47,+12.549,+10.075,+0.942
1686001260,+3.47,+12.946, +9.977,+0.942
1686001320,+3.47,+13.192, +9.965,+0.942
1686001380,+3.47,+13.078, +9.637,+0.939
1686001440,+3.47,+12.602, +9.808,+0.940
1686001500,+3.47,+12.354, +9.796,+0.939
1686001560,+3.47,+12.070, +9.828,+0.939
1686001620,+3.47,+11.892, +9.890,+0.940
1686001680,+3.47,+11.839, +9.917,+0.940
1686001740,+3.47,+11.803, +9.994,+0.941
1686001800,+3.47,+12.115,+10.105,+0.942
1686001860,+3.47,+12.558,+10.124,+0.942
1686001920,+3.47,+13.087, +9.983,+0.942
1686001980,+3.47,+13.420, +9.994,+0.942
1686002040,+3.47,+13.778, +9.994,+0.943
1686002100,+3.47,+14.109,+10.098,+0.943
1686002160,+3.47,+14.318,+10.106,+0.943
1686002220,+3.47,+14.482,+10.101,+0.942
1686002280,+3.47,+14.603,+10.116,+0.942
1686002340,+3.47,+14.673,+10.137,+0.942
1686002400,+3.47,+14.785,+10.147,+0.943
1686002460,+3.47,+14.871,+10.187,+0.943
1686002520,+3.47,+14.828,+10.120,+0.941
1686002580,+3.47,+14.724,+10.059,+0.942
1686002640,+3.47,+14.673, +9.987,+0.941
1686002700,+3.47,+14.629, +9.944,+0.941
1686002760,+3.47,+14.552, +9.899,+0.941
1686002820,+3.47,+14.508, +9.911,+0.941
1686002880,+3.47,+14.491, +9.886,+0.940
1686002940,+3.47,+14.344, +9.826,+0.941
1686003000,+3.47,+14.109, +9.702,+0.940
1686003060,+3.47,+13.761, +9.666,+0.939
1686003120,+3.47,+13.508, +9.735,+0.940
1686003180,+3.47,+13.481, +9.787,+0.940
1686003240,+3.47,+13.595, +9.845,+0.940
1686003300,+3.47,+13.935, +9.881,+0.942
1686003360,+3.47,+14.135, +9.874,+0.941
1686003420,+3.47,+14.300, +9.865,+0.941
1686003480,+3.47,+14.309, +9.870,+0.941
1686003540,+3.47,+14.292, +9.361,+0.937
1686003600,+3.47,+13.516, +9.781,+0.940
1686003660,+3.47,+13.743, +9.882,+0.941
1686003720,+3.47,+14.005, +9.908,+0.941
1686003780,+3.47,+14.179, +9.919,+0.941
1686003840,+3.47,+14.318, +9.954,+0.941
1686003900,+3.47,+14.491,+10.009,+0.942
1686003960,+3.47,+13.796, +9.290,+0.937
1686004020,+3.47,+13.043, +9.605,+0.939
1686004080,+3.47,+12.788, +9.826,+0.940
1686004140,+3.47,+12.646, +9.814,+0.939
1686004200,+3.47,+12.523, +9.819,+0.940
1686004260,+3.47,+12.532, +9.860,+0.940
1686004320,+3.47,+12.611, +9.849,+0.941
1686004380,+3.47,+12.743, +9.832,+0.940
1686004440,+3.47,+12.955, +9.883,+0.941
1686004500,+3.47,+13.227, +9.981,+0.941
1686004560,+3.47,+13.516,+10.021,+0.942
1686004620,+3.47,+13.709,+10.020,+0.942
1686004680,+3.47,+13.874, +9.983,+0.942
1686004740,+3.47,+14.153,+10.054,+0.942
1686004800,+3.47,+14.318,+10.092,+0.942
1686004860,+3.47,+14.491,+10.106,+0.942
1686004920,+3.47,+14.577,+10.127,+0.942
1686004980,+3.47,+14.750,+10.096,+0.942
1686005040,+3.47,+14.794,+10.130,+0.942
1686005100,+3.47,+14.880,+10.123,+0.942
1686005160,+3.47,+14.794,+10.117,+0.942
1686005220,+3.47,+14.794,+10.081,+0.941
1686005280,+3.47,+14.768, +9.959,+0.941
1686005340,+3.47,+14.612, +9.810,+0.940
1686005400,+3.47,+14.170, +9.513,+0.938
1686005460,+3.47,+13.490, +9.472,+0.938
1686005520,+3.47,+13.166, +9.435,+0.938
1686005580,+3.47,+12.743, +9.603,+0.939
1686005640,+3.47,+12.470, +9.706,+0.939
1686005700,+3.47,+12.363, +9.757,+0.939
1686005760,+3.47,+12.310, +9.818,+0.940
1686005820,+3.47,+12.523, +9.881,+0.941
1686005880,+3.47,+12.867, +9.934,+0.941
1686005940,+3.47,+13.131, +9.641,+0.939
1686006000,+3.47,+12.576, +9.720,+0.939
1686006060,+3.47,+12.301, +9.878,+0.940
1686006120,+3.47,+12.204, +9.970,+0.940
1686006180,+3.47,+12.363, +9.944,+0.940
1686006240,+3.47,+12.319, +9.865,+0.940
1686006300,+3.47,+12.133, +9.863,+0.941
1686006360,+3.47,+12.230, +9.954,+0.941
1686006420,+3.47,+12.576, +9.952,+0.941
1686006480,+3.47,+13.096, +9.998,+0.942
1686006540,+3.47,+13.473,+10.014,+0.942
1686006600,+3.47,+13.761, +9.991,+0.942
1686006660,+3.47,+12.937, +9.259,+0.937
1686006720,+3.47,+12.213, +9.329,+0.938
1686006780,+3.47,+11.785, +9.480,+0.939
1686006840,+3.47,+11.544, +9.591,+0.939
1686006900,+3.47,+11.374, +9.633,+0.940
1686006960,+3.47,+11.257, +9.658,+0.940
1686007020,+3.47,+11.445, +9.818,+0.941
1686007080,+3.47,+11.964, +9.977,+0.942
1686007140,+3.47,+12.602,+10.111,+0.942
1686007200,+3.47,+13.166,+10.190,+0.943
1686007260,+3.47,+13.534,+10.218,+0.943
1686007320,+3.47,+13.831,+10.160,+0.943
1686007380,+3.47,+14.014,+10.068,+0.942
1686007440,+3.47,+14.205, +9.976,+0.942
1686007500,+3.47,+14.266, +9.920,+0.942
1686007560,+3.47,+14.404, +9.882,+0.942
1686007620,+3.47,+14.413, +9.907,+0.942
1686007680,+3.47,+14.534, +9.852,+0.941
1686007740,+3.47,+14.552, +9.859,+0.942
1686007800,+3.47,+14.621, +9.875,+0.941
1686007860,+3.47,+14.716, +9.940,+0.942
1686007920,+3.47,+14.854, +9.950,+0.942
1686007980,+3.47,+14.940, +9.982,+0.942
1686008040,+3.47,+14.448, +8.783,+0.935
1686008100,+3.47,+13.034, +9.134,+0.937
1686008160,+3.47,+12.478, +9.301,+0.938
1686008220,+3.47,+12.266, +9.417,+0.939
1686008280,+3.47,+12.461, +9.646,+0.941
1686008340,+3.47,+12.858, +9.806,+0.941
1686008400,+3.47,+13.315, +9.906,+0.942
1686008460,+3.47,+13.595, +9.943,+0.942
1686008520,+3.47,+13.918, +9.959,+0.942
1686008580,+3.47,+14.109, +9.915,+0.942
1686008640,+3.47,+14.292, +9.985,+0.942
1686008700,+3.47,+14.474, +9.956,+0.942
1686008760,+3.47,+14.586, +9.983,+0.942
1686008820,+3.47,+14.750,+10.023,+0.942
1686008880,+3.47,+14.802,+10.072,+0.942
1686008940,+3.47,+14.845,+10.093,+0.942
1686009000,+3.47,+14.923,+10.046,+0.941
1686009060,+3.47,+14.932,+10.060,+0.942
1686009120,+3.47,+14.897,+10.007,+0.941
1686009180,+3.47,+14.940, +9.899,+0.941
1686009240,+3.47,+14.932, +9.906,+0.942
1686009300,+3.47,+14.949, +9.865,+0.941
1686009360,+3.47,+14.983, +9.831,+0.941
1686009420,+3.47,+14.949, +9.849,+0.941
1686009480,+3.47,+15.035, +9.822,+0.941
1686009540,+3.47,+15.009, +9.782,+0.941
1686009600,+3.47,+14.966, +9.819,+0.941
1686009660,+3.47,+15.009, +9.822,+0.941
1686009720,+3.47,+14.958, +9.852,+0.941
1686009780,+3.47,+14.577, +9.587,+0.940
1686009840,+3.47,+14.534, +9.647,+0.941
1686009900,+3.47,+14.543, +9.642,+0.940
1686009960,+3.47,+14.569, +9.680,+0.940
1686010020,+3.47,+14.664, +9.704,+0.941
1686010080,+3.47,+14.794, +9.700,+0.941
1686010140,+3.47,+14.819, +9.750,+0.941
1686010200,+3.47,+14.871, +9.774,+0.941
1686010260,+3.47,+14.871, +9.750,+0.941
1686010320,+3.47,+14.940, +9.776,+0.941
1686010380,+3.47,+14.983, +9.827,+0.941
1686010440,+3.47,+15.095, +9.907,+0.941
1686010500,+3.47,+15.156, +9.939,+0.941
1686010560,+3.47,+15.113, +9.972,+0.941
1686010620,+3.47,+15.052, +9.745,+0.940
1686010680,+3.47,+14.776, +9.576,+0.939
1686010740,+3.47,+14.335, +9.588,+0.939
1686010800,+3.47,+14.092, +9.681,+0.939
1686010860,+3.47,+14.014, +9.706,+0.939
1686010920,+3.47,+13.970, +9.698,+0.940
1686010980,+3.47,+13.455, +9.389,+0.938
1686011040,+3.47,+13.069, +9.543,+0.939
1686011100,+3.47,+13.008, +9.638,+0.940
1686011160,+3.47,+13.096, +9.633,+0.940
1686011220,+3.47,+13.096, +9.622,+0.940
1686011280,+3.47,+13.280, +9.701,+0.940
1686011340,+3.47,+13.385, +9.727,+0.941
1686011400,+3.47,+13.525, +9.766,+0.941
1686011460,+3.47,+13.656, +9.691,+0.940
1686011520,+3.47,+13.796, +9.764,+0.941
1686011580,+3.47,+13.987, +9.848,+0.942
1686011640,+3.47,+14.161, +9.846,+0.941
1686011700,+3.47,+14.239, +9.910,+0.942
1686011760,+3.47,+14.413, +9.857,+0.941
1686011820,+3.47,+14.534, +9.830,+0.941
1686011880,+3.47,+14.612, +9.835,+0.941
1686011940,+3.47,+14.621, +9.858,+0.941
1686012000,+3.47,+14.690, +9.837,+0.941
1686012060,+3.47,+14.690, +9.863,+0.941
1686012120,+3.47,+14.785, +9.844,+0.941
1686012180,+3.47,+14.699, +9.748,+0.941
1686012240,+3.47,+14.603, +9.749,+0.940
1686012300,+3.47,+13.996, +9.177,+0.937
1686012360,+3.47,+13.289, +9.251,+0.938
1686012420,+3.47,+12.814, +9.326,+0.938
1686012480,+3.47,+12.390, +9.532,+0.938
1686012540,+3.47,+12.088, +9.656,+0.938
1686012600,+3.47,+11.839, +9.750,+0.939
1686012660,+3.47,+11.750, +9.780,+0.940
1686012720,+3.47,+11.651, +9.805,+0.940
1686012780,+3.47,+11.607, +9.818,+0.940
1686012840,+3.47,+11.535, +9.854,+0.940
1686012900,+3.47,+11.490, +9.858,+0.939
1686012960,+3.47,+11.472, +9.882,+0.940
1686013020,+3.47,+11.535, +9.852,+0.941
1686013080,+3.47,+11.517, +9.859,+0.941
1686013140,+3.47,+11.615, +9.870,+0.941
1686013200,+3.47,+11.651, +9.872,+0.941
1686013260,+3.47,+11.696, +9.855,+0.941
1686013320,+3.47,+11.794, +9.816,+0.941
1686013380,+3.47,+11.776, +9.746,+0.941
1686013440,+3.47,+11.669, +9.761,+0.941
1686013500,+3.47,+11.669, +9.781,+0.941
1686013560,+3.47,+11.660, +9.762,+0.941
1686013620,+3.47,+11.642, +9.754,+0.941
1686013680,+3.47,+11.660, +9.747,+0.941
1686013740,+3.47,+11.633, +9.752,+0.941
1686013800,+3.47,+11.598, +9.713,+0.941
1686013860,+3.47,+11.508, +9.752,+0.940
1686013920,+3.47,+11.463, +9.800,+0.941
1686013980,+3.47,+11.445, +9.788,+0.940
1686014040,+3.47,+11.365, +9.864,+0.941
1686014100,+3.47,+11.329, +9.904,+0.941
1686014160,+3.47,+11.329, +9.957,+0.941
1686014220,+3.47,+11.302, +9.985,+0.941
1686014280,+3.47,+11.248, +9.930,+0.941
1686014340,+3.47,+11.212, +9.921,+0.941
1686014400,+3.47,+11.212, +9.890,+0.941
1686014460,+3.47,+11.194, +9.863,+0.941
1686014520,+3.47,+11.140, +9.865,+0.941
1686014580,+3.47,+11.158, +9.865,+0.941
1686014640,+3.47,+11.131, +9.852,+0.941
1686014700,+3.47,+11.104, +9.846,+0.941
1686014760,+3.47,+11.194, +9.804,+0.941
1686014820,+3.47,+11.176, +9.817,+0.941
1686014880,+3.47,+11.131, +9.787,+0.941
1686014940,+3.47,+11.086, +9.817,+0.941
1686015000,+3.47,+11.086, +9.812,+0.941
1686015060,+3.47,+11.059, +9.821,+0.941
1686015120,+3.47,+11.014, +9.823,+0.941
1686015180,+3.47,+11.077, +9.797,+0.941
1686015240,+3.47,+11.113, +9.745,+0.941
1686015300,+3.47,+11.068, +9.715,+0.941
1686015360,+3.47,+10.996, +9.653,+0.940
1686015420,+3.47,+10.887, +9.649,+0.941
1686015480,+3.47,+10.706, +9.665,+0.941
1686015540,+3.47,+10.761, +9.662,+0.941
1686015600,+3.47,+10.625, +9.725,+0.941
1686015660,+3.47,+10.643, +9.730,+0.941
1686015720,+3.47,+10.670, +9.722,+0.941
1686015780,+3.47,+10.697, +9.693,+0.941
1686015840,+3.47,+10.688, +9.690,+0.941
1686015900,+3.47,+10.661, +9.703,+0.941
1686015960,+3.47,+10.679, +9.698,+0.941
1686016020,+3.47,+10.761, +9.672,+0.941
1686016080,+3.47,+10.761, +9.678,+0.941
1686016140,+3.47,+10.779, +9.668,+0.941
1686016200,+3.47,+10.779, +9.666,+0.941
1686016260,+3.47,+10.806, +9.649,+0.941
1686016320,+3.47,+10.860, +9.641,+0.941
1686016380,+3.47,+10.960, +9.756,+0.941
1686016440,+3.47,+11.050, +9.797,+0.941
1686016500,+3.47,+11.104, +9.790,+0.942
1686016560,+3.47,+11.203, +9.788,+0.942
1686016620,+3.47,+11.347, +9.823,+0.942
1686016680,+3.47,+11.463, +9.819,+0.942
1686016740,+3.47,+11.562, +9.820,+0.942
1686016800,+3.47,+11.714, +9.769,+0.942
1686016860,+3.47,+11.803, +9.722,+0.941
1686016920,+3.47,+11.794, +9.723,+0.941
1686016980,+3.47,+11.874, +9.694,+0.942
1686017040,+3.47,+11.866, +9.714,+0.941
1686017100,+3.47,+11.803, +9.766,+0.942
1686017160,+3.47,+11.723, +9.702,+0.941
1686017220,+3.47,+11.732, +9.591,+0.941
1686017280,+3.47,+11.660, +9.517,+0.941
1686017340,+3.47,+11.499, +9.638,+0.941
1686017400,+3.47,+11.427, +9.831,+0.941
1686017460,+3.47,+11.436, +9.810,+0.941
1686017520,+3.47,+11.418, +9.831,+0.941
1686017580,+3.47,+11.356, +9.813,+0.941
1686017640,+3.47,+11.409, +9.763,+0.941
1686017700,+3.47,+11.347, +9.739,+0.941
1686017760,+3.47,+11.383, +9.766,+0.941
1686017820,+3.47,+11.311, +9.829,+0.941
1686017880,+3.47,+11.275, +9.758,+0.941
1686017940,+3.47,+11.185, +9.690,+0.941
1686018000,+3.47,+11.203, +9.685,+0.941
1686018060,+3.47,+11.050, +9.777,+0.941
1686018120,+3.47,+11.086, +9.762,+0.941
1686018180,+3.47,+11.113, +9.773,+0.941
1686018240,+3.47,+11.149, +9.774,+0.941
1686018300,+3.47,+11.122, +9.789,+0.941
1686018360,+3.47,+11.176, +9.816,+0.941
1686018420,+3.47,+11.221, +9.770,+0.941
1686018480,+3.47,+11.257, +9.753,+0.941
1686018540,+3.47,+11.230, +9.716,+0.940
1686018600,+3.47,+11.185, +9.710,+0.941
1686018660,+3.47,+11.212, +9.699,+0.941
1686018720,+3.47,+11.149, +9.718,+0.941
1686018780,+3.47,+11.176, +9.704,+0.941
1686018840,+3.47,+11.122, +9.729,+0.941
1686018900,+3.47,+11.131, +9.718,+0.941
1686018960,+3.47,+11.185, +9.698,+0.941
1686019020,+3.47,+11.176, +9.702,+0.941
1686019080,+3.47,+11.239, +9.719,+0.941
1686019140,+3.47,+11.651, +9.666,+0.942
1686019200,+3.47,+12.106, +9.669,+0.943
1686019260,+3.47,+12.788, +9.916,+0.944
1686019320,+3.47,+13.770,+10.041,+0.945
1686019380,+3.47,+14.309,+10.089,+0.945
1686019440,+3.47,+14.863,+10.095,+0.945
1686019500,+3.47,+15.199,+10.236,+0.944
1686019560,+3.47,+15.491,+10.295,+0.945
1686019620,+3.47,+15.765,+10.247,+0.944
1686019680,+3.47,+15.868,+10.246,+0.944
1686019740,+3.47,+16.099,+10.072,+0.944
1686019800,+3.47,+16.099, +9.997,+0.943
1686019860,+3.47,+16.219, +9.832,+0.943
1686019920,+3.47,+16.278, +9.701,+0.943
1686019980,+3.47,+16.355, +9.696,+0.942
1686020040,+3.47,+16.372, +9.758,+0.942
1686020100,+3.47,+16.389, +9.819,+0.942
1686020160,+3.47,+16.432, +9.812,+0.942
1686020220,+3.47,+16.474, +9.794,+0.942
1686020280,+3.47,+16.534, +9.780,+0.942
1686020340,+3.47,+16.508, +9.685,+0.941
1686020400,+3.47,+16.551, +9.610,+0.941
1686020460,+3.47,+16.551, +9.649,+0.941
1686020520,+3.47,+16.568, +9.653,+0.942
1686020580,+3.47,+16.619, +9.648,+0.941
1686020640,+3.47,+16.517, +9.633,+0.941
1686020700,+3.47,+16.602, +9.546,+0.941
1686020760,+3.47,+16.653, +9.541,+0.941
1686020820,+3.47,+16.679, +9.536,+0.941
1686020880,+3.47,+16.670, +9.554,+0.941
1686020940,+3.47,+16.755, +9.546,+0.941
1686021000,+3.47,+16.806, +9.613,+0.941
1686021060,+3.47,+16.764, +9.613,+0.941
1686021120,+3.47,+16.815, +9.545,+0.941
1686021180,+3.47,+16.764, +9.531,+0.940
1686021240,+3.47,+16.781, +9.526,+0.941
1686021300,+3.47,+16.764, +9.566,+0.941
1686021360,+3.47,+16.755, +9.661,+0.941
1686021420,+3.47,+16.730, +9.598,+0.942
1686021480,+3.47,+16.721, +9.576,+0.941
1686021540,+3.47,+16.781, +9.644,+0.941
1686021600,+3.47,+16.781, +9.689,+0.941
1686021660,+3.47,+16.789, +9.735,+0.941
1686021720,+3.47,+16.857, +9.722,+0.942
1686021780,+3.47,+16.840, +9.659,+0.941
1686021840,+3.47,+16.840, +9.561,+0.941
1686021900,+3.47,+16.891, +9.480,+0.941
1686021960,+3.47,+17.002, +9.418,+0.941
1686022020,+3.47,+16.993, +9.569,+0.941
1686022080,+3.47,+16.993, +9.750,+0.941
1686022140,+3.47,+16.951, +9.768,+0.941
1686022200,+3.47,+16.942, +9.798,+0.941
1686022260,+3.47,+16.823, +9.738,+0.941
1686022320,+3.47,+16.857, +9.781,+0.941
1686022380,+3.47,+16.815, +9.827,+0.941
1686022440,+3.47,+16.772, +9.853,+0.941
1686022500,+3.47,+16.832, +9.868,+0.941
1686022560,+3.47,+16.789, +9.855,+0.941
1686022620,+3.47,+16.781, +9.819,+0.942
1686022680,+3.47,+16.798, +9.746,+0.942
1686022740,+3.47,+16.730, +9.699,+0.940
1686022800,+3.47,+16.704, +9.665,+0.941
1686022860,+3.47,+16.738, +9.567,+0.941
1686022920,+3.47,+16.670, +9.512,+0.941
1686022980,+3.47,+16.755, +9.457,+0.940
1686023040,+3.47,+16.696, +9.484,+0.941
1686023100,+3.47,+16.696, +9.522,+0.941
1686023160,+3.47,+16.704, +9.643,+0.941
1686023220,+3.47,+16.670, +9.679,+0.941
1686023280,+3.47,+16.713, +9.586,+0.941
1686023340,+3.47,+16.653, +9.578,+0.941
1686023400,+3.47,+16.687, +9.504,+0.941
1686023460,+3.47,+16.713, +9.397,+0.940
1686023520,+3.47,+16.645, +9.376,+0.941
1686023580,+3.47,+16.679, +9.340,+0.941
1686023640,+3.47,+16.687, +9.344,+0.941
1686023700,+3.47,+16.670, +9.398,+0.941
1686023760,+3.47,+16.704, +9.455,+0.941
1686023820,+3.47,+16.687, +9.520,+0.941
1686023880,+3.47,+16.696, +9.607,+0.941
1686023940,+3.47,+16.747, +9.687,+0.941
1686024000,+3.47,+16.713, +9.696,+0.941
1686024060,+3.47,+16.679, +9.775,+0.942
1686024120,+3.47,+16.636, +9.666,+0.941
1686024180,+3.47,+16.423, +9.641,+0.940
1686024240,+3.47,+16.295, +9.724,+0.941
1686024300,+3.47,+16.193, +9.797,+0.940
1686024360,+3.47,+16.159, +9.807,+0.941
1686024420,+3.47,+16.159, +9.794,+0.941
1686024480,+3.47,+16.184, +9.782,+0.941
1686024540,+3.47,+16.090, +9.812,+0.941
1686024600,+3.47,+16.099, +9.798,+0.941
1686024660,+3.47,+16.090, +9.833,+0.941
1686024720,+3.47,+16.125, +9.796,+0.940
1686024780,+3.47,+16.031, +9.698,+0.940
1686024840,+3.47,+15.979, +9.674,+0.940
1686024900,+3.47,+15.971, +9.706,+0.940
1686024960,+3.47,+16.082, +9.732,+0.941
1686025020,+3.47,+16.031, +9.784,+0.941
1686025080,+3.47,+16.031, +9.808,+0.941
1686025140,+3.47,+15.996, +9.824,+0.940
1686025200,+3.47,+16.065, +9.798,+0.941
1686025260,+3.47,+16.013, +9.810,+0.941
1686025320,+3.47,+16.031, +9.814,+0.941
1686025380,+3.47,+16.056, +9.805,+0.940
1686025440,+3.47,+16.039, +9.799,+0.941
1686025500,+3.47,+16.133, +9.717,+0.941
1686025560,+3.47,+16.082, +9.738,+0.942
1686025620,+3.47,+16.167, +9.702,+0.941
1686025680,+3.47,+16.167, +9.708,+0.941
1686025740,+3.47,+16.210, +9.690,+0.941
1686025800,+3.47,+16.201, +9.674,+0.941
1686025860,+3.47,+16.244, +9.654,+0.941
1686025920,+3.47,+16.278, +9.648,+0.940
1686025980,+3.47,+16.321, +9.663,+0.941
1686026040,+3.47,+16.338, +9.627,+0.941
1686026100,+3.47,+16.270, +9.621,+0.941
1686026160,+3.47,+16.364, +9.577,+0.941
1686026220,+3.47,+16.355, +9.580,+0.941
1686026280,+3.47,+16.364, +9.607,+0.941
1686026340,+3.47,+16.364, +9.596,+0.941
1686026400,+3.47,+16.364, +9.634,+0.941
1686026460,+3.47,+16.270, +9.666,+0.941
1686026520,+3.47,+16.270, +9.659,+0.941
1686026580,+3.47,+16.312, +9.624,+0.941
1686026640,+3.47,+16.304, +9.680,+0.941
1686026700,+3.47,+16.346, +9.668,+0.941
1686026760,+3.47,+16.406, +9.658,+0.941
1686026820,+3.47,+16.449, +9.604,+0.941
1686026880,+3.47,+16.312, +9.770,+0.941
1686026940,+3.47,+16.270, +9.830,+0.941
1686027000,+3.47,+16.184, +9.559,+0.941
1686027060,+3.47,+15.971, +9.325,+0.940
1686027120,+3.47,+15.945, +9.512,+0.940
1686027180,+3.47,+15.988, +9.679,+0.940
1686027240,+3.47,+16.005, +9.755,+0.941
1686027300,+3.47,+15.988, +9.818,+0.941
1686027360,+3.47,+15.800, +9.519,+0.940
1686027420,+3.47,+15.371, +9.406,+0.939
1686027480,+3.47,+15.173, +9.472,+0.939
1686027540,+3.47,+15.104, +9.460,+0.940
1686027600,+3.47,+15.001, +9.516,+0.940
1686027660,+3.47,+15.018, +9.559,+0.940
1686027720,+3.47,+15.087, +9.583,+0.940
1686027780,+3.47,+15.052, +9.604,+0.940
1686027840,+3.47,+15.138, +9.631,+0.940
1686027900,+3.47,+15.113, +9.609,+0.940
1686027960,+3.47,+15.018, +9.592,+0.940
1686028020,+3.47,+15.009, +9.591,+0.940
1686028080,+3.47,+14.923, +9.664,+0.940
1686028140,+3.47,+14.923, +9.775,+0.940
1686028200,+3.47,+14.940, +9.762,+0.941
1686028260,+3.47,+14.958, +9.726,+0.941
1686028320,+3.47,+14.923, +9.722,+0.940
1686028380,+3.47,+14.914, +9.738,+0.941
1686028440,+3.47,+14.880, +9.765,+0.941
1686028500,+3.47,+14.880, +9.823,+0.941
1686028560,+3.47,+14.923, +9.723,+0.941
1686028620,+3.47,+14.871, +9.668,+0.940
1686028680,+3.47,+14.923, +9.706,+0.941
1686028740,+3.47,+14.914, +9.743,+0.941
1686028800,+3.47,+14.949, +9.688,+0.940
1686028860,+3.47,+14.914, +9.682,+0.940
1686028920,+3.47,+15.009, +9.637,+0.941
1686028980,+3.47,+14.966, +9.650,+0.940
1686029040,+3.47,+14.983, +9.624,+0.940
1686029100,+3.47,+14.940, +9.638,+0.941
1686029160,+3.47,+14.992, +9.605,+0.940
1686029220,+3.47,+15.001, +9.649,+0.941
1686029280,+3.47,+14.932, +9.667,+0.940
1686029340,+3.47,+15.009, +9.696,+0.941
1686029400,+3.47,+15.026, +9.755,+0.941
1686029460,+3.47,+15.001, +9.575,+0.940
1686029520,+3.47,+14.897, +9.495,+0.940
1686029580,+3.47,+14.785, +9.627,+0.941
1686029640,+3.47,+14.828, +9.656,+0.941
1686029700,+3.47,+14.819, +9.641,+0.940
1686029760,+3.47,+14.759, +9.725,+0.941
1686029820,+3.47,+14.724, +9.720,+0.940
1686029880,+3.47,+14.724, +9.754,+0.940
1686029940,+3.47,+14.664, +9.751,+0.940
1686030000,+3.47,+14.647, +9.725,+0.940
1686030060,+3.47,+14.603, +9.725,+0.940
1686030120,+3.47,+14.595, +9.742,+0.940
1686030180,+3.47,+14.543, +9.805,+0.941
1686030240,+3.47,+14.612, +9.804,+0.941
1686030300,+3.47,+14.560, +9.857,+0.941
1686030360,+3.47,+14.621, +9.841,+0.941
1686030420,+3.47,+14.586, +9.894,+0.941
1686030480,+3.47,+14.560, +9.970,+0.941
1686030540,+3.47,+14.603,+10.046,+0.942
1686030600,+3.47,+14.595, +9.980,+0.940
1686030660,+3.47,+14.465, +9.790,+0.940
1686030720,+3.47,+14.448, +9.784,+0.941
1686030780,+3.47,+14.413, +9.794,+0.940
1686030840,+3.47,+14.396, +9.797,+0.941
1686030900,+3.47,+14.430, +9.766,+0.940
1686030960,+3.47,+14.292, +9.813,+0.940
1686031020,+3.47,+14.370, +9.771,+0.940
1686031080,+3.47,+14.300, +9.805,+0.941
1686031140,+3.47,+14.309, +9.828,+0.941
1686031200,+3.47,+14.274, +9.843,+0.940
1686031260,+3.47,+14.257, +9.888,+0.940
1686031320,+3.47,+14.196,+10.021,+0.941
1686031380,+3.47,+14.222,+10.038,+0.941
1686031440,+3.47,+14.170,+10.093,+0.941
1686031500,+3.47,+14.196,+10.123,+0.941
1686031560,+3.47,+14.127,+10.223,+0.941
1686031620,+3.47,+14.066,+10.247,+0.942
1686031680,+3.47,+14.066,+10.202,+0.941
1686031740,+3.47,+14.040,+10.170,+0.941
1686031800,+3.47,+14.066,+10.101,+0.941
1686031860,+3.47,+13.970,+10.103,+0.941
1686031920,+3.47,+13.944,+10.099,+0.941
1686031980,+3.47,+13.918,+10.121,+0.941
1686032040,+3.47,+13.944,+10.129,+0.941
1686032100,+3.47,+13.909,+10.151,+0.941
1686032160,+3.47,+13.909,+10.153,+0.942
1686032220,+3.47,+13.857,+10.151,+0.941
1686032280,+3.47,+13.874,+10.154,+0.941
1686032340,+3.47,+13.857,+10.103,+0.941
1686032400,+3.47,+13.866,+10.027,+0.941
1686032460,+3.47,+13.778,+10.032,+0.940
1686032520,+3.47,+13.752, +9.984,+0.941
1686032580,+3.47,+13.682, +9.786,+0.940
1686032640,+3.47,+13.709, +9.640,+0.940
1686032700,+3.47,+13.586, +9.672,+0.941
1686032760,+3.47,+13.569, +9.677,+0.940
1686032820,+3.47,+13.473, +9.715,+0.941
1686032880,+3.47,+13.508, +9.701,+0.940
1686032940,+3.47,+13.569, +9.686,+0.940
1686033000,+3.47,+13.455, +9.758,+0.941
1686033060,+3.47,+13.525, +9.736,+0.940
1686033120,+3.47,+13.551, +9.849,+0.941
1686033180,+3.47,+13.647, +9.987,+0.941
1686033240,+3.47,+13.665,+10.062,+0.941
1686033300,+3.47,+13.639,+10.162,+0.941
1686033360,+3.47,+13.778,+10.140,+0.941
1686033420,+3.47,+13.822,+10.151,+0.942
1686033480,+3.47,+13.866,+10.209,+0.942
1686033540,+3.47,+14.048,+10.054,+0.941
1686033600,+3.47,+14.135,+10.024,+0.941
1686033660,+3.47,+14.109, +9.978,+0.941
1686033720,+3.47,+14.074,+10.016,+0.941
1686033780,+3.47,+14.179, +9.970,+0.941
1686033840,+3.47,+14.127,+10.043,+0.941
1686033900,+3.47,+14.318,+10.000,+0.942
1686033960,+3.47,+14.387, +9.956,+0.941
1686034020,+3.47,+14.586, +9.895,+0.941
1686034080,+3.47,+14.845, +9.935,+0.942
1686034140,+3.47,+15.061, +9.890,+0.942
1686034200,+3.47,+15.199, +9.872,+0.942
1686034260,+3.47,+15.225, +9.720,+0.940
1686034320,+3.47,+15.147, +9.680,+0.941
1686034380,+3.47,+15.026, +9.739,+0.941
1686034440,+3.47,+14.889, +9.751,+0.941
1686034500,+3.47,+14.785, +9.755,+0.940
1686034560,+3.47,+14.733, +9.782,+0.940
1686034620,+3.47,+14.681, +9.814,+0.941
1686034680,+3.47,+14.716, +9.788,+0.941
1686034740,+3.47,+14.655, +9.795,+0.941
1686034800,+3.47,+14.681, +9.770,+0.941
1686034860,+3.47,+14.707, +9.776,+0.941
1686034920,+3.47,+14.768, +9.757,+0.941
1686034980,+3.47,+14.768, +9.762,+0.941
1686035040,+3.47,+14.828, +9.764,+0.941
1686035100,+3.47,+14.828, +9.725,+0.941
1686035160,+3.47,+14.724, +9.754,+0.940
1686035220,+3.47,+14.647, +9.761,+0.940
1686035280,+3.47,+14.638, +9.745,+0.941
1686035340,+3.47,+14.552, +9.734,+0.940
1686035400,+3.47,+14.526, +9.729,+0.940
1686035460,+3.47,+14.577, +9.758,+0.941
1686035520,+3.47,+14.768, +9.781,+0.941
1686035580,+3.47,+15.052, +9.821,+0.942
1686035640,+3.47,+15.371, +9.866,+0.942
1686035700,+3.47,+15.834, +9.901,+0.943
1686035760,+3.47,+16.022, +9.843,+0.942
1686035820,+3.47,+16.278, +9.863,+0.942
1686035880,+3.47,+16.466, +9.878,+0.942
1686035940,+3.47,+16.585, +9.828,+0.943
1686036000,+3.47,+16.653, +9.860,+0.942
1686036060,+3.47,+16.628, +9.731,+0.941
1686036120,+3.47,+16.534, +9.657,+0.941
1686036180,+3.47,+16.338, +9.683,+0.941
1686036240,+3.47,+16.048, +9.755,+0.940
1686036300,+3.47,+15.894, +9.854,+0.941
1686036360,+3.47,+15.817, +9.798,+0.940
1686036420,+3.47,+15.671, +9.732,+0.940
1686036480,+3.47,+15.448, +9.788,+0.940
1686036540,+3.47,+15.560, +9.820,+0.941
1686036600,+3.47,+15.628, +9.876,+0.940
1686036660,+3.47,+15.645, +9.985,+0.941
1686036720,+3.47,+15.705, +9.967,+0.941
1686036780,+3.47,+15.748, +9.979,+0.941
1686036840,+3.47,+15.791, +9.982,+0.941
1686036900,+3.47,+15.800,+10.086,+0.942
1686036960,+3.47,+15.731, +9.957,+0.941
1686037020,+3.47,+15.722, +9.925,+0.941
1686037080,+3.47,+15.637, +9.914,+0.941
1686037140,+3.47,+15.585, +9.835,+0.941
1686037200,+3.47,+15.474, +9.759,+0.941
1686037260,+3.47,+15.379, +9.756,+0.940
1686037320,+3.47,+15.225, +9.785,+0.940
1686037380,+3.47,+15.173, +9.776,+0.940
1686037440,+3.47,+15.173, +9.734,+0.941
1686037500,+3.47,+15.121, +9.730,+0.940
1686037560,+3.47,+15.121, +9.735,+0.940
1686037620,+3.47,+15.104, +9.757,+0.940
1686037680,+3.47,+15.121, +9.760,+0.941
1686037740,+3.47,+15.173, +9.739,+0.941
1686037800,+3.47,+15.173, +9.759,+0.941
1686037860,+3.47,+15.164, +9.788,+0.941
1686037920,+3.47,+15.216, +9.784,+0.940
1686037980,+3.47,+15.268, +9.818,+0.941
1686038040,+3.47,+15.285, +9.860,+0.941
1686038100,+3.47,+15.379, +9.865,+0.941
1686038160,+3.47,+15.474, +9.863,+0.941
1686038220,+3.47,+15.491, +9.886,+0.941
1686038280,+3.47,+15.542, +9.913,+0.941
1686038340,+3.47,+15.602, +9.907,+0.941
1686038400,+3.47,+15.602, +9.952,+0.941
1686038460,+3.47,+15.594, +9.840,+0.940
1686038520,+3.47,+15.525, +9.695,+0.940
1686038580,+3.47,+15.199, +9.498,+0.939
1686038640,+3.47,+14.785, +9.435,+0.938
1686038700,+3.47,+14.153, +9.518,+0.938
1686038760,+3.47,+13.892, +9.601,+0.939
1686038820,+3.47,+13.656, +9.590,+0.938
1686038880,+3.47,+13.420, +9.696,+0.938
1686038940,+3.47,+13.219, +9.767,+0.939
1686039000,+3.47,+13.175, +9.790,+0.939
1686039060,+3.47,+13.227, +9.783,+0.940
1686039120,+3.47,+13.306, +9.854,+0.941
1686039180,+3.47,+13.586, +9.872,+0.941
1686039240,+3.47,+13.892, +9.998,+0.942
1686039300,+3.47,+14.266, +9.917,+0.941
1686039360,+3.47,+14.534, +9.983,+0.942
1686039420,+3.47,+14.811,+10.005,+0.942
1686039480,+3.47,+14.983,+10.068,+0.942
1686039540,+3.47,+15.216,+10.062,+0.942
1686039600,+3.47,+15.276,+10.046,+0.942
1686039660,+3.47,+15.388, +9.998,+0.942
1686039720,+3.47,+15.439, +9.994,+0.942
1686039780,+3.47,+15.448,+10.018,+0.942
1686039840,+3.47,+15.422, +9.994,+0.941
1686039900,+3.47,+15.448,+10.055,+0.942
1686039960,+3.47,+15.422,+10.102,+0.942
1686040020,+3.47,+15.431,+10.109,+0.941
1686040080,+3.47,+15.422,+10.083,+0.941
1686040140,+3.47,+15.396,+10.064,+0.941
1686040200,+3.47,+14.958, +9.582,+0.939
1686040260,+3.47,+14.699, +9.719,+0.940
1686040320,+3.47,+14.638, +9.763,+0.940
1686040380,+3.47,+14.612, +9.784,+0.940
1686040440,+3.47,+14.569, +9.810,+0.940
1686040500,+3.47,+14.569, +9.811,+0.940
1686040560,+3.47,+14.603, +9.809,+0.940
1686040620,+3.47,+14.724, +9.925,+0.941
1686040680,+3.47,+14.794,+10.006,+0.941
1686040740,+3.47,+14.958, +9.997,+0.942
1686040800,+3.47,+15.087,+10.090,+0.942
1686040860,+3.47,+15.190,+10.110,+0.941
1686040920,+3.47,+15.268,+10.117,+0.942
1686040980,+3.47,+15.285,+10.105,+0.941
1686041040,+3.47,+15.190,+10.133,+0.941
1686041100,+3.47,+15.156,+10.080,+0.941
1686041160,+3.47,+15.121, +9.983,+0.941
1686041220,+3.47,+15.001, +9.928,+0.940
1686041280,+3.47,+14.906, +9.902,+0.940
1686041340,+3.47,+14.854, +9.881,+0.941
1686041400,+3.47,+14.690, +9.854,+0.940
1686041460,+3.47,+14.699, +9.758,+0.940
1686041520,+3.47,+14.422, +9.749,+0.940
1686041580,+3.47,+14.213, +9.740,+0.940
1686041640,+3.47,+14.066, +9.751,+0.939
1686041700,+3.47,+13.944, +9.808,+0.940
1686041760,+3.47,+13.883, +9.840,+0.940
1686041820,+3.47,+13.987, +9.841,+0.940
1686041880,+3.47,+14.083, +9.839,+0.941
1686041940,+3.47,+14.213, +9.843,+0.941
1686042000,+3.47,+14.266, +9.864,+0.940
1686042060,+3.47,+14.344, +9.930,+0.941
1686042120,+3.47,+14.508, +9.959,+0.941
1686042180,+3.47,+14.603, +9.944,+0.941
1686042240,+3.47,+14.629, +9.964,+0.942
1686042300,+3.47,+14.759, +9.980,+0.941
1686042360,+3.47,+14.794,+10.008,+0.942
1686042420,+3.47,+14.880,+10.007,+0.941
1686042480,+3.47,+14.932,+10.043,+0.942
1686042540,+3.47,+14.975,+10.044,+0.941
1686042600,+3.47,+15.044,+10.038,+0.941
1686042660,+3.47,+15.035,+10.053,+0.941
1686042720,+3.47,+15.078,+10.080,+0.941
1686042780,+3.47,+15.173,+10.065,+0.941
1686042840,+3.47,+15.250,+10.139,+0.942
1686042900,+3.47,+15.439,+10.206,+0.942
1686042960,+3.47,+15.602,+10.198,+0.942
1686043020,+3.47,+15.645,+10.176,+0.942
1686043080,+3.47,+15.705,+10.149,+0.942
1686043140,+3.47,+15.551,+10.079,+0.941
1686043200,+3.47,+15.491,+10.092,+0.942
1686043260,+3.47,+15.457,+10.129,+0.941
1686043320,+3.47,+15.396,+10.169,+0.941
1686043380,+3.47,+15.465,+10.139,+0.942
1686043440,+3.47,+15.439,+10.137,+0.942
1686043500,+3.47,+15.439,+10.134,+0.941
1686043560,+3.47,+15.448,+10.145,+0.941
1686043620,+3.47,+15.422,+10.167,+0.942
1686043680,+3.47,+15.465,+10.153,+0.941
1686043740,+3.47,+15.517,+10.160,+0.941
1686043800,+3.47,+15.568,+10.209,+0.941
1686043860,+3.47,+15.611,+10.224,+0.942
1686043920,+3.47,+15.740,+10.187,+0.941
1686043980,+3.47,+15.842,+10.197,+0.942
1686044040,+3.47,+15.945,+10.139,+0.941
1686044100,+3.47,+15.954,+10.142,+0.942
1686044160,+3.47,+16.031,+10.108,+0.942
1686044220,+3.47,+16.048,+10.085,+0.941
1686044280,+3.47,+16.022,+10.106,+0.942
1686044340,+3.47,+15.962,+10.100,+0.941
1686044400,+3.47,+15.971,+10.160,+0.941
1686044460,+3.47,+15.902,+10.240,+0.942
1686044520,+3.47,+15.877,+10.270,+0.941
1686044580,+3.47,+15.817,+10.285,+0.941
1686044640,+3.47,+15.757,+10.268,+0.941
1686044700,+3.47,+15.757,+10.239,+0.941
1686044760,+3.47,+15.705,+10.268,+0.942
1686044820,+3.47,+15.722,+10.281,+0.942
1686044880,+3.47,+15.791,+10.254,+0.942
1686044940,+3.47,+15.894,+10.185,+0.941
1686045000,+3.47,+15.988,+10.122,+0.941
1686045060,+3.47,+16.073,+10.088,+0.941
1686045120,+3.47,+16.125,+10.121,+0.941
1686045180,+3.47,+16.253,+10.070,+0.942
1686045240,+3.47,+16.304, +9.946,+0.940
1686045300,+3.47,+16.167,+10.066,+0.941
1686045360,+3.47,+16.005,+10.095,+0.941
1686045420,+3.47,+15.885,+10.109,+0.940
1686045480,+3.47,+15.782,+10.162,+0.941
1686045540,+3.47,+15.757,+10.161,+0.941
1686045600,+3.47,+15.697,+10.186,+0.941
1686045660,+3.47,+15.688,+10.184,+0.941
1686045720,+3.47,+15.662,+10.186,+0.941
1686045780,+3.47,+15.688,+10.195,+0.941
1686045840,+3.47,+15.740,+10.222,+0.942
1686045900,+3.47,+15.825,+10.209,+0.942
1686045960,+3.47,+15.894,+10.181,+0.941
1686046020,+3.47,+16.022,+10.155,+0.942
1686046080,+3.47,+16.176,+10.086,+0.941
1686046140,+3.47,+16.244,+10.071,+0.942
1686046200,+3.47,+16.210,+10.051,+0.941
1686046260,+3.47,+16.090,+10.065,+0.941
1686046320,+3.47,+15.988,+10.097,+0.941
1686046380,+3.47,+15.842,+10.126,+0.941
1686046440,+3.47,+15.680,+10.193,+0.941
1686046500,+3.47,+15.654,+10.222,+0.941
1686046560,+3.47,+15.577,+10.287,+0.941
1686046620,+3.47,+15.594,+10.266,+0.941
1686046680,+3.47,+15.525,+10.283,+0.941
1686046740,+3.47,+15.585,+10.289,+0.941
1686046800,+3.47,+15.585,+10.283,+0.941
1686046860,+3.47,+15.654,+10.264,+0.941
1686046920,+3.47,+15.628,+10.279,+0.941
1686046980,+3.47,+15.740,+10.260,+0.942
1686047040,+3.47,+15.842,+10.256,+0.942
1686047100,+3.47,+15.800,+10.162,+0.941
1686047160,+3.47,+15.748,+10.192,+0.941
1686047220,+3.47,+15.740,+10.217,+0.941
1686047280,+3.47,+15.697,+10.250,+0.942
1686047340,+3.47,+15.705,+10.250,+0.942
1686047400,+3.47,+15.740,+10.240,+0.941
1686047460,+3.47,+15.817,+10.246,+0.942
1686047520,+3.47,+15.928,+10.201,+0.941
1686047580,+3.47,+16.056,+10.172,+0.942
1686047640,+3.47,+16.039,+10.178,+0.942
1686047700,+3.47,+16.150,+10.132,+0.941
1686047760,+3.47,+16.159,+10.128,+0.942
1686047820,+3.47,+16.278,+10.082,+0.942
1686047880,+3.47,+16.304,+10.074,+0.942
1686047940,+3.47,+16.312,+10.059,+0.942
1686048000,+3.47,+16.321,+10.053,+0.941
1686048060,+3.47,+16.167,+10.089,+0.941
1686048120,+3.47,+16.219,+10.090,+0.941
1686048180,+3.47,+16.116,+10.123,+0.941
1686048240,+3.47,+16.159,+10.116,+0.942
1686048300,+3.47,+16.210,+10.098,+0.941
1686048360,+3.47,+16.210,+10.103,+0.941
1686048420,+3.47,+16.227,+10.074,+0.941
1686048480,+3.47,+16.219,+10.066,+0.941
1686048540,+3.47,+16.244,+10.074,+0.942
1686048600,+3.47,+16.278,+10.056,+0.941
1686048660,+3.47,+16.287,+10.054,+0.941
1686048720,+3.47,+16.346,+10.064,+0.942
1686048780,+3.47,+16.304,+10.032,+0.942
1686048840,+3.47,+16.287,+10.050,+0.941
1686048900,+3.47,+16.287,+10.034,+0.941
1686048960,+3.47,+16.167,+10.077,+0.940
1686049020,+3.47,+16.056,+10.157,+0.942
1686049080,+3.47,+16.013,+10.156,+0.941
1686049140,+3.47,+15.911,+10.210,+0.942
1686049200,+3.47,+15.868,+10.203,+0.940
1686049260,+3.47,+15.731,+10.274,+0.941
1686049320,+3.47,+15.577,+10.213,+0.940
1686049380,+3.47,+15.345,+10.262,+0.941
1686049440,+3.47,+15.199,+10.263,+0.941
1686049500,+3.47,+15.130,+10.194,+0.940
1686049560,+3.47,+15.009,+10.201,+0.940
1686049620,+3.47,+15.052,+10.183,+0.941
1686049680,+3.47,+14.966,+10.230,+0.940
1686049740,+3.47,+15.001,+10.353,+0.941
1686049800,+3.47,+15.087,+10.381,+0.941
1686049860,+3.47,+15.078,+10.421,+0.941
1686049920,+3.47,+15.173,+10.431,+0.942
1686049980,+3.47,+15.285,+10.460,+0.942
1686050040,+3.47,+15.362,+10.392,+0.941
1686050100,+3.47,+15.319,+10.362,+0.941
1686050160,+3.47,+15.285,+10.352,+0.941
1686050220,+3.47,+15.078,+10.232,+0.941
1686050280,+3.47,+14.828, +9.890,+0.939
1686050340,+3.47,+14.335, +9.774,+0.939
1686050400,+3.47,+14.100, +9.871,+0.940
1686050460,+3.47,+14.074, +9.880,+0.940
1686050520,+3.47,+14.100,+10.032,+0.941
1686050580,+3.47,+14.274,+10.159,+0.941
1686050640,+3.47,+14.387,+10.232,+0.941
1686050700,+3.47,+14.543,+10.323,+0.941
1686050760,+3.47,+14.664,+10.413,+0.941
1686050820,+3.47,+14.854,+10.511,+0.942
1686050880,+3.47,+15.164,+10.510,+0.943
1686050940,+3.47,+15.482,+10.420,+0.943
1686051000,+3.47,+15.680,+10.321,+0.942
1686051060,+3.47,+15.817,+10.256,+0.941
1686051120,+3.47,+15.902,+10.232,+0.942
1686051180,+3.47,+15.979,+10.203,+0.942
1686051240,+3.47,+16.056,+10.185,+0.942
1686051300,+3.47,+16.167,+10.132,+0.942
1686051360,+3.47,+16.090,+10.125,+0.941
1686051420,+3.47,+15.740,+10.235,+0.940
1686051480,+3.47,+15.474,+10.360,+0.941
1686051540,+3.47,+15.448,+10.327,+0.941
1686051600,+3.47,+15.311,+10.378,+0.942
1686051660,+3.47,+15.207,+10.399,+0.941
1686051720,+3.47,+15.242,+10.383,+0.941
1686051780,+3.47,+15.181,+10.427,+0.941
1686051840,+3.47,+15.345,+10.414,+0.941
1686051900,+3.47,+15.448,+10.431,+0.942
1686051960,+3.47,+15.534,+10.469,+0.942
1686052020,+3.47,+15.714,+10.379,+0.941
1686052080,+3.47,+15.757,+10.358,+0.941
1686052140,+3.47,+15.868,+10.333,+0.942
1686052200,+3.47,+15.885,+10.343,+0.942
1686052260,+3.47,+16.031,+10.302,+0.942
1686052320,+3.47,+16.090,+10.282,+0.942
1686052380,+3.47,+16.142,+10.240,+0.942
1686052440,+3.47,+16.219,+10.199,+0.941
1686052500,+3.47,+16.193,+10.216,+0.942
1686052560,+3.47,+16.253,+10.168,+0.941
1686052620,+3.47,+16.287,+10.163,+0.941
1686052680,+3.47,+16.099,+10.171,+0.941
1686052740,+3.47,+15.911,+10.256,+0.941
1686052800,+3.47,+15.791,+10.284,+0.941
1686052860,+3.47,+15.637,+10.359,+0.941
1686052920,+3.47,+15.611,+10.345,+0.941
1686052980,+3.47,+15.560,+10.379,+0.941
1686053040,+3.47,+15.577,+10.348,+0.940
1686053100,+3.47,+15.594,+10.363,+0.941
1686053160,+3.47,+15.611,+10.376,+0.941
1686053220,+3.47,+15.731,+10.369,+0.942
1686053280,+3.47,+15.765,+10.358,+0.941
1686053340,+3.47,+15.834,+10.360,+0.942
1686053400,+3.47,+15.885,+10.333,+0.941
1686053460,+3.47,+15.877,+10.318,+0.941
1686053520,+3.47,+15.842,+10.344,+0.941
1686053580,+3.47,+16.013,+10.273,+0.941
1686053640,+3.47,+16.039,+10.286,+0.942
1686053700,+3.47,+16.125,+10.245,+0.941
1686053760,+3.47,+16.125,+10.237,+0.941
1686053820,+3.47,+16.167,+10.234,+0.941
1686053880,+3.47,+16.159,+10.237,+0.941
1686053940,+3.47,+16.219,+10.224,+0.942
1686054000,+3.47,+16.261,+10.213,+0.942
1686054060,+3.47,+16.270,+10.198,+0.942
1686054120,+3.47,+16.295,+10.193,+0.941
1686054180,+3.47,+16.338,+10.165,+0.941
1686054240,+3.47,+16.355,+10.165,+0.942
1686054300,+3.47,+16.355,+10.159,+0.941
1686054360,+3.47,+16.372,+10.142,+0.941
1686054420,+3.47,+16.295,+10.165,+0.941
1686054480,+3.47,+16.244,+10.185,+0.941
1686054540,+3.47,+16.253,+10.191,+0.942
1686054600,+3.47,+16.278,+10.184,+0.941
1686054660,+3.47,+16.253,+10.198,+0.941
1686054720,+3.47,+16.346,+10.167,+0.941
1686054780,+3.47,+16.312,+10.205,+0.942
1686054840,+3.47,+16.338,+10.191,+0.941
1686054900,+3.47,+16.381,+10.161,+0.941
1686054960,+3.47,+16.355,+10.154,+0.941
1686055020,+3.47,+16.210,+10.234,+0.942
1686055080,+3.47,+16.167,+10.262,+0.941
1686055140,+3.47,+16.099,+10.309,+0.941
1686055200,+3.47,+16.048,+10.359,+0.941
1686055260,+3.47,+16.159,+10.311,+0.941
1686055320,+3.47,+16.107,+10.331,+0.942
1686055380,+3.47,+16.048,+10.318,+0.941
1686055440,+3.47,+16.022,+10.345,+0.941
1686055500,+3.47,+15.996,+10.342,+0.941
1686055560,+3.47,+15.979,+10.341,+0.941
1686055620,+3.47,+15.971,+10.340,+0.941
1686055680,+3.47,+15.988,+10.322,+0.941
1686055740,+3.47,+15.962,+10.334,+0.941
1686055800,+3.47,+16.031,+10.328,+0.941
1686055860,+3.47,+16.005,+10.331,+0.941
1686055920,+3.47,+16.013,+10.346,+0.942
1686055980,+3.47,+15.996,+10.351,+0.942
