7450-798456
OS REV: 1.03 Sensor Cal: 1539277937
Time (sec),  BV (Volts),  T (deg C),  DO (mg/l),  Q ()
1683464040,+3.45, +8.805,+10.478,+0.944
1683464100,+3.45, +8.786,+10.509,+0.945
1683464160,+3.45, +8.833,+10.485,+0.944
1683464220,+3.45, +8.814,+10.500,+0.945
1683464280,+3.45, +8.842,+10.486,+0.944
1683464340,+3.45, +8.870,+10.478,+0.944
1683464400,+3.45, +8.833,+10.480,+0.944
1683464460,+3.45, +8.833,+10.484,+0.945
1683464520,+3.45, +8.814,+10.476,+0.944
1683464580,+3.45, +8.823,+10.477,+0.944
1683464640,+3.45, +8.739,+10.481,+0.944
1683464700,+3.45, +8.805,+10.450,+0.944
1683464760,+3.45, +8.758,+10.474,+0.944
1683464820,+3.45, +8.767,+10.459,+0.944
1683464880,+3.45, +8.767,+10.463,+0.944
1683464940,+3.45, +8.739,+10.482,+0.944
1683465000,+3.45, +8.786,+10.455,+0.944
1683465060,+3.45, +8.795,+10.477,+0.945
1683465120,+3.45, +8.786,+10.473,+0.944
1683465180,+3.45, +8.758,+10.481,+0.945
1683465240,+3.45, +8.777,+10.456,+0.944
1683465300,+3.45, +8.758,+10.463,+0.945
1683465360,+3.45, +8.777,+10.455,+0.945
1683465420,+3.45, +8.795,+10.438,+0.944
1683465480,+3.45, +8.842,+10.407,+0.944
1683465540,+3.45, +8.814,+10.432,+0.944
1683465600,+3.45, +8.805,+10.434,+0.944
1683465660,+3.45, +8.758,+10.443,+0.944
1683465720,+3.45, +8.814,+10.417,+0.944
1683465780,+3.45, +8.833,+10.402,+0.944
1683465840,+3.45, +8.833,+10.401,+0.944
1683465900,+3.45, +8.823,+10.404,+0.944
1683465960,+3.45, +8.786,+10.414,+0.944
1683466020,+3.45, +8.795,+10.406,+0.944
1683466080,+3.45, +8.842,+10.392,+0.944
1683466140,+3.45, +8.814,+10.407,+0.945
1683466200,+3.45, +8.870,+10.388,+0.945
1683466260,+3.45, +8.851,+10.391,+0.944
1683466320,+3.45, +8.823,+10.397,+0.944
1683466380,+3.45, +8.851,+10.376,+0.944
1683466440,+3.45, +8.898,+10.361,+0.944
1683466500,+3.45, +8.842,+10.392,+0.944
1683466560,+3.45, +8.805,+10.419,+0.945
1683466620,+3.45, +8.870,+10.409,+0.945
1683466680,+3.45, +8.879,+10.390,+0.944
1683466740,+3.45, +8.870,+10.396,+0.944
1683466800,+3.45, +8.879,+10.400,+0.944
1683466860,+3.45, +8.889,+10.391,+0.944
1683466920,+3.45, +8.814,+10.424,+0.944
1683466980,+3.45, +8.870,+10.430,+0.944
1683467040,+3.45, +8.907,+10.429,+0.944
1683467100,+3.45, +8.823,+10.462,+0.944
1683467160,+3.45, +8.814,+10.490,+0.945
1683467220,+3.45, +8.907,+10.443,+0.944
1683467280,+3.45, +8.861,+10.464,+0.944
1683467340,+3.45, +8.898,+10.469,+0.944
1683467400,+3.45, +8.898,+10.490,+0.945
1683467460,+3.45, +8.851,+10.513,+0.944
1683467520,+3.45, +8.861,+10.523,+0.944
1683467580,+3.45, +8.898,+10.524,+0.945
1683467640,+3.45, +8.963,+10.499,+0.944
1683467700,+3.45, +8.954,+10.510,+0.944
1683467760,+3.45, +9.000,+10.503,+0.944
1683467820,+3.45, +8.963,+10.534,+0.945
1683467880,+3.45, +8.954,+10.538,+0.944
1683467940,+3.45, +8.963,+10.536,+0.945
1683468000,+3.45, +8.982,+10.512,+0.944
1683468060,+3.45, +8.963,+10.525,+0.944
1683468120,+3.45, +8.926,+10.540,+0.944
1683468180,+3.45, +8.963,+10.529,+0.945
1683468240,+3.45, +8.963,+10.524,+0.944
1683468300,+3.45, +9.000,+10.510,+0.944
1683468360,+3.45, +8.972,+10.519,+0.944
1683468420,+3.45, +8.982,+10.518,+0.944
1683468480,+3.45, +8.982,+10.519,+0.944
1683468540,+3.45, +8.991,+10.529,+0.944
1683468600,+3.45, +8.954,+10.560,+0.944
1683468660,+3.45, +8.926,+10.566,+0.944
1683468720,+3.45, +8.870,+10.552,+0.944
1683468780,+3.45, +8.907,+10.508,+0.944
1683468840,+3.45, +8.889,+10.501,+0.944
1683468900,+3.45, +8.851,+10.546,+0.945
1683468960,+3.45, +8.795,+10.566,+0.944
1683469020,+3.45, +8.842,+10.554,+0.944
1683469080,+3.45, +8.889,+10.558,+0.944
1683469140,+3.45, +8.758,+10.605,+0.945
1683469200,+3.45, +8.833,+10.558,+0.944
1683469260,+3.45, +8.814,+10.573,+0.945
1683469320,+3.45, +8.861,+10.549,+0.945
1683469380,+3.45, +8.870,+10.541,+0.945
1683469440,+3.45, +8.879,+10.528,+0.944
1683469500,+3.45, +8.898,+10.509,+0.944
1683469560,+3.45, +8.795,+10.546,+0.944
1683469620,+3.45, +8.861,+10.510,+0.944
1683469680,+3.45, +8.777,+10.542,+0.945
1683469740,+3.45, +8.786,+10.500,+0.944
1683469800,+3.45, +8.730,+10.473,+0.944
1683469860,+3.45, +8.823,+10.401,+0.944
1683469920,+3.45, +8.711,+10.418,+0.944
1683469980,+3.45, +8.758,+10.388,+0.944
1683470040,+3.45, +8.702,+10.406,+0.945
1683470100,+3.45, +8.739,+10.365,+0.944
1683470160,+3.45, +8.702,+10.379,+0.944
1683470220,+3.45, +8.749,+10.367,+0.944
1683470280,+3.45, +8.749,+10.374,+0.944
1683470340,+3.45, +8.758,+10.379,+0.945
1683470400,+3.45, +8.749,+10.360,+0.944
1683470460,+3.45, +8.721,+10.382,+0.944
1683470520,+3.45, +8.702,+10.401,+0.944
1683470580,+3.45, +8.739,+10.396,+0.945
1683470640,+3.45, +8.749,+10.392,+0.944
1683470700,+3.45, +8.758,+10.399,+0.944
1683470760,+3.45, +8.721,+10.426,+0.944
1683470820,+3.45, +8.767,+10.419,+0.944
1683470880,+3.45, +8.767,+10.408,+0.944
1683470940,+3.45, +8.786,+10.411,+0.944
1683471000,+3.45, +8.861,+10.389,+0.944
1683471060,+3.45, +8.907,+10.368,+0.944
1683471120,+3.45, +8.870,+10.384,+0.944
1683471180,+3.45, +8.805,+10.400,+0.944
1683471240,+3.45, +8.889,+10.360,+0.944
1683471300,+3.45, +8.814,+10.385,+0.944
1683471360,+3.45, +8.851,+10.373,+0.945
1683471420,+3.45, +8.814,+10.363,+0.944
1683471480,+3.45, +8.898,+10.333,+0.944
1683471540,+3.45, +8.870,+10.361,+0.944
1683471600,+3.45, +8.842,+10.408,+0.945
1683471660,+3.45, +8.889,+10.405,+0.945
1683471720,+3.45, +8.944,+10.394,+0.944
1683471780,+3.45, +8.944,+10.426,+0.944
1683471840,+3.45, +8.889,+10.489,+0.944
1683471900,+3.45, +8.935,+10.497,+0.944
1683471960,+3.45, +8.889,+10.540,+0.944
1683472020,+3.45, +8.963,+10.528,+0.944
1683472080,+3.45, +8.963,+10.543,+0.945
1683472140,+3.45, +8.963,+10.538,+0.944
1683472200,+3.45, +8.954,+10.531,+0.944
1683472260,+3.45, +8.963,+10.543,+0.944
1683472320,+3.45, +9.000,+10.543,+0.945
1683472380,+3.45, +8.991,+10.546,+0.945
1683472440,+3.45, +8.972,+10.545,+0.944
1683472500,+3.45, +8.917,+10.549,+0.944
1683472560,+3.45, +8.963,+10.543,+0.945
1683472620,+3.45, +8.982,+10.544,+0.945
1683472680,+3.45, +9.010,+10.543,+0.945
1683472740,+3.45, +9.028,+10.534,+0.944
1683472800,+3.45, +9.056,+10.530,+0.945
1683472860,+3.45, +9.000,+10.553,+0.944
1683472920,+3.45, +9.000,+10.540,+0.944
1683472980,+3.45, +9.010,+10.515,+0.944
1683473040,+3.45, +8.991,+10.504,+0.944
1683473100,+3.45, +8.926,+10.523,+0.944
1683473160,+3.45, +9.019,+10.467,+0.944
1683473220,+3.45, +8.907,+10.468,+0.944
1683473280,+3.45, +9.010,+10.417,+0.945
1683473340,+3.45, +8.963,+10.395,+0.944
1683473400,+3.45, +8.972,+10.379,+0.944
1683473460,+3.45, +8.954,+10.365,+0.944
1683473520,+3.45, +8.898,+10.387,+0.944
1683473580,+3.45, +8.944,+10.368,+0.944
1683473640,+3.45, +8.917,+10.386,+0.945
1683473700,+3.45, +8.944,+10.372,+0.944
1683473760,+3.45, +8.963,+10.353,+0.944
1683473820,+3.45, +8.935,+10.357,+0.944
1683473880,+3.45, +8.944,+10.354,+0.944
1683473940,+3.45, +8.917,+10.358,+0.944
1683474000,+3.45, +8.889,+10.353,+0.944
1683474060,+3.45, +8.870,+10.377,+0.944
1683474120,+3.45, +8.935,+10.356,+0.944
1683474180,+3.45, +8.944,+10.335,+0.944
1683474240,+3.45, +8.954,+10.339,+0.944
1683474300,+3.45, +8.954,+10.334,+0.944
1683474360,+3.45, +8.907,+10.339,+0.944
1683474420,+3.45, +8.935,+10.315,+0.944
1683474480,+3.45, +8.907,+10.316,+0.944
1683474540,+3.45, +8.907,+10.323,+0.944
1683474600,+3.45, +8.870,+10.352,+0.945
1683474660,+3.45, +8.944,+10.309,+0.944
1683474720,+3.45, +8.954,+10.323,+0.944
1683474780,+3.45, +8.944,+10.333,+0.944
1683474840,+3.45, +8.944,+10.341,+0.944
1683474900,+3.45, +8.898,+10.368,+0.944
1683474960,+3.45, +8.944,+10.350,+0.944
1683475020,+3.45, +8.944,+10.356,+0.944
1683475080,+3.45, +8.907,+10.375,+0.944
1683475140,+3.45, +8.889,+10.390,+0.945
1683475200,+3.45, +8.963,+10.368,+0.944
1683475260,+3.45, +8.991,+10.374,+0.944
1683475320,+3.45, +9.010,+10.413,+0.944
1683475380,+3.45, +9.056,+10.442,+0.945
1683475440,+3.45, +9.028,+10.473,+0.944
1683475500,+3.45, +9.037,+10.481,+0.944
1683475560,+3.45, +9.056,+10.466,+0.945
1683475620,+3.45, +9.037,+10.456,+0.944
1683475680,+3.45, +9.010,+10.471,+0.944
1683475740,+3.45, +9.065,+10.452,+0.944
1683475800,+3.45, +9.037,+10.483,+0.945
1683475860,+3.45, +9.130,+10.440,+0.944
1683475920,+3.45, +9.140,+10.448,+0.944
1683475980,+3.45, +9.158,+10.489,+0.944
1683476040,+3.45, +9.186,+10.482,+0.944
1683476100,+3.45, +9.186,+10.488,+0.944
1683476160,+3.45, +9.195,+10.495,+0.944
1683476220,+3.45, +9.251,+10.481,+0.944
1683476280,+3.45, +9.214,+10.512,+0.944
1683476340,+3.45, +9.214,+10.514,+0.944
1683476400,+3.45, +9.232,+10.516,+0.944
1683476460,+3.45, +9.232,+10.510,+0.944
1683476520,+3.45, +9.232,+10.508,+0.944
1683476580,+3.45, +9.241,+10.495,+0.945
1683476640,+3.45, +9.130,+10.532,+0.945
1683476700,+3.45, +9.260,+10.473,+0.944
1683476760,+3.45, +9.251,+10.487,+0.945
1683476820,+3.45, +9.269,+10.469,+0.944
1683476880,+3.45, +9.223,+10.493,+0.945
1683476940,+3.45, +9.306,+10.447,+0.944
1683477000,+3.45, +9.241,+10.461,+0.944
1683477060,+3.45, +9.306,+10.433,+0.944
1683477120,+3.45, +9.269,+10.461,+0.944
1683477180,+3.45, +9.260,+10.485,+0.944
1683477240,+3.45, +9.288,+10.482,+0.945
1683477300,+3.45, +9.278,+10.480,+0.944
1683477360,+3.45, +9.269,+10.479,+0.944
1683477420,+3.45, +9.260,+10.468,+0.944
1683477480,+3.45, +9.232,+10.487,+0.944
1683477540,+3.45, +9.315,+10.451,+0.944
1683477600,+3.45, +9.288,+10.455,+0.945
1683477660,+3.45, +9.260,+10.461,+0.944
1683477720,+3.45, +9.260,+10.455,+0.944
1683477780,+3.45, +9.288,+10.436,+0.944
1683477840,+3.45, +9.278,+10.438,+0.944
1683477900,+3.45, +9.260,+10.435,+0.944
1683477960,+3.45, +9.297,+10.420,+0.944
1683478020,+3.45, +9.269,+10.429,+0.944
1683478080,+3.45, +9.260,+10.410,+0.944
1683478140,+3.45, +9.269,+10.423,+0.944
1683478200,+3.45, +9.306,+10.406,+0.944
1683478260,+3.45, +9.288,+10.409,+0.944
1683478320,+3.45, +9.288,+10.406,+0.944
1683478380,+3.45, +9.288,+10.414,+0.944
1683478440,+3.45, +9.297,+10.413,+0.944
1683478500,+3.45, +9.288,+10.415,+0.944
1683478560,+3.45, +9.343,+10.400,+0.944
1683478620,+3.45, +9.315,+10.411,+0.944
1683478680,+3.45, +9.325,+10.415,+0.944
1683478740,+3.45, +9.334,+10.418,+0.944
1683478800,+3.45, +9.334,+10.414,+0.944
1683478860,+3.45, +9.352,+10.402,+0.944
1683478920,+3.45, +9.278,+10.445,+0.945
1683478980,+3.45, +9.334,+10.414,+0.944
1683479040,+3.45, +9.306,+10.441,+0.944
1683479100,+3.45, +9.371,+10.439,+0.944
1683479160,+3.45, +9.325,+10.493,+0.944
1683479220,+3.45, +9.352,+10.494,+0.945
1683479280,+3.45, +9.380,+10.476,+0.944
1683479340,+3.45, +9.343,+10.495,+0.944
1683479400,+3.45, +9.362,+10.503,+0.945
1683479460,+3.45, +9.278,+10.520,+0.944
1683479520,+3.45, +9.380,+10.466,+0.944
1683479580,+3.45, +9.399,+10.442,+0.944
1683479640,+3.45, +9.389,+10.465,+0.944
1683479700,+3.45, +9.389,+10.468,+0.944
1683479760,+3.45, +9.389,+10.458,+0.944
1683479820,+3.45, +9.436,+10.439,+0.944
1683479880,+3.45, +9.426,+10.432,+0.944
1683479940,+3.45, +9.426,+10.447,+0.945
1683480000,+3.45, +9.426,+10.452,+0.944
1683480060,+3.45, +9.399,+10.463,+0.944
1683480120,+3.45, +9.445,+10.430,+0.944
1683480180,+3.45, +9.436,+10.422,+0.944
1683480240,+3.45, +9.436,+10.422,+0.944
1683480300,+3.45, +9.463,+10.415,+0.945
1683480360,+3.45, +9.408,+10.428,+0.944
1683480420,+3.45, +9.426,+10.414,+0.944
1683480480,+3.45, +9.408,+10.410,+0.944
1683480540,+3.45, +9.417,+10.399,+0.944
1683480600,+3.45, +9.436,+10.414,+0.944
1683480660,+3.45, +9.463,+10.424,+0.945
1683480720,+3.45, +9.426,+10.419,+0.944
1683480780,+3.45, +9.473,+10.411,+0.944
1683480840,+3.45, +9.473,+10.436,+0.944
1683480900,+3.45, +9.399,+10.457,+0.945
1683480960,+3.45, +9.408,+10.430,+0.945
1683481020,+3.45, +9.380,+10.434,+0.944
1683481080,+3.45, +9.473,+10.417,+0.945
1683481140,+3.45, +9.426,+10.440,+0.945
1683481200,+3.45, +9.436,+10.433,+0.944
1683481260,+3.45, +9.436,+10.424,+0.944
1683481320,+3.45, +9.463,+10.405,+0.944
1683481380,+3.45, +9.454,+10.415,+0.945
1683481440,+3.45, +9.436,+10.403,+0.944
1683481500,+3.45, +9.491,+10.379,+0.944
1683481560,+3.45, +9.482,+10.372,+0.944
1683481620,+3.45, +9.473,+10.366,+0.944
1683481680,+3.45, +9.463,+10.366,+0.944
1683481740,+3.45, +9.417,+10.362,+0.944
1683481800,+3.45, +9.426,+10.361,+0.944
1683481860,+3.45, +9.454,+10.353,+0.944
1683481920,+3.45, +9.408,+10.361,+0.944
1683481980,+3.45, +9.445,+10.350,+0.944
1683482040,+3.45, +9.473,+10.328,+0.944
1683482100,+3.45, +9.436,+10.351,+0.944
1683482160,+3.45, +9.436,+10.362,+0.944
1683482220,+3.45, +9.436,+10.354,+0.944
1683482280,+3.45, +9.408,+10.366,+0.944
1683482340,+3.45, +9.426,+10.362,+0.944
1683482400,+3.45, +9.371,+10.375,+0.945
1683482460,+3.45, +9.436,+10.348,+0.944
1683482520,+3.45, +9.454,+10.343,+0.944
1683482580,+3.45, +9.473,+10.349,+0.945
1683482640,+3.45, +9.491,+10.339,+0.944
1683482700,+3.45, +9.519,+10.337,+0.944
1683482760,+3.45, +9.519,+10.352,+0.944
1683482820,+3.45, +9.463,+10.372,+0.944
1683482880,+3.45, +9.528,+10.352,+0.944
1683482940,+3.45, +9.491,+10.377,+0.944
1683483000,+3.45, +9.528,+10.366,+0.944
1683483060,+3.45, +9.509,+10.377,+0.944
1683483120,+3.45, +9.537,+10.361,+0.944
1683483180,+3.45, +9.537,+10.386,+0.944
1683483240,+3.45, +9.528,+10.506,+0.944
1683483300,+3.45, +9.555,+10.527,+0.945
1683483360,+3.45, +9.583,+10.498,+0.944
1683483420,+3.45, +9.611,+10.497,+0.944
1683483480,+3.45, +9.638,+10.482,+0.944
1683483540,+3.45, +9.592,+10.481,+0.944
1683483600,+3.45, +9.537,+10.436,+0.944
1683483660,+3.45, +9.574,+10.345,+0.944
1683483720,+3.45, +9.629,+10.300,+0.944
1683483780,+3.45, +9.675,+10.345,+0.944
1683483840,+3.45, +9.666,+10.394,+0.944
1683483900,+3.45, +9.730,+10.394,+0.944
1683483960,+3.45, +9.712,+10.514,+0.945
1683484020,+3.45, +9.712,+10.544,+0.945
1683484080,+3.45, +9.739,+10.531,+0.944
1683484140,+3.45, +9.712,+10.542,+0.944
1683484200,+3.45, +9.804,+10.517,+0.944
1683484260,+3.45, +9.831,+10.522,+0.944
1683484320,+3.45, +9.831,+10.524,+0.944
1683484380,+3.45, +9.840,+10.518,+0.944
1683484440,+3.45, +9.859,+10.512,+0.945
1683484500,+3.45, +9.905,+10.487,+0.945
1683484560,+3.45, +9.859,+10.512,+0.944
1683484620,+3.45, +9.932,+10.523,+0.944
1683484680,+3.45, +9.987,+10.581,+0.945
1683484740,+3.45,+10.079,+10.599,+0.944
1683484800,+3.45, +9.996,+10.737,+0.945
1683484860,+3.45,+10.051,+10.756,+0.945
1683484920,+3.45,+10.088,+10.827,+0.944
1683484980,+3.45,+10.170,+10.890,+0.945
1683485040,+3.45,+10.133,+10.928,+0.944
1683485100,+3.45,+10.161,+10.941,+0.945
1683485160,+3.45,+10.161,+10.916,+0.944
1683485220,+3.45,+10.170,+10.922,+0.945
1683485280,+3.45,+10.188,+10.907,+0.945
1683485340,+3.45,+10.206,+10.902,+0.945
1683485400,+3.45,+10.243,+10.886,+0.944
1683485460,+3.45,+10.243,+10.915,+0.945
1683485520,+3.45,+10.279,+10.931,+0.945
1683485580,+3.45,+10.334,+10.890,+0.945
1683485640,+3.45,+10.389,+10.882,+0.944
1683485700,+3.45,+10.470,+10.905,+0.944
1683485760,+3.45,+10.507,+10.914,+0.945
1683485820,+3.45,+10.570,+10.909,+0.945
1683485880,+3.45,+10.616,+10.938,+0.945
1683485940,+3.45,+10.688,+10.923,+0.945
1683486000,+3.45,+10.706,+10.914,+0.944
1683486060,+3.45,+10.734,+10.917,+0.944
1683486120,+3.45,+10.761,+10.919,+0.945
1683486180,+3.45,+10.806,+10.933,+0.945
1683486240,+3.45,+10.932,+10.901,+0.944
1683486300,+3.45,+10.896,+10.951,+0.945
1683486360,+3.45,+10.960,+10.940,+0.945
1683486420,+3.45,+11.014,+10.955,+0.945
1683486480,+3.45,+11.023,+10.978,+0.945
1683486540,+3.45,+11.068,+10.991,+0.944
1683486600,+3.45,+11.032,+11.034,+0.945
1683486660,+3.45,+10.978,+11.078,+0.944
1683486720,+3.45,+10.960,+11.095,+0.944
1683486780,+3.45,+10.941,+11.090,+0.944
1683486840,+3.45,+10.923,+11.070,+0.944
1683486900,+3.45,+10.905,+11.065,+0.944
1683486960,+3.45,+10.905,+11.023,+0.944
1683487020,+3.45,+10.878,+11.000,+0.944
1683487080,+3.45,+10.923,+10.953,+0.944
1683487140,+3.45,+10.806,+10.934,+0.944
1683487200,+3.45,+10.806,+10.917,+0.944
1683487260,+3.45,+10.806,+10.886,+0.944
1683487320,+3.45,+10.761,+10.924,+0.944
1683487380,+3.45,+10.779,+10.902,+0.944
1683487440,+3.45,+10.706,+10.935,+0.944
1683487500,+3.45,+10.824,+10.907,+0.945
1683487560,+3.45,+10.842,+10.891,+0.944
1683487620,+3.45,+10.860,+10.901,+0.944
1683487680,+3.45,+10.905,+10.928,+0.944
1683487740,+3.45,+10.896,+10.984,+0.944
1683487800,+3.45,+10.905,+11.023,+0.944
1683487860,+3.45,+10.969,+11.031,+0.944
1683487920,+3.45,+11.023,+11.023,+0.944
1683487980,+3.45,+11.041,+11.039,+0.945
1683488040,+3.45,+11.122,+11.020,+0.944
1683488100,+3.45,+11.131,+11.050,+0.945
1683488160,+3.45,+11.221,+11.044,+0.945
1683488220,+3.45,+11.302,+11.037,+0.944
1683488280,+3.45,+11.311,+11.104,+0.945
1683488340,+3.45,+11.391,+11.096,+0.945
1683488400,+3.45,+11.391,+11.117,+0.944
1683488460,+3.45,+11.436,+11.133,+0.945
1683488520,+3.45,+11.517,+11.109,+0.945
1683488580,+3.45,+11.535,+11.107,+0.944
1683488640,+3.45,+11.562,+11.099,+0.944
1683488700,+3.45,+11.589,+11.112,+0.945
1683488760,+3.45,+11.669,+11.109,+0.945
1683488820,+3.45,+11.651,+11.126,+0.945
1683488880,+3.45,+11.723,+11.118,+0.945
1683488940,+3.45,+11.732,+11.109,+0.945
1683489000,+3.45,+11.758,+11.124,+0.945
1683489060,+3.45,+11.830,+11.110,+0.945
1683489120,+3.45,+11.839,+11.141,+0.945
1683489180,+3.45,+11.883,+11.154,+0.945
1683489240,+3.45,+11.874,+11.192,+0.945
1683489300,+3.45,+11.946,+11.180,+0.945
1683489360,+3.45,+11.928,+11.185,+0.945
1683489420,+3.45,+11.955,+11.205,+0.945
1683489480,+3.45,+12.008,+11.176,+0.944
1683489540,+3.45,+11.981,+11.188,+0.945
1683489600,+3.45,+12.026,+11.170,+0.945
1683489660,+3.45,+12.017,+11.171,+0.945
1683489720,+3.45,+12.026,+11.169,+0.945
1683489780,+3.45,+12.088,+11.141,+0.945
1683489840,+3.45,+12.061,+11.160,+0.945
1683489900,+3.45,+12.141,+11.144,+0.945
1683489960,+3.45,+12.150,+11.148,+0.944
1683490020,+3.45,+12.106,+11.224,+0.945
1683490080,+3.45,+12.168,+11.288,+0.945
1683490140,+3.45,+12.177,+11.323,+0.945
1683490200,+3.45,+12.230,+11.352,+0.945
1683490260,+3.45,+12.257,+11.358,+0.945
1683490320,+3.45,+12.319,+11.350,+0.945
1683490380,+3.45,+12.310,+11.370,+0.945
1683490440,+3.45,+12.292,+11.383,+0.944
1683490500,+3.45,+12.319,+11.392,+0.945
1683490560,+3.45,+12.301,+11.397,+0.945
1683490620,+3.45,+12.310,+11.389,+0.945
1683490680,+3.45,+12.266,+11.402,+0.945
1683490740,+3.45,+12.328,+11.392,+0.946
1683490800,+3.45,+12.363,+11.366,+0.945
1683490860,+3.45,+12.310,+11.387,+0.945
1683490920,+3.45,+12.390,+11.358,+0.945
1683490980,+3.45,+12.425,+11.357,+0.945
1683491040,+3.45,+12.390,+11.363,+0.945
1683491100,+3.45,+12.416,+11.322,+0.944
1683491160,+3.45,+12.461,+11.296,+0.944
1683491220,+3.45,+12.443,+11.315,+0.945
1683491280,+3.45,+12.443,+11.310,+0.945
1683491340,+3.45,+12.478,+11.290,+0.945
1683491400,+3.45,+12.425,+11.322,+0.945
1683491460,+3.45,+12.487,+11.279,+0.945
1683491520,+3.45,+12.461,+11.281,+0.945
1683491580,+3.45,+12.540,+11.227,+0.944
1683491640,+3.45,+12.523,+11.202,+0.944
1683491700,+3.45,+12.514,+11.177,+0.944
1683491760,+3.45,+12.434,+11.089,+0.944
1683491820,+3.45,+12.328,+10.963,+0.943
1683491880,+3.45,+12.124,+10.834,+0.944
1683491940,+3.45,+12.097,+10.889,+0.944
1683492000,+3.45,+12.106,+10.995,+0.944
1683492060,+3.45,+12.053,+10.945,+0.943
1683492120,+3.45,+11.946,+10.863,+0.943
1683492180,+3.45,+11.821,+10.896,+0.943
1683492240,+3.45,+11.812,+10.939,+0.944
1683492300,+3.45,+11.758,+11.038,+0.944
1683492360,+3.45,+11.901,+11.093,+0.945
1683492420,+3.45,+11.928,+11.129,+0.944
1683492480,+3.45,+11.937,+11.100,+0.944
1683492540,+3.45,+11.919,+11.066,+0.944
1683492600,+3.45,+11.883,+11.048,+0.945
1683492660,+3.45,+11.803,+11.036,+0.944
1683492720,+3.45,+11.883,+10.996,+0.944
1683492780,+3.45,+11.892,+11.020,+0.945
1683492840,+3.45,+11.981,+11.019,+0.944
1683492900,+3.45,+12.053,+11.056,+0.944
1683492960,+3.45,+12.044,+11.081,+0.945
1683493020,+3.45,+12.186,+11.036,+0.944
1683493080,+3.45,+12.159,+11.053,+0.944
1683493140,+3.45,+12.248,+11.044,+0.945
1683493200,+3.45,+12.310,+11.005,+0.944
1683493260,+3.45,+12.301,+11.042,+0.944
1683493320,+3.45,+12.177,+10.995,+0.944
1683493380,+3.45,+12.053,+11.096,+0.944
1683493440,+3.45,+11.990,+11.135,+0.944
1683493500,+3.45,+11.999,+11.154,+0.945
1683493560,+3.45,+11.919,+10.803,+0.943
1683493620,+3.45,+11.517,+10.658,+0.943
1683493680,+3.45,+11.338,+10.683,+0.942
1683493740,+3.45,+11.230,+10.777,+0.944
1683493800,+3.45,+11.167,+10.843,+0.943
1683493860,+3.45,+11.275,+10.846,+0.944
1683493920,+3.45,+11.212,+10.884,+0.944
1683493980,+3.45,+11.248,+10.880,+0.944
1683494040,+3.45,+11.266,+10.886,+0.944
1683494100,+3.45,+11.221,+10.902,+0.944
1683494160,+3.45,+11.239,+10.873,+0.944
1683494220,+3.45,+11.221,+10.882,+0.944
1683494280,+3.45,+11.203,+10.876,+0.944
1683494340,+3.45,+11.167,+10.893,+0.944
1683494400,+3.45,+11.149,+10.918,+0.944
1683494460,+3.45,+11.158,+10.918,+0.944
1683494520,+3.45,+11.212,+10.912,+0.944
1683494580,+3.45,+11.221,+10.923,+0.944
1683494640,+3.45,+11.221,+10.916,+0.944
1683494700,+3.45,+11.212,+10.870,+0.944
1683494760,+3.45,+11.041,+10.860,+0.944
1683494820,+3.45,+11.032,+10.848,+0.944
1683494880,+3.45,+11.059,+10.816,+0.944
1683494940,+3.45,+11.023,+10.823,+0.944
1683495000,+3.45,+11.068,+10.819,+0.944
1683495060,+3.45,+11.095,+10.798,+0.944
1683495120,+3.45,+11.131,+10.762,+0.943
1683495180,+3.45,+11.113,+10.805,+0.944
1683495240,+3.45,+11.158,+10.833,+0.944
1683495300,+3.45,+11.176,+10.869,+0.944
1683495360,+3.45,+11.194,+10.898,+0.945
1683495420,+3.45,+11.248,+10.882,+0.944
1683495480,+3.45,+11.239,+10.913,+0.944
1683495540,+3.45,+11.257,+10.911,+0.944
1683495600,+3.45,+11.239,+10.927,+0.944
1683495660,+3.45,+11.194,+10.939,+0.944
1683495720,+3.45,+11.239,+10.924,+0.944
1683495780,+3.45,+11.284,+10.940,+0.944
1683495840,+3.45,+11.257,+10.971,+0.945
1683495900,+3.45,+11.248,+10.979,+0.945
1683495960,+3.45,+11.257,+10.949,+0.944
1683496020,+3.45,+11.302,+10.921,+0.944
1683496080,+3.46,+11.293,+10.928,+0.945
1683496140,+3.45,+11.311,+10.889,+0.944
1683496200,+3.45,+11.347,+10.811,+0.944
1683496260,+3.46,+11.347,+10.734,+0.944
1683496320,+3.45,+11.302,+10.780,+0.944
1683496380,+3.45,+11.365,+10.794,+0.945
1683496440,+3.45,+11.365,+10.833,+0.945
1683496500,+3.45,+11.454,+10.853,+0.945
1683496560,+3.45,+11.454,+10.890,+0.945
1683496620,+3.46,+11.526,+10.853,+0.944
1683496680,+3.45,+11.589,+10.864,+0.945
1683496740,+3.45,+11.607,+10.874,+0.945
1683496800,+3.45,+11.732,+10.978,+0.945
1683496860,+3.45,+11.758,+10.933,+0.944
1683496920,+3.45,+11.571,+10.800,+0.944
1683496980,+3.45,+11.445,+10.598,+0.943
1683497040,+3.46,+11.275,+10.581,+0.943
1683497100,+3.45,+11.221,+10.783,+0.944
1683497160,+3.45,+11.104,+10.795,+0.944
1683497220,+3.45,+11.086,+10.732,+0.944
1683497280,+3.45,+11.023,+10.732,+0.943
1683497340,+3.45,+10.978,+10.730,+0.943
1683497400,+3.45,+10.951,+10.738,+0.944
1683497460,+3.45,+10.978,+10.757,+0.944
1683497520,+3.45,+11.032,+10.753,+0.944
1683497580,+3.45,+10.987,+10.786,+0.944
1683497640,+3.45,+11.041,+10.787,+0.944
1683497700,+3.45,+10.996,+10.823,+0.944
1683497760,+3.45,+10.996,+10.814,+0.944
1683497820,+3.45,+11.059,+10.780,+0.944
1683497880,+3.45,+11.077,+10.789,+0.944
1683497940,+3.45,+11.068,+10.801,+0.944
1683498000,+3.45,+11.176,+10.785,+0.944
1683498060,+3.45,+11.176,+10.799,+0.944
1683498120,+3.45,+11.194,+10.808,+0.945
1683498180,+3.45,+11.329,+10.786,+0.944
1683498240,+3.45,+11.454,+10.773,+0.944
1683498300,+3.45,+11.463,+10.839,+0.945
1683498360,+3.46,+11.499,+10.851,+0.944
1683498420,+3.45,+11.481,+10.884,+0.945
1683498480,+3.45,+11.526,+10.866,+0.944
1683498540,+3.45,+11.553,+10.889,+0.945
1683498600,+3.45,+11.642,+10.891,+0.945
1683498660,+3.45,+11.589,+10.938,+0.944
1683498720,+3.45,+11.651,+10.943,+0.945
1683498780,+3.45,+11.651,+10.926,+0.944
1683498840,+3.45,+11.607,+10.936,+0.945
1683498900,+3.45,+11.553,+10.948,+0.944
1683498960,+3.46,+11.517,+10.886,+0.944
1683499020,+3.46,+11.526,+10.914,+0.944
1683499080,+3.45,+11.436,+11.027,+0.944
1683499140,+3.46,+11.418,+11.081,+0.945
1683499200,+3.45,+11.427,+11.041,+0.945
1683499260,+3.45,+11.356,+10.980,+0.944
1683499320,+3.45,+11.284,+10.956,+0.944
1683499380,+3.46,+11.311,+10.897,+0.944
1683499440,+3.45,+11.176,+10.856,+0.943
1683499500,+3.45,+11.167,+10.775,+0.944
1683499560,+3.45,+11.041,+10.770,+0.944
1683499620,+3.45,+11.023,+10.758,+0.944
1683499680,+3.45,+11.068,+10.731,+0.944
1683499740,+3.45,+10.978,+10.737,+0.944
1683499800,+3.46,+10.896,+10.740,+0.943
1683499860,+3.45,+10.697,+10.359,+0.942
1683499920,+3.46,+10.434,+10.354,+0.943
1683499980,+3.46,+10.298,+10.431,+0.943
1683500040,+3.45,+10.179,+10.505,+0.944
1683500100,+3.46,+10.115,+10.533,+0.944
1683500160,+3.45,+10.124,+10.523,+0.944
1683500220,+3.45,+10.060,+10.526,+0.943
1683500280,+3.45,+10.042,+10.526,+0.943
1683500340,+3.45, +9.996,+10.547,+0.943
1683500400,+3.45,+10.005,+10.542,+0.944
1683500460,+3.46, +9.978,+10.553,+0.944
1683500520,+3.45, +9.960,+10.545,+0.944
1683500580,+3.45, +9.969,+10.533,+0.944
1683500640,+3.45, +9.978,+10.528,+0.944
1683500700,+3.45, +9.996,+10.520,+0.944
1683500760,+3.45, +9.996,+10.515,+0.944
1683500820,+3.46,+10.042,+10.497,+0.944
1683500880,+3.46,+10.060,+10.496,+0.944
1683500940,+3.46,+10.106,+10.484,+0.944
1683501000,+3.46,+10.106,+10.499,+0.944
1683501060,+3.46,+10.143,+10.469,+0.944
1683501120,+3.45,+10.124,+10.490,+0.944
1683501180,+3.46,+10.161,+10.458,+0.944
1683501240,+3.45,+10.051,+10.386,+0.944
1683501300,+3.45, +9.996,+10.347,+0.944
1683501360,+3.45, +9.905,+10.357,+0.943
1683501420,+3.45, +9.886,+10.373,+0.944
1683501480,+3.45, +9.868,+10.385,+0.944
1683501540,+3.45, +9.877,+10.370,+0.944
1683501600,+3.45, +9.840,+10.422,+0.944
1683501660,+3.45, +9.776,+10.614,+0.944
1683501720,+3.45, +9.859,+10.808,+0.944
1683501780,+3.45, +9.859,+10.832,+0.944
1683501840,+3.45, +9.831,+10.871,+0.945
1683501900,+3.45, +9.868,+10.857,+0.944
1683501960,+3.45, +9.840,+10.869,+0.944
1683502020,+3.45, +9.877,+10.873,+0.945
1683502080,+3.45, +9.795,+10.916,+0.945
1683502140,+3.45, +9.822,+10.883,+0.944
1683502200,+3.45, +9.877,+10.846,+0.945
1683502260,+3.45, +9.850,+10.824,+0.945
1683502320,+3.45, +9.840,+10.808,+0.944
1683502380,+3.45, +9.895,+10.757,+0.944
1683502440,+3.45, +9.877,+10.749,+0.944
1683502500,+3.45, +9.868,+10.719,+0.944
1683502560,+3.45, +9.932,+10.653,+0.944
1683502620,+3.45, +9.895,+10.625,+0.944
1683502680,+3.45, +9.813,+10.632,+0.944
1683502740,+3.46, +9.785,+10.644,+0.945
1683502800,+3.45, +9.749,+10.660,+0.944
1683502860,+3.45, +9.739,+10.609,+0.944
1683502920,+3.45, +9.749,+10.596,+0.944
1683502980,+3.45, +9.758,+10.580,+0.944
1683503040,+3.45, +9.703,+10.604,+0.945
1683503100,+3.45, +9.758,+10.561,+0.944
1683503160,+3.45, +9.739,+10.557,+0.945
1683503220,+3.45, +9.776,+10.516,+0.944
1683503280,+3.45, +9.804,+10.506,+0.945
1683503340,+3.45, +9.795,+10.464,+0.944
1683503400,+3.45, +9.831,+10.424,+0.944
1683503460,+3.45, +9.758,+10.455,+0.944
1683503520,+3.45, +9.813,+10.415,+0.944
1683503580,+3.45, +9.795,+10.404,+0.944
1683503640,+3.45, +9.804,+10.380,+0.944
1683503700,+3.45, +9.767,+10.407,+0.944
1683503760,+3.45, +9.767,+10.431,+0.944
1683503820,+3.45, +9.712,+10.470,+0.944
1683503880,+3.45, +9.758,+10.488,+0.944
1683503940,+3.45, +9.776,+10.514,+0.944
1683504000,+3.45, +9.749,+10.513,+0.944
1683504060,+3.45, +9.721,+10.549,+0.944
1683504120,+3.45, +9.694,+10.560,+0.945
1683504180,+3.45, +9.694,+10.548,+0.944
1683504240,+3.45, +9.648,+10.578,+0.945
1683504300,+3.45, +9.684,+10.550,+0.944
1683504360,+3.46, +9.666,+10.549,+0.944
1683504420,+3.45, +9.694,+10.534,+0.944
1683504480,+3.45, +9.684,+10.545,+0.944
1683504540,+3.45, +9.666,+10.553,+0.944
1683504600,+3.45, +9.721,+10.589,+0.944
1683504660,+3.45, +9.657,+10.633,+0.944
1683504720,+3.45, +9.657,+10.640,+0.944
1683504780,+3.45, +9.703,+10.637,+0.945
1683504840,+3.45, +9.776,+10.538,+0.944
1683504900,+3.45, +9.758,+10.520,+0.944
1683504960,+3.45, +9.767,+10.502,+0.944
1683505020,+3.45, +9.767,+10.503,+0.944
1683505080,+3.45, +9.758,+10.496,+0.945
1683505140,+3.45, +9.730,+10.493,+0.944
1683505200,+3.45, +9.739,+10.475,+0.945
1683505260,+3.45, +9.758,+10.452,+0.944
1683505320,+3.45, +9.684,+10.487,+0.944
1683505380,+3.45, +9.703,+10.473,+0.944
1683505440,+3.45, +9.767,+10.450,+0.944
1683505500,+3.45, +9.666,+10.451,+0.944
1683505560,+3.45, +9.629,+10.452,+0.944
1683505620,+3.45, +9.583,+10.501,+0.944
1683505680,+3.45, +9.565,+10.517,+0.944
1683505740,+3.45, +9.565,+10.513,+0.944
1683505800,+3.45, +9.546,+10.523,+0.944
1683505860,+3.45, +9.528,+10.542,+0.944
1683505920,+3.45, +9.491,+10.541,+0.944
1683505980,+3.45, +9.519,+10.521,+0.944
1683506040,+3.45, +9.473,+10.531,+0.944
1683506100,+3.45, +9.546,+10.485,+0.944
1683506160,+3.46, +9.519,+10.474,+0.944
1683506220,+3.45, +9.491,+10.473,+0.944
1683506280,+3.45, +9.473,+10.487,+0.944
1683506340,+3.46, +9.454,+10.511,+0.944
1683506400,+3.45, +9.537,+10.469,+0.944
1683506460,+3.45, +9.500,+10.477,+0.944
1683506520,+3.45, +9.463,+10.451,+0.944
1683506580,+3.45, +9.473,+10.348,+0.944
1683506640,+3.45, +9.352,+10.338,+0.944
1683506700,+3.45, +9.352,+10.175,+0.944
1683506760,+3.46, +9.260,+10.143,+0.944
1683506820,+3.46, +9.278,+10.135,+0.944
1683506880,+3.46, +9.186,+10.174,+0.943
1683506940,+3.46, +9.084,+10.227,+0.944
1683507000,+3.45, +9.112,+10.255,+0.944
1683507060,+3.45, +9.075,+10.271,+0.944
1683507120,+3.46, +9.065,+10.269,+0.944
1683507180,+3.45, +9.019,+10.312,+0.944
1683507240,+3.45, +9.019,+10.298,+0.944
1683507300,+3.45, +9.047,+10.284,+0.944
1683507360,+3.46, +9.010,+10.314,+0.944
1683507420,+3.46, +9.019,+10.294,+0.944
1683507480,+3.46, +9.000,+10.297,+0.944
1683507540,+3.46, +8.982,+10.310,+0.944
1683507600,+3.46, +9.065,+10.286,+0.944
1683507660,+3.46, +9.093,+10.295,+0.944
1683507720,+3.45, +9.130,+10.329,+0.945
1683507780,+3.46, +9.195,+10.370,+0.945
1683507840,+3.46, +9.399,+10.362,+0.945
1683507900,+3.45, +9.684,+10.440,+0.945
1683507960,+3.45, +9.859,+10.490,+0.945
1683508020,+3.45,+10.024,+10.492,+0.945
1683508080,+3.45,+10.124,+10.477,+0.945
1683508140,+3.45,+10.015,+10.451,+0.945
1683508200,+3.45,+10.088,+10.460,+0.945
1683508260,+3.46,+10.288,+10.456,+0.945
1683508320,+3.45,+10.425,+10.547,+0.946
1683508380,+3.45,+10.552,+10.602,+0.945
1683508440,+3.45,+10.570,+10.585,+0.944
1683508500,+3.45,+10.498,+10.563,+0.945
1683508560,+3.45,+10.534,+10.579,+0.945
1683508620,+3.45,+10.534,+10.593,+0.944
1683508680,+3.45,+10.598,+10.573,+0.944
1683508740,+3.45,+10.570,+10.600,+0.945
1683508800,+3.45,+10.625,+10.635,+0.945
1683508860,+3.45,+10.634,+10.684,+0.945
1683508920,+3.45,+10.625,+10.555,+0.943
1683508980,+3.46,+10.279,+10.197,+0.943
1683509040,+3.45,+10.024,+10.187,+0.943
1683509100,+3.45, +9.877,+10.186,+0.943
1683509160,+3.45, +9.850,+10.178,+0.944
1683509220,+3.45, +9.712,+10.233,+0.943
1683509280,+3.45, +9.721,+10.211,+0.943
1683509340,+3.45, +9.611,+10.282,+0.944
1683509400,+3.45, +9.602,+10.301,+0.944
1683509460,+3.45, +9.519,+10.327,+0.944
1683509520,+3.45, +9.546,+10.268,+0.944
1683509580,+3.45, +9.473,+10.261,+0.944
1683509640,+3.45, +9.491,+10.230,+0.944
1683509700,+3.46, +9.473,+10.218,+0.944
1683509760,+3.45, +9.417,+10.235,+0.944
1683509820,+3.45, +9.445,+10.222,+0.944
1683509880,+3.45, +9.426,+10.239,+0.944
1683509940,+3.45, +9.491,+10.227,+0.944
1683510000,+3.45, +9.537,+10.292,+0.944
1683510060,+3.45, +9.712,+10.336,+0.944
1683510120,+3.45, +9.859,+10.437,+0.945
1683510180,+3.45,+10.024,+10.456,+0.945
1683510240,+3.45,+10.051,+10.382,+0.944
1683510300,+3.45, +9.859,+10.371,+0.944
1683510360,+3.45, +9.831,+10.308,+0.944
1683510420,+3.45, +9.721,+10.295,+0.943
1683510480,+3.45, +9.638,+10.302,+0.944
1683510540,+3.45, +9.648,+10.251,+0.943
1683510600,+3.45, +9.611,+10.255,+0.944
1683510660,+3.45, +9.611,+10.250,+0.944
1683510720,+3.45, +9.537,+10.263,+0.944
1683510780,+3.45, +9.565,+10.256,+0.944
1683510840,+3.45, +9.675,+10.321,+0.945
1683510900,+3.45, +9.868,+10.399,+0.945
1683510960,+3.45,+10.051,+10.454,+0.945
1683511020,+3.45,+10.225,+10.524,+0.945
1683511080,+3.45,+10.461,+10.632,+0.945
1683511140,+3.45,+10.752,+10.749,+0.945
1683511200,+3.45,+10.996,+10.782,+0.946
1683511260,+3.45,+11.212,+10.848,+0.946
1683511320,+3.45,+11.508,+10.913,+0.946
1683511380,+3.45,+11.741,+10.984,+0.946
1683511440,+3.45,+11.972,+11.076,+0.946
1683511500,+3.45,+12.186,+11.121,+0.946
1683511560,+3.45,+12.248,+11.163,+0.946
1683511620,+3.45,+12.106,+10.626,+0.943
1683511680,+3.45,+11.714,+10.579,+0.943
1683511740,+3.45,+11.481,+10.552,+0.944
1683511800,+3.45,+11.329,+10.641,+0.944
1683511860,+3.45,+11.158,+10.479,+0.943
1683511920,+3.45,+10.951,+10.377,+0.943
1683511980,+3.45,+10.896,+10.410,+0.943
1683512040,+3.45,+10.905,+10.450,+0.944
1683512100,+3.45,+10.878,+10.485,+0.944
1683512160,+3.45,+10.842,+10.497,+0.944
1683512220,+3.45,+10.842,+10.499,+0.944
1683512280,+3.45,+10.851,+10.519,+0.944
1683512340,+3.45,+10.860,+10.546,+0.944
1683512400,+3.45,+10.914,+10.576,+0.944
1683512460,+3.45,+10.914,+10.599,+0.944
1683512520,+3.45,+10.869,+10.614,+0.944
1683512580,+3.45,+10.860,+10.643,+0.944
1683512640,+3.45,+10.951,+10.647,+0.944
1683512700,+3.45,+10.941,+10.665,+0.944
1683512760,+3.45,+11.086,+10.693,+0.945
1683512820,+3.45,+11.221,+10.762,+0.945
1683512880,+3.45,+11.427,+10.824,+0.945
1683512940,+3.45,+11.687,+10.948,+0.945
1683513000,+3.45,+11.964,+11.019,+0.945
1683513060,+3.45,+12.177,+11.093,+0.946
1683513120,+3.45,+12.310,+11.140,+0.945
1683513180,+3.45,+12.496,+10.366,+0.940
1683513240,+3.46,+11.230, +9.586,+0.940
1683513300,+3.45,+10.489, +9.528,+0.941
1683513360,+3.45, +9.960, +9.565,+0.941
1683513420,+3.45, +9.611, +9.587,+0.941
1683513480,+3.46, +9.334, +9.712,+0.942
1683513540,+3.46, +9.232, +9.785,+0.941
1683513600,+3.45, +9.195, +9.835,+0.942
1683513660,+3.46, +9.232, +9.984,+0.943
1683513720,+3.45, +9.509,+10.173,+0.943
1683513780,+3.45, +9.877,+10.368,+0.945
1683513840,+3.45,+10.298,+10.492,+0.945
1683513900,+3.45,+10.652,+10.670,+0.945
1683513960,+3.45,+11.068,+10.806,+0.946
1683514020,+3.45,+11.472,+10.898,+0.946
1683514080,+3.45,+11.874,+10.985,+0.946
1683514140,+3.45,+12.195,+11.043,+0.946
1683514200,+3.45,+12.434,+11.084,+0.946
1683514260,+3.45,+12.585,+11.141,+0.946
1683514320,+3.45,+12.761,+11.166,+0.946
1683514380,+3.45,+12.849,+11.212,+0.946
1683514440,+3.45,+12.999,+10.691,+0.942
1683514500,+3.45,+11.910,+10.030,+0.941
1683514560,+3.46,+11.391,+10.103,+0.942
1683514620,+3.45,+11.059,+10.232,+0.943
1683514680,+3.45,+11.059,+10.489,+0.943
1683514740,+3.45,+11.212,+10.660,+0.944
1683514800,+3.46,+11.391,+10.699,+0.944
1683514860,+3.46,+11.427,+10.705,+0.944
1683514920,+3.46,+11.338,+10.710,+0.944
1683514980,+3.45,+11.374,+10.709,+0.944
1683515040,+3.45,+11.427,+10.702,+0.944
1683515100,+3.46,+11.499,+10.703,+0.944
1683515160,+3.45,+11.633,+10.703,+0.944
1683515220,+3.46,+11.830,+10.881,+0.944
1683515280,+3.45,+12.053,+10.947,+0.945
1683515340,+3.45,+12.177,+10.911,+0.945
1683515400,+3.45,+11.741,+10.357,+0.942
1683515460,+3.46,+11.338,+10.257,+0.942
1683515520,+3.45,+10.996,+10.149,+0.942
1683515580,+3.45,+10.697,+10.186,+0.943
1683515640,+3.45,+10.607,+10.374,+0.943
1683515700,+3.46,+10.507,+10.441,+0.943
1683515760,+3.46,+10.543,+10.437,+0.943
1683515820,+3.46,+10.543,+10.437,+0.943
1683515880,+3.46,+10.470,+10.530,+0.944
1683515940,+3.46,+10.570,+10.565,+0.943
1683516000,+3.45,+10.634,+10.638,+0.944
1683516060,+3.45,+10.779,+10.674,+0.944
1683516120,+3.45,+10.905,+10.718,+0.944
1683516180,+3.45,+11.041,+10.673,+0.944
1683516240,+3.45,+11.113,+10.654,+0.944
1683516300,+3.45,+10.960,+10.351,+0.943
1683516360,+3.45,+10.688,+10.326,+0.943
1683516420,+3.45,+10.489,+10.285,+0.943
1683516480,+3.45,+10.325,+10.323,+0.944
1683516540,+3.45,+10.170,+10.361,+0.943
1683516600,+3.45,+10.060,+10.378,+0.943
1683516660,+3.45,+10.015,+10.377,+0.943
1683516720,+3.46, +9.941,+10.389,+0.944
1683516780,+3.46, +9.850,+10.420,+0.943
1683516840,+3.45, +9.822,+10.419,+0.943
1683516900,+3.45, +9.831,+10.396,+0.943
1683516960,+3.45, +9.804,+10.398,+0.944
1683517020,+3.45, +9.767,+10.408,+0.944
1683517080,+3.46, +9.776,+10.389,+0.944
1683517140,+3.45, +9.730,+10.400,+0.944
1683517200,+3.45, +9.758,+10.377,+0.944
1683517260,+3.46, +9.730,+10.401,+0.944
1683517320,+3.45, +9.739,+10.407,+0.944
1683517380,+3.46, +9.730,+10.402,+0.944
1683517440,+3.46, +9.785,+10.385,+0.944
1683517500,+3.45, +9.795,+10.384,+0.944
1683517560,+3.45, +9.739,+10.381,+0.944
1683517620,+3.45, +9.684,+10.357,+0.944
1683517680,+3.45, +9.648,+10.327,+0.943
1683517740,+3.45, +9.611,+10.321,+0.944
1683517800,+3.45, +9.611,+10.311,+0.944
1683517860,+3.46, +9.555,+10.308,+0.944
1683517920,+3.45, +9.537,+10.303,+0.944
1683517980,+3.45, +9.528,+10.291,+0.943
1683518040,+3.46, +9.519,+10.297,+0.944
1683518100,+3.45, +9.537,+10.300,+0.944
1683518160,+3.46, +9.500,+10.318,+0.944
1683518220,+3.45, +9.574,+10.295,+0.944
1683518280,+3.46, +9.546,+10.323,+0.944
1683518340,+3.45, +9.675,+10.328,+0.944
1683518400,+3.45, +9.730,+10.381,+0.945
1683518460,+3.45, +9.850,+10.384,+0.944
1683518520,+3.45, +9.978,+10.413,+0.944
1683518580,+3.45,+10.024,+10.427,+0.944
1683518640,+3.46,+10.051,+10.433,+0.944
1683518700,+3.45,+10.225,+10.431,+0.944
1683518760,+3.45,+10.243,+10.458,+0.945
1683518820,+3.46,+10.343,+10.456,+0.944
1683518880,+3.46,+10.352,+10.534,+0.944
1683518940,+3.46,+10.443,+10.611,+0.944
1683519000,+3.45,+10.452,+10.687,+0.945
1683519060,+3.46,+10.434,+10.724,+0.945
1683519120,+3.45,+10.461,+10.765,+0.945
1683519180,+3.46,+10.552,+10.777,+0.944
1683519240,+3.46,+10.507,+10.872,+0.944
1683519300,+3.46,+10.561,+10.845,+0.945
1683519360,+3.45,+10.461,+10.810,+0.945
1683519420,+3.45,+10.489,+10.705,+0.944
1683519480,+3.45,+10.498,+10.598,+0.944
1683519540,+3.45,+10.480,+10.554,+0.944
1683519600,+3.45,+10.470,+10.546,+0.944
1683519660,+3.46,+10.543,+10.520,+0.944
1683519720,+3.46,+10.534,+10.530,+0.944
1683519780,+3.45,+10.525,+10.569,+0.944
1683519840,+3.45,+10.607,+10.576,+0.944
1683519900,+3.45,+10.607,+10.599,+0.944
1683519960,+3.46,+10.534,+10.663,+0.944
1683520020,+3.46,+10.598,+10.606,+0.944
1683520080,+3.46,+10.570,+10.695,+0.944
1683520140,+3.45,+10.561,+10.785,+0.944
1683520200,+3.45,+10.507,+10.808,+0.944
1683520260,+3.45,+10.507,+10.761,+0.944
1683520320,+3.46,+10.443,+10.690,+0.944
1683520380,+3.45,+10.425,+10.658,+0.945
1683520440,+3.46,+10.325,+10.647,+0.944
1683520500,+3.45,+10.389,+10.633,+0.944
1683520560,+3.45,+10.416,+10.617,+0.944
1683520620,+3.46,+10.398,+10.651,+0.944
1683520680,+3.46,+10.434,+10.662,+0.944
1683520740,+3.45,+10.480,+10.650,+0.944
1683520800,+3.46,+10.307,+10.583,+0.944
1683520860,+3.46,+10.243,+10.501,+0.944
1683520920,+3.45,+10.252,+10.421,+0.944
1683520980,+3.46,+10.179,+10.417,+0.944
1683521040,+3.45,+10.143,+10.397,+0.944
1683521100,+3.46,+10.161,+10.390,+0.944
1683521160,+3.45,+10.033,+10.421,+0.944
1683521220,+3.46,+10.079,+10.365,+0.943
1683521280,+3.45, +9.969,+10.427,+0.944
1683521340,+3.45, +9.978,+10.479,+0.943
1683521400,+3.45, +9.923,+10.494,+0.944
1683521460,+3.45, +9.850,+10.433,+0.943
1683521520,+3.45, +9.767,+10.414,+0.944
1683521580,+3.45, +9.730,+10.401,+0.944
1683521640,+3.46, +9.666,+10.407,+0.944
1683521700,+3.45, +9.666,+10.388,+0.944
1683521760,+3.45, +9.602,+10.404,+0.944
1683521820,+3.45, +9.638,+10.380,+0.944
1683521880,+3.45, +9.574,+10.408,+0.944
1683521940,+3.46, +9.574,+10.389,+0.944
1683522000,+3.45, +9.620,+10.364,+0.944
1683522060,+3.46, +9.574,+10.400,+0.944
1683522120,+3.45, +9.620,+10.429,+0.944
1683522180,+3.45, +9.666,+10.422,+0.944
1683522240,+3.45, +9.749,+10.402,+0.944
1683522300,+3.45, +9.822,+10.398,+0.944
1683522360,+3.45, +9.886,+10.384,+0.944
1683522420,+3.45, +9.969,+10.388,+0.945
1683522480,+3.45,+10.042,+10.398,+0.944
1683522540,+3.46,+10.088,+10.424,+0.945
1683522600,+3.46,+10.143,+10.394,+0.944
1683522660,+3.46,+10.124,+10.395,+0.944
1683522720,+3.45,+10.179,+10.366,+0.944
1683522780,+3.45,+10.161,+10.370,+0.944
1683522840,+3.45,+10.024,+10.369,+0.944
1683522900,+3.45, +9.941,+10.360,+0.944
1683522960,+3.45,+10.005,+10.362,+0.944
1683523020,+3.45,+10.024,+10.373,+0.945
1683523080,+3.45,+10.033,+10.380,+0.944
1683523140,+3.45,+10.097,+10.351,+0.944
1683523200,+3.45,+10.069,+10.367,+0.944
1683523260,+3.45,+10.024,+10.331,+0.944
1683523320,+3.45, +9.969,+10.310,+0.944
1683523380,+3.45, +9.960,+10.304,+0.944
1683523440,+3.45, +9.978,+10.286,+0.944
1683523500,+3.45, +9.914,+10.321,+0.944
1683523560,+3.45, +9.923,+10.327,+0.944
1683523620,+3.45, +9.886,+10.340,+0.944
1683523680,+3.45, +9.905,+10.325,+0.944
1683523740,+3.45, +9.850,+10.328,+0.944
1683523800,+3.45, +9.905,+10.252,+0.944
1683523860,+3.45, +9.813,+10.245,+0.944
1683523920,+3.45, +9.795,+10.226,+0.944
1683523980,+3.45, +9.785,+10.215,+0.944
1683524040,+3.45, +9.776,+10.222,+0.944
1683524100,+3.45, +9.758,+10.218,+0.944
1683524160,+3.45, +9.804,+10.180,+0.943
1683524220,+3.45, +9.785,+10.204,+0.944
1683524280,+3.45, +9.730,+10.254,+0.944
1683524340,+3.45, +9.730,+10.279,+0.944
1683524400,+3.45, +9.795,+10.262,+0.944
1683524460,+3.45, +9.822,+10.266,+0.944
1683524520,+3.45, +9.850,+10.267,+0.944
1683524580,+3.45, +9.813,+10.284,+0.944
1683524640,+3.45, +9.886,+10.252,+0.943
1683524700,+3.45, +9.877,+10.282,+0.944
1683524760,+3.45, +9.886,+10.272,+0.944
1683524820,+3.45, +9.895,+10.263,+0.944
1683524880,+3.45, +9.859,+10.263,+0.944
1683524940,+3.45, +9.905,+10.220,+0.944
1683525000,+3.45, +9.840,+10.216,+0.944
1683525060,+3.45, +9.895,+10.206,+0.944
1683525120,+3.45, +9.932,+10.211,+0.944
1683525180,+3.45, +9.914,+10.255,+0.944
1683525240,+3.45, +9.987,+10.252,+0.944
1683525300,+3.45,+10.060,+10.266,+0.944
1683525360,+3.45,+10.060,+10.303,+0.945
1683525420,+3.46,+10.124,+10.313,+0.944
1683525480,+3.45,+10.152,+10.361,+0.944
1683525540,+3.46,+10.234,+10.371,+0.945
1683525600,+3.46,+10.279,+10.372,+0.945
1683525660,+3.46,+10.316,+10.367,+0.944
1683525720,+3.46,+10.361,+10.410,+0.945
1683525780,+3.45,+10.361,+10.431,+0.944
1683525840,+3.46,+10.334,+10.410,+0.944
1683525900,+3.45,+10.225,+10.331,+0.944
1683525960,+3.46,+10.225,+10.286,+0.944
1683526020,+3.45,+10.170,+10.298,+0.944
1683526080,+3.45,+10.188,+10.294,+0.945
1683526140,+3.45,+10.152,+10.276,+0.944
1683526200,+3.46,+10.206,+10.196,+0.944
1683526260,+3.45,+10.106,+10.205,+0.944
1683526320,+3.45,+10.133,+10.159,+0.944
1683526380,+3.46,+10.152,+10.173,+0.944
1683526440,+3.46,+10.170,+10.190,+0.944
1683526500,+3.46,+10.197,+10.211,+0.944
1683526560,+3.46,+10.206,+10.276,+0.944
1683526620,+3.45,+10.288,+10.292,+0.944
1683526680,+3.45,+10.270,+10.356,+0.944
1683526740,+3.46,+10.325,+10.365,+0.944
1683526800,+3.46,+10.307,+10.396,+0.944
1683526860,+3.45,+10.334,+10.396,+0.944
1683526920,+3.46,+10.279,+10.405,+0.944
1683526980,+3.46,+10.307,+10.388,+0.944
1683527040,+3.46,+10.261,+10.399,+0.944
1683527100,+3.46,+10.270,+10.384,+0.944
1683527160,+3.46,+10.261,+10.394,+0.944
1683527220,+3.45,+10.279,+10.382,+0.944
1683527280,+3.46,+10.298,+10.372,+0.944
1683527340,+3.45,+10.298,+10.356,+0.944
1683527400,+3.46,+10.288,+10.364,+0.944
1683527460,+3.46,+10.279,+10.349,+0.944
1683527520,+3.45,+10.252,+10.368,+0.944
1683527580,+3.46,+10.316,+10.363,+0.944
1683527640,+3.46,+10.325,+10.372,+0.944
1683527700,+3.46,+10.343,+10.390,+0.944
1683527760,+3.45,+10.407,+10.413,+0.944
1683527820,+3.46,+10.325,+10.502,+0.944
1683527880,+3.45,+10.352,+10.524,+0.944
1683527940,+3.46,+10.343,+10.545,+0.944
1683528000,+3.45,+10.316,+10.519,+0.944
1683528060,+3.46,+10.334,+10.473,+0.944
1683528120,+3.46,+10.270,+10.460,+0.944
1683528180,+3.45,+10.252,+10.433,+0.944
1683528240,+3.45,+10.270,+10.395,+0.944
1683528300,+3.45,+10.243,+10.380,+0.944
1683528360,+3.46,+10.261,+10.351,+0.944
1683528420,+3.46,+10.288,+10.334,+0.944
1683528480,+3.45,+10.252,+10.351,+0.944
1683528540,+3.45,+10.325,+10.312,+0.944
1683528600,+3.45,+10.325,+10.341,+0.944
1683528660,+3.46,+10.325,+10.375,+0.944
1683528720,+3.45,+10.325,+10.396,+0.944
1683528780,+3.46,+10.334,+10.415,+0.944
1683528840,+3.46,+10.434,+10.374,+0.944
1683528900,+3.45,+10.416,+10.385,+0.944
1683528960,+3.45,+10.416,+10.391,+0.944
1683529020,+3.46,+10.398,+10.270,+0.944
1683529080,+3.46,+10.316,+10.272,+0.944
1683529140,+3.46,+10.325,+10.259,+0.944
1683529200,+3.46,+10.316,+10.255,+0.944
1683529260,+3.46,+10.316,+10.246,+0.944
1683529320,+3.45,+10.288,+10.266,+0.944
1683529380,+3.46,+10.298,+10.250,+0.944
1683529440,+3.46,+10.288,+10.255,+0.944
1683529500,+3.45,+10.234,+10.294,+0.944
1683529560,+3.45,+10.279,+10.279,+0.944
1683529620,+3.46,+10.279,+10.311,+0.944
1683529680,+3.46,+10.316,+10.327,+0.944
1683529740,+3.45,+10.261,+10.361,+0.944
1683529800,+3.45,+10.298,+10.350,+0.944
1683529860,+3.46,+10.352,+10.336,+0.944
1683529920,+3.46,+10.352,+10.341,+0.944
1683529980,+3.45,+10.407,+10.342,+0.944
1683530040,+3.46,+10.389,+10.435,+0.944
1683530100,+3.45,+10.443,+10.540,+0.944
1683530160,+3.45,+10.489,+10.541,+0.944
1683530220,+3.46,+10.452,+10.588,+0.944
1683530280,+3.46,+10.489,+10.579,+0.944
1683530340,+3.45,+10.543,+10.566,+0.944
1683530400,+3.46,+10.461,+10.462,+0.944
1683530460,+3.46,+10.325,+10.356,+0.944
1683530520,+3.46,+10.243,+10.240,+0.944
1683530580,+3.45,+10.179,+10.269,+0.943
1683530640,+3.45,+10.069,+10.358,+0.944
1683530700,+3.45,+10.005,+10.466,+0.944
1683530760,+3.45, +9.941,+10.503,+0.944
1683530820,+3.45, +9.932,+10.447,+0.944
1683530880,+3.45, +9.886,+10.442,+0.944
1683530940,+3.45, +9.831,+10.457,+0.944
1683531000,+3.45, +9.776,+10.505,+0.944
1683531060,+3.45, +9.749,+10.555,+0.944
1683531120,+3.46, +9.739,+10.558,+0.944
1683531180,+3.45, +9.785,+10.533,+0.944
1683531240,+3.45, +9.721,+10.559,+0.944
1683531300,+3.45, +9.712,+10.546,+0.944
1683531360,+3.45, +9.694,+10.566,+0.944
1683531420,+3.45, +9.694,+10.564,+0.944
1683531480,+3.46, +9.675,+10.569,+0.944
1683531540,+3.45, +9.684,+10.549,+0.944
1683531600,+3.45, +9.666,+10.535,+0.944
1683531660,+3.45, +9.657,+10.526,+0.944
1683531720,+3.45, +9.620,+10.538,+0.944
1683531780,+3.45, +9.620,+10.531,+0.944
1683531840,+3.45, +9.684,+10.486,+0.944
1683531900,+3.45, +9.629,+10.511,+0.944
1683531960,+3.46, +9.694,+10.491,+0.945
1683532020,+3.45, +9.675,+10.489,+0.944
1683532080,+3.45, +9.703,+10.508,+0.944
1683532140,+3.45, +9.730,+10.507,+0.944
1683532200,+3.45, +9.767,+10.516,+0.945
1683532260,+3.45, +9.776,+10.535,+0.945
1683532320,+3.45, +9.950,+10.506,+0.945
1683532380,+3.46,+10.033,+10.520,+0.945
1683532440,+3.45,+10.097,+10.551,+0.945
1683532500,+3.45,+10.143,+10.578,+0.945
1683532560,+3.46,+10.243,+10.564,+0.944
1683532620,+3.46,+10.270,+10.594,+0.945
1683532680,+3.46,+10.270,+10.634,+0.945
1683532740,+3.46,+10.316,+10.598,+0.944
1683532800,+3.46,+10.298,+10.608,+0.945
1683532860,+3.46,+10.298,+10.595,+0.945
1683532920,+3.46,+10.288,+10.587,+0.944
1683532980,+3.45,+10.298,+10.583,+0.944
1683533040,+3.46,+10.234,+10.623,+0.944
1683533100,+3.45,+10.270,+10.587,+0.944
1683533160,+3.46,+10.206,+10.614,+0.944
1683533220,+3.46,+10.206,+10.606,+0.944
1683533280,+3.45,+10.133,+10.590,+0.943
1683533340,+3.45,+10.005,+10.451,+0.943
1683533400,+3.45, +9.923,+10.399,+0.944
1683533460,+3.45, +9.739,+10.381,+0.943
1683533520,+3.45, +9.666,+10.374,+0.944
1683533580,+3.45, +9.620,+10.338,+0.944
1683533640,+3.45, +9.574,+10.323,+0.944
1683533700,+3.45, +9.565,+10.270,+0.943
1683533760,+3.45, +9.491,+10.266,+0.944
1683533820,+3.45, +9.463,+10.292,+0.944
1683533880,+3.46, +9.445,+10.276,+0.943
1683533940,+3.45, +9.473,+10.255,+0.943
1683534000,+3.45, +9.473,+10.278,+0.944
1683534060,+3.46, +9.408,+10.286,+0.944
1683534120,+3.46, +9.454,+10.260,+0.944
1683534180,+3.45, +9.371,+10.243,+0.944
1683534240,+3.46, +9.315,+10.208,+0.944
1683534300,+3.46, +9.306,+10.187,+0.944
1683534360,+3.46, +9.306,+10.173,+0.944
1683534420,+3.46, +9.306,+10.167,+0.944
1683534480,+3.45, +9.260,+10.186,+0.944
1683534540,+3.46, +9.306,+10.176,+0.944
1683534600,+3.46, +9.306,+10.180,+0.944
1683534660,+3.46, +9.315,+10.163,+0.944
1683534720,+3.45, +9.251,+10.173,+0.944
1683534780,+3.46, +9.297,+10.153,+0.944
1683534840,+3.46, +9.288,+10.179,+0.944
1683534900,+3.45, +9.325,+10.180,+0.944
1683534960,+3.45, +9.362,+10.171,+0.944
1683535020,+3.45, +9.352,+10.184,+0.944
1683535080,+3.45, +9.334,+10.197,+0.944
1683535140,+3.45, +9.334,+10.190,+0.944
1683535200,+3.45, +9.278,+10.222,+0.944
1683535260,+3.46, +9.362,+10.200,+0.944
1683535320,+3.46, +9.371,+10.223,+0.944
1683535380,+3.45, +9.352,+10.216,+0.944
1683535440,+3.45, +9.334,+10.231,+0.944
1683535500,+3.45, +9.315,+10.243,+0.944
1683535560,+3.45, +9.371,+10.216,+0.944
1683535620,+3.46, +9.352,+10.219,+0.944
1683535680,+3.46, +9.352,+10.233,+0.944
1683535740,+3.45, +9.380,+10.223,+0.944
1683535800,+3.46, +9.389,+10.249,+0.944
1683535860,+3.45, +9.463,+10.287,+0.944
1683535920,+3.46, +9.583,+10.350,+0.944
1683535980,+3.45, +9.675,+10.567,+0.945
1683536040,+3.45, +9.721,+10.646,+0.945
1683536100,+3.45, +9.758,+10.684,+0.944
1683536160,+3.45, +9.813,+10.698,+0.944
1683536220,+3.45, +9.840,+10.704,+0.945
1683536280,+3.45, +9.850,+10.691,+0.945
1683536340,+3.45, +9.840,+10.687,+0.944
1683536400,+3.45, +9.840,+10.673,+0.944
1683536460,+3.45, +9.822,+10.654,+0.944
1683536520,+3.45, +9.877,+10.611,+0.944
1683536580,+3.45, +9.859,+10.606,+0.944
1683536640,+3.45, +9.895,+10.584,+0.944
1683536700,+3.45, +9.877,+10.592,+0.944
1683536760,+3.45, +9.895,+10.573,+0.944
1683536820,+3.45, +9.923,+10.543,+0.944
1683536880,+3.45, +9.877,+10.478,+0.944
1683536940,+3.45, +9.868,+10.519,+0.944
1683537000,+3.45, +9.840,+10.623,+0.944
1683537060,+3.45, +9.840,+10.671,+0.944
1683537120,+3.45, +9.914,+10.652,+0.945
1683537180,+3.45, +9.868,+10.689,+0.944
1683537240,+3.45, +9.859,+10.740,+0.944
1683537300,+3.45, +9.868,+10.705,+0.944
1683537360,+3.45, +9.804,+10.701,+0.944
1683537420,+3.45, +9.813,+10.670,+0.944
1683537480,+3.45, +9.859,+10.617,+0.944
1683537540,+3.45, +9.813,+10.619,+0.944
1683537600,+3.45, +9.850,+10.576,+0.944
1683537660,+3.45, +9.822,+10.573,+0.944
1683537720,+3.45, +9.932,+10.533,+0.945
1683537780,+3.45, +9.996,+10.511,+0.945
1683537840,+3.45, +9.950,+10.534,+0.945
1683537900,+3.45, +9.978,+10.519,+0.944
1683537960,+3.45,+10.060,+10.484,+0.944
1683538020,+3.45, +9.987,+10.525,+0.944
1683538080,+3.45,+10.069,+10.497,+0.944
1683538140,+3.45,+10.069,+10.499,+0.944
1683538200,+3.45,+10.115,+10.492,+0.944
1683538260,+3.45,+10.206,+10.468,+0.944
1683538320,+3.46,+10.161,+10.483,+0.944
1683538380,+3.45,+10.133,+10.487,+0.944
1683538440,+3.45,+10.197,+10.485,+0.944
1683538500,+3.45,+10.143,+10.510,+0.944
1683538560,+3.46,+10.179,+10.497,+0.944
1683538620,+3.45,+10.206,+10.481,+0.944
1683538680,+3.45,+10.234,+10.496,+0.944
1683538740,+3.45,+10.170,+10.528,+0.944
1683538800,+3.45,+10.152,+10.592,+0.944
1683538860,+3.45,+10.124,+10.640,+0.944
1683538920,+3.45,+10.088,+10.645,+0.944
1683538980,+3.45,+10.015,+10.633,+0.944
1683539040,+3.45, +9.914,+10.671,+0.944
1683539100,+3.45, +9.978,+10.608,+0.944
1683539160,+3.45, +9.923,+10.598,+0.944
1683539220,+3.45, +9.886,+10.589,+0.943
1683539280,+3.45, +9.831,+10.598,+0.944
1683539340,+3.45, +9.776,+10.591,+0.944
1683539400,+3.45, +9.859,+10.527,+0.944
1683539460,+3.45, +9.767,+10.553,+0.944
1683539520,+3.45, +9.739,+10.481,+0.944
1683539580,+3.45, +9.703,+10.458,+0.944
1683539640,+3.45, +9.694,+10.411,+0.943
1683539700,+3.45, +9.620,+10.424,+0.944
1683539760,+3.45, +9.629,+10.426,+0.944
1683539820,+3.45, +9.629,+10.433,+0.944
1683539880,+3.45, +9.620,+10.444,+0.944
1683539940,+3.45, +9.629,+10.436,+0.943
1683540000,+3.45, +9.638,+10.446,+0.944
1683540060,+3.45, +9.638,+10.454,+0.944
1683540120,+3.45, +9.648,+10.448,+0.944
1683540180,+3.45, +9.638,+10.443,+0.944
1683540240,+3.45, +9.638,+10.434,+0.944
1683540300,+3.45, +9.602,+10.459,+0.944
1683540360,+3.45, +9.592,+10.457,+0.944
1683540420,+3.45, +9.620,+10.441,+0.944
1683540480,+3.45, +9.629,+10.440,+0.944
1683540540,+3.45, +9.611,+10.451,+0.944
1683540600,+3.45, +9.629,+10.455,+0.944
1683540660,+3.45, +9.675,+10.418,+0.944
1683540720,+3.45, +9.638,+10.455,+0.943
1683540780,+3.45, +9.666,+10.475,+0.944
1683540840,+3.45, +9.602,+10.527,+0.944
1683540900,+3.45, +9.638,+10.556,+0.944
1683540960,+3.45, +9.712,+10.541,+0.944
1683541020,+3.45, +9.675,+10.584,+0.945
1683541080,+3.45, +9.730,+10.579,+0.944
1683541140,+3.45, +9.694,+10.585,+0.944
1683541200,+3.45, +9.675,+10.593,+0.944
1683541260,+3.45, +9.804,+10.544,+0.945
1683541320,+3.45, +9.795,+10.547,+0.945
1683541380,+3.45, +9.730,+10.570,+0.945
1683541440,+3.45, +9.767,+10.544,+0.944
1683541500,+3.45, +9.712,+10.561,+0.944
1683541560,+3.45, +9.739,+10.548,+0.944
1683541620,+3.45, +9.749,+10.524,+0.944
1683541680,+3.45, +9.712,+10.537,+0.944
1683541740,+3.45, +9.721,+10.536,+0.944
1683541800,+3.45, +9.749,+10.520,+0.944
1683541860,+3.45, +9.721,+10.535,+0.944
1683541920,+3.45, +9.776,+10.518,+0.944
1683541980,+3.45, +9.758,+10.526,+0.944
1683542040,+3.45, +9.730,+10.536,+0.944
1683542100,+3.45, +9.694,+10.562,+0.944
1683542160,+3.45, +9.703,+10.559,+0.944
1683542220,+3.45, +9.739,+10.537,+0.944
1683542280,+3.45, +9.804,+10.527,+0.944
1683542340,+3.45, +9.877,+10.526,+0.944
1683542400,+3.45, +9.859,+10.552,+0.944
1683542460,+3.45, +9.960,+10.516,+0.944
1683542520,+3.45, +9.895,+10.547,+0.944
1683542580,+3.45, +9.978,+10.535,+0.945
1683542640,+3.45, +9.987,+10.536,+0.944
1683542700,+3.45,+10.051,+10.514,+0.944
1683542760,+3.45,+10.015,+10.538,+0.944
1683542820,+3.45,+10.033,+10.530,+0.944
1683542880,+3.45,+10.042,+10.517,+0.944
1683542940,+3.45,+10.015,+10.538,+0.944
1683543000,+3.45, +9.996,+10.555,+0.945
1683543060,+3.45, +9.996,+10.537,+0.944
1683543120,+3.45, +9.996,+10.537,+0.944
1683543180,+3.45, +9.905,+10.571,+0.944
1683543240,+3.45, +9.969,+10.562,+0.944
1683543300,+3.45, +9.996,+10.587,+0.945
1683543360,+3.45,+10.051,+10.575,+0.944
1683543420,+3.45,+10.079,+10.575,+0.944
1683543480,+3.45,+10.106,+10.612,+0.944
1683543540,+3.45,+10.206,+10.643,+0.945
1683543600,+3.45,+10.298,+10.692,+0.944
1683543660,+3.45,+10.370,+10.797,+0.944
1683543720,+3.45,+10.561,+11.028,+0.944
1683543780,+3.45,+10.688,+11.159,+0.945
1683543840,+3.45,+10.797,+11.204,+0.945
1683543900,+3.45,+10.788,+11.264,+0.945
1683543960,+3.45,+10.869,+11.268,+0.945
1683544020,+3.45,+10.941,+11.272,+0.945
1683544080,+3.45,+10.905,+11.286,+0.945
1683544140,+3.45,+10.969,+11.274,+0.945
1683544200,+3.45,+10.969,+11.274,+0.945
1683544260,+3.45,+11.068,+11.227,+0.945
1683544320,+3.45,+10.923,+11.284,+0.944
1683544380,+3.45,+11.068,+11.244,+0.945
1683544440,+3.45,+11.005,+11.270,+0.945
1683544500,+3.45,+10.996,+11.263,+0.945
1683544560,+3.45,+11.041,+11.238,+0.945
1683544620,+3.45,+11.041,+11.258,+0.945
1683544680,+3.45,+11.050,+11.254,+0.944
1683544740,+3.45,+11.050,+11.265,+0.945
1683544800,+3.45,+11.086,+11.257,+0.945
1683544860,+3.45,+11.050,+11.267,+0.945
1683544920,+3.45,+11.131,+11.229,+0.945
1683544980,+3.45,+11.113,+11.246,+0.945
1683545040,+3.45,+11.158,+11.210,+0.944
1683545100,+3.45,+11.176,+11.199,+0.944
1683545160,+3.45,+11.203,+11.186,+0.944
1683545220,+3.45,+11.176,+11.196,+0.945
1683545280,+3.45,+11.212,+11.188,+0.945
1683545340,+3.45,+11.266,+11.135,+0.944
1683545400,+3.45,+11.221,+11.167,+0.945
1683545460,+3.45,+11.248,+11.148,+0.944
1683545520,+3.45,+11.221,+11.162,+0.944
1683545580,+3.45,+11.230,+11.162,+0.945
1683545640,+3.45,+11.284,+11.129,+0.944
1683545700,+3.45,+11.284,+11.141,+0.944
1683545760,+3.45,+11.293,+11.129,+0.944
1683545820,+3.45,+11.248,+11.139,+0.945
1683545880,+3.45,+11.257,+11.130,+0.944
1683545940,+3.45,+11.329,+11.112,+0.945
1683546000,+3.45,+11.248,+11.138,+0.944
1683546060,+3.45,+11.257,+11.151,+0.944
1683546120,+3.45,+11.239,+11.161,+0.944
1683546180,+3.45,+11.275,+11.155,+0.945
1683546240,+3.45,+11.275,+11.162,+0.945
1683546300,+3.45,+11.284,+11.175,+0.945
1683546360,+3.46,+11.311,+11.148,+0.944
1683546420,+3.45,+11.275,+11.168,+0.945
1683546480,+3.45,+11.284,+11.153,+0.944
1683546540,+3.46,+11.338,+11.144,+0.945
1683546600,+3.45,+11.320,+11.147,+0.944
1683546660,+3.45,+11.338,+11.129,+0.944
1683546720,+3.45,+11.266,+11.081,+0.944
1683546780,+3.45,+11.023,+11.246,+0.944
1683546840,+3.45,+11.005,+11.284,+0.944
1683546900,+3.45,+10.923,+11.146,+0.943
1683546960,+3.45,+10.851,+11.099,+0.943
1683547020,+3.45,+10.743,+11.025,+0.943
1683547080,+3.45,+10.652,+10.965,+0.944
1683547140,+3.45,+10.652,+10.930,+0.944
1683547200,+3.45,+10.552,+10.955,+0.944
1683547260,+3.45,+10.561,+10.964,+0.944
1683547320,+3.45,+10.579,+10.950,+0.944
1683547380,+3.45,+10.607,+10.935,+0.943
1683547440,+3.45,+10.570,+10.982,+0.944
1683547500,+3.45,+10.543,+11.001,+0.944
1683547560,+3.45,+10.570,+10.986,+0.944
1683547620,+3.45,+10.561,+10.989,+0.944
1683547680,+3.45,+10.570,+11.040,+0.944
1683547740,+3.45,+10.561,+11.129,+0.944
1683547800,+3.45,+10.634,+11.198,+0.944
1683547860,+3.45,+10.697,+11.217,+0.944
1683547920,+3.45,+10.607,+11.257,+0.944
1683547980,+3.45,+10.679,+11.216,+0.944
1683548040,+3.45,+10.706,+11.229,+0.944
1683548100,+3.45,+10.743,+11.237,+0.944
1683548160,+3.45,+10.797,+11.257,+0.945
1683548220,+3.45,+10.788,+11.294,+0.945
1683548280,+3.45,+10.824,+11.211,+0.944
1683548340,+3.45,+10.616,+11.110,+0.944
1683548400,+3.45,+10.579,+11.053,+0.944
1683548460,+3.45,+10.498,+11.055,+0.944
1683548520,+3.45,+10.543,+11.014,+0.944
1683548580,+3.45,+10.489,+11.039,+0.944
1683548640,+3.45,+10.534,+11.021,+0.944
1683548700,+3.45,+10.552,+11.023,+0.944
1683548760,+3.45,+10.507,+11.031,+0.944
1683548820,+3.45,+10.552,+11.025,+0.944
1683548880,+3.45,+10.498,+11.048,+0.944
1683548940,+3.45,+10.498,+11.043,+0.944
1683549000,+3.45,+10.498,+11.026,+0.944
1683549060,+3.45,+10.416,+11.043,+0.944
1683549120,+3.45,+10.407,+11.015,+0.944
1683549180,+3.45,+10.416,+10.972,+0.944
1683549240,+3.45,+10.461,+10.937,+0.944
1683549300,+3.45,+10.434,+10.964,+0.945
1683549360,+3.46,+10.425,+10.988,+0.944
1683549420,+3.46,+10.525,+10.994,+0.945
1683549480,+3.45,+10.525,+11.031,+0.944
1683549540,+3.45,+10.507,+11.088,+0.945
1683549600,+3.45,+10.616,+11.109,+0.945
1683549660,+3.45,+10.661,+11.130,+0.944
1683549720,+3.45,+10.634,+11.218,+0.945
1683549780,+3.45,+10.724,+11.230,+0.944
1683549840,+3.45,+10.797,+11.248,+0.944
1683549900,+3.45,+10.824,+11.262,+0.945
1683549960,+3.45,+10.851,+11.266,+0.944
1683550020,+3.45,+10.914,+11.280,+0.945
1683550080,+3.45,+11.005,+11.275,+0.945
1683550140,+3.45,+10.969,+11.314,+0.945
1683550200,+3.45,+11.023,+11.295,+0.945
1683550260,+3.45,+11.068,+11.276,+0.945
1683550320,+3.45,+11.122,+11.262,+0.945
1683550380,+3.45,+11.104,+11.280,+0.945
