7450-798456
OS REV: 1.03 Sensor Cal: 1539277937
Time (sec),  BV (Volts),  T (deg C),  DO (mg/l),  Q ()
1686228840,+3.47,+14.378,+10.589,+0.942
1686228900,+3.47,+14.577,+10.674,+0.942
1686228960,+3.47,+14.932,+10.682,+0.942
1686229020,+3.47,+15.138,+10.712,+0.943
1686229080,+3.47,+15.525,+10.627,+0.943
1686229140,+3.47,+15.645,+10.527,+0.942
1686229200,+3.47,+15.422,+10.500,+0.941
1686229260,+3.47,+15.130,+10.587,+0.941
1686229320,+3.47,+14.854,+10.334,+0.940
1686229380,+3.47,+14.638,+10.194,+0.940
1686229440,+3.47,+14.352,+10.122,+0.940
1686229500,+3.47,+14.127,+10.168,+0.940
1686229560,+3.47,+14.005,+10.179,+0.940
1686229620,+3.47,+13.892,+10.199,+0.940
1686229680,+3.47,+13.866,+10.201,+0.940
1686229740,+3.47,+13.874,+10.229,+0.940
1686229800,+3.47,+13.900,+10.300,+0.941
1686229860,+3.47,+14.161,+10.516,+0.942
1686229920,+3.47,+14.257,+10.656,+0.942
1686229980,+3.47,+14.439,+10.727,+0.942
1686230040,+3.47,+14.768,+10.783,+0.943
1686230100,+3.47,+15.035,+10.664,+0.943
1686230160,+3.47,+15.319,+10.659,+0.943
1686230220,+3.47,+15.525,+10.599,+0.943
1686230280,+3.47,+15.731,+10.518,+0.942
1686230340,+3.47,+15.859,+10.467,+0.941
1686230400,+3.47,+15.902,+10.495,+0.942
1686230460,+3.47,+15.962,+10.443,+0.942
1686230520,+3.47,+15.962,+10.381,+0.941
1686230580,+3.47,+15.508,+10.268,+0.940
1686230640,+3.47,+15.078,+10.276,+0.940
1686230700,+3.47,+14.759,+10.238,+0.940
1686230760,+3.47,+14.552,+10.232,+0.940
1686230820,+3.47,+14.231,+10.060,+0.939
1686230880,+3.47,+13.909,+10.065,+0.940
1686230940,+3.47,+13.717,+10.108,+0.940
1686231000,+3.47,+13.700,+10.165,+0.940
1686231060,+3.47,+13.665,+10.222,+0.940
1686231120,+3.47,+13.778,+10.253,+0.940
1686231180,+3.47,+13.883,+10.287,+0.941
1686231240,+3.47,+13.909,+10.304,+0.940
1686231300,+3.47,+13.979,+10.322,+0.941
1686231360,+3.47,+14.014,+10.335,+0.941
1686231420,+3.47,+13.996,+10.364,+0.941
1686231480,+3.47,+14.092,+10.381,+0.941
1686231540,+3.47,+14.135,+10.377,+0.941
1686231600,+3.47,+14.196,+10.454,+0.941
1686231660,+3.47,+14.577,+10.572,+0.942
1686231720,+3.47,+14.845,+10.573,+0.943
1686231780,+3.47,+15.078,+10.622,+0.943
1686231840,+3.47,+15.026,+10.360,+0.941
1686231900,+3.47,+14.759,+10.369,+0.940
1686231960,+3.47,+14.569,+10.328,+0.940
1686232020,+3.47,+14.378,+10.343,+0.940
1686232080,+3.47,+14.292,+10.297,+0.940
1686232140,+3.47,+14.222,+10.318,+0.940
1686232200,+3.47,+14.170,+10.322,+0.941
1686232260,+3.47,+14.109,+10.299,+0.940
1686232320,+3.47,+13.996,+10.303,+0.941
1686232380,+3.47,+13.996,+10.264,+0.940
1686232440,+3.47,+13.857,+10.244,+0.941
1686232500,+3.47,+13.866,+10.212,+0.940
1686232560,+3.47,+13.822,+10.241,+0.941
1686232620,+3.47,+13.900,+10.297,+0.941
1686232680,+3.47,+14.014,+10.339,+0.941
1686232740,+3.47,+14.031,+10.411,+0.941
1686232800,+3.47,+14.144,+10.486,+0.942
1686232860,+3.47,+14.439,+10.658,+0.943
1686232920,+3.47,+14.794,+10.628,+0.943
1686232980,+3.47,+14.983,+10.577,+0.942
1686233040,+3.47,+15.130,+10.559,+0.942
1686233100,+3.47,+15.199,+10.549,+0.942
1686233160,+3.47,+15.353,+10.514,+0.942
1686233220,+3.47,+15.422,+10.527,+0.942
1686233280,+3.47,+14.975,+10.203,+0.940
1686233340,+3.47,+14.664,+10.187,+0.939
1686233400,+3.47,+14.439,+10.228,+0.940
1686233460,+3.47,+14.309,+10.235,+0.940
1686233520,+3.47,+14.153,+10.272,+0.940
1686233580,+3.47,+14.179,+10.267,+0.941
1686233640,+3.47,+14.040,+10.258,+0.940
1686233700,+3.47,+14.014,+10.269,+0.941
1686233760,+3.47,+14.005,+10.310,+0.941
1686233820,+3.47,+14.066,+10.390,+0.941
1686233880,+3.47,+14.118,+10.384,+0.941
1686233940,+3.47,+14.205,+10.463,+0.941
1686234000,+3.47,+14.352,+10.505,+0.941
1686234060,+3.47,+14.612,+10.557,+0.942
1686234120,+3.47,+14.724,+10.516,+0.941
1686234180,+3.47,+14.716,+10.481,+0.941
1686234240,+3.47,+14.603,+10.426,+0.941
1686234300,+3.47,+14.681,+10.465,+0.941
1686234360,+3.47,+14.742,+10.486,+0.941
1686234420,+3.47,+14.802,+10.483,+0.941
1686234480,+3.47,+14.802,+10.495,+0.941
1686234540,+3.47,+14.871,+10.500,+0.942
1686234600,+3.47,+14.811,+10.471,+0.941
1686234660,+3.47,+14.880,+10.416,+0.941
1686234720,+3.47,+14.802,+10.497,+0.941
1686234780,+3.47,+14.759,+10.585,+0.941
1686234840,+3.47,+14.733,+10.369,+0.940
1686234900,+3.47,+14.595,+10.483,+0.942
1686234960,+3.47,+14.560,+10.527,+0.941
1686235020,+3.47,+14.534,+10.539,+0.942
1686235080,+3.47,+14.577,+10.522,+0.942
1686235140,+3.47,+14.569,+10.537,+0.941
1686235200,+3.47,+14.517,+10.568,+0.941
1686235260,+3.47,+14.560,+10.564,+0.941
1686235320,+3.47,+14.612,+10.544,+0.941
1686235380,+3.47,+14.586,+10.566,+0.941
1686235440,+3.47,+14.586,+10.568,+0.941
1686235500,+3.47,+14.560,+10.588,+0.941
1686235560,+3.47,+14.560,+10.598,+0.941
1686235620,+3.47,+14.595,+10.622,+0.942
1686235680,+3.47,+14.647,+10.643,+0.942
1686235740,+3.47,+14.664,+10.652,+0.941
1686235800,+3.47,+14.707,+10.649,+0.941
1686235860,+3.47,+14.742,+10.653,+0.941
1686235920,+3.47,+14.699,+10.838,+0.942
1686235980,+3.47,+14.699,+10.807,+0.941
1686236040,+3.47,+14.673,+10.882,+0.942
1686236100,+3.47,+14.621,+10.888,+0.942
1686236160,+3.47,+14.543,+10.858,+0.941
1686236220,+3.47,+14.621,+10.767,+0.941
1686236280,+3.47,+14.577,+10.752,+0.941
1686236340,+3.47,+14.586,+10.751,+0.941
1686236400,+3.47,+14.638,+10.748,+0.941
1686236460,+3.47,+14.629,+10.786,+0.941
1686236520,+3.47,+14.586,+10.817,+0.942
1686236580,+3.47,+14.595,+10.922,+0.942
1686236640,+3.47,+14.465,+10.499,+0.940
1686236700,+3.47,+14.361,+10.427,+0.940
1686236760,+3.47,+14.213,+10.389,+0.940
1686236820,+3.47,+14.100,+10.414,+0.940
1686236880,+3.47,+14.144,+10.395,+0.941
1686236940,+3.47,+14.066,+10.444,+0.941
1686237000,+3.47,+14.014,+10.436,+0.940
1686237060,+3.47,+13.961,+10.443,+0.941
1686237120,+3.47,+13.953,+10.394,+0.941
1686237180,+3.47,+13.874,+10.364,+0.940
1686237240,+3.47,+13.892,+10.335,+0.940
1686237300,+3.47,+13.848,+10.324,+0.941
1686237360,+3.47,+13.831,+10.312,+0.941
1686237420,+3.47,+13.831,+10.248,+0.941
1686237480,+3.47,+13.761,+10.253,+0.940
1686237540,+3.47,+13.665,+10.175,+0.940
1686237600,+3.47,+13.516,+10.082,+0.940
1686237660,+3.47,+13.368,+10.128,+0.940
1686237720,+3.47,+13.455,+10.153,+0.940
1686237780,+3.47,+13.473,+10.199,+0.941
1686237840,+3.47,+13.534,+10.229,+0.941
1686237900,+3.47,+13.586,+10.211,+0.941
1686237960,+3.47,+13.516,+10.206,+0.941
1686238020,+3.47,+13.508,+10.201,+0.941
1686238080,+3.47,+13.534,+10.236,+0.941
1686238140,+3.47,+13.569,+10.265,+0.941
1686238200,+3.47,+13.682,+10.315,+0.941
1686238260,+3.47,+13.822,+10.342,+0.941
1686238320,+3.47,+13.900,+10.368,+0.941
1686238380,+3.47,+14.014,+10.443,+0.941
1686238440,+3.47,+14.048,+10.564,+0.942
1686238500,+3.47,+14.127,+10.634,+0.941
1686238560,+3.47,+14.187,+10.690,+0.941
1686238620,+3.47,+14.222,+10.764,+0.942
1686238680,+3.47,+14.248,+10.806,+0.942
1686238740,+3.47,+14.231,+10.815,+0.942
1686238800,+3.47,+14.266,+10.739,+0.942
1686238860,+3.47,+14.274,+10.764,+0.942
1686238920,+3.47,+14.257,+10.780,+0.941
1686238980,+3.47,+14.283,+10.523,+0.941
1686239040,+3.47,+14.092,+10.054,+0.939
1686239100,+3.47,+13.560, +9.761,+0.938
1686239160,+3.47,+13.183, +9.893,+0.939
1686239220,+3.47,+13.025,+10.050,+0.940
1686239280,+3.47,+12.973,+10.126,+0.940
1686239340,+3.47,+13.104,+10.144,+0.941
1686239400,+3.47,+13.271,+10.148,+0.941
1686239460,+3.47,+13.324,+10.139,+0.940
1686239520,+3.47,+13.368,+10.242,+0.940
1686239580,+3.47,+13.113,+10.144,+0.941
1686239640,+3.47,+13.175,+10.175,+0.940
1686239700,+3.47,+13.254,+10.202,+0.941
1686239760,+3.47,+13.341,+10.246,+0.941
1686239820,+3.47,+13.481,+10.441,+0.941
1686239880,+3.47,+13.647,+10.544,+0.942
1686239940,+3.47,+13.726,+10.586,+0.942
1686240000,+3.47,+13.831,+10.561,+0.942
1686240060,+3.47,+13.900,+10.541,+0.941
1686240120,+3.47,+13.961,+10.545,+0.942
1686240180,+3.47,+14.040,+10.550,+0.942
1686240240,+3.47,+14.109,+10.579,+0.941
1686240300,+3.47,+14.153,+10.640,+0.942
1686240360,+3.47,+14.144,+10.725,+0.943
1686240420,+3.47,+14.231,+10.760,+0.942
1686240480,+3.47,+14.083,+10.432,+0.941
1686240540,+3.47,+13.935,+10.085,+0.940
1686240600,+3.47,+13.656,+10.035,+0.940
1686240660,+3.47,+13.578,+10.043,+0.940
1686240720,+3.47,+13.499,+10.088,+0.940
1686240780,+3.47,+13.324, +9.936,+0.940
1686240840,+3.47,+13.104, +9.908,+0.940
1686240900,+3.47,+13.017, +9.968,+0.940
1686240960,+3.47,+13.096,+10.063,+0.941
1686241020,+3.47,+13.306,+10.152,+0.941
1686241080,+3.47,+13.473,+10.218,+0.941
1686241140,+3.47,+13.508,+10.266,+0.941
1686241200,+3.47,+13.621,+10.310,+0.941
1686241260,+3.47,+13.691,+10.431,+0.942
1686241320,+3.47,+13.787,+10.518,+0.942
1686241380,+3.47,+13.961,+10.600,+0.941
1686241440,+3.47,+14.100,+10.694,+0.942
1686241500,+3.47,+14.161,+10.758,+0.942
1686241560,+3.47,+14.239,+10.807,+0.942
1686241620,+3.47,+14.213,+10.789,+0.941
1686241680,+3.47,+14.179,+10.760,+0.942
1686241740,+3.47,+14.222,+10.701,+0.941
1686241800,+3.47,+14.248,+10.720,+0.942
1686241860,+3.47,+14.239,+10.771,+0.942
1686241920,+3.47,+14.300,+10.825,+0.942
1686241980,+3.47,+14.326,+10.892,+0.942
1686242040,+3.47,+14.309,+10.908,+0.942
1686242100,+3.47,+14.326,+10.887,+0.941
1686242160,+3.47,+14.326,+10.861,+0.942
1686242220,+3.47,+14.326,+10.834,+0.942
1686242280,+3.47,+14.344,+10.837,+0.942
1686242340,+3.47,+14.344,+10.818,+0.941
1686242400,+3.47,+14.335,+10.825,+0.942
1686242460,+3.47,+14.292,+10.809,+0.942
1686242520,+3.47,+14.266,+10.519,+0.941
1686242580,+3.47,+14.135,+10.559,+0.941
1686242640,+3.47,+14.127,+10.523,+0.941
1686242700,+3.47,+14.127,+10.525,+0.941
1686242760,+3.47,+14.118,+10.506,+0.941
1686242820,+3.47,+14.066,+10.560,+0.941
1686242880,+3.47,+14.031,+10.522,+0.941
1686242940,+3.47,+14.022,+10.470,+0.941
1686243000,+3.47,+14.005,+10.434,+0.941
1686243060,+3.47,+13.979,+10.409,+0.941
1686243120,+3.47,+13.996,+10.421,+0.941
1686243180,+3.47,+14.040,+10.432,+0.941
1686243240,+3.47,+14.048,+10.467,+0.941
1686243300,+3.47,+13.987,+10.518,+0.941
1686243360,+3.47,+13.987,+10.535,+0.941
1686243420,+3.47,+13.996,+10.530,+0.941
1686243480,+3.47,+13.944,+10.553,+0.941
1686243540,+3.47,+13.944,+10.478,+0.941
1686243600,+3.47,+13.918,+10.460,+0.941
1686243660,+3.47,+13.918,+10.424,+0.941
1686243720,+3.47,+13.909,+10.410,+0.941
1686243780,+3.47,+13.987,+10.415,+0.942
1686243840,+3.47,+14.040,+10.437,+0.941
1686243900,+3.47,+14.161,+10.464,+0.942
1686243960,+3.47,+14.266,+10.482,+0.942
1686244020,+3.47,+14.335,+10.533,+0.942
1686244080,+3.47,+14.404,+10.594,+0.942
1686244140,+3.47,+14.534,+10.591,+0.941
1686244200,+3.47,+14.595,+10.620,+0.942
1686244260,+3.47,+14.647,+10.617,+0.942
1686244320,+3.47,+14.724,+10.598,+0.941
1686244380,+3.47,+14.794,+10.601,+0.942
1686244440,+3.47,+14.880,+10.600,+0.942
1686244500,+3.47,+14.906,+10.577,+0.942
1686244560,+3.47,+14.845,+10.658,+0.941
1686244620,+3.47,+14.794,+10.680,+0.942
1686244680,+3.47,+14.811,+10.694,+0.942
1686244740,+3.47,+14.837,+10.692,+0.942
1686244800,+3.47,+14.932,+10.653,+0.941
1686244860,+3.47,+15.001,+10.613,+0.942
1686244920,+3.47,+15.061,+10.624,+0.942
1686244980,+3.47,+15.138,+10.569,+0.941
1686245040,+3.47,+15.233,+10.519,+0.942
1686245100,+3.47,+15.276,+10.456,+0.942
1686245160,+3.47,+15.371,+10.388,+0.942
1686245220,+3.47,+15.414,+10.304,+0.941
1686245280,+3.47,+15.130,+10.249,+0.940
1686245340,+3.47,+15.001,+10.539,+0.941
1686245400,+3.47,+14.785,+10.370,+0.940
1686245460,+3.47,+14.724,+10.409,+0.940
1686245520,+3.47,+14.733,+10.522,+0.941
1686245580,+3.47,+14.785,+10.613,+0.941
1686245640,+3.47,+14.768,+10.609,+0.941
1686245700,+3.47,+14.733,+10.574,+0.941
1686245760,+3.47,+14.759,+10.571,+0.941
1686245820,+3.47,+14.854,+10.511,+0.941
1686245880,+3.47,+14.889,+10.493,+0.941
1686245940,+3.47,+14.880,+10.525,+0.941
1686246000,+3.47,+14.880,+10.511,+0.941
1686246060,+3.47,+14.828,+10.500,+0.941
1686246120,+3.47,+14.759,+10.423,+0.941
1686246180,+3.47,+14.612,+10.588,+0.941
1686246240,+3.47,+14.517,+10.613,+0.940
1686246300,+3.47,+14.552,+10.573,+0.941
1686246360,+3.47,+14.448,+10.588,+0.941
1686246420,+3.47,+14.387,+10.456,+0.940
1686246480,+3.47,+14.300,+10.447,+0.941
1686246540,+3.47,+14.239,+10.446,+0.941
1686246600,+3.47,+14.257,+10.405,+0.940
1686246660,+3.47,+14.239,+10.440,+0.942
1686246720,+3.47,+14.283,+10.498,+0.941
1686246780,+3.47,+14.370,+10.554,+0.941
1686246840,+3.47,+14.439,+10.557,+0.941
1686246900,+3.47,+14.517,+10.511,+0.941
1686246960,+3.47,+14.603,+10.483,+0.942
1686247020,+3.47,+14.309, +9.854,+0.939
1686247080,+3.47,+14.144,+10.520,+0.941
1686247140,+3.47,+14.109,+10.029,+0.940
1686247200,+3.47,+13.883,+10.134,+0.940
1686247260,+3.47,+13.831,+10.197,+0.940
1686247320,+3.47,+13.831,+10.168,+0.940
1686247380,+3.47,+13.761,+10.247,+0.940
1686247440,+3.47,+13.804,+10.280,+0.941
1686247500,+3.47,+13.892,+10.260,+0.941
1686247560,+3.47,+14.031,+10.377,+0.941
1686247620,+3.47,+14.092,+10.532,+0.941
1686247680,+3.47,+14.057,+10.550,+0.941
1686247740,+3.47,+14.083,+10.442,+0.941
1686247800,+3.47,+14.031,+10.384,+0.941
1686247860,+3.47,+14.014,+10.406,+0.941
1686247920,+3.47,+14.100,+10.422,+0.942
1686247980,+3.47,+14.213,+10.482,+0.942
1686248040,+3.47,+14.404,+10.555,+0.942
1686248100,+3.47,+14.474,+10.618,+0.942
1686248160,+3.47,+14.586,+10.676,+0.942
1686248220,+3.47,+14.673,+10.718,+0.942
1686248280,+3.47,+14.742,+10.756,+0.942
1686248340,+3.47,+14.785,+10.797,+0.942
1686248400,+3.47,+14.785,+10.840,+0.942
1686248460,+3.47,+14.845,+10.888,+0.942
1686248520,+3.47,+14.690,+10.253,+0.940
1686248580,+3.47,+14.309, +9.815,+0.939
1686248640,+3.47,+14.048, +9.845,+0.940
1686248700,+3.47,+13.796, +9.928,+0.940
1686248760,+3.47,+13.761, +9.950,+0.940
1686248820,+3.47,+13.682, +9.961,+0.940
1686248880,+3.47,+13.595, +9.952,+0.940
1686248940,+3.47,+13.612,+10.027,+0.941
1686249000,+3.47,+13.726,+10.098,+0.940
1686249060,+3.47,+13.778,+10.210,+0.941
1686249120,+3.47,+13.848,+10.336,+0.941
1686249180,+3.47,+13.970,+10.400,+0.941
1686249240,+3.47,+14.031,+10.469,+0.941
1686249300,+3.47,+14.048,+10.515,+0.941
1686249360,+3.47,+13.961,+10.540,+0.941
1686249420,+3.47,+13.979,+10.541,+0.941
1686249480,+3.47,+14.057,+10.533,+0.941
1686249540,+3.47,+14.153,+10.536,+0.942
1686249600,+3.47,+14.257,+10.640,+0.942
1686249660,+3.47,+14.422,+10.676,+0.942
1686249720,+3.47,+14.526,+10.742,+0.942
1686249780,+3.47,+14.595,+10.795,+0.942
1686249840,+3.47,+14.673,+10.834,+0.942
1686249900,+3.47,+14.759,+10.849,+0.942
1686249960,+3.47,+14.785,+10.853,+0.941
1686250020,+3.47,+14.880,+10.784,+0.942
1686250080,+3.47,+14.914,+10.788,+0.942
1686250140,+3.47,+14.863,+10.788,+0.941
1686250200,+3.47,+14.897,+10.755,+0.941
1686250260,+3.47,+14.811,+10.735,+0.942
1686250320,+3.47,+14.768,+10.700,+0.941
1686250380,+3.47,+14.638,+10.573,+0.941
1686250440,+3.47,+14.577,+10.564,+0.941
1686250500,+3.47,+14.491,+10.605,+0.941
1686250560,+3.47,+14.422,+10.539,+0.941
1686250620,+3.47,+14.344,+10.405,+0.941
1686250680,+3.47,+14.239,+10.344,+0.940
1686250740,+3.47,+14.135,+10.203,+0.940
1686250800,+3.47,+13.987,+10.030,+0.940
1686250860,+3.47,+14.005,+10.210,+0.941
1686250920,+3.47,+14.048,+10.253,+0.940
1686250980,+3.47,+14.057,+10.346,+0.941
1686251040,+3.47,+14.057,+10.442,+0.941
1686251100,+3.47,+14.040,+10.504,+0.942
1686251160,+3.47,+14.170,+10.535,+0.941
1686251220,+3.47,+14.170,+10.644,+0.941
1686251280,+3.47,+14.231,+10.611,+0.941
1686251340,+3.47,+14.318,+10.600,+0.941
1686251400,+3.47,+14.283,+10.620,+0.942
1686251460,+3.47,+14.370,+10.590,+0.942
1686251520,+3.47,+14.378,+10.580,+0.941
1686251580,+3.47,+14.500,+10.520,+0.941
1686251640,+3.47,+14.534,+10.462,+0.941
1686251700,+3.47,+14.387,+10.283,+0.941
1686251760,+3.47,+13.926, +9.795,+0.939
1686251820,+3.47,+13.770, +9.837,+0.940
1686251880,+3.47,+13.796,+10.016,+0.941
1686251940,+3.47,+13.979,+10.239,+0.941
1686252000,+3.47,+14.022,+10.385,+0.941
1686252060,+3.47,+13.996,+10.459,+0.941
1686252120,+3.47,+14.040,+10.607,+0.941
1686252180,+3.47,+14.100,+10.656,+0.941
1686252240,+3.47,+14.135,+10.691,+0.941
1686252300,+3.47,+14.153,+10.799,+0.942
1686252360,+3.47,+14.144,+10.636,+0.941
1686252420,+3.47,+14.135,+10.430,+0.941
1686252480,+3.47,+14.074,+10.424,+0.941
1686252540,+3.47,+14.057,+10.407,+0.941
1686252600,+3.47,+13.987,+10.396,+0.941
1686252660,+3.47,+13.918,+10.394,+0.941
1686252720,+3.47,+13.944,+10.383,+0.941
1686252780,+3.47,+13.996,+10.421,+0.941
1686252840,+3.47,+14.118,+10.487,+0.941
1686252900,+3.47,+14.066,+10.526,+0.941
1686252960,+3.47,+14.057,+10.475,+0.941
1686253020,+3.47,+14.066,+10.256,+0.940
1686253080,+3.47,+13.857, +9.984,+0.940
1686253140,+3.47,+13.717, +9.922,+0.940
1686253200,+3.47,+13.639, +9.931,+0.940
1686253260,+3.47,+13.508, +9.866,+0.940
1686253320,+3.47,+13.429, +9.816,+0.940
1686253380,+3.47,+13.350, +9.813,+0.940
1686253440,+3.47,+13.350, +9.783,+0.939
1686253500,+3.47,+13.341, +9.799,+0.940
1686253560,+3.47,+13.333, +9.820,+0.940
1686253620,+3.47,+13.324, +9.795,+0.940
1686253680,+3.47,+13.192, +9.631,+0.940
1686253740,+3.47,+12.964, +9.582,+0.939
1686253800,+3.47,+12.823, +9.638,+0.940
1686253860,+3.47,+12.805, +9.655,+0.940
1686253920,+3.47,+12.743, +9.665,+0.940
1686253980,+3.47,+12.655, +9.715,+0.940
1686254040,+3.47,+12.876, +9.691,+0.940
1686254100,+3.47,+12.955, +9.714,+0.940
1686254160,+3.47,+13.069, +9.730,+0.941
1686254220,+3.47,+13.104, +9.781,+0.941
1686254280,+3.47,+13.122, +9.786,+0.941
1686254340,+3.47,+13.096, +9.770,+0.940
1686254400,+3.47,+12.999, +9.799,+0.940
1686254460,+3.47,+12.999, +9.771,+0.940
1686254520,+3.47,+12.955, +9.773,+0.940
1686254580,+3.47,+12.911, +9.754,+0.940
1686254640,+3.47,+12.929, +9.717,+0.940
1686254700,+3.47,+12.796, +9.585,+0.940
1686254760,+3.47,+12.708, +9.638,+0.940
1686254820,+3.47,+12.691, +9.615,+0.940
1686254880,+3.47,+12.655, +9.613,+0.940
1686254940,+3.47,+12.620, +9.628,+0.941
1686255000,+3.47,+12.673, +9.597,+0.941
1686255060,+3.47,+12.664, +9.581,+0.940
1686255120,+3.47,+12.602, +9.598,+0.940
1686255180,+3.47,+12.655, +9.606,+0.941
1686255240,+3.47,+12.646, +9.614,+0.940
1686255300,+3.47,+12.638, +9.631,+0.940
1686255360,+3.47,+12.585, +9.693,+0.940
1686255420,+3.47,+12.576, +9.752,+0.940
1686255480,+3.47,+12.602, +9.772,+0.940
1686255540,+3.47,+12.620, +9.724,+0.941
1686255600,+3.47,+12.717, +9.689,+0.941
1686255660,+3.47,+12.805, +9.681,+0.940
1686255720,+3.47,+12.849, +9.714,+0.941
1686255780,+3.47,+12.964, +9.720,+0.941
1686255840,+3.47,+13.060, +9.767,+0.941
1686255900,+3.47,+13.096, +9.821,+0.941
1686255960,+3.47,+13.122, +9.866,+0.941
1686256020,+3.47,+13.166, +9.878,+0.941
1686256080,+3.47,+13.175, +9.894,+0.941
1686256140,+3.47,+13.219, +9.917,+0.941
1686256200,+3.47,+13.289, +9.913,+0.941
1686256260,+3.47,+13.359, +9.978,+0.941
1686256320,+3.47,+13.376,+10.072,+0.942
1686256380,+3.47,+13.429,+10.060,+0.941
1686256440,+3.47,+13.464,+10.071,+0.942
1686256500,+3.47,+13.490,+10.057,+0.941
1686256560,+3.47,+13.446,+10.121,+0.941
1686256620,+3.47,+13.473,+10.147,+0.941
1686256680,+3.47,+13.499,+10.128,+0.941
1686256740,+3.47,+13.508,+10.099,+0.941
1686256800,+3.47,+13.464,+10.078,+0.941
1686256860,+3.47,+13.508,+10.023,+0.941
1686256920,+3.47,+13.569, +9.970,+0.941
1686256980,+3.47,+13.499, +9.907,+0.940
1686257040,+3.47,+13.508, +9.908,+0.940
1686257100,+3.47,+13.420, +9.970,+0.941
1686257160,+3.47,+13.508, +9.924,+0.940
1686257220,+3.47,+13.324, +9.735,+0.940
1686257280,+3.47,+13.245, +9.742,+0.940
1686257340,+3.47,+13.210, +9.763,+0.940
1686257400,+3.47,+13.157, +9.776,+0.940
1686257460,+3.47,+13.140, +9.791,+0.940
1686257520,+3.47,+13.113, +9.814,+0.940
1686257580,+3.47,+13.113, +9.822,+0.940
1686257640,+3.47,+13.183, +9.853,+0.941
1686257700,+3.47,+13.219, +9.886,+0.941
1686257760,+3.47,+13.131, +9.908,+0.940
1686257820,+3.47,+13.104, +9.682,+0.940
1686257880,+3.47,+12.999, +9.652,+0.940
1686257940,+3.47,+12.955, +9.731,+0.940
1686258000,+3.47,+12.920, +9.746,+0.940
1686258060,+3.47,+12.929, +9.722,+0.940
1686258120,+3.47,+12.920, +9.696,+0.940
1686258180,+3.47,+13.025, +9.661,+0.941
1686258240,+3.47,+13.069, +9.654,+0.940
1686258300,+3.47,+13.087, +9.753,+0.940
1686258360,+3.47,+13.122, +9.836,+0.941
1686258420,+3.47,+13.140, +9.854,+0.941
1686258480,+3.47,+13.060, +9.751,+0.940
1686258540,+3.47,+13.087, +9.749,+0.941
1686258600,+3.47,+13.069, +9.709,+0.940
1686258660,+3.47,+12.964, +9.602,+0.940
1686258720,+3.47,+12.893, +9.553,+0.941
1686258780,+3.47,+12.840, +9.540,+0.940
1686258840,+3.47,+12.796, +9.532,+0.940
1686258900,+3.47,+12.840, +9.476,+0.940
1686258960,+3.47,+12.893, +9.451,+0.940
1686259020,+3.47,+12.849, +9.483,+0.940
1686259080,+3.47,+12.911, +9.579,+0.940
1686259140,+3.47,+12.964, +9.626,+0.941
1686259200,+3.47,+12.937, +9.679,+0.941
1686259260,+3.47,+12.858, +9.737,+0.940
1686259320,+3.47,+12.885, +9.737,+0.940
1686259380,+3.47,+12.911, +9.695,+0.940
1686259440,+3.47,+12.937, +9.694,+0.941
1686259500,+3.47,+12.929, +9.697,+0.941
1686259560,+3.47,+12.920, +9.724,+0.941
1686259620,+3.47,+12.902, +9.751,+0.940
1686259680,+3.47,+12.867, +9.763,+0.941
1686259740,+3.47,+12.832, +9.604,+0.940
1686259800,+3.47,+12.752, +9.570,+0.940
1686259860,+3.47,+12.655, +9.691,+0.940
1686259920,+3.47,+12.558, +9.784,+0.940
1686259980,+3.47,+12.585, +9.793,+0.940
1686260040,+3.47,+12.496, +9.835,+0.941
1686260100,+3.47,+12.496, +9.845,+0.940
1686260160,+3.47,+12.505, +9.888,+0.940
1686260220,+3.47,+12.487,+10.008,+0.941
1686260280,+3.47,+12.496,+10.022,+0.941
1686260340,+3.47,+12.478,+10.008,+0.940
1686260400,+3.47,+12.452,+10.019,+0.940
1686260460,+3.47,+12.416,+10.045,+0.940
1686260520,+3.47,+12.328,+10.101,+0.941
1686260580,+3.47,+12.346,+10.102,+0.940
1686260640,+3.47,+12.381,+10.097,+0.941
1686260700,+3.47,+12.319,+10.109,+0.940
1686260760,+3.47,+12.301,+10.163,+0.941
1686260820,+3.47,+12.319,+10.147,+0.940
1686260880,+3.47,+12.363,+10.113,+0.941
1686260940,+3.47,+12.346,+10.110,+0.941
1686261000,+3.47,+12.328,+10.119,+0.941
1686261060,+3.47,+12.328,+10.125,+0.941
1686261120,+3.47,+12.292,+10.169,+0.941
1686261180,+3.47,+12.248,+10.213,+0.941
1686261240,+3.47,+12.257,+10.207,+0.941
1686261300,+3.47,+12.275,+10.181,+0.941
1686261360,+3.47,+12.275,+10.181,+0.941
1686261420,+3.47,+12.301,+10.176,+0.941
1686261480,+3.47,+12.319,+10.126,+0.941
1686261540,+3.47,+12.292,+10.091,+0.941
1686261600,+3.47,+12.275,+10.118,+0.940
1686261660,+3.47,+12.301,+10.119,+0.941
1686261720,+3.47,+12.195,+10.158,+0.941
1686261780,+3.47,+12.230,+10.127,+0.941
1686261840,+3.47,+12.213,+10.121,+0.941
1686261900,+3.47,+12.204,+10.116,+0.941
1686261960,+3.47,+12.168,+10.137,+0.941
1686262020,+3.47,+12.213,+10.104,+0.941
1686262080,+3.47,+12.159,+10.100,+0.941
1686262140,+3.47,+12.115,+10.100,+0.941
1686262200,+3.47,+12.115,+10.095,+0.941
1686262260,+3.47,+12.195,+10.164,+0.941
1686262320,+3.47,+12.124,+10.275,+0.941
1686262380,+3.47,+12.133,+10.190,+0.941
1686262440,+3.47,+12.017,+10.159,+0.941
1686262500,+3.47,+12.044,+10.095,+0.941
1686262560,+3.47,+12.044,+10.106,+0.941
1686262620,+3.47,+11.972,+10.131,+0.941
1686262680,+3.47,+12.035,+10.083,+0.940
1686262740,+3.47,+11.946,+10.119,+0.941
1686262800,+3.47,+11.901,+10.143,+0.941
1686262860,+3.47,+11.821, +9.987,+0.941
1686262920,+3.47,+11.776, +9.674,+0.940
1686262980,+3.47,+11.669, +9.660,+0.940
1686263040,+3.47,+11.598, +9.534,+0.941
1686263100,+3.47,+11.454, +9.422,+0.940
1686263160,+3.47,+11.356, +9.351,+0.940
1686263220,+3.47,+11.257, +9.349,+0.940
1686263280,+3.47,+11.248, +9.341,+0.940
1686263340,+3.47,+11.212, +9.354,+0.940
1686263400,+3.47,+11.185, +9.377,+0.940
1686263460,+3.47,+11.149, +9.409,+0.940
1686263520,+3.47,+11.176, +9.410,+0.941
1686263580,+3.47,+11.167, +9.418,+0.941
1686263640,+3.47,+11.158, +9.444,+0.941
1686263700,+3.47,+11.248, +9.420,+0.941
1686263760,+3.47,+11.275, +9.437,+0.941
1686263820,+3.47,+11.293, +9.464,+0.941
1686263880,+3.47,+11.391, +9.485,+0.941
1686263940,+3.47,+11.409, +9.514,+0.941
1686264000,+3.47,+11.454, +9.530,+0.941
1686264060,+3.47,+11.481, +9.628,+0.941
1686264120,+3.47,+11.517, +9.673,+0.941
1686264180,+3.47,+11.481, +9.681,+0.941
1686264240,+3.47,+11.472, +9.650,+0.941
1686264300,+3.47,+11.445, +9.671,+0.941
1686264360,+3.47,+11.391, +9.722,+0.941
1686264420,+3.47,+11.427, +9.725,+0.941
1686264480,+3.47,+11.463, +9.722,+0.941
1686264540,+3.47,+11.391, +9.750,+0.941
1686264600,+3.47,+11.454, +9.725,+0.941
1686264660,+3.47,+11.365, +9.645,+0.941
1686264720,+3.47,+11.356, +9.585,+0.940
1686264780,+3.47,+11.311, +9.627,+0.941
1686264840,+3.47,+11.329, +9.682,+0.941
1686264900,+3.47,+11.338, +9.702,+0.941
1686264960,+3.47,+11.284, +9.727,+0.941
1686265020,+3.47,+11.275, +9.751,+0.941
1686265080,+3.47,+11.329, +9.742,+0.941
1686265140,+3.47,+11.365, +9.722,+0.941
1686265200,+3.47,+11.311, +9.743,+0.941
1686265260,+3.47,+11.338, +9.712,+0.941
1686265320,+3.47,+11.275, +9.702,+0.940
1686265380,+3.47,+11.284, +9.684,+0.941
1686265440,+3.47,+11.329, +9.640,+0.941
1686265500,+3.47,+11.275, +9.625,+0.941
1686265560,+3.47,+11.338, +9.574,+0.941
1686265620,+3.47,+11.329, +9.628,+0.941
1686265680,+3.47,+11.356, +9.660,+0.941
1686265740,+3.47,+11.400, +9.676,+0.941
1686265800,+3.47,+11.374, +9.703,+0.941
1686265860,+3.47,+11.347, +9.766,+0.941
1686265920,+3.47,+11.356, +9.764,+0.941
1686265980,+3.47,+11.356, +9.624,+0.941
1686266040,+3.47,+11.383, +9.561,+0.941
1686266100,+3.47,+11.257, +9.612,+0.941
1686266160,+3.47,+11.239, +9.608,+0.941
1686266220,+3.47,+11.212, +9.606,+0.941
1686266280,+3.47,+11.176, +9.610,+0.941
1686266340,+3.47,+11.131, +9.632,+0.941
1686266400,+3.47,+11.068, +9.780,+0.941
1686266460,+3.47,+11.059, +9.758,+0.941
1686266520,+3.47,+10.996, +9.749,+0.941
1686266580,+3.47,+11.005, +9.726,+0.941
1686266640,+3.47,+10.960, +9.698,+0.941
1686266700,+3.47,+10.969, +9.680,+0.941
1686266760,+3.47,+10.978, +9.666,+0.941
1686266820,+3.47,+10.923, +9.712,+0.941
1686266880,+3.47,+10.878, +9.682,+0.941
1686266940,+3.47,+10.878, +9.674,+0.941
1686267000,+3.47,+10.860, +9.675,+0.940
1686267060,+3.47,+10.797, +9.703,+0.941
1686267120,+3.47,+10.788, +9.705,+0.941
1686267180,+3.47,+10.815, +9.721,+0.941
1686267240,+3.47,+10.770, +9.759,+0.941
1686267300,+3.47,+10.797, +9.732,+0.941
1686267360,+3.47,+10.734, +9.722,+0.941
1686267420,+3.47,+10.688, +9.721,+0.940
1686267480,+3.47,+10.652, +9.732,+0.940
1686267540,+3.47,+10.643, +9.745,+0.941
1686267600,+3.47,+10.598, +9.770,+0.941
1686267660,+3.47,+10.579, +9.770,+0.941
1686267720,+3.47,+10.579, +9.766,+0.941
1686267780,+3.47,+10.607, +9.741,+0.941
1686267840,+3.47,+10.525, +9.741,+0.941
1686267900,+3.47,+10.516, +9.727,+0.941
1686267960,+3.47,+10.516, +9.713,+0.941
1686268020,+3.47,+10.480, +9.708,+0.941
1686268080,+3.47,+10.516, +9.672,+0.941
1686268140,+3.47,+10.452, +9.693,+0.941
1686268200,+3.47,+10.498, +9.679,+0.941
1686268260,+3.47,+10.507, +9.661,+0.941
1686268320,+3.47,+10.434, +9.642,+0.941
1686268380,+3.47,+10.370, +9.615,+0.941
1686268440,+3.47,+10.380, +9.578,+0.941
1686268500,+3.47,+10.352, +9.584,+0.941
1686268560,+3.47,+10.316, +9.598,+0.941
1686268620,+3.47,+10.343, +9.605,+0.941
1686268680,+3.47,+10.325, +9.599,+0.941
1686268740,+3.47,+10.307, +9.608,+0.941
1686268800,+3.47,+10.298, +9.598,+0.941
1686268860,+3.47,+10.270, +9.596,+0.941
1686268920,+3.47,+10.197, +9.601,+0.941
1686268980,+3.47,+10.206, +9.585,+0.941
1686269040,+3.47,+10.225, +9.566,+0.941
1686269100,+3.47,+10.170, +9.595,+0.941
1686269160,+3.47,+10.143, +9.586,+0.941
1686269220,+3.47,+10.188, +9.555,+0.941
1686269280,+3.47,+10.115, +9.559,+0.941
1686269340,+3.47,+10.115, +9.548,+0.941
1686269400,+3.47,+10.079, +9.550,+0.941
1686269460,+3.47,+10.069, +9.554,+0.941
1686269520,+3.47,+10.106, +9.533,+0.941
1686269580,+3.47,+10.051, +9.525,+0.941
1686269640,+3.47,+10.097, +9.487,+0.941
1686269700,+3.47,+10.051, +9.497,+0.941
1686269760,+3.47,+10.024, +9.509,+0.941
1686269820,+3.47,+10.051, +9.493,+0.941
1686269880,+3.47, +9.969, +9.515,+0.941
1686269940,+3.47,+10.079, +9.466,+0.941
1686270000,+3.47,+10.042, +9.470,+0.940
1686270060,+3.47,+10.015, +9.483,+0.941
1686270120,+3.47,+10.015, +9.474,+0.941
1686270180,+3.47,+10.015, +9.474,+0.941
1686270240,+3.47, +9.960, +9.503,+0.941
1686270300,+3.47, +9.978, +9.494,+0.941
1686270360,+3.47,+10.060, +9.460,+0.941
1686270420,+3.47, +9.996, +9.476,+0.941
1686270480,+3.47, +9.969, +9.468,+0.941
1686270540,+3.47,+10.042, +9.441,+0.941
1686270600,+3.47, +9.996, +9.462,+0.941
1686270660,+3.47, +9.996, +9.453,+0.941
1686270720,+3.47, +9.987, +9.457,+0.941
1686270780,+3.47,+10.015, +9.456,+0.941
1686270840,+3.47,+10.033, +9.439,+0.941
1686270900,+3.47,+10.015, +9.453,+0.941
1686270960,+3.47,+10.060, +9.426,+0.941
1686271020,+3.47,+10.060, +9.418,+0.941
1686271080,+3.47,+10.097, +9.402,+0.940
1686271140,+3.47,+10.079, +9.434,+0.940
1686271200,+3.47,+10.033, +9.464,+0.941
1686271260,+3.47,+10.051, +9.465,+0.941
1686271320,+3.47,+10.079, +9.458,+0.941
1686271380,+3.47,+10.088, +9.443,+0.941
1686271440,+3.47,+10.033, +9.459,+0.941
1686271500,+3.47,+10.106, +9.437,+0.941
1686271560,+3.47,+10.079, +9.449,+0.941
1686271620,+3.47,+10.051, +9.484,+0.941
1686271680,+3.47,+10.069, +9.472,+0.940
1686271740,+3.47,+10.106, +9.453,+0.940
1686271800,+3.47,+10.060, +9.470,+0.941
1686271860,+3.47,+10.088, +9.452,+0.941
1686271920,+3.47,+10.042, +9.473,+0.941
1686271980,+3.47,+10.051, +9.493,+0.941
1686272040,+3.47,+10.115, +9.460,+0.941
1686272100,+3.47,+10.069, +9.497,+0.941
1686272160,+3.47,+10.115, +9.486,+0.941
1686272220,+3.47,+10.051, +9.507,+0.941
1686272280,+3.47,+10.106, +9.459,+0.940
1686272340,+3.47,+10.097, +9.447,+0.941
1686272400,+3.47,+10.088, +9.430,+0.941
1686272460,+3.47,+10.033, +9.442,+0.941
1686272520,+3.47,+10.024, +9.446,+0.941
1686272580,+3.47,+10.088, +9.415,+0.941
1686272640,+3.47,+10.051, +9.433,+0.941
1686272700,+3.47,+10.060, +9.429,+0.941
1686272760,+3.47,+10.033, +9.435,+0.941
1686272820,+3.47, +9.996, +9.449,+0.941
1686272880,+3.47,+10.033, +9.459,+0.941
1686272940,+3.47,+10.069, +9.443,+0.940
1686273000,+3.47,+10.005, +9.488,+0.941
1686273060,+3.47,+10.079, +9.452,+0.941
1686273120,+3.47,+10.015, +9.466,+0.941
1686273180,+3.47, +9.996, +9.460,+0.941
1686273240,+3.47,+10.005, +9.437,+0.941
1686273300,+3.47, +9.978, +9.446,+0.941
1686273360,+3.47,+10.024, +9.431,+0.941
1686273420,+3.47, +9.969, +9.456,+0.941
1686273480,+3.47,+10.015, +9.401,+0.940
1686273540,+3.47, +9.978, +9.435,+0.941
1686273600,+3.47, +9.932, +9.457,+0.940
1686273660,+3.47, +9.840, +9.511,+0.941
1686273720,+3.47, +9.840, +9.518,+0.941
1686273780,+3.47, +9.914, +9.499,+0.940
1686273840,+3.47, +9.905, +9.500,+0.940
1686273900,+3.47, +9.840, +9.514,+0.940
1686273960,+3.47, +9.868, +9.497,+0.940
1686274020,+3.47, +9.895, +9.422,+0.941
1686274080,+3.47, +9.813, +9.334,+0.940
1686274140,+3.47, +9.749, +9.316,+0.940
1686274200,+3.47, +9.730, +9.307,+0.940
1686274260,+3.47, +9.749, +9.292,+0.940
1686274320,+3.47, +9.703, +9.311,+0.941
1686274380,+3.47, +9.730, +9.301,+0.941
1686274440,+3.47, +9.721, +9.286,+0.940
1686274500,+3.47, +9.739, +9.281,+0.940
1686274560,+3.47, +9.657, +9.265,+0.940
1686274620,+3.47, +9.657, +9.230,+0.940
1686274680,+3.47, +9.703, +9.197,+0.940
1686274740,+3.47, +9.666, +9.205,+0.941
1686274800,+3.47, +9.620, +9.201,+0.940
1686274860,+3.47, +9.666, +9.166,+0.941
1686274920,+3.47, +9.675, +9.183,+0.940
1686274980,+3.47, +9.629, +9.250,+0.941
1686275040,+3.47, +9.675, +9.263,+0.940
1686275100,+3.47, +9.758, +9.276,+0.941
1686275160,+3.47,+10.298, +9.533,+0.942
1686275220,+3.47,+10.652, +9.508,+0.942
1686275280,+3.47,+10.842, +9.548,+0.942
1686275340,+3.47,+11.032, +9.573,+0.941
1686275400,+3.47,+11.167, +9.636,+0.942
1686275460,+3.47,+11.212, +9.726,+0.942
1686275520,+3.47,+11.320, +9.812,+0.942
1686275580,+3.47,+11.365, +9.901,+0.942
1686275640,+3.47,+11.418, +9.970,+0.942
1686275700,+3.47,+11.499, +9.980,+0.942
1686275760,+3.47,+11.508,+10.085,+0.942
1686275820,+3.47,+11.517,+10.098,+0.942
1686275880,+3.47,+11.607,+10.054,+0.941
1686275940,+3.47,+11.607,+10.051,+0.941
1686276000,+3.47,+11.642,+10.046,+0.941
1686276060,+3.47,+11.615,+10.053,+0.942
1686276120,+3.47,+11.633,+10.051,+0.942
1686276180,+3.47,+11.633,+10.054,+0.941
1686276240,+3.47,+11.669,+10.037,+0.941
1686276300,+3.47,+11.651,+10.043,+0.941
1686276360,+3.47,+11.660,+10.060,+0.941
1686276420,+3.47,+11.678,+10.056,+0.941
1686276480,+3.47,+11.660, +9.930,+0.941
1686276540,+3.47,+11.624, +9.835,+0.941
1686276600,+3.47,+11.660, +9.771,+0.941
1686276660,+3.47,+11.642, +9.726,+0.941
1686276720,+3.47,+11.651, +9.713,+0.941
1686276780,+3.47,+11.589, +9.611,+0.941
1686276840,+3.47,+11.383, +9.450,+0.940
1686276900,+3.47,+11.257, +9.451,+0.940
1686276960,+3.47,+11.194, +9.484,+0.940
1686277020,+3.47,+11.239, +9.461,+0.941
1686277080,+3.47,+11.221, +9.451,+0.940
1686277140,+3.47,+11.320, +9.488,+0.941
1686277200,+3.47,+11.374, +9.535,+0.941
1686277260,+3.47,+11.535, +9.504,+0.941
1686277320,+3.47,+11.571, +9.539,+0.941
1686277380,+3.47,+11.660, +9.525,+0.940
1686277440,+3.47,+11.678, +9.556,+0.941
1686277500,+3.47,+11.499, +9.510,+0.940
1686277560,+3.47,+11.472, +9.486,+0.941
1686277620,+3.47,+11.517, +9.478,+0.941
1686277680,+3.47,+11.553, +9.524,+0.941
1686277740,+3.47,+11.562, +9.519,+0.940
1686277800,+3.47,+11.598, +9.511,+0.941
1686277860,+3.47,+11.642, +9.514,+0.941
1686277920,+3.47,+11.642, +9.528,+0.940
1686277980,+3.47,+11.678, +9.531,+0.941
1686278040,+3.47,+11.750, +9.518,+0.941
1686278100,+3.47,+11.758, +9.498,+0.941
1686278160,+3.47,+11.883, +9.413,+0.941
1686278220,+3.47,+11.830, +9.390,+0.941
1686278280,+3.47,+11.874, +9.342,+0.941
1686278340,+3.47,+11.937, +9.322,+0.941
1686278400,+3.47,+11.937, +9.640,+0.941
1686278460,+3.47,+11.990, +9.793,+0.941
1686278520,+3.47,+11.999, +9.839,+0.941
1686278580,+3.47,+12.008, +9.814,+0.941
1686278640,+3.47,+12.017, +9.913,+0.941
1686278700,+3.47,+11.964,+10.016,+0.941
1686278760,+3.47,+11.972,+10.000,+0.940
1686278820,+3.47,+11.946, +9.967,+0.941
1686278880,+3.47,+11.981, +9.913,+0.941
1686278940,+3.47,+11.999, +9.846,+0.941
1686279000,+3.47,+11.999, +9.840,+0.941
1686279060,+3.47,+12.061, +9.894,+0.941
1686279120,+3.47,+11.990, +9.967,+0.941
1686279180,+3.47,+12.079, +9.953,+0.941
1686279240,+3.47,+12.097, +9.972,+0.941
1686279300,+3.47,+12.079, +9.995,+0.941
1686279360,+3.47,+12.070, +9.989,+0.940
1686279420,+3.47,+12.088, +9.955,+0.941
1686279480,+3.47,+12.106, +9.908,+0.941
1686279540,+3.47,+12.044, +9.853,+0.941
1686279600,+3.47,+12.079, +9.774,+0.941
1686279660,+3.47,+12.079, +9.735,+0.941
1686279720,+3.47,+12.106, +9.702,+0.941
1686279780,+3.47,+12.150, +9.711,+0.941
1686279840,+3.47,+12.177, +9.747,+0.941
1686279900,+3.47,+12.150, +9.810,+0.941
1686279960,+3.47,+12.204, +9.893,+0.941
1686280020,+3.47,+12.195,+10.007,+0.941
1686280080,+3.47,+12.239, +9.922,+0.940
1686280140,+3.47,+12.213, +9.934,+0.941
1686280200,+3.47,+12.106, +9.996,+0.941
1686280260,+3.47,+12.053, +9.801,+0.941
1686280320,+3.47,+11.990, +9.836,+0.940
1686280380,+3.47,+11.981, +9.923,+0.940
1686280440,+3.47,+11.892,+10.032,+0.941
1686280500,+3.47,+11.892, +9.941,+0.940
1686280560,+3.47,+11.794, +9.875,+0.941
1686280620,+3.47,+11.758, +9.842,+0.941
1686280680,+3.47,+11.767, +9.818,+0.940
1686280740,+3.47,+11.803, +9.834,+0.941
1686280800,+3.47,+11.794, +9.833,+0.941
1686280860,+3.47,+11.803, +9.785,+0.940
1686280920,+3.47,+11.803, +9.785,+0.941
1686280980,+3.47,+11.812, +9.767,+0.940
1686281040,+3.47,+11.839, +9.753,+0.940
1686281100,+3.47,+11.794, +9.772,+0.940
1686281160,+3.47,+11.830, +9.763,+0.940
1686281220,+3.47,+11.857, +9.766,+0.941
1686281280,+3.47,+11.866, +9.761,+0.941
1686281340,+3.47,+11.866, +9.767,+0.941
1686281400,+3.47,+11.839, +9.779,+0.941
1686281460,+3.47,+11.919, +9.749,+0.941
1686281520,+3.47,+11.892, +9.750,+0.941
1686281580,+3.47,+11.919, +9.746,+0.941
1686281640,+3.47,+11.919, +9.739,+0.941
1686281700,+3.47,+11.928, +9.731,+0.941
1686281760,+3.47,+11.955, +9.692,+0.941
1686281820,+3.47,+11.946, +9.704,+0.941
1686281880,+3.47,+12.008, +9.711,+0.941
1686281940,+3.47,+12.008, +9.744,+0.940
1686282000,+3.47,+11.990, +9.764,+0.940
1686282060,+3.47,+11.919, +9.796,+0.941
1686282120,+3.47,+11.910, +9.831,+0.941
1686282180,+3.47,+11.883, +9.779,+0.941
1686282240,+3.47,+11.910, +9.728,+0.941
1686282300,+3.47,+11.892, +9.696,+0.940
1686282360,+3.47,+11.883, +9.676,+0.940
1686282420,+3.47,+11.919, +9.657,+0.941
1686282480,+3.47,+11.901, +9.662,+0.941
1686282540,+3.47,+11.910, +9.631,+0.941
1686282600,+3.47,+11.964, +9.601,+0.941
1686282660,+3.47,+11.999, +9.640,+0.941
1686282720,+3.47,+12.026, +9.731,+0.941
1686282780,+3.47,+12.070, +9.787,+0.941
1686282840,+3.47,+12.053, +9.833,+0.941
1686282900,+3.47,+12.079, +9.831,+0.941
1686282960,+3.47,+12.061, +9.843,+0.941
1686283020,+3.47,+12.070, +9.848,+0.941
1686283080,+3.47,+12.159, +9.868,+0.940
1686283140,+3.47,+12.115, +9.761,+0.941
1686283200,+3.47,+12.079, +9.888,+0.940
1686283260,+3.47,+12.044, +9.920,+0.941
1686283320,+3.47,+12.088, +9.912,+0.941
1686283380,+3.47,+12.044, +9.889,+0.941
1686283440,+3.47,+12.026, +9.823,+0.940
1686283500,+3.47,+12.053, +9.828,+0.941
1686283560,+3.47,+12.035, +9.832,+0.941
1686283620,+3.47,+12.044, +9.830,+0.941
1686283680,+3.47,+12.079, +9.854,+0.941
1686283740,+3.47,+12.079, +9.872,+0.941
1686283800,+3.47,+12.124, +9.868,+0.941
1686283860,+3.47,+12.195, +9.871,+0.941
1686283920,+3.47,+12.275, +9.832,+0.940
1686283980,+3.47,+12.292, +9.791,+0.941
1686284040,+3.47,+12.310, +9.745,+0.940
1686284100,+3.47,+12.284, +9.782,+0.941
1686284160,+3.47,+12.275, +9.784,+0.941
1686284220,+3.47,+12.266, +9.782,+0.941
1686284280,+3.47,+12.292, +9.757,+0.940
1686284340,+3.47,+12.284, +9.742,+0.940
1686284400,+3.47,+12.328, +9.709,+0.941
1686284460,+3.47,+12.292, +9.692,+0.941
1686284520,+3.47,+12.363, +9.594,+0.941
1686284580,+3.47,+12.390, +9.580,+0.940
1686284640,+3.47,+12.390, +9.593,+0.940
1686284700,+3.47,+12.319, +9.623,+0.940
1686284760,+3.47,+12.354, +9.607,+0.941
1686284820,+3.47,+12.346, +9.601,+0.940
1686284880,+3.47,+12.319, +9.609,+0.941
1686284940,+3.47,+12.372, +9.591,+0.941
1686285000,+3.47,+12.408, +9.583,+0.940
1686285060,+3.47,+12.470, +9.574,+0.941
1686285120,+3.47,+12.478, +9.569,+0.941
1686285180,+3.47,+12.461, +9.560,+0.941
1686285240,+3.47,+12.496, +9.541,+0.940
1686285300,+3.47,+12.523, +9.543,+0.940
1686285360,+3.47,+12.549, +9.554,+0.941
1686285420,+3.47,+12.558, +9.553,+0.941
1686285480,+3.47,+12.540, +9.578,+0.941
1686285540,+3.47,+12.540, +9.578,+0.941
1686285600,+3.47,+12.576, +9.562,+0.940
1686285660,+3.47,+12.620, +9.555,+0.940
1686285720,+3.47,+12.655, +9.559,+0.941
1686285780,+3.47,+12.646, +9.587,+0.940
1686285840,+3.47,+12.585, +9.640,+0.940
1686285900,+3.47,+12.682, +9.703,+0.940
1686285960,+3.47,+12.655, +9.804,+0.940
1686286020,+3.47,+12.699, +9.836,+0.941
1686286080,+3.47,+12.699, +9.813,+0.940
1686286140,+3.47,+12.735, +9.829,+0.941
1686286200,+3.47,+12.752, +9.822,+0.941
1686286260,+3.47,+12.788, +9.837,+0.941
1686286320,+3.47,+12.770, +9.819,+0.940
1686286380,+3.47,+12.840, +9.796,+0.941
1686286440,+3.47,+12.858, +9.805,+0.941
1686286500,+3.47,+12.832, +9.839,+0.940
1686286560,+3.47,+12.858, +9.854,+0.940
1686286620,+3.47,+12.885, +9.871,+0.941
1686286680,+3.47,+12.867, +9.863,+0.940
1686286740,+3.47,+12.893, +9.840,+0.940
1686286800,+3.47,+12.937, +9.809,+0.940
1686286860,+3.47,+13.008, +9.887,+0.941
1686286920,+3.47,+13.113,+10.054,+0.941
1686286980,+3.47,+13.227,+10.066,+0.941
1686287040,+3.47,+13.280,+10.068,+0.941
1686287100,+3.47,+13.254,+10.035,+0.940
1686287160,+3.47,+13.157, +9.659,+0.940
1686287220,+3.47,+13.025, +9.727,+0.940
1686287280,+3.47,+13.052, +9.724,+0.940
1686287340,+3.47,+12.937, +9.733,+0.940
1686287400,+3.47,+13.008, +9.689,+0.940
1686287460,+3.47,+12.990, +9.788,+0.940
1686287520,+3.47,+12.973, +9.829,+0.941
1686287580,+3.47,+12.946, +9.829,+0.940
1686287640,+3.47,+12.946, +9.778,+0.940
1686287700,+3.47,+12.893, +9.734,+0.940
1686287760,+3.47,+12.911, +9.695,+0.940
1686287820,+3.47,+12.955, +9.692,+0.940
1686287880,+3.47,+12.920, +9.733,+0.941
1686287940,+3.47,+12.999, +9.765,+0.941
1686288000,+3.47,+13.034, +9.859,+0.941
1686288060,+3.47,+13.087, +9.948,+0.941
1686288120,+3.47,+13.069, +9.985,+0.941
1686288180,+3.47,+13.113, +9.960,+0.941
1686288240,+3.47,+13.175,+10.028,+0.941
1686288300,+3.47,+13.131,+10.011,+0.941
1686288360,+3.47,+13.148,+10.114,+0.941
1686288420,+3.47,+12.981, +9.778,+0.939
1686288480,+3.47,+12.867, +9.855,+0.940
1686288540,+3.47,+12.876, +9.863,+0.940
1686288600,+3.47,+12.876, +9.834,+0.940
1686288660,+3.47,+12.840, +9.800,+0.940
1686288720,+3.47,+12.788, +9.802,+0.941
1686288780,+3.47,+12.867, +9.771,+0.940
1686288840,+3.47,+12.946, +9.781,+0.941
1686288900,+3.47,+12.964, +9.793,+0.941
1686288960,+3.47,+12.973, +9.859,+0.940
1686289020,+3.47,+12.973, +9.762,+0.940
1686289080,+3.47,+12.867, +9.858,+0.940
1686289140,+3.47,+12.814, +9.924,+0.940
1686289200,+3.47,+12.735, +9.946,+0.940
1686289260,+3.47,+12.743, +9.902,+0.940
1686289320,+3.47,+12.682, +9.886,+0.940
1686289380,+3.47,+12.655, +9.844,+0.940
1686289440,+3.47,+12.593, +9.976,+0.940
1686289500,+3.47,+12.602, +9.979,+0.940
1686289560,+3.47,+12.593, +9.950,+0.940
1686289620,+3.47,+12.593, +9.966,+0.940
1686289680,+3.47,+12.549, +9.990,+0.940
1686289740,+3.47,+12.532, +9.992,+0.940
1686289800,+3.47,+12.523,+10.018,+0.940
1686289860,+3.47,+12.505,+10.032,+0.941
1686289920,+3.47,+12.496,+10.025,+0.940
1686289980,+3.47,+12.558,+10.011,+0.941
1686290040,+3.47,+12.593, +9.985,+0.941
1686290100,+3.47,+12.487,+10.002,+0.941
1686290160,+3.47,+12.532,+10.008,+0.941
1686290220,+3.47,+12.452, +9.931,+0.940
1686290280,+3.47,+12.310, +9.987,+0.940
1686290340,+3.47,+12.328,+10.003,+0.941
1686290400,+3.47,+12.319,+10.003,+0.940
1686290460,+3.47,+12.363,+10.002,+0.941
1686290520,+3.47,+12.310, +9.982,+0.940
1686290580,+3.47,+12.292,+10.027,+0.940
1686290640,+3.47,+12.390, +9.998,+0.940
1686290700,+3.47,+12.292,+10.029,+0.940
1686290760,+3.47,+12.301,+10.029,+0.940
1686290820,+3.47,+12.346,+10.021,+0.941
1686290880,+3.47,+12.381,+10.009,+0.941
1686290940,+3.47,+12.292,+10.048,+0.941
1686291000,+3.47,+12.381,+10.010,+0.941
1686291060,+3.47,+12.372,+10.018,+0.941
1686291120,+3.47,+12.461, +9.918,+0.941
1686291180,+3.47,+12.461, +9.902,+0.941
1686291240,+3.47,+12.540, +9.880,+0.940
1686291300,+3.47,+12.752, +9.933,+0.942
1686291360,+3.47,+12.893, +9.971,+0.941
1686291420,+3.47,+12.929,+10.020,+0.941
1686291480,+3.47,+13.043, +9.991,+0.941
1686291540,+3.47,+13.078, +9.975,+0.941
1686291600,+3.47,+13.148, +9.917,+0.940
1686291660,+3.47,+13.113, +9.904,+0.941
1686291720,+3.47,+13.175, +9.852,+0.940
1686291780,+3.47,+13.087, +9.875,+0.941
1686291840,+3.47,+13.113, +9.849,+0.941
1686291900,+3.47,+13.122, +9.812,+0.941
1686291960,+3.47,+13.069, +9.770,+0.940
1686292020,+3.47,+13.008, +9.786,+0.940
1686292080,+3.47,+12.973, +9.821,+0.940
1686292140,+3.47,+12.981, +9.844,+0.940
1686292200,+3.47,+12.929, +9.943,+0.940
1686292260,+3.47,+12.929, +9.970,+0.940
1686292320,+3.47,+12.946, +9.975,+0.941
1686292380,+3.47,+12.981, +9.962,+0.941
1686292440,+3.47,+12.973, +9.906,+0.940
1686292500,+3.47,+13.034, +9.876,+0.941
1686292560,+3.47,+13.017, +9.860,+0.941
1686292620,+3.47,+12.990, +9.843,+0.941
1686292680,+3.47,+13.017, +9.819,+0.940
1686292740,+3.47,+13.025, +9.815,+0.941
1686292800,+3.47,+12.973, +9.852,+0.940
1686292860,+3.47,+12.902, +9.955,+0.940
1686292920,+3.47,+12.849, +9.986,+0.940
1686292980,+3.47,+12.823,+10.003,+0.940
1686293040,+3.47,+12.752,+10.046,+0.941
1686293100,+3.47,+12.779,+10.029,+0.940
1686293160,+3.47,+12.779,+10.033,+0.941
1686293220,+3.47,+12.823,+10.007,+0.940
1686293280,+3.47,+12.788,+10.014,+0.941
1686293340,+3.47,+12.832, +9.972,+0.940
1686293400,+3.47,+12.840, +9.957,+0.941
1686293460,+3.47,+12.761, +9.934,+0.941
1686293520,+3.47,+12.805, +9.923,+0.941
1686293580,+3.47,+12.796, +9.927,+0.940
1686293640,+3.47,+12.761, +9.947,+0.940
1686293700,+3.47,+12.699, +9.974,+0.940
1686293760,+3.47,+12.726, +9.982,+0.940
1686293820,+3.47,+12.664,+10.024,+0.941
1686293880,+3.47,+12.691,+10.024,+0.940
1686293940,+3.47,+12.708,+10.020,+0.941
1686294000,+3.47,+12.779, +9.996,+0.941
1686294060,+3.47,+12.735, +9.993,+0.940
1686294120,+3.47,+12.699,+10.003,+0.940
1686294180,+3.47,+12.691,+10.002,+0.941
1686294240,+3.47,+12.691, +9.958,+0.940
1686294300,+3.47,+12.682, +9.954,+0.941
1686294360,+3.47,+12.646, +9.994,+0.940
1686294420,+3.47,+12.620,+10.052,+0.940
1686294480,+3.47,+12.664,+10.089,+0.941
1686294540,+3.47,+12.646,+10.165,+0.940
1686294600,+3.47,+12.646,+10.189,+0.941
1686294660,+3.47,+12.682,+10.158,+0.941
1686294720,+3.47,+12.638,+10.132,+0.941
1686294780,+3.47,+12.611,+10.080,+0.940
1686294840,+3.47,+12.567,+10.085,+0.941
1686294900,+3.47,+12.540,+10.094,+0.941
1686294960,+3.47,+12.461,+10.134,+0.941
1686295020,+3.47,+12.487,+10.138,+0.941
1686295080,+3.47,+12.470,+10.131,+0.940
1686295140,+3.47,+12.505,+10.129,+0.941
1686295200,+3.47,+12.549,+10.107,+0.941
1686295260,+3.47,+12.558,+10.113,+0.941
1686295320,+3.47,+12.558,+10.141,+0.941
1686295380,+3.47,+12.558,+10.101,+0.941
1686295440,+3.47,+12.496,+10.169,+0.940
1686295500,+3.47,+12.532,+10.165,+0.940
1686295560,+3.47,+12.532,+10.188,+0.940
1686295620,+3.47,+12.461,+10.208,+0.941
1686295680,+3.47,+12.452,+10.204,+0.941
1686295740,+3.47,+12.452,+10.186,+0.941
1686295800,+3.47,+12.434,+10.164,+0.941
1686295860,+3.47,+12.425,+10.138,+0.941
1686295920,+3.47,+12.416,+10.153,+0.940
1686295980,+3.47,+12.363,+10.140,+0.940
1686296040,+3.47,+12.319,+10.124,+0.941
1686296100,+3.47,+12.310,+10.133,+0.941
1686296160,+3.47,+12.301,+10.129,+0.941
1686296220,+3.47,+12.310,+10.125,+0.941
1686296280,+3.47,+12.310,+10.123,+0.940
1686296340,+3.47,+12.292,+10.153,+0.941
1686296400,+3.47,+12.346,+10.139,+0.941
1686296460,+3.47,+12.337,+10.152,+0.941
1686296520,+3.47,+12.354,+10.133,+0.940
1686296580,+3.47,+12.363,+10.139,+0.941
1686296640,+3.47,+12.363,+10.148,+0.941
1686296700,+3.47,+12.390,+10.129,+0.941
1686296760,+3.47,+12.346,+10.127,+0.941
1686296820,+3.47,+12.337,+10.113,+0.940
1686296880,+3.47,+12.275,+10.108,+0.940
1686296940,+3.47,+12.337,+10.075,+0.940
1686297000,+3.47,+12.292,+10.103,+0.941
1686297060,+3.47,+12.284,+10.135,+0.941
1686297120,+3.47,+12.239,+10.168,+0.941
1686297180,+3.47,+12.301,+10.140,+0.941
1686297240,+3.47,+12.257,+10.153,+0.941
1686297300,+3.47,+12.168, +9.986,+0.940
1686297360,+3.47,+12.079, +9.840,+0.940
1686297420,+3.47,+12.088, +9.761,+0.940
1686297480,+3.47,+12.061, +9.760,+0.941
1686297540,+3.47,+11.946, +9.780,+0.941
1686297600,+3.47,+11.955, +9.564,+0.940
1686297660,+3.47,+11.812, +9.478,+0.940
1686297720,+3.47,+11.732, +9.433,+0.940
1686297780,+3.47,+11.580, +9.320,+0.940
1686297840,+3.47,+11.436, +9.325,+0.940
1686297900,+3.47,+11.374, +9.282,+0.940
1686297960,+3.47,+11.293, +9.228,+0.939
1686298020,+3.47,+11.158, +9.255,+0.940
1686298080,+3.47,+11.140, +9.259,+0.940
1686298140,+3.47,+11.131, +9.279,+0.940
1686298200,+3.47,+10.987, +9.348,+0.940
1686298260,+3.47,+11.032, +9.343,+0.940
1686298320,+3.47,+11.023, +9.345,+0.940
1686298380,+3.47,+10.996, +9.350,+0.940
1686298440,+3.47,+11.086, +9.341,+0.941
1686298500,+3.47,+11.140, +9.374,+0.940
1686298560,+3.47,+11.176, +9.416,+0.941
1686298620,+3.47,+11.365, +9.398,+0.941
1686298680,+3.47,+11.427, +9.587,+0.941
1686298740,+3.47,+11.615, +9.672,+0.941
1686298800,+3.47,+11.714, +9.737,+0.941
1686298860,+3.47,+11.750, +9.778,+0.942
1686298920,+3.47,+11.732, +9.719,+0.941
1686298980,+3.47,+11.571, +9.432,+0.940
1686299040,+3.47,+11.383, +9.394,+0.940
1686299100,+3.47,+11.230, +9.450,+0.940
1686299160,+3.47,+11.239, +9.465,+0.941
1686299220,+3.47,+11.266, +9.469,+0.941
1686299280,+3.47,+11.239, +9.413,+0.940
1686299340,+3.47,+11.131, +9.417,+0.940
1686299400,+3.47,+11.104, +9.406,+0.940
1686299460,+3.47,+11.086, +9.404,+0.940
1686299520,+3.47,+11.095, +9.441,+0.941
1686299580,+3.47,+11.185, +9.465,+0.941
1686299640,+3.47,+11.257, +9.460,+0.941
1686299700,+3.47,+11.347, +9.442,+0.940
1686299760,+3.47,+11.356, +9.470,+0.940
1686299820,+3.47,+11.409, +9.500,+0.941
1686299880,+3.47,+11.517, +9.482,+0.941
1686299940,+3.47,+11.535, +9.501,+0.941
1686300000,+3.47,+11.553, +9.514,+0.940
1686300060,+3.47,+11.535, +9.509,+0.940
1686300120,+3.47,+11.571, +9.517,+0.941
1686300180,+3.47,+11.580, +9.541,+0.941
1686300240,+3.47,+11.696, +9.605,+0.941
1686300300,+3.47,+11.741, +9.693,+0.941
1686300360,+3.47,+11.839, +9.696,+0.941
1686300420,+3.47,+11.821, +9.745,+0.941
1686300480,+3.47,+11.848, +9.729,+0.941
1686300540,+3.47,+11.705, +9.581,+0.940
1686300600,+3.47,+11.714, +9.538,+0.941
1686300660,+3.47,+11.607, +9.508,+0.941
1686300720,+3.47,+11.589, +9.438,+0.940
1686300780,+3.47,+11.490, +9.430,+0.940
1686300840,+3.47,+11.472, +9.413,+0.940
1686300900,+3.47,+11.409, +9.409,+0.940
1686300960,+3.47,+11.383, +9.411,+0.940
1686301020,+3.47,+11.418, +9.396,+0.940
1686301080,+3.47,+11.374, +9.417,+0.940
1686301140,+3.47,+11.383, +9.408,+0.940
1686301200,+3.47,+11.418, +9.408,+0.940
1686301260,+3.47,+11.391, +9.431,+0.941
1686301320,+3.47,+11.418, +9.416,+0.940
1686301380,+3.47,+11.409, +9.420,+0.940
1686301440,+3.47,+11.454, +9.419,+0.941
1686301500,+3.47,+11.463, +9.435,+0.941
1686301560,+3.47,+11.481, +9.439,+0.941
1686301620,+3.47,+11.544, +9.449,+0.941
1686301680,+3.47,+11.562, +9.498,+0.941
1686301740,+3.47,+11.607, +9.587,+0.941
1686301800,+3.47,+11.651, +9.620,+0.941
1686301860,+3.47,+11.580, +9.564,+0.941
1686301920,+3.47,+11.571, +9.536,+0.940
1686301980,+3.47,+11.553, +9.550,+0.941
1686302040,+3.47,+11.499, +9.554,+0.941
1686302100,+3.47,+11.499, +9.556,+0.941
1686302160,+3.47,+11.535, +9.541,+0.940
1686302220,+3.47,+11.562, +9.590,+0.941
1686302280,+3.47,+11.544, +9.644,+0.941
1686302340,+3.47,+11.615, +9.664,+0.941
1686302400,+3.47,+11.696, +9.651,+0.941
1686302460,+3.47,+11.678, +9.659,+0.941
1686302520,+3.47,+11.696, +9.663,+0.941
1686302580,+3.47,+11.687, +9.631,+0.941
1686302640,+3.47,+11.669, +9.631,+0.941
1686302700,+3.47,+11.615, +9.639,+0.940
1686302760,+3.47,+11.615, +9.632,+0.940
1686302820,+3.47,+11.633, +9.648,+0.940
1686302880,+3.47,+11.624, +9.685,+0.941
1686302940,+3.47,+11.562, +9.685,+0.941
1686303000,+3.47,+11.607, +9.668,+0.941
1686303060,+3.47,+11.598, +9.638,+0.941
1686303120,+3.47,+11.633, +9.631,+0.941
1686303180,+3.47,+11.642, +9.553,+0.941
1686303240,+3.47,+11.607, +9.558,+0.941
1686303300,+3.47,+11.642, +9.547,+0.941
1686303360,+3.47,+11.633, +9.598,+0.941
1686303420,+3.47,+11.651, +9.601,+0.940
1686303480,+3.47,+11.607, +9.634,+0.941
1686303540,+3.47,+11.589, +9.644,+0.941
1686303600,+3.47,+11.607, +9.723,+0.940
1686303660,+3.47,+11.517, +9.614,+0.941
1686303720,+3.47,+11.445, +9.602,+0.941
1686303780,+3.47,+11.418, +9.588,+0.941
1686303840,+3.47,+11.391, +9.523,+0.940
1686303900,+3.47,+11.257, +9.506,+0.940
1686303960,+3.47,+11.239, +9.546,+0.940
1686304020,+3.47,+11.194, +9.601,+0.941
1686304080,+3.47,+11.122, +9.644,+0.941
1686304140,+3.47,+11.140, +9.614,+0.941
1686304200,+3.47,+11.122, +9.603,+0.941
1686304260,+3.47,+11.041, +9.626,+0.941
1686304320,+3.47,+11.059, +9.596,+0.940
1686304380,+3.47,+11.095, +9.601,+0.940
1686304440,+3.47,+11.203, +9.653,+0.941
1686304500,+3.47,+11.302, +9.719,+0.941
1686304560,+3.47,+11.365, +9.747,+0.941
1686304620,+3.47,+11.454, +9.741,+0.941
1686304680,+3.47,+11.436, +9.771,+0.941
1686304740,+3.47,+11.544, +9.739,+0.941
1686304800,+3.47,+11.562, +9.769,+0.941
1686304860,+3.47,+11.857, +9.977,+0.942
1686304920,+3.47,+12.044,+10.050,+0.942
1686304980,+3.47,+12.266,+10.094,+0.942
1686305040,+3.47,+12.301,+10.000,+0.941
1686305100,+3.47,+12.177, +9.916,+0.940
1686305160,+3.47,+12.204, +9.994,+0.942
1686305220,+3.47,+12.354, +9.992,+0.941
1686305280,+3.47,+12.443,+10.045,+0.941
1686305340,+3.47,+12.567,+10.143,+0.941
1686305400,+3.47,+12.885,+10.260,+0.942
1686305460,+3.47,+13.131,+10.326,+0.943
1686305520,+3.47,+13.481,+10.397,+0.943
1686305580,+3.47,+13.874,+10.475,+0.944
1686305640,+3.47,+14.292,+10.495,+0.944
1686305700,+3.47,+13.709, +9.888,+0.940
1686305760,+3.47,+13.350, +9.927,+0.940
1686305820,+3.47,+13.087, +9.861,+0.940
1686305880,+3.47,+12.849, +9.925,+0.940
1686305940,+3.47,+12.743, +9.935,+0.940
1686306000,+3.47,+12.655, +9.957,+0.940
1686306060,+3.47,+12.638,+10.003,+0.940
1686306120,+3.47,+12.664,+10.032,+0.940
1686306180,+3.47,+12.708,+10.041,+0.940
1686306240,+3.47,+12.832,+10.044,+0.940
1686306300,+3.47,+12.743,+10.000,+0.941
1686306360,+3.47,+12.646,+10.032,+0.941
1686306420,+3.47,+12.743,+10.010,+0.940
1686306480,+3.47,+12.673,+10.037,+0.940
1686306540,+3.47,+12.717,+10.074,+0.940
1686306600,+3.47,+12.876,+10.165,+0.942
1686306660,+3.47,+13.157,+10.151,+0.941
1686306720,+3.47,+13.166,+10.092,+0.941
1686306780,+3.47,+12.990, +9.970,+0.940
1686306840,+3.47,+12.814, +9.923,+0.940
1686306900,+3.47,+12.629, +9.890,+0.940
1686306960,+3.47,+12.452, +9.943,+0.940
1686307020,+3.47,+12.416, +9.933,+0.940
1686307080,+3.47,+12.390, +9.964,+0.940
1686307140,+3.47,+12.399,+10.019,+0.940
1686307200,+3.47,+12.514,+10.103,+0.940
1686307260,+3.47,+12.743,+10.202,+0.941
1686307320,+3.47,+13.052,+10.255,+0.942
1686307380,+3.47,+13.411,+10.405,+0.943
1686307440,+3.47,+13.909,+10.606,+0.943
1686307500,+3.47,+14.378,+10.558,+0.943
1686307560,+3.47,+14.733,+10.489,+0.943
1686307620,+3.47,+14.897,+10.488,+0.943
1686307680,+3.47,+15.061,+10.438,+0.942
1686307740,+3.47,+15.250,+10.456,+0.943
1686307800,+3.47,+15.379,+10.468,+0.943
1686307860,+3.47,+15.525,+10.448,+0.943
1686307920,+3.47,+15.637,+10.462,+0.942
1686307980,+3.47,+15.748,+10.501,+0.943
1686308040,+3.47,+15.817,+10.553,+0.943
1686308100,+3.47,+15.919,+10.626,+0.943
1686308160,+3.47,+15.928,+10.651,+0.942
1686308220,+3.47,+15.996,+10.637,+0.942
1686308280,+3.47,+15.962,+10.616,+0.942
1686308340,+3.47,+15.962,+10.672,+0.942
1686308400,+3.47,+15.954,+10.413,+0.941
1686308460,+3.47,+15.336, +9.988,+0.938
1686308520,+3.47,+14.871,+10.168,+0.939
1686308580,+3.47,+14.742,+10.180,+0.940
1686308640,+3.47,+14.335,+10.117,+0.939
1686308700,+3.47,+14.231,+10.177,+0.940
1686308760,+3.47,+14.196,+10.179,+0.940
1686308820,+3.47,+13.926,+10.078,+0.939
1686308880,+3.47,+13.787,+10.228,+0.940
1686308940,+3.47,+13.691,+10.126,+0.939
1686309000,+3.47,+13.551,+10.099,+0.939
1686309060,+3.47,+13.394,+10.042,+0.939
1686309120,+3.47,+13.306,+10.033,+0.940
1686309180,+3.47,+13.280,+10.028,+0.940
1686309240,+3.47,+13.210,+10.134,+0.940
1686309300,+3.47,+13.411,+10.287,+0.941
1686309360,+3.47,+13.612,+10.371,+0.941
1686309420,+3.47,+13.953,+10.544,+0.942
1686309480,+3.47,+14.274,+10.499,+0.942
1686309540,+3.47,+14.673,+10.546,+0.942
1686309600,+3.47,+14.248,+10.055,+0.939
1686309660,+3.47,+13.874,+10.013,+0.939
1686309720,+3.47,+13.604,+10.101,+0.940
1686309780,+3.47,+13.551,+10.137,+0.940
1686309840,+3.47,+13.569,+10.168,+0.939
1686309900,+3.47,+13.473,+10.129,+0.940
1686309960,+3.47,+13.254,+10.009,+0.939
1686310020,+3.47,+13.078,+10.004,+0.939
1686310080,+3.47,+12.867,+10.086,+0.940
1686310140,+3.47,+12.796,+10.105,+0.940
1686310200,+3.47,+12.682,+10.160,+0.940
1686310260,+3.47,+12.629,+10.165,+0.940
1686310320,+3.47,+12.576,+10.170,+0.940
1686310380,+3.47,+12.549,+10.177,+0.940
1686310440,+3.47,+12.478,+10.206,+0.940
1686310500,+3.47,+12.478,+10.193,+0.940
1686310560,+3.47,+12.443,+10.206,+0.940
1686310620,+3.47,+12.470,+10.199,+0.940
1686310680,+3.47,+12.496,+10.200,+0.940
1686310740,+3.47,+12.549,+10.186,+0.940
1686310800,+3.47,+12.576,+10.243,+0.941
1686310860,+3.47,+12.858,+10.627,+0.944
1686310920,+3.47,+13.831,+10.844,+0.944
1686310980,+3.47,+14.318,+10.718,+0.943
1686311040,+3.47,+14.560,+10.808,+0.944
1686311100,+3.47,+14.845,+10.240,+0.940
1686311160,+3.47,+14.612,+10.316,+0.941
1686311220,+3.47,+13.944, +9.824,+0.938
1686311280,+3.47,+13.306, +9.856,+0.939
1686311340,+3.47,+12.937, +9.934,+0.939
1686311400,+3.47,+12.823, +9.904,+0.939
1686311460,+3.47,+12.585, +9.950,+0.940
1686311520,+3.47,+12.470, +9.980,+0.940
1686311580,+3.47,+12.381, +9.981,+0.940
1686311640,+3.47,+12.372, +9.988,+0.940
1686311700,+3.47,+12.337,+10.042,+0.940
1686311760,+3.47,+12.292,+10.064,+0.940
1686311820,+3.47,+12.239,+10.026,+0.940
1686311880,+3.47,+12.195, +9.984,+0.940
1686311940,+3.47,+12.115, +9.957,+0.940
1686312000,+3.47,+12.070, +9.922,+0.940
1686312060,+3.47,+12.079, +9.918,+0.940
1686312120,+3.47,+11.955, +9.928,+0.940
1686312180,+3.47,+11.964, +9.827,+0.940
1686312240,+3.47,+11.866, +9.769,+0.940
1686312300,+3.47,+11.874, +9.756,+0.940
1686312360,+3.47,+11.785, +9.704,+0.940
1686312420,+3.47,+11.642, +9.695,+0.940
1686312480,+3.47,+11.517, +9.650,+0.940
1686312540,+3.47,+11.418, +9.638,+0.940
1686312600,+3.47,+11.427, +9.623,+0.940
1686312660,+3.47,+11.400, +9.609,+0.940
1686312720,+3.47,+11.347, +9.644,+0.941
1686312780,+3.47,+11.284, +9.655,+0.940
1686312840,+3.47,+11.257, +9.660,+0.940
1686312900,+3.47,+11.212, +9.671,+0.940
1686312960,+3.47,+11.248, +9.661,+0.941
1686313020,+3.47,+11.230, +9.667,+0.941
1686313080,+3.47,+11.230, +9.663,+0.940
1686313140,+3.47,+11.212, +9.672,+0.941
1686313200,+3.47,+11.248, +9.654,+0.940
1686313260,+3.47,+11.302, +9.644,+0.941
1686313320,+3.47,+11.257, +9.672,+0.941
1686313380,+3.47,+11.185, +9.709,+0.941
1686313440,+3.47,+11.275, +9.684,+0.941
1686313500,+3.47,+11.275, +9.703,+0.941
1686313560,+3.47,+11.302, +9.686,+0.941
1686313620,+3.47,+11.266, +9.707,+0.941
1686313680,+3.47,+11.356, +9.665,+0.941
1686313740,+3.47,+11.230, +9.693,+0.941
1686313800,+3.47,+11.248, +9.679,+0.941
1686313860,+3.47,+11.248, +9.688,+0.941
1686313920,+3.47,+11.248, +9.689,+0.941
1686313980,+3.47,+11.203, +9.695,+0.941
1686314040,+3.47,+11.185, +9.689,+0.941
1686314100,+3.47,+11.203, +9.654,+0.940
1686314160,+3.47,+11.104, +9.715,+0.941
1686314220,+3.47,+11.086, +9.722,+0.940
1686314280,+3.47,+11.113, +9.719,+0.940
1686314340,+3.47,+11.050, +9.760,+0.941
1686314400,+3.47,+11.104, +9.739,+0.941
1686314460,+3.47,+11.113, +9.744,+0.941
1686314520,+3.47,+11.113, +9.727,+0.940
1686314580,+3.47,+11.014, +9.774,+0.941
1686314640,+3.47,+11.041, +9.755,+0.940
1686314700,+3.47,+11.059, +9.770,+0.941
1686314760,+3.47,+11.068, +9.797,+0.941
1686314820,+3.47,+11.023, +9.828,+0.940
1686314880,+3.47,+11.059, +9.833,+0.940
1686314940,+3.47,+11.068, +9.852,+0.941
1686315000,+3.47,+11.059, +9.845,+0.941
1686315060,+3.47,+11.104, +9.772,+0.940
1686315120,+3.47,+11.005, +9.741,+0.940
1686315180,+3.47,+10.960, +9.736,+0.941
