7450-798456
OS REV: 1.03 Sensor Cal: 1539277937
Time (sec),  BV (Volts),  T (deg C),  DO (mg/l),  Q ()
1684414440,+3.46,+11.194, +9.931,+0.942
1684414500,+3.46,+11.194, +9.870,+0.942
1684414560,+3.46,+10.806, +9.615,+0.941
1684414620,+3.46,+10.734, +9.595,+0.942
1684414680,+3.46,+10.015, +9.334,+0.939
1684414740,+3.46, +9.491, +9.293,+0.940
1684414800,+3.46, +9.223, +9.268,+0.940
1684414860,+3.46, +9.037, +9.376,+0.941
1684414920,+3.46, +9.121, +9.494,+0.941
1684414980,+3.46, +9.241, +9.599,+0.942
1684415040,+3.46, +9.343, +9.645,+0.942
1684415100,+3.46, +9.528, +9.692,+0.942
1684415160,+3.46, +9.611, +9.754,+0.942
1684415220,+3.46, +9.620, +9.830,+0.943
1684415280,+3.46, +9.694, +9.850,+0.943
1684415340,+3.46, +9.822, +9.837,+0.943
1684415400,+3.46, +9.877, +9.861,+0.943
1684415460,+3.46, +9.969, +9.867,+0.943
1684415520,+3.46,+10.069, +9.880,+0.943
1684415580,+3.46,+10.206, +9.852,+0.943
1684415640,+3.46,+10.288, +9.861,+0.943
1684415700,+3.46,+10.434, +9.847,+0.943
1684415760,+3.46,+10.507, +9.862,+0.943
1684415820,+3.46,+10.643, +9.913,+0.943
1684415880,+3.46,+10.715, +9.923,+0.943
1684415940,+3.46,+10.724, +9.905,+0.943
1684416000,+3.46,+10.743, +9.908,+0.943
1684416060,+3.46,+10.761, +9.881,+0.943
1684416120,+3.46,+10.797, +9.841,+0.943
1684416180,+3.46,+10.815, +9.833,+0.943
1684416240,+3.46,+10.806, +9.845,+0.943
1684416300,+3.46,+10.824, +9.845,+0.943
1684416360,+3.46,+10.878, +9.836,+0.943
1684416420,+3.46,+10.905, +9.815,+0.943
1684416480,+3.46,+10.670, +9.627,+0.942
1684416540,+3.46,+10.325, +9.691,+0.942
1684416600,+3.46,+10.179, +9.798,+0.942
1684416660,+3.46,+10.143, +9.787,+0.943
1684416720,+3.46,+10.206, +9.785,+0.943
1684416780,+3.46,+10.416, +9.836,+0.943
1684416840,+3.46,+10.661, +9.913,+0.943
1684416900,+3.46,+10.923, +9.931,+0.944
1684416960,+3.46,+11.068, +9.918,+0.943
1684417020,+3.46,+11.158, +9.933,+0.944
1684417080,+3.46,+11.284, +9.936,+0.944
1684417140,+3.46,+11.409, +9.951,+0.943
1684417200,+3.46,+11.553, +9.961,+0.943
1684417260,+3.46,+11.607, +9.962,+0.943
1684417320,+3.46,+11.651, +9.990,+0.943
1684417380,+3.46,+11.750, +9.984,+0.944
1684417440,+3.46,+11.830, +9.960,+0.943
1684417500,+3.46,+11.866, +9.990,+0.943
1684417560,+3.46,+11.999, +9.966,+0.943
1684417620,+3.46,+11.955, +9.927,+0.943
1684417680,+3.46,+11.866, +9.866,+0.942
1684417740,+3.46,+11.830, +9.877,+0.943
1684417800,+3.46,+11.857, +9.885,+0.943
1684417860,+3.46,+11.999, +9.890,+0.943
1684417920,+3.46,+12.026, +9.920,+0.943
1684417980,+3.46,+12.106, +9.944,+0.942
1684418040,+3.46,+12.230, +9.939,+0.943
1684418100,+3.46,+12.257, +9.972,+0.943
1684418160,+3.46,+12.239,+10.026,+0.942
1684418220,+3.46,+12.310,+10.042,+0.943
1684418280,+3.46,+12.363,+10.016,+0.942
1684418340,+3.46,+12.328,+10.048,+0.942
1684418400,+3.46,+12.363,+10.046,+0.942
1684418460,+3.46,+12.425,+10.053,+0.942
1684418520,+3.46,+12.470,+10.034,+0.942
1684418580,+3.46,+12.416,+10.060,+0.943
1684418640,+3.46,+12.390,+10.068,+0.942
1684418700,+3.46,+12.425,+10.055,+0.943
1684418760,+3.46,+12.425,+10.058,+0.942
1684418820,+3.46,+12.470,+10.069,+0.943
1684418880,+3.46,+12.487,+10.072,+0.942
1684418940,+3.46,+12.540,+10.066,+0.943
1684419000,+3.46,+12.549,+10.054,+0.942
1684419060,+3.46,+12.478, +9.952,+0.942
1684419120,+3.46,+12.337, +9.855,+0.942
1684419180,+3.46,+12.186, +9.895,+0.942
1684419240,+3.46,+12.053, +9.918,+0.942
1684419300,+3.46,+11.972, +9.948,+0.942
1684419360,+3.46,+11.919, +9.952,+0.942
1684419420,+3.46,+11.928, +9.950,+0.942
1684419480,+3.46,+11.919, +9.954,+0.943
1684419540,+3.46,+11.901, +9.937,+0.942
1684419600,+3.46,+11.874, +9.916,+0.942
1684419660,+3.46,+11.839, +9.932,+0.942
1684419720,+3.46,+11.839, +9.921,+0.942
1684419780,+3.46,+11.839, +9.931,+0.942
1684419840,+3.46,+11.883, +9.920,+0.942
1684419900,+3.46,+11.839, +9.945,+0.943
1684419960,+3.46,+11.821, +9.944,+0.942
1684420020,+3.46,+11.839, +9.934,+0.942
1684420080,+3.46,+11.857, +9.920,+0.942
1684420140,+3.46,+11.830, +9.927,+0.942
1684420200,+3.46,+11.803, +9.932,+0.942
1684420260,+3.46,+11.866, +9.919,+0.943
1684420320,+3.46,+11.812, +9.758,+0.941
1684420380,+3.46,+11.445, +9.781,+0.941
1684420440,+3.46,+11.338, +9.813,+0.942
1684420500,+3.46,+11.266, +9.756,+0.942
1684420560,+3.46,+11.014, +9.822,+0.942
1684420620,+3.46,+10.951, +9.759,+0.941
1684420680,+3.46,+10.743, +9.748,+0.940
1684420740,+3.46,+10.525, +9.757,+0.941
1684420800,+3.46,+10.325, +9.786,+0.941
1684420860,+3.46,+10.179, +9.858,+0.942
1684420920,+3.46,+10.069, +9.860,+0.941
1684420980,+3.46, +9.950, +9.893,+0.941
1684421040,+3.46, +9.996, +9.883,+0.942
1684421100,+3.46, +9.996, +9.904,+0.942
1684421160,+3.46,+10.005, +9.995,+0.943
1684421220,+3.46,+10.206, +9.971,+0.943
1684421280,+3.46,+10.380, +9.959,+0.943
1684421340,+3.46,+10.589, +9.961,+0.943
1684421400,+3.46,+10.724, +9.944,+0.943
1684421460,+3.46,+10.661, +9.710,+0.941
1684421520,+3.46,+10.188, +9.709,+0.941
1684421580,+3.46,+10.024, +9.779,+0.942
1684421640,+3.46,+10.060, +9.847,+0.942
1684421700,+3.46,+10.170, +9.820,+0.942
1684421760,+3.46,+10.206, +9.894,+0.943
1684421820,+3.46,+10.370, +9.902,+0.943
1684421880,+3.46,+10.525, +9.897,+0.943
1684421940,+3.46,+10.607, +9.920,+0.943
1684422000,+3.46,+10.688, +9.946,+0.943
1684422060,+3.46,+10.752, +9.944,+0.943
1684422120,+3.46,+10.860, +9.946,+0.943
1684422180,+3.46,+10.996, +9.928,+0.943
1684422240,+3.46,+11.095, +9.939,+0.943
1684422300,+3.46,+11.167, +9.967,+0.944
1684422360,+3.46,+11.284, +9.952,+0.943
1684422420,+3.46,+11.329, +9.941,+0.943
1684422480,+3.46,+11.311, +9.975,+0.943
1684422540,+3.46,+11.356, +9.944,+0.943
1684422600,+3.46,+11.409, +9.934,+0.943
1684422660,+3.46,+10.688, +9.369,+0.940
1684422720,+3.46,+10.152, +9.509,+0.941
1684422780,+3.46, +9.868, +9.637,+0.941
1684422840,+3.46, +9.923, +9.697,+0.941
1684422900,+3.46, +9.960, +9.857,+0.942
1684422960,+3.46,+10.261, +9.956,+0.943
1684423020,+3.46,+10.380, +9.917,+0.943
1684423080,+3.46,+10.434, +9.867,+0.943
1684423140,+3.46,+10.461, +9.843,+0.943
1684423200,+3.46,+10.452, +9.876,+0.943
1684423260,+3.46,+10.507, +9.851,+0.943
1684423320,+3.46,+10.607, +9.880,+0.943
1684423380,+3.46,+10.706, +9.869,+0.943
1684423440,+3.46,+10.842, +9.880,+0.942
1684423500,+3.46,+10.914, +9.893,+0.943
1684423560,+3.46,+10.452, +9.419,+0.940
1684423620,+3.46,+10.005, +9.661,+0.941
1684423680,+3.46,+10.042, +9.833,+0.942
1684423740,+3.46,+10.288, +9.918,+0.943
1684423800,+3.46,+10.489, +9.948,+0.943
1684423860,+3.46,+10.679, +9.905,+0.943
1684423920,+3.46,+10.697, +9.906,+0.943
1684423980,+3.46,+10.761, +9.913,+0.943
1684424040,+3.46,+10.815, +9.882,+0.943
1684424100,+3.46,+10.833, +9.881,+0.943
1684424160,+3.46,+10.869, +9.889,+0.943
1684424220,+3.46,+10.923, +9.895,+0.943
1684424280,+3.46,+11.023, +9.947,+0.944
1684424340,+3.46,+11.077, +9.954,+0.944
1684424400,+3.46,+11.131, +9.924,+0.943
1684424460,+3.46,+11.203, +9.886,+0.943
1684424520,+3.46,+10.598, +9.634,+0.941
1684424580,+3.46,+10.234, +9.713,+0.942
1684424640,+3.46,+10.270, +9.847,+0.943
1684424700,+3.46,+10.507, +9.899,+0.943
1684424760,+3.46,+10.770, +9.861,+0.943
1684424820,+3.46,+10.896, +9.879,+0.943
1684424880,+3.46,+11.014, +9.892,+0.943
1684424940,+3.46,+11.140, +9.888,+0.943
1684425000,+3.46,+11.230, +9.878,+0.943
1684425060,+3.46,+11.185, +9.903,+0.943
1684425120,+3.46,+11.293, +9.881,+0.943
1684425180,+3.46,+11.311, +9.898,+0.943
1684425240,+3.46,+11.329, +9.899,+0.943
1684425300,+3.46,+11.320, +9.921,+0.943
1684425360,+3.46,+11.338, +9.912,+0.943
1684425420,+3.46,+11.374, +9.890,+0.943
1684425480,+3.46,+11.356, +9.893,+0.943
1684425540,+3.46,+11.311, +9.892,+0.942
1684425600,+3.46,+11.347, +9.881,+0.943
1684425660,+3.46,+11.329, +9.906,+0.943
1684425720,+3.46,+11.347, +9.914,+0.943
1684425780,+3.46,+11.418, +9.922,+0.943
1684425840,+3.46,+11.383, +9.959,+0.943
1684425900,+3.46,+11.418, +9.964,+0.943
1684425960,+3.46,+11.472, +9.952,+0.942
1684426020,+3.46,+11.463, +9.962,+0.943
1684426080,+3.46,+11.517, +9.948,+0.943
1684426140,+3.46,+11.526, +9.949,+0.943
1684426200,+3.46,+11.553, +9.935,+0.943
1684426260,+3.46,+11.624, +9.923,+0.943
1684426320,+3.46,+11.633, +9.957,+0.942
1684426380,+3.46,+11.651, +9.983,+0.943
1684426440,+3.46,+11.624,+10.029,+0.943
1684426500,+3.46,+11.687,+10.012,+0.943
1684426560,+3.46,+11.732, +9.978,+0.943
1684426620,+3.46,+11.660, +9.987,+0.943
1684426680,+3.46,+11.660, +9.953,+0.943
1684426740,+3.46,+11.741, +9.908,+0.943
1684426800,+3.46,+11.758, +9.883,+0.943
1684426860,+3.46,+11.785, +9.865,+0.943
1684426920,+3.46,+11.750, +9.861,+0.943
1684426980,+3.46,+11.741, +9.861,+0.943
1684427040,+3.46,+11.714, +9.847,+0.943
1684427100,+3.46,+11.705, +9.872,+0.943
1684427160,+3.46,+11.696, +9.869,+0.942
1684427220,+3.46,+11.678, +9.860,+0.942
1684427280,+3.46,+11.696, +9.857,+0.942
1684427340,+3.46,+11.714, +9.878,+0.943
1684427400,+3.46,+11.678, +9.899,+0.943
1684427460,+3.46,+11.678, +9.919,+0.943
1684427520,+3.46,+11.642, +9.950,+0.943
1684427580,+3.46,+11.696, +9.923,+0.942
1684427640,+3.46,+11.696, +9.904,+0.942
1684427700,+3.46,+11.705, +9.912,+0.943
1684427760,+3.46,+11.687, +9.920,+0.942
1684427820,+3.46,+11.687, +9.926,+0.943
1684427880,+3.46,+11.678, +9.920,+0.942
1684427940,+3.46,+11.750, +9.905,+0.942
1684428000,+3.46,+11.705, +9.926,+0.943
1684428060,+3.46,+11.705, +9.931,+0.943
1684428120,+3.46,+11.741, +9.916,+0.943
1684428180,+3.46,+11.741, +9.909,+0.942
1684428240,+3.46,+11.750, +9.902,+0.943
1684428300,+3.46,+11.723, +9.896,+0.942
1684428360,+3.46,+11.776, +9.889,+0.943
1684428420,+3.46,+11.723, +9.903,+0.943
1684428480,+3.46,+11.750, +9.898,+0.943
1684428540,+3.46,+11.758, +9.883,+0.942
1684428600,+3.46,+11.767, +9.891,+0.942
1684428660,+3.46,+11.714, +9.907,+0.942
1684428720,+3.46,+11.794, +9.884,+0.942
1684428780,+3.46,+11.750, +9.919,+0.943
1684428840,+3.46,+11.785, +9.909,+0.942
1684428900,+3.46,+11.776, +9.929,+0.942
1684428960,+3.46,+11.750, +9.966,+0.943
1684429020,+3.46,+11.705, +9.979,+0.942
1684429080,+3.46,+11.776, +9.918,+0.942
1684429140,+3.46,+11.705, +9.960,+0.942
1684429200,+3.46,+11.723, +9.982,+0.942
1684429260,+3.46,+11.758, +9.992,+0.942
1684429320,+3.46,+11.669,+10.026,+0.942
1684429380,+3.46,+11.633,+10.014,+0.942
1684429440,+3.46,+11.678,+10.005,+0.942
1684429500,+3.46,+11.687, +9.994,+0.942
1684429560,+3.46,+11.660, +9.989,+0.942
1684429620,+3.46,+11.615, +9.999,+0.942
1684429680,+3.46,+11.669, +9.991,+0.943
1684429740,+3.46,+11.571,+10.050,+0.942
1684429800,+3.46,+11.544,+10.068,+0.943
1684429860,+3.46,+11.580,+10.048,+0.942
1684429920,+3.46,+11.517,+10.073,+0.943
1684429980,+3.46,+11.508,+10.099,+0.943
1684430040,+3.46,+11.517,+10.099,+0.942
1684430100,+3.46,+11.544,+10.071,+0.943
1684430160,+3.46,+11.508,+10.058,+0.943
1684430220,+3.46,+11.481,+10.063,+0.943
1684430280,+3.46,+11.535,+10.053,+0.942
1684430340,+3.46,+11.472,+10.082,+0.943
1684430400,+3.46,+11.445,+10.076,+0.943
1684430460,+3.46,+11.418,+10.078,+0.942
1684430520,+3.46,+11.356,+10.094,+0.943
1684430580,+3.46,+11.409,+10.066,+0.942
1684430640,+3.46,+11.383,+10.064,+0.943
1684430700,+3.46,+11.400,+10.045,+0.942
1684430760,+3.46,+11.365,+10.052,+0.943
1684430820,+3.46,+11.365,+10.041,+0.942
1684430880,+3.46,+11.320,+10.065,+0.943
1684430940,+3.46,+11.365,+10.054,+0.942
1684431000,+3.46,+11.365,+10.065,+0.942
1684431060,+3.46,+11.347,+10.070,+0.942
1684431120,+3.46,+11.338,+10.077,+0.943
1684431180,+3.46,+11.329,+10.079,+0.942
1684431240,+3.46,+11.365,+10.068,+0.943
1684431300,+3.46,+11.311,+10.071,+0.942
1684431360,+3.46,+11.311,+10.082,+0.943
1684431420,+3.46,+11.347,+10.055,+0.942
1684431480,+3.46,+11.311,+10.061,+0.943
1684431540,+3.46,+11.302,+10.050,+0.942
1684431600,+3.46,+11.257,+10.081,+0.943
1684431660,+3.46,+11.284,+10.065,+0.943
1684431720,+3.46,+11.230,+10.069,+0.942
1684431780,+3.46,+11.302,+10.038,+0.942
1684431840,+3.46,+11.302,+10.051,+0.943
1684431900,+3.46,+11.275,+10.068,+0.943
1684431960,+3.46,+11.266,+10.068,+0.943
1684432020,+3.46,+11.239,+10.070,+0.942
1684432080,+3.46,+11.284,+10.058,+0.943
1684432140,+3.46,+11.275,+10.053,+0.943
1684432200,+3.46,+11.302,+10.045,+0.943
1684432260,+3.46,+11.293,+10.046,+0.943
1684432320,+3.46,+11.275,+10.055,+0.943
1684432380,+3.46,+11.320, +9.999,+0.943
1684432440,+3.46,+11.176,+10.018,+0.942
1684432500,+3.46,+11.185,+10.002,+0.942
1684432560,+3.46,+11.194, +9.984,+0.942
1684432620,+3.46,+11.158,+10.019,+0.942
1684432680,+3.46,+11.194,+10.029,+0.943
1684432740,+3.46,+11.194,+10.017,+0.942
1684432800,+3.46,+11.158,+10.030,+0.943
1684432860,+3.46,+11.158,+10.039,+0.943
1684432920,+3.46,+11.221, +9.996,+0.942
1684432980,+3.46,+11.221, +9.998,+0.943
1684433040,+3.46,+11.167,+10.015,+0.942
1684433100,+3.46,+11.239,+10.013,+0.943
1684433160,+3.46,+11.239,+10.030,+0.943
1684433220,+3.46,+11.257,+10.039,+0.943
1684433280,+3.46,+11.284,+10.044,+0.943
1684433340,+3.46,+11.266,+10.038,+0.942
1684433400,+3.46,+11.248,+10.055,+0.943
1684433460,+3.46,+11.248,+10.065,+0.943
1684433520,+3.46,+11.284,+10.103,+0.943
1684433580,+3.46,+11.311,+10.089,+0.943
1684433640,+3.46,+11.293,+10.060,+0.943
1684433700,+3.46,+11.257,+10.059,+0.943
1684433760,+3.46,+11.257,+10.071,+0.943
1684433820,+3.46,+11.311,+10.044,+0.943
1684433880,+3.46,+11.221,+10.074,+0.943
1684433940,+3.46,+11.302,+10.037,+0.943
1684434000,+3.46,+11.365,+10.008,+0.943
1684434060,+3.46,+11.302,+10.026,+0.942
1684434120,+3.46,+11.302,+10.019,+0.943
1684434180,+3.46,+11.302,+10.012,+0.943
1684434240,+3.46,+11.320,+10.007,+0.943
1684434300,+3.46,+11.338, +9.991,+0.943
1684434360,+3.46,+11.293,+10.004,+0.943
1684434420,+3.46,+11.293, +9.999,+0.943
1684434480,+3.46,+11.257,+10.014,+0.943
1684434540,+3.46,+11.302,+10.000,+0.943
1684434600,+3.46,+11.356, +9.950,+0.942
1684434660,+3.46,+11.347, +9.956,+0.943
1684434720,+3.46,+11.338, +9.964,+0.943
1684434780,+3.46,+11.356, +9.948,+0.942
1684434840,+3.46,+11.329, +9.960,+0.943
1684434900,+3.46,+11.320, +9.973,+0.943
1684434960,+3.46,+11.374, +9.970,+0.943
1684435020,+3.46,+11.338, +9.992,+0.942
1684435080,+3.46,+11.365,+10.007,+0.943
1684435140,+3.46,+11.383,+10.001,+0.942
1684435200,+3.46,+11.356,+10.005,+0.942
1684435260,+3.46,+11.374, +9.992,+0.942
1684435320,+3.46,+11.383, +9.993,+0.943
1684435380,+3.46,+11.391, +9.990,+0.942
1684435440,+3.46,+11.365,+10.017,+0.943
1684435500,+3.46,+11.329,+10.018,+0.943
1684435560,+3.46,+11.365,+10.011,+0.943
1684435620,+3.46,+11.302,+10.021,+0.942
1684435680,+3.46,+11.365,+10.020,+0.943
1684435740,+3.46,+11.374,+10.025,+0.942
1684435800,+3.46,+11.365,+10.032,+0.942
1684435860,+3.46,+11.302,+10.070,+0.943
1684435920,+3.46,+11.338,+10.053,+0.943
1684435980,+3.46,+11.356,+10.036,+0.942
1684436040,+3.46,+11.302,+10.073,+0.943
1684436100,+3.46,+11.293,+10.066,+0.942
1684436160,+3.46,+11.365,+10.039,+0.943
1684436220,+3.46,+11.329,+10.048,+0.942
1684436280,+3.46,+11.347,+10.045,+0.942
1684436340,+3.46,+11.338,+10.058,+0.943
1684436400,+3.46,+11.347,+10.050,+0.942
1684436460,+3.46,+11.374,+10.034,+0.942
1684436520,+3.46,+11.311,+10.081,+0.943
1684436580,+3.46,+11.356,+10.065,+0.943
1684436640,+3.46,+11.329,+10.084,+0.943
1684436700,+3.46,+11.329,+10.088,+0.942
1684436760,+3.46,+11.329,+10.096,+0.942
1684436820,+3.46,+11.338,+10.100,+0.943
1684436880,+3.46,+11.320,+10.104,+0.942
1684436940,+3.46,+11.356,+10.080,+0.943
1684437000,+3.46,+11.320,+10.077,+0.943
1684437060,+3.46,+11.329,+10.066,+0.943
1684437120,+3.46,+11.365,+10.043,+0.943
1684437180,+3.46,+11.356,+10.053,+0.943
1684437240,+3.46,+11.275,+10.077,+0.943
1684437300,+3.46,+11.311,+10.051,+0.943
1684437360,+3.46,+11.284,+10.065,+0.943
1684437420,+3.46,+11.347,+10.024,+0.942
1684437480,+3.46,+11.284,+10.049,+0.942
1684437540,+3.46,+11.266,+10.028,+0.942
1684437600,+3.46,+11.248,+10.010,+0.943
1684437660,+3.46,+10.932, +9.801,+0.942
1684437720,+3.46,+10.570, +9.750,+0.941
1684437780,+3.46,+10.525, +9.825,+0.942
1684437840,+3.46,+10.534, +9.823,+0.942
1684437900,+3.46,+10.480, +9.862,+0.943
1684437960,+3.46,+10.489, +9.845,+0.942
1684438020,+3.46,+10.434, +9.880,+0.943
1684438080,+3.46,+10.480, +9.852,+0.942
1684438140,+3.46,+10.452, +9.861,+0.943
1684438200,+3.46,+10.452, +9.869,+0.943
1684438260,+3.46,+10.480, +9.874,+0.943
1684438320,+3.46,+10.461, +9.886,+0.942
1684438380,+3.46,+10.570, +9.862,+0.943
1684438440,+3.46,+10.570, +9.895,+0.943
1684438500,+3.46,+10.688, +9.882,+0.943
1684438560,+3.46,+10.724, +9.904,+0.943
1684438620,+3.46,+10.743, +9.948,+0.943
1684438680,+3.46,+10.842, +9.925,+0.943
1684438740,+3.46,+10.833, +9.933,+0.943
1684438800,+3.46,+10.851, +9.925,+0.942
1684438860,+3.46,+10.896, +9.917,+0.942
1684438920,+3.46,+10.960, +9.920,+0.943
1684438980,+3.46,+10.951, +9.941,+0.943
1684439040,+3.46,+10.960, +9.951,+0.943
1684439100,+3.46,+11.050, +9.938,+0.943
1684439160,+3.46,+11.023, +9.978,+0.943
1684439220,+3.46,+11.095, +9.949,+0.943
1684439280,+3.46,+11.032, +9.965,+0.943
1684439340,+3.46,+11.041, +9.961,+0.943
1684439400,+3.46,+11.050, +9.972,+0.943
1684439460,+3.46,+11.068, +9.957,+0.943
1684439520,+3.46,+11.122, +9.944,+0.943
1684439580,+3.46,+11.122, +9.942,+0.943
1684439640,+3.46,+11.122, +9.950,+0.943
1684439700,+3.46,+11.086, +9.952,+0.942
1684439760,+3.46,+11.077, +9.973,+0.943
1684439820,+3.46,+11.221, +9.923,+0.943
1684439880,+3.46,+11.149, +9.939,+0.942
1684439940,+3.46,+11.185, +9.932,+0.943
1684440000,+3.46,+11.194, +9.929,+0.943
1684440060,+3.46,+11.158, +9.946,+0.943
1684440120,+3.46,+11.131, +9.958,+0.943
1684440180,+3.46,+11.176, +9.930,+0.942
1684440240,+3.46,+11.167, +9.938,+0.943
1684440300,+3.46,+11.167, +9.937,+0.943
1684440360,+3.46,+11.149, +9.938,+0.943
1684440420,+3.46,+11.266, +9.888,+0.943
1684440480,+3.46,+11.140, +9.946,+0.942
1684440540,+3.46,+11.203, +9.932,+0.943
1684440600,+3.46,+11.158, +9.960,+0.943
1684440660,+3.46,+11.203, +9.969,+0.943
1684440720,+3.46,+11.203, +9.967,+0.943
1684440780,+3.46,+11.230, +9.941,+0.942
1684440840,+3.46,+11.176, +9.957,+0.942
1684440900,+3.46,+11.212, +9.939,+0.943
1684440960,+3.46,+11.230, +9.930,+0.943
1684441020,+3.46,+11.212, +9.933,+0.942
1684441080,+3.46,+11.284, +9.907,+0.943
1684441140,+3.46,+11.221, +9.920,+0.943
1684441200,+3.46,+11.212, +9.922,+0.943
1684441260,+3.46,+11.185, +9.918,+0.943
1684441320,+3.46,+11.230, +9.900,+0.943
1684441380,+3.46,+11.167, +9.919,+0.943
1684441440,+3.46,+11.239, +9.903,+0.943
1684441500,+3.46,+11.257, +9.896,+0.943
1684441560,+3.46,+11.284, +9.885,+0.942
1684441620,+3.46,+11.257, +9.884,+0.942
1684441680,+3.46,+11.239, +9.888,+0.942
1684441740,+3.46,+11.293, +9.863,+0.942
1684441800,+3.46,+11.266, +9.882,+0.943
1684441860,+3.46,+11.248, +9.884,+0.943
1684441920,+3.46,+11.293, +9.853,+0.943
1684441980,+3.46,+11.257, +9.867,+0.943
1684442040,+3.46,+11.230, +9.885,+0.943
1684442100,+3.46,+11.230, +9.889,+0.943
1684442160,+3.46,+11.275, +9.870,+0.943
1684442220,+3.46,+11.230, +9.899,+0.943
1684442280,+3.46,+11.311, +9.856,+0.942
1684442340,+3.46,+11.248, +9.883,+0.943
1684442400,+3.46,+11.284, +9.861,+0.942
1684442460,+3.46,+11.221, +9.898,+0.943
1684442520,+3.46,+11.257, +9.885,+0.942
1684442580,+3.46,+11.257, +9.884,+0.942
1684442640,+3.46,+11.239, +9.896,+0.942
1684442700,+3.46,+11.266, +9.888,+0.943
1684442760,+3.46,+11.293, +9.853,+0.942
1684442820,+3.46,+10.661, +9.323,+0.939
1684442880,+3.46,+10.152, +9.502,+0.941
1684442940,+3.46, +9.850, +9.617,+0.941
1684443000,+3.46, +9.868, +9.679,+0.942
1684443060,+3.46, +9.905, +9.713,+0.941
1684443120,+3.46,+10.060, +9.704,+0.942
1684443180,+3.46,+10.152, +9.733,+0.942
1684443240,+3.46,+10.270, +9.756,+0.942
1684443300,+3.46,+10.352, +9.801,+0.943
1684443360,+3.46,+10.507, +9.836,+0.942
1684443420,+3.46,+10.579, +9.883,+0.943
1684443480,+3.46,+10.706, +9.884,+0.943
1684443540,+3.46,+10.770, +9.882,+0.943
1684443600,+3.46,+10.761, +9.899,+0.943
1684443660,+3.46,+10.869, +9.869,+0.943
1684443720,+3.46,+10.905, +9.893,+0.943
1684443780,+3.46,+10.978, +9.895,+0.943
1684443840,+3.46,+10.969, +9.926,+0.942
1684443900,+3.46,+11.014, +9.946,+0.943
1684443960,+3.46,+11.095, +9.949,+0.943
1684444020,+3.46,+11.122, +9.958,+0.943
1684444080,+3.46,+11.140, +9.969,+0.943
1684444140,+3.46,+11.140, +9.986,+0.943
1684444200,+3.46,+11.167, +9.995,+0.943
1684444260,+3.46,+11.185, +9.992,+0.943
1684444320,+3.46,+11.167,+10.018,+0.943
1684444380,+3.46,+11.203, +9.986,+0.942
1684444440,+3.46,+11.185,+10.002,+0.943
1684444500,+3.46,+11.212, +9.997,+0.943
1684444560,+3.46,+11.194, +9.992,+0.942
1684444620,+3.46,+11.248, +9.984,+0.942
1684444680,+3.46,+11.221,+10.010,+0.943
1684444740,+3.46,+11.230,+10.009,+0.943
1684444800,+3.46,+11.248, +9.993,+0.943
1684444860,+3.46,+11.275, +9.978,+0.943
1684444920,+3.46,+11.230, +9.990,+0.943
1684444980,+3.46,+11.230, +9.991,+0.943
1684445040,+3.46,+11.275, +9.977,+0.943
1684445100,+3.46,+11.284, +9.966,+0.943
1684445160,+3.46,+11.239, +9.986,+0.943
1684445220,+3.46,+11.239, +9.993,+0.943
1684445280,+3.46,+11.239, +9.999,+0.943
1684445340,+3.46,+11.230, +9.994,+0.942
1684445400,+3.46,+11.266, +9.974,+0.943
1684445460,+3.46,+11.266, +9.964,+0.943
1684445520,+3.46,+11.284, +9.955,+0.943
1684445580,+3.46,+11.212, +9.967,+0.943
1684445640,+3.46,+11.275, +9.952,+0.943
1684445700,+3.46,+11.257, +9.948,+0.943
1684445760,+3.46,+11.239, +9.937,+0.943
1684445820,+3.46,+11.230, +9.927,+0.942
1684445880,+3.46,+11.275, +9.911,+0.943
1684445940,+3.46,+11.266, +9.911,+0.943
1684446000,+3.46,+11.311, +9.889,+0.942
1684446060,+3.46,+11.293, +9.886,+0.942
1684446120,+3.46,+11.266, +9.899,+0.943
1684446180,+3.46,+11.329, +9.870,+0.942
1684446240,+3.46,+11.284, +9.888,+0.943
1684446300,+3.46,+11.311, +9.863,+0.942
1684446360,+3.46,+11.311, +9.872,+0.943
1684446420,+3.46,+11.302, +9.867,+0.943
1684446480,+3.46,+11.293, +9.865,+0.943
1684446540,+3.46,+11.311, +9.866,+0.943
1684446600,+3.46,+11.293, +9.870,+0.943
1684446660,+3.46,+11.329, +9.858,+0.943
1684446720,+3.46,+11.302, +9.852,+0.942
1684446780,+3.46,+11.338, +9.834,+0.943
1684446840,+3.46,+11.293, +9.847,+0.942
1684446900,+3.46,+11.329, +9.822,+0.942
1684446960,+3.46,+11.347, +9.810,+0.942
1684447020,+3.46,+11.302, +9.817,+0.942
1684447080,+3.46,+11.275, +9.827,+0.943
1684447140,+3.46,+11.320, +9.791,+0.942
1684447200,+3.46,+11.338, +9.748,+0.942
1684447260,+3.46,+11.311, +9.747,+0.943
1684447320,+3.46,+11.311, +9.737,+0.943
1684447380,+3.46,+11.320, +9.710,+0.942
1684447440,+3.46,+11.311, +9.695,+0.942
1684447500,+3.46,+11.293, +9.698,+0.942
1684447560,+3.46,+11.257, +9.719,+0.943
1684447620,+3.46,+11.248, +9.720,+0.942
1684447680,+3.46,+11.266, +9.717,+0.942
1684447740,+3.46,+11.293, +9.705,+0.942
1684447800,+3.46,+11.347, +9.697,+0.943
1684447860,+3.46,+11.284, +9.728,+0.943
1684447920,+3.46,+11.302, +9.739,+0.942
1684447980,+3.46,+11.293, +9.764,+0.942
1684448040,+3.46,+11.302, +9.766,+0.942
1684448100,+3.46,+11.302, +9.774,+0.942
1684448160,+3.46,+11.266, +9.797,+0.943
1684448220,+3.46,+11.293, +9.798,+0.943
1684448280,+3.46,+11.284, +9.816,+0.943
1684448340,+3.46,+11.266, +9.813,+0.942
1684448400,+3.46,+11.203, +9.838,+0.943
1684448460,+3.46,+11.293, +9.802,+0.942
1684448520,+3.46,+11.293, +9.807,+0.943
1684448580,+3.46,+11.311, +9.793,+0.942
1684448640,+3.46,+11.284, +9.807,+0.943
1684448700,+3.46,+11.284, +9.812,+0.943
1684448760,+3.46,+11.266, +9.834,+0.943
1684448820,+3.46,+11.257, +9.851,+0.943
1684448880,+3.46,+10.806, +9.505,+0.940
1684448940,+3.46,+10.470, +9.608,+0.942
1684449000,+3.46,+10.416, +9.706,+0.942
1684449060,+3.46,+10.661, +9.724,+0.943
1684449120,+3.46,+10.833, +9.705,+0.943
1684449180,+3.46,+10.896, +9.705,+0.942
1684449240,+3.46,+10.951, +9.742,+0.942
1684449300,+3.46,+11.041, +9.752,+0.942
1684449360,+3.46,+11.149, +9.745,+0.942
1684449420,+3.46,+11.113, +9.815,+0.943
1684449480,+3.46,+11.167, +9.828,+0.943
1684449540,+3.46,+11.176, +9.857,+0.943
1684449600,+3.46,+11.230, +9.869,+0.943
1684449660,+3.46,+11.212, +9.896,+0.943
1684449720,+3.46,+11.257, +9.878,+0.943
1684449780,+3.46,+11.203, +9.923,+0.943
1684449840,+3.46,+11.266, +9.919,+0.943
1684449900,+3.46,+11.266, +9.926,+0.943
1684449960,+3.46,+11.275, +9.934,+0.943
1684450020,+3.46,+11.266, +9.937,+0.943
1684450080,+3.46,+11.302, +9.918,+0.942
1684450140,+3.46,+11.293, +9.928,+0.943
1684450200,+3.46,+11.320, +9.921,+0.943
1684450260,+3.46,+11.275, +9.940,+0.943
1684450320,+3.46,+11.356, +9.917,+0.943
1684450380,+3.46,+11.248, +9.963,+0.943
1684450440,+3.46,+11.275, +9.949,+0.943
1684450500,+3.46,+11.275, +9.953,+0.943
1684450560,+3.46,+11.311, +9.950,+0.943
1684450620,+3.46,+11.311, +9.940,+0.942
1684450680,+3.46,+11.320, +9.950,+0.943
1684450740,+3.46,+11.320, +9.947,+0.942
1684450800,+3.46,+11.320, +9.961,+0.943
1684450860,+3.46,+11.266, +9.992,+0.943
1684450920,+3.46,+11.293, +9.974,+0.942
1684450980,+3.46,+11.338, +9.969,+0.943
1684451040,+3.46,+11.347, +9.964,+0.943
1684451100,+3.46,+11.311, +9.965,+0.942
1684451160,+3.46,+11.320, +9.969,+0.942
1684451220,+3.46,+11.275, +9.988,+0.942
1684451280,+3.46,+11.302, +9.974,+0.943
1684451340,+3.46,+11.400, +9.932,+0.942
1684451400,+3.46,+11.293, +9.966,+0.943
1684451460,+3.46,+11.266, +9.965,+0.943
1684451520,+3.46,+11.293, +9.946,+0.942
1684451580,+3.46,+11.391, +9.909,+0.943
1684451640,+3.46,+11.320, +9.916,+0.943
1684451700,+3.46,+11.329, +9.908,+0.943
1684451760,+3.46,+11.374, +9.884,+0.943
1684451820,+3.46,+11.338, +9.889,+0.942
1684451880,+3.46,+11.347, +9.874,+0.943
1684451940,+3.46,+11.356, +9.864,+0.943
1684452000,+3.46,+11.338, +9.859,+0.942
1684452060,+3.46,+11.329, +9.865,+0.943
1684452120,+3.46,+11.356, +9.856,+0.943
1684452180,+3.46,+11.302, +9.869,+0.942
1684452240,+3.46,+11.365, +9.843,+0.943
1684452300,+3.46,+11.329, +9.868,+0.943
1684452360,+3.46,+11.311, +9.867,+0.942
1684452420,+3.46,+11.311, +9.884,+0.943
1684452480,+3.46,+11.320, +9.882,+0.943
1684452540,+3.46,+11.347, +9.870,+0.942
1684452600,+3.46,+11.338, +9.878,+0.943
1684452660,+3.46,+11.320, +9.890,+0.943
1684452720,+3.46,+11.338, +9.900,+0.943
1684452780,+3.46,+11.347, +9.885,+0.942
1684452840,+3.46,+11.374, +9.876,+0.942
1684452900,+3.46,+11.347, +9.895,+0.943
1684452960,+3.46,+11.338, +9.890,+0.943
1684453020,+3.46,+11.329, +9.898,+0.943
1684453080,+3.46,+11.383, +9.875,+0.943
1684453140,+3.46,+11.374, +9.869,+0.942
1684453200,+3.46,+11.284, +9.915,+0.942
1684453260,+3.46,+11.400, +9.871,+0.942
1684453320,+3.46,+11.383, +9.874,+0.942
1684453380,+3.46,+11.391, +9.870,+0.942
1684453440,+3.46,+11.311, +9.891,+0.943
1684453500,+3.46,+11.365, +9.853,+0.942
1684453560,+3.46,+11.383, +9.851,+0.942
1684453620,+3.46,+11.347, +9.864,+0.943
1684453680,+3.46,+11.374, +9.845,+0.942
1684453740,+3.46,+11.356, +9.855,+0.942
1684453800,+3.46,+11.383, +9.844,+0.943
1684453860,+3.46,+11.374, +9.838,+0.942
1684453920,+3.46,+11.347, +9.835,+0.942
1684453980,+3.46,+11.356, +9.833,+0.942
1684454040,+3.46,+11.356, +9.833,+0.943
1684454100,+3.46,+11.374, +9.815,+0.942
1684454160,+3.46,+11.374, +9.824,+0.942
1684454220,+3.46,+11.356, +9.838,+0.943
1684454280,+3.46,+11.347, +9.847,+0.942
1684454340,+3.46,+11.293, +9.899,+0.943
1684454400,+3.46,+11.374, +9.890,+0.943
1684454460,+3.46,+11.356, +9.905,+0.943
1684454520,+3.46,+11.418, +9.885,+0.942
1684454580,+3.46,+11.356, +9.905,+0.942
1684454640,+3.46,+11.391, +9.900,+0.943
1684454700,+3.46,+11.356, +9.911,+0.942
1684454760,+3.46,+11.409, +9.892,+0.942
1684454820,+3.46,+11.356, +9.921,+0.943
1684454880,+3.46,+11.383, +9.906,+0.942
1684454940,+3.46,+11.391, +9.906,+0.942
1684455000,+3.46,+11.383, +9.908,+0.943
1684455060,+3.46,+11.436, +9.881,+0.942
1684455120,+3.46,+11.320, +9.923,+0.943
1684455180,+3.46,+11.365, +9.900,+0.943
1684455240,+3.46,+11.391, +9.884,+0.943
1684455300,+3.46,+11.365, +9.890,+0.942
1684455360,+3.46,+11.436, +9.880,+0.943
1684455420,+3.46,+11.391, +9.896,+0.942
1684455480,+3.46,+11.391, +9.900,+0.943
1684455540,+3.46,+11.418, +9.897,+0.943
1684455600,+3.46,+11.365, +9.906,+0.942
1684455660,+3.46,+11.383, +9.893,+0.942
1684455720,+3.46,+11.391, +9.891,+0.942
1684455780,+3.46,+11.374, +9.892,+0.943
1684455840,+3.46,+11.427, +9.871,+0.943
1684455900,+3.46,+11.436, +9.861,+0.943
1684455960,+3.46,+11.418, +9.864,+0.942
1684456020,+3.46,+11.409, +9.876,+0.943
1684456080,+3.46,+11.445, +9.866,+0.943
1684456140,+3.46,+11.463, +9.860,+0.943
1684456200,+3.46,+11.427, +9.883,+0.943
1684456260,+3.46,+11.418, +9.890,+0.942
1684456320,+3.46,+11.436, +9.885,+0.942
1684456380,+3.46,+11.544, +9.854,+0.943
1684456440,+3.46,+11.481, +9.869,+0.942
1684456500,+3.46,+11.481, +9.864,+0.943
1684456560,+3.46,+11.481, +9.856,+0.942
1684456620,+3.46,+11.463, +9.851,+0.942
1684456680,+3.46,+11.526, +9.813,+0.942
1684456740,+3.46,+11.499, +9.824,+0.942
1684456800,+3.46,+11.472, +9.829,+0.943
1684456860,+3.46,+11.490, +9.823,+0.942
1684456920,+3.46,+11.526, +9.796,+0.942
1684456980,+3.46,+11.508, +9.813,+0.942
1684457040,+3.46,+11.535, +9.806,+0.943
1684457100,+3.46,+11.544, +9.801,+0.942
1684457160,+3.46,+11.436, +9.847,+0.942
1684457220,+3.46,+11.508, +9.817,+0.942
1684457280,+3.46,+11.553, +9.798,+0.942
1684457340,+3.46,+11.490, +9.840,+0.943
1684457400,+3.46,+11.517, +9.840,+0.943
1684457460,+3.46,+11.544, +9.814,+0.942
1684457520,+3.46,+11.580, +9.801,+0.942
1684457580,+3.46,+11.553, +9.805,+0.942
1684457640,+3.46,+11.580, +9.789,+0.942
1684457700,+3.46,+11.553, +9.806,+0.943
1684457760,+3.46,+11.517, +9.845,+0.943
1684457820,+3.46,+11.580, +9.832,+0.943
1684457880,+3.46,+11.517, +9.852,+0.942
1684457940,+3.46,+11.535, +9.857,+0.943
1684458000,+3.46,+11.589, +9.841,+0.943
1684458060,+3.46,+11.562, +9.849,+0.942
1684458120,+3.46,+11.544, +9.865,+0.943
1684458180,+3.46,+11.571, +9.867,+0.943
1684458240,+3.46,+11.517, +9.916,+0.943
1684458300,+3.46,+11.580, +9.904,+0.942
1684458360,+3.46,+11.544, +9.920,+0.942
1684458420,+3.46,+11.562, +9.905,+0.942
1684458480,+3.46,+11.526, +9.929,+0.943
1684458540,+3.46,+11.571, +9.901,+0.942
1684458600,+3.46,+11.571, +9.897,+0.943
1684458660,+3.46,+11.571, +9.894,+0.943
1684458720,+3.46,+11.571, +9.888,+0.942
1684458780,+3.46,+11.526, +9.905,+0.942
1684458840,+3.46,+11.571, +9.886,+0.942
1684458900,+3.46,+11.562, +9.879,+0.942
1684458960,+3.46,+11.580, +9.885,+0.942
1684459020,+3.46,+11.598, +9.880,+0.942
1684459080,+3.46,+11.526, +9.909,+0.943
1684459140,+3.46,+11.571, +9.880,+0.942
1684459200,+3.46,+11.642, +9.850,+0.942
1684459260,+3.46,+11.598, +9.865,+0.942
1684459320,+3.46,+11.544, +9.884,+0.942
1684459380,+3.46,+11.544, +9.886,+0.942
1684459440,+3.46,+11.598, +9.875,+0.943
1684459500,+3.46,+11.571, +9.878,+0.943
1684459560,+3.46,+11.544, +9.884,+0.943
1684459620,+3.46,+11.589, +9.874,+0.942
1684459680,+3.46,+11.589, +9.875,+0.942
1684459740,+3.46,+11.598, +9.879,+0.943
1684459800,+3.46,+11.562, +9.899,+0.943
1684459860,+3.46,+11.580, +9.913,+0.942
1684459920,+3.46,+11.615, +9.912,+0.942
1684459980,+3.46,+11.571, +9.939,+0.943
1684460040,+3.46,+11.580, +9.918,+0.942
1684460100,+3.46,+11.580, +9.917,+0.942
1684460160,+3.46,+11.544, +9.923,+0.942
1684460220,+3.46,+11.535, +9.928,+0.943
1684460280,+3.46,+11.598, +9.896,+0.942
1684460340,+3.46,+11.607, +9.908,+0.943
1684460400,+3.46,+11.553, +9.923,+0.942
1684460460,+3.46,+11.571, +9.912,+0.942
1684460520,+3.46,+11.562, +9.911,+0.942
1684460580,+3.46,+11.589, +9.893,+0.943
1684460640,+3.46,+11.553, +9.883,+0.942
1684460700,+3.46,+11.580, +9.870,+0.943
1684460760,+3.46,+11.562, +9.882,+0.943
1684460820,+3.46,+11.553, +9.881,+0.942
1684460880,+3.46,+11.526, +9.899,+0.943
1684460940,+3.46,+11.580, +9.885,+0.943
1684461000,+3.46,+11.562, +9.903,+0.943
1684461060,+3.46,+11.589, +9.909,+0.942
1684461120,+3.46,+11.508, +9.966,+0.943
1684461180,+3.46,+11.598, +9.930,+0.943
1684461240,+3.46,+11.553, +9.937,+0.942
1684461300,+3.46,+11.580, +9.943,+0.942
1684461360,+3.46,+11.517, +9.973,+0.943
1684461420,+3.46,+11.562, +9.950,+0.942
1684461480,+3.46,+11.580, +9.958,+0.942
1684461540,+3.46,+11.544, +9.965,+0.942
1684461600,+3.46,+11.535, +9.972,+0.943
1684461660,+3.46,+11.508, +9.991,+0.943
1684461720,+3.46,+11.553, +9.961,+0.942
1684461780,+3.46,+11.517, +9.983,+0.943
1684461840,+3.46,+11.463, +9.997,+0.943
1684461900,+3.46,+11.562, +9.954,+0.943
1684461960,+3.46,+11.553, +9.947,+0.942
1684462020,+3.46,+11.589, +9.947,+0.943
1684462080,+3.46,+11.365, +9.910,+0.942
1684462140,+3.46,+11.176, +9.958,+0.942
1684462200,+3.46,+11.023, +9.980,+0.941
1684462260,+3.46,+10.932,+10.010,+0.942
1684462320,+3.46,+10.851,+10.032,+0.942
1684462380,+3.46,+10.842,+10.036,+0.942
1684462440,+3.46,+10.734,+10.020,+0.942
1684462500,+3.46,+10.697, +9.970,+0.942
1684462560,+3.46,+10.579, +9.991,+0.942
1684462620,+3.46,+10.480,+10.019,+0.942
1684462680,+3.46,+10.461,+10.006,+0.942
1684462740,+3.46,+10.443, +9.995,+0.942
1684462800,+3.46,+10.216, +9.888,+0.942
1684462860,+3.46,+10.042, +9.879,+0.942
1684462920,+3.46, +9.914, +9.867,+0.942
1684462980,+3.46, +9.739, +9.854,+0.941
1684463040,+3.46, +9.602, +9.841,+0.941
1684463100,+3.46, +9.509, +9.808,+0.941
1684463160,+3.46, +9.380, +9.813,+0.942
1684463220,+3.46, +9.278, +9.825,+0.942
1684463280,+3.46, +9.195, +9.848,+0.942
1684463340,+3.46, +9.177, +9.857,+0.942
1684463400,+3.46, +9.140, +9.854,+0.942
1684463460,+3.46, +9.177, +9.840,+0.942
1684463520,+3.46, +9.149, +9.846,+0.942
1684463580,+3.46, +9.149, +9.843,+0.942
1684463640,+3.46, +9.130, +9.838,+0.942
1684463700,+3.46, +9.149, +9.813,+0.942
1684463760,+3.46, +9.121, +9.805,+0.942
1684463820,+3.46, +9.102, +9.818,+0.942
1684463880,+3.46, +9.130, +9.838,+0.943
1684463940,+3.46, +9.149, +9.848,+0.942
1684464000,+3.46, +9.204, +9.868,+0.942
1684464060,+3.46, +9.278, +9.879,+0.942
1684464120,+3.46, +9.399, +9.883,+0.943
1684464180,+3.46, +9.399, +9.914,+0.943
1684464240,+3.46, +9.473, +9.901,+0.943
1684464300,+3.46, +9.519, +9.923,+0.943
1684464360,+3.46, +9.657, +9.871,+0.943
1684464420,+3.46, +9.509, +9.791,+0.942
1684464480,+3.46, +9.352, +9.790,+0.942
1684464540,+3.46, +9.214, +9.725,+0.942
1684464600,+3.46, +9.056, +9.653,+0.941
1684464660,+3.46, +8.898, +9.690,+0.942
1684464720,+3.46, +8.767, +9.737,+0.942
1684464780,+3.46, +8.721, +9.760,+0.942
1684464840,+3.46, +8.730, +9.749,+0.941
1684464900,+3.46, +8.646, +9.780,+0.942
1684464960,+3.46, +8.702, +9.763,+0.942
1684465020,+3.46, +8.599, +9.799,+0.942
1684465080,+3.46, +8.646, +9.765,+0.942
1684465140,+3.46, +8.590, +9.780,+0.942
1684465200,+3.46, +8.618, +9.747,+0.942
1684465260,+3.46, +8.562, +9.790,+0.942
1684465320,+3.46, +8.674, +9.762,+0.942
1684465380,+3.46, +8.693, +9.766,+0.942
1684465440,+3.46, +8.702, +9.773,+0.943
1684465500,+3.46, +8.683, +9.769,+0.943
1684465560,+3.46, +8.758, +9.738,+0.942
1684465620,+3.46, +8.749, +9.731,+0.942
1684465680,+3.46, +8.683, +9.736,+0.942
1684465740,+3.46, +8.683, +9.731,+0.943
1684465800,+3.46, +8.683, +9.719,+0.942
1684465860,+3.46, +8.693, +9.720,+0.942
1684465920,+3.46, +8.646, +9.745,+0.943
1684465980,+3.46, +8.814, +9.739,+0.943
1684466040,+3.46, +8.879, +9.756,+0.943
1684466100,+3.46, +8.972, +9.768,+0.943
1684466160,+3.46, +9.056, +9.786,+0.943
1684466220,+3.46, +9.223, +9.771,+0.943
1684466280,+3.46, +9.334, +9.775,+0.943
1684466340,+3.46, +9.371, +9.772,+0.943
1684466400,+3.46, +9.436, +9.732,+0.943
1684466460,+3.46, +9.232, +9.619,+0.942
1684466520,+3.46, +9.065, +9.637,+0.942
1684466580,+3.46, +8.972, +9.620,+0.942
1684466640,+3.46, +8.889, +9.629,+0.942
1684466700,+3.46, +8.795, +9.642,+0.942
1684466760,+3.46, +8.693, +9.656,+0.942
1684466820,+3.46, +8.702, +9.634,+0.942
1684466880,+3.46, +8.739, +9.682,+0.942
1684466940,+3.46, +8.842, +9.663,+0.942
1684467000,+3.46, +9.102, +9.658,+0.943
1684467060,+3.46, +9.306, +9.641,+0.943
1684467120,+3.46, +9.473, +9.659,+0.943
1684467180,+3.46, +9.565, +9.669,+0.943
1684467240,+3.46, +9.592, +9.676,+0.943
1684467300,+3.46, +9.629, +9.676,+0.943
1684467360,+3.46, +9.602, +9.711,+0.943
1684467420,+3.46, +9.712, +9.707,+0.943
1684467480,+3.46, +9.795, +9.705,+0.942
1684467540,+3.46, +9.822, +9.731,+0.943
1684467600,+3.46, +9.886, +9.736,+0.943
1684467660,+3.46, +9.923, +9.761,+0.943
1684467720,+3.46, +9.950, +9.782,+0.943
1684467780,+3.46, +9.969, +9.827,+0.943
1684467840,+3.46,+10.015, +9.855,+0.943
1684467900,+3.46,+10.005, +9.866,+0.942
1684467960,+3.46,+10.033, +9.860,+0.942
1684468020,+3.46,+10.088, +9.853,+0.943
1684468080,+3.46,+10.069, +9.870,+0.943
1684468140,+3.46,+10.143, +9.845,+0.943
1684468200,+3.46,+10.124, +9.855,+0.943
1684468260,+3.46,+10.206, +9.841,+0.943
1684468320,+3.46,+10.216, +9.845,+0.943
1684468380,+3.46,+10.234, +9.860,+0.943
1684468440,+3.46,+10.316, +9.848,+0.943
1684468500,+3.46,+10.307, +9.886,+0.943
1684468560,+3.46,+10.398, +9.897,+0.943
1684468620,+3.46,+10.361, +9.941,+0.943
1684468680,+3.46,+10.434, +9.942,+0.943
1684468740,+3.46,+10.461, +9.951,+0.943
1684468800,+3.46,+10.561, +9.938,+0.943
1684468860,+3.46,+10.643, +9.914,+0.943
1684468920,+3.46,+10.706, +9.882,+0.943
1684468980,+3.46,+10.715, +9.884,+0.943
1684469040,+3.46,+10.743, +9.888,+0.943
1684469100,+3.46,+10.824, +9.850,+0.943
1684469160,+3.46,+10.842, +9.852,+0.943
1684469220,+3.46,+10.887, +9.864,+0.943
1684469280,+3.46,+10.914, +9.873,+0.943
1684469340,+3.46,+10.987, +9.863,+0.943
1684469400,+3.46,+10.932, +9.891,+0.942
1684469460,+3.46,+11.005, +9.879,+0.943
1684469520,+3.46,+10.932, +9.908,+0.942
1684469580,+3.46,+11.014, +9.878,+0.942
1684469640,+3.46,+10.960, +9.910,+0.943
1684469700,+3.46,+11.050, +9.853,+0.943
1684469760,+3.46,+11.059, +9.840,+0.943
1684469820,+3.46,+11.068, +9.862,+0.943
1684469880,+3.46,+11.023, +9.897,+0.943
1684469940,+3.46,+11.014, +9.898,+0.943
1684470000,+3.46,+11.005, +9.892,+0.942
1684470060,+3.46,+10.887, +9.818,+0.942
1684470120,+3.46,+10.634, +9.761,+0.942
1684470180,+3.46,+10.516, +9.831,+0.942
1684470240,+3.46,+10.498, +9.845,+0.942
1684470300,+3.46,+10.452, +9.866,+0.942
1684470360,+3.46,+10.552, +9.830,+0.943
1684470420,+3.46,+10.625, +9.801,+0.942
1684470480,+3.46,+10.643, +9.849,+0.942
1684470540,+3.46,+10.715, +9.876,+0.943
1684470600,+3.46,+10.724, +9.901,+0.943
1684470660,+3.46,+10.761, +9.889,+0.943
1684470720,+3.46,+10.806, +9.884,+0.943
1684470780,+3.46,+10.842, +9.877,+0.942
1684470840,+3.46,+10.824, +9.889,+0.943
1684470900,+3.46,+10.878, +9.854,+0.943
1684470960,+3.46,+10.860, +9.859,+0.942
1684471020,+3.46,+10.851, +9.870,+0.943
1684471080,+3.46,+10.887, +9.870,+0.943
1684471140,+3.46,+10.905, +9.862,+0.942
1684471200,+3.46,+10.941, +9.853,+0.942
1684471260,+3.46,+10.932, +9.868,+0.943
1684471320,+3.46,+10.905, +9.880,+0.943
1684471380,+3.46,+10.914, +9.883,+0.943
1684471440,+3.46,+11.041, +9.850,+0.943
1684471500,+3.46,+11.068, +9.846,+0.943
1684471560,+3.46,+11.059, +9.859,+0.943
1684471620,+3.46,+11.041, +9.863,+0.942
1684471680,+3.46,+11.050, +9.864,+0.942
1684471740,+3.46,+11.059, +9.842,+0.942
1684471800,+3.46,+11.086, +9.830,+0.942
1684471860,+3.46,+11.050, +9.855,+0.943
1684471920,+3.46,+11.041, +9.803,+0.943
1684471980,+3.46,+11.041, +9.794,+0.943
1684472040,+3.46,+11.014, +9.693,+0.942
1684472100,+3.46,+11.023, +9.758,+0.942
1684472160,+3.46,+10.996, +9.883,+0.942
1684472220,+3.46,+10.923, +9.966,+0.943
1684472280,+3.46,+10.978, +9.953,+0.943
1684472340,+3.46,+10.923, +9.975,+0.943
1684472400,+3.46,+10.969, +9.970,+0.943
1684472460,+3.46,+10.996, +9.944,+0.943
1684472520,+3.46,+10.941, +9.951,+0.942
1684472580,+3.46,+10.987, +9.901,+0.942
1684472640,+3.46,+10.941, +9.893,+0.943
1684472700,+3.46,+10.914, +9.858,+0.942
1684472760,+3.46,+10.941, +9.811,+0.942
1684472820,+3.46,+10.914, +9.824,+0.943
1684472880,+3.46,+10.905, +9.822,+0.942
1684472940,+3.46,+10.860, +9.834,+0.942
1684473000,+3.46,+10.932, +9.818,+0.943
1684473060,+3.46,+10.905, +9.825,+0.943
1684473120,+3.46,+10.896, +9.837,+0.943
1684473180,+3.46,+10.923, +9.837,+0.942
1684473240,+3.46,+10.878, +9.902,+0.942
1684473300,+3.46,+10.905, +9.949,+0.943
1684473360,+3.46,+10.860, +9.986,+0.943
1684473420,+3.46,+10.896, +9.971,+0.943
1684473480,+3.46,+10.932, +9.984,+0.943
1684473540,+3.46,+10.905, +9.995,+0.943
1684473600,+3.46,+10.941, +9.984,+0.943
1684473660,+3.46,+10.960, +9.933,+0.943
1684473720,+3.46,+10.951, +9.920,+0.942
1684473780,+3.46,+11.032, +9.879,+0.942
1684473840,+3.46,+11.005, +9.873,+0.942
1684473900,+3.46,+10.996, +9.877,+0.943
1684473960,+3.46,+11.032, +9.852,+0.943
1684474020,+3.46,+10.978, +9.866,+0.942
1684474080,+3.46,+10.987, +9.847,+0.942
1684474140,+3.46,+10.978, +9.856,+0.942
1684474200,+3.46,+11.005, +9.849,+0.942
1684474260,+3.46,+11.041, +9.830,+0.942
1684474320,+3.46,+11.014, +9.814,+0.942
1684474380,+3.46,+10.996, +9.815,+0.943
1684474440,+3.46,+11.077, +9.767,+0.942
1684474500,+3.46,+11.059, +9.757,+0.942
1684474560,+3.46,+11.095, +9.750,+0.943
1684474620,+3.46,+11.077, +9.715,+0.942
1684474680,+3.46,+11.149, +9.667,+0.942
1684474740,+3.46,+11.131, +9.655,+0.943
1684474800,+3.46,+11.158, +9.621,+0.942
1684474860,+3.46,+11.239, +9.587,+0.942
1684474920,+3.46,+11.203, +9.608,+0.942
1684474980,+3.46,+11.248, +9.605,+0.942
1684475040,+3.46,+11.275, +9.620,+0.943
1684475100,+3.46,+11.302, +9.634,+0.943
1684475160,+3.46,+11.365, +9.650,+0.943
1684475220,+3.46,+11.329, +9.710,+0.943
1684475280,+3.46,+11.329, +9.740,+0.943
1684475340,+3.46,+11.436, +9.725,+0.943
1684475400,+3.46,+11.445, +9.747,+0.943
1684475460,+3.46,+11.391, +9.752,+0.942
1684475520,+3.46,+11.400, +9.712,+0.942
1684475580,+3.46,+11.427, +9.715,+0.943
1684475640,+3.46,+11.436, +9.756,+0.942
1684475700,+3.46,+11.409, +9.819,+0.943
1684475760,+3.46,+11.391, +9.836,+0.943
1684475820,+3.46,+11.427, +9.806,+0.942
1684475880,+3.46,+11.427, +9.782,+0.942
1684475940,+3.46,+11.472, +9.756,+0.943
1684476000,+3.46,+11.454, +9.733,+0.942
1684476060,+3.46,+11.454, +9.728,+0.942
1684476120,+3.46,+11.472, +9.735,+0.943
1684476180,+3.46,+11.463, +9.738,+0.943
1684476240,+3.46,+11.499, +9.722,+0.942
1684476300,+3.46,+11.481, +9.731,+0.942
1684476360,+3.46,+11.490, +9.736,+0.943
1684476420,+3.46,+11.499, +9.723,+0.942
1684476480,+3.46,+11.481, +9.733,+0.942
1684476540,+3.46,+11.481, +9.736,+0.942
1684476600,+3.46,+11.472, +9.748,+0.943
1684476660,+3.46,+11.454, +9.752,+0.942
1684476720,+3.46,+11.535, +9.745,+0.943
1684476780,+3.46,+11.499, +9.813,+0.942
1684476840,+3.46,+11.517, +9.876,+0.942
1684476900,+3.46,+11.535, +9.874,+0.942
1684476960,+3.46,+11.508, +9.841,+0.943
1684477020,+3.46,+11.553, +9.810,+0.942
1684477080,+3.46,+11.535, +9.824,+0.943
1684477140,+3.46,+11.508, +9.824,+0.942
1684477200,+3.46,+11.553, +9.828,+0.942
1684477260,+3.46,+11.517, +9.873,+0.943
1684477320,+3.46,+11.571, +9.855,+0.943
1684477380,+3.46,+11.535, +9.871,+0.943
1684477440,+3.46,+11.553, +9.903,+0.942
1684477500,+3.46,+11.553, +9.944,+0.942
1684477560,+3.46,+11.535, +9.990,+0.943
1684477620,+3.46,+11.624, +9.966,+0.942
1684477680,+3.46,+11.553, +9.977,+0.942
1684477740,+3.46,+11.633, +9.957,+0.942
1684477800,+3.46,+11.651, +9.958,+0.943
1684477860,+3.46,+11.580, +9.981,+0.943
1684477920,+3.46,+11.526,+10.009,+0.943
1684477980,+3.46,+11.615, +9.953,+0.942
1684478040,+3.46,+11.633, +9.916,+0.942
1684478100,+3.46,+11.633, +9.904,+0.943
1684478160,+3.46,+11.642, +9.887,+0.943
1684478220,+3.46,+11.633, +9.879,+0.943
1684478280,+3.46,+11.562, +9.896,+0.942
1684478340,+3.46,+11.580, +9.892,+0.943
1684478400,+3.46,+11.633, +9.862,+0.942
1684478460,+3.46,+11.651, +9.856,+0.942
1684478520,+3.46,+11.678, +9.850,+0.943
1684478580,+3.46,+11.598, +9.881,+0.943
1684478640,+3.46,+11.607, +9.876,+0.943
1684478700,+3.46,+11.633, +9.860,+0.943
1684478760,+3.46,+11.642, +9.838,+0.943
1684478820,+3.46,+11.687, +9.810,+0.942
1684478880,+3.46,+11.669, +9.815,+0.942
1684478940,+3.46,+11.633, +9.824,+0.942
1684479000,+3.46,+11.651, +9.813,+0.942
1684479060,+3.46,+11.678, +9.815,+0.942
1684479120,+3.46,+11.669, +9.838,+0.943
1684479180,+3.46,+11.642, +9.859,+0.943
1684479240,+3.46,+11.589, +9.828,+0.942
1684479300,+3.46,+11.562, +9.733,+0.943
1684479360,+3.46,+11.624, +9.654,+0.942
1684479420,+3.46,+11.598, +9.651,+0.942
1684479480,+3.46,+11.598, +9.670,+0.942
1684479540,+3.46,+11.624, +9.669,+0.942
1684479600,+3.46,+11.562, +9.704,+0.942
1684479660,+3.46,+11.517, +9.721,+0.942
1684479720,+3.46,+11.589, +9.699,+0.942
1684479780,+3.46,+11.571, +9.724,+0.942
1684479840,+3.46,+11.571, +9.727,+0.942
1684479900,+3.46,+11.544, +9.737,+0.942
1684479960,+3.46,+11.508, +9.741,+0.942
1684480020,+3.46,+11.562, +9.706,+0.942
1684480080,+3.46,+11.589, +9.696,+0.943
1684480140,+3.46,+11.544, +9.704,+0.943
1684480200,+3.46,+11.553, +9.691,+0.942
1684480260,+3.46,+11.580, +9.688,+0.942
1684480320,+3.46,+11.544, +9.799,+0.942
1684480380,+3.46,+11.607, +9.809,+0.942
1684480440,+3.46,+11.553, +9.853,+0.942
1684480500,+3.46,+11.580, +9.858,+0.942
1684480560,+3.46,+11.562, +9.883,+0.942
1684480620,+3.46,+11.553, +9.876,+0.942
1684480680,+3.46,+11.589, +9.876,+0.943
1684480740,+3.46,+11.615, +9.863,+0.942
1684480800,+3.46,+11.544, +9.902,+0.943
1684480860,+3.46,+11.589, +9.846,+0.942
1684480920,+3.46,+11.571, +9.843,+0.942
1684480980,+3.46,+11.580, +9.842,+0.942
1684481040,+3.46,+11.624, +9.824,+0.942
1684481100,+3.46,+11.571, +9.844,+0.942
1684481160,+3.46,+11.598, +9.839,+0.942
1684481220,+3.46,+11.571, +9.850,+0.943
1684481280,+3.46,+11.571, +9.839,+0.942
1684481340,+3.46,+11.607, +9.835,+0.943
1684481400,+3.46,+11.562, +9.831,+0.942
1684481460,+3.46,+11.580, +9.807,+0.942
1684481520,+3.46,+11.589, +9.814,+0.943
1684481580,+3.46,+11.598, +9.796,+0.942
1684481640,+3.46,+11.589, +9.789,+0.942
1684481700,+3.46,+11.553, +9.804,+0.942
1684481760,+3.46,+11.562, +9.818,+0.942
1684481820,+3.46,+11.598, +9.786,+0.942
1684481880,+3.46,+11.589, +9.762,+0.942
1684481940,+3.46,+11.544, +9.767,+0.943
1684482000,+3.46,+11.598, +9.716,+0.942
1684482060,+3.46,+11.651, +9.692,+0.942
1684482120,+3.46,+11.642, +9.701,+0.942
1684482180,+3.46,+11.615, +9.706,+0.942
1684482240,+3.46,+11.660, +9.686,+0.942
1684482300,+3.46,+11.651, +9.687,+0.942
1684482360,+3.46,+11.633, +9.685,+0.942
1684482420,+3.46,+11.669, +9.669,+0.943
1684482480,+3.46,+11.615, +9.670,+0.942
1684482540,+3.46,+11.642, +9.655,+0.942
1684482600,+3.46,+11.741, +9.621,+0.942
1684482660,+3.46,+11.767, +9.608,+0.942
1684482720,+3.46,+11.714, +9.663,+0.942
1684482780,+3.46,+11.750, +9.686,+0.942
1684482840,+3.46,+11.758, +9.707,+0.942
1684482900,+3.46,+11.758, +9.740,+0.943
1684482960,+3.46,+11.732, +9.777,+0.942
1684483020,+3.46,+11.794, +9.768,+0.942
1684483080,+3.46,+11.785, +9.779,+0.943
1684483140,+3.46,+11.812, +9.762,+0.942
1684483200,+3.46,+11.767, +9.774,+0.942
1684483260,+3.46,+11.750, +9.794,+0.943
1684483320,+3.46,+11.794, +9.765,+0.942
1684483380,+3.46,+11.794, +9.757,+0.942
1684483440,+3.46,+11.785, +9.752,+0.942
1684483500,+3.46,+11.830, +9.719,+0.942
1684483560,+3.46,+11.812, +9.740,+0.942
1684483620,+3.46,+11.794, +9.772,+0.942
1684483680,+3.46,+11.857, +9.770,+0.943
1684483740,+3.46,+11.812, +9.780,+0.942
1684483800,+3.46,+11.892, +9.762,+0.942
1684483860,+3.46,+11.812, +9.782,+0.942
1684483920,+3.46,+11.839, +9.769,+0.942
1684483980,+3.46,+11.839, +9.780,+0.943
1684484040,+3.46,+11.883, +9.743,+0.942
1684484100,+3.46,+11.839, +9.759,+0.942
1684484160,+3.46,+11.830, +9.779,+0.942
1684484220,+3.46,+11.839, +9.785,+0.943
1684484280,+3.46,+11.901, +9.761,+0.943
1684484340,+3.46,+11.839, +9.831,+0.942
1684484400,+3.46,+11.848, +9.907,+0.942
1684484460,+3.46,+11.794, +9.906,+0.942
1684484520,+3.46,+11.874, +9.878,+0.942
1684484580,+3.46,+11.857, +9.875,+0.943
1684484640,+3.46,+11.901, +9.843,+0.942
1684484700,+3.46,+11.839, +9.853,+0.942
1684484760,+3.46,+11.901, +9.852,+0.942
1684484820,+3.46,+11.866, +9.869,+0.942
1684484880,+3.46,+11.901, +9.886,+0.942
1684484940,+3.46,+11.883, +9.907,+0.943
1684485000,+3.46,+11.857, +9.907,+0.942
1684485060,+3.46,+11.857, +9.918,+0.942
1684485120,+3.46,+11.901, +9.900,+0.942
1684485180,+3.46,+11.866, +9.916,+0.942
1684485240,+3.46,+11.874, +9.900,+0.942
1684485300,+3.46,+11.919, +9.878,+0.942
1684485360,+3.46,+11.883, +9.887,+0.943
1684485420,+3.46,+11.919, +9.872,+0.942
1684485480,+3.46,+11.901, +9.884,+0.942
1684485540,+3.46,+11.857, +9.906,+0.943
1684485600,+3.46,+11.901, +9.869,+0.942
1684485660,+3.46,+11.883, +9.883,+0.943
1684485720,+3.46,+11.928, +9.849,+0.942
1684485780,+3.46,+11.901, +9.859,+0.942
1684485840,+3.46,+11.937, +9.850,+0.942
1684485900,+3.46,+11.848, +9.873,+0.943
1684485960,+3.46,+11.919, +9.901,+0.942
1684486020,+3.46,+11.955, +9.944,+0.942
1684486080,+3.46,+11.919, +9.977,+0.942
1684486140,+3.46,+11.937, +9.967,+0.942
1684486200,+3.46,+11.848, +9.997,+0.942
1684486260,+3.46,+11.892, +9.985,+0.942
1684486320,+3.46,+11.946, +9.986,+0.942
1684486380,+3.46,+11.901,+10.005,+0.942
1684486440,+3.46,+11.910,+10.014,+0.943
1684486500,+3.46,+11.892,+10.015,+0.943
1684486560,+3.46,+11.910, +9.998,+0.942
1684486620,+3.46,+11.928, +9.961,+0.942
1684486680,+3.46,+11.892, +9.942,+0.942
1684486740,+3.46,+11.857, +9.948,+0.942
1684486800,+3.46,+11.839, +9.946,+0.942
1684486860,+3.46,+11.839, +9.911,+0.942
1684486920,+3.46,+11.848, +9.859,+0.942
1684486980,+3.46,+11.767, +9.838,+0.942
1684487040,+3.46,+11.750, +9.819,+0.942
1684487100,+3.46,+11.696, +9.822,+0.942
1684487160,+3.46,+11.723, +9.821,+0.942
1684487220,+3.46,+11.669, +9.849,+0.942
1684487280,+3.46,+11.705, +9.839,+0.942
1684487340,+3.46,+11.705, +9.823,+0.942
1684487400,+3.46,+11.705, +9.826,+0.942
1684487460,+3.46,+11.732, +9.820,+0.942
1684487520,+3.46,+11.705, +9.853,+0.943
1684487580,+3.46,+11.669, +9.882,+0.942
1684487640,+3.46,+11.741, +9.869,+0.942
1684487700,+3.46,+11.750, +9.887,+0.942
1684487760,+3.46,+11.741, +9.915,+0.943
1684487820,+3.46,+11.794, +9.897,+0.942
1684487880,+3.46,+11.767, +9.903,+0.942
1684487940,+3.46,+11.812, +9.856,+0.942
1684488000,+3.46,+11.741, +9.839,+0.943
1684488060,+3.46,+11.669, +9.862,+0.942
1684488120,+3.46,+11.705, +9.850,+0.942
1684488180,+3.46,+11.750, +9.847,+0.942
1684488240,+3.46,+11.723, +9.860,+0.942
1684488300,+3.46,+11.678, +9.876,+0.942
1684488360,+3.46,+11.758, +9.849,+0.942
1684488420,+3.46,+11.723, +9.867,+0.942
1684488480,+3.46,+11.750, +9.862,+0.942
1684488540,+3.46,+11.732, +9.870,+0.942
1684488600,+3.46,+11.678, +9.899,+0.943
1684488660,+3.46,+11.758, +9.878,+0.942
1684488720,+3.46,+11.750, +9.887,+0.942
1684488780,+3.46,+11.803, +9.874,+0.942
1684488840,+3.46,+11.758, +9.890,+0.942
1684488900,+3.46,+11.696, +9.923,+0.943
1684488960,+3.46,+11.732, +9.901,+0.942
1684489020,+3.46,+11.785, +9.891,+0.942
1684489080,+3.46,+11.732, +9.909,+0.942
1684489140,+3.46,+11.741, +9.922,+0.942
1684489200,+3.46,+11.812, +9.903,+0.942
1684489260,+3.46,+11.803, +9.915,+0.942
1684489320,+3.46,+11.803, +9.923,+0.942
1684489380,+3.46,+11.741, +9.959,+0.943
1684489440,+3.46,+11.776, +9.944,+0.943
1684489500,+3.46,+11.758, +9.940,+0.942
1684489560,+3.46,+11.767, +9.939,+0.943
1684489620,+3.46,+11.758, +9.926,+0.942
1684489680,+3.46,+11.723, +9.937,+0.942
1684489740,+3.46,+11.767, +9.919,+0.942
1684489800,+3.46,+11.776, +9.918,+0.942
1684489860,+3.46,+11.732, +9.916,+0.942
1684489920,+3.46,+11.785, +9.900,+0.942
1684489980,+3.46,+11.723, +9.934,+0.942
1684490040,+3.46,+11.758, +9.922,+0.943
1684490100,+3.46,+11.794, +9.893,+0.942
1684490160,+3.46,+11.812, +9.919,+0.942
1684490220,+3.46,+11.750, +9.975,+0.942
1684490280,+3.46,+11.794, +9.957,+0.942
1684490340,+3.46,+11.705, +9.984,+0.942
1684490400,+3.46,+11.758, +9.986,+0.942
1684490460,+3.46,+11.741,+10.011,+0.943
1684490520,+3.46,+11.803,+10.002,+0.943
1684490580,+3.46,+11.767,+10.013,+0.942
1684490640,+3.46,+11.758,+10.007,+0.942
1684490700,+3.46,+11.785, +9.987,+0.942
1684490760,+3.46,+11.732,+10.018,+0.943
1684490820,+3.46,+11.732,+10.021,+0.943
1684490880,+3.46,+11.803, +9.970,+0.942
1684490940,+3.46,+11.723, +9.999,+0.943
1684491000,+3.46,+11.785, +9.942,+0.942
1684491060,+3.46,+11.785, +9.959,+0.943
1684491120,+3.46,+11.767, +9.952,+0.943
1684491180,+3.46,+11.750, +9.954,+0.943
1684491240,+3.46,+11.758, +9.949,+0.943
1684491300,+3.46,+11.750, +9.947,+0.943
1684491360,+3.46,+11.723, +9.934,+0.942
1684491420,+3.46,+11.732, +9.931,+0.942
1684491480,+3.46,+11.714, +9.934,+0.942
1684491540,+3.46,+11.696, +9.941,+0.943
1684491600,+3.46,+11.678, +9.946,+0.943
1684491660,+3.46,+11.687, +9.928,+0.942
1684491720,+3.46,+11.714, +9.929,+0.943
1684491780,+3.46,+11.714, +9.913,+0.942
1684491840,+3.46,+11.642, +9.945,+0.942
1684491900,+3.46,+11.678, +9.943,+0.943
1684491960,+3.46,+11.642, +9.961,+0.943
1684492020,+3.46,+11.678, +9.939,+0.942
1684492080,+3.46,+11.678, +9.948,+0.942
1684492140,+3.46,+11.687, +9.954,+0.943
1684492200,+3.46,+11.696, +9.962,+0.943
1684492260,+3.46,+11.741, +9.938,+0.942
1684492320,+3.46,+11.714, +9.954,+0.943
1684492380,+3.46,+11.705, +9.953,+0.943
1684492440,+3.46,+11.705, +9.953,+0.943
1684492500,+3.46,+11.723, +9.937,+0.942
1684492560,+3.46,+11.678, +9.960,+0.942
1684492620,+3.46,+11.705, +9.946,+0.943
1684492680,+3.46,+11.678, +9.954,+0.942
1684492740,+3.46,+11.767, +9.922,+0.942
1684492800,+3.46,+11.732, +9.925,+0.942
1684492860,+3.46,+11.705, +9.949,+0.943
1684492920,+3.46,+11.723, +9.943,+0.942
1684492980,+3.46,+11.758, +9.928,+0.943
1684493040,+3.46,+11.669, +9.942,+0.942
1684493100,+3.46,+11.750, +9.912,+0.942
1684493160,+3.46,+11.732, +9.914,+0.942
1684493220,+3.46,+11.741, +9.907,+0.942
1684493280,+3.46,+11.776, +9.897,+0.942
1684493340,+3.46,+11.714, +9.923,+0.942
1684493400,+3.46,+11.696, +9.931,+0.942
1684493460,+3.46,+11.750, +9.917,+0.943
1684493520,+3.46,+11.687, +9.941,+0.943
1684493580,+3.46,+11.696, +9.940,+0.942
1684493640,+3.46,+11.750, +9.923,+0.942
1684493700,+3.46,+11.678, +9.954,+0.942
1684493760,+3.46,+11.767, +9.934,+0.942
1684493820,+3.46,+11.714, +9.953,+0.942
1684493880,+3.46,+11.714, +9.947,+0.942
1684493940,+3.46,+11.714, +9.940,+0.942
1684494000,+3.46,+11.714, +9.954,+0.943
1684494060,+3.46,+11.696, +9.958,+0.943
1684494120,+3.46,+11.723, +9.976,+0.943
1684494180,+3.46,+11.732, +9.986,+0.942
1684494240,+3.46,+11.705,+10.010,+0.942
1684494300,+3.46,+11.714,+10.020,+0.943
1684494360,+3.46,+11.758,+10.008,+0.942
1684494420,+3.46,+11.723,+10.046,+0.942
1684494480,+3.46,+11.714,+10.059,+0.942
1684494540,+3.46,+11.750,+10.045,+0.942
1684494600,+3.46,+11.678,+10.039,+0.943
1684494660,+3.46,+11.705,+10.029,+0.943
1684494720,+3.46,+11.750,+10.007,+0.942
1684494780,+3.46,+11.741,+10.004,+0.943
1684494840,+3.46,+11.732, +9.969,+0.942
1684494900,+3.46,+11.723, +9.955,+0.943
1684494960,+3.46,+11.714, +9.947,+0.943
1684495020,+3.46,+11.741, +9.965,+0.942
1684495080,+3.46,+11.723, +9.992,+0.943
1684495140,+3.46,+11.705,+10.005,+0.942
1684495200,+3.46,+11.750, +9.998,+0.943
1684495260,+3.46,+11.705,+10.023,+0.943
1684495320,+3.46,+11.714,+10.013,+0.942
1684495380,+3.46,+11.741,+10.007,+0.942
1684495440,+3.46,+11.705,+10.029,+0.943
1684495500,+3.46,+11.767, +9.993,+0.942
1684495560,+3.46,+11.696,+10.031,+0.942
1684495620,+3.46,+11.758,+10.009,+0.942
1684495680,+3.46,+11.741,+10.020,+0.943
1684495740,+3.46,+11.785, +9.992,+0.942
1684495800,+3.46,+11.723,+10.012,+0.942
1684495860,+3.46,+11.687,+10.020,+0.942
1684495920,+3.46,+11.732,+10.006,+0.942
1684495980,+3.46,+11.696,+10.020,+0.943
1684496040,+3.46,+11.732,+10.003,+0.942
1684496100,+3.46,+11.758, +9.981,+0.942
1684496160,+3.46,+11.705, +9.983,+0.942
1684496220,+3.46,+11.696, +9.969,+0.942
1684496280,+3.46,+11.705, +9.965,+0.942
1684496340,+3.46,+11.723, +9.952,+0.942
1684496400,+3.46,+11.714, +9.975,+0.942
1684496460,+3.46,+11.705, +9.981,+0.942
1684496520,+3.46,+11.732, +9.980,+0.943
1684496580,+3.46,+11.750, +9.983,+0.943
1684496640,+3.46,+11.660,+10.006,+0.942
1684496700,+3.46,+11.714,+10.005,+0.943
1684496760,+3.46,+11.750, +9.984,+0.942
1684496820,+3.46,+11.723, +9.989,+0.942
1684496880,+3.46,+11.723, +9.992,+0.943
1684496940,+3.46,+11.696,+10.006,+0.943
1684497000,+3.46,+11.741, +9.984,+0.942
1684497060,+3.46,+11.696, +9.993,+0.942
1684497120,+3.46,+11.642,+10.006,+0.942
1684497180,+3.46,+11.696, +9.976,+0.942
1684497240,+3.46,+11.758, +9.945,+0.942
1684497300,+3.46,+11.723, +9.959,+0.942
1684497360,+3.46,+11.705, +9.960,+0.943
1684497420,+3.46,+11.732, +9.964,+0.942
1684497480,+3.46,+11.714, +9.990,+0.943
1684497540,+3.46,+11.714, +9.992,+0.942
1684497600,+3.46,+11.705,+10.015,+0.943
1684497660,+3.46,+11.732,+10.002,+0.942
1684497720,+3.46,+11.723,+10.018,+0.942
1684497780,+3.46,+11.705,+10.032,+0.942
1684497840,+3.46,+11.714,+10.036,+0.942
1684497900,+3.46,+11.732,+10.045,+0.943
1684497960,+3.46,+11.714,+10.029,+0.942
1684498020,+3.46,+11.723,+10.025,+0.942
1684498080,+3.46,+11.714,+10.044,+0.943
1684498140,+3.46,+11.696,+10.050,+0.943
1684498200,+3.46,+11.705,+10.047,+0.942
1684498260,+3.46,+11.669,+10.072,+0.942
1684498320,+3.46,+11.741,+10.057,+0.943
1684498380,+3.46,+11.803,+10.019,+0.942
1684498440,+3.46,+11.660,+10.070,+0.943
1684498500,+3.46,+11.705,+10.039,+0.942
1684498560,+3.46,+11.687,+10.048,+0.942
1684498620,+3.46,+11.696,+10.048,+0.943
1684498680,+3.46,+11.696,+10.052,+0.942
1684498740,+3.46,+11.714,+10.035,+0.942
1684498800,+3.46,+11.750,+10.013,+0.942
1684498860,+3.46,+11.750,+10.020,+0.942
1684498920,+3.46,+11.714,+10.013,+0.942
1684498980,+3.46,+11.696,+10.029,+0.942
1684499040,+3.46,+11.750,+10.027,+0.943
1684499100,+3.46,+11.723,+10.042,+0.943
1684499160,+3.46,+11.723,+10.049,+0.943
1684499220,+3.46,+11.723,+10.049,+0.943
1684499280,+3.46,+11.750,+10.037,+0.942
1684499340,+3.46,+11.714,+10.054,+0.943
1684499400,+3.46,+11.696,+10.054,+0.942
1684499460,+3.46,+11.696,+10.050,+0.942
1684499520,+3.46,+11.714,+10.051,+0.943
1684499580,+3.46,+11.723,+10.039,+0.943
1684499640,+3.46,+11.714,+10.036,+0.943
1684499700,+3.46,+11.678,+10.035,+0.942
1684499760,+3.46,+11.705,+10.017,+0.942
1684499820,+3.46,+11.776, +9.963,+0.942
1684499880,+3.46,+11.741, +9.978,+0.943
1684499940,+3.46,+11.767, +9.953,+0.943
1684500000,+3.46,+11.687, +9.976,+0.942
1684500060,+3.46,+11.669, +9.997,+0.942
1684500120,+3.46,+11.705, +9.997,+0.943
1684500180,+3.46,+11.687,+10.015,+0.943
1684500240,+3.46,+11.705,+10.012,+0.943
1684500300,+3.46,+11.696,+10.022,+0.943
1684500360,+3.46,+11.714,+10.010,+0.942
1684500420,+3.46,+11.669,+10.034,+0.943
1684500480,+3.46,+11.723,+10.010,+0.943
1684500540,+3.46,+11.669,+10.021,+0.942
1684500600,+3.46,+11.714,+10.003,+0.942
1684500660,+3.46,+11.758, +9.983,+0.942
1684500720,+3.46,+11.714,+10.000,+0.942
1684500780,+3.46,+11.696,+10.005,+0.942
