7450-798456
OS REV: 1.03 Sensor Cal: 1539277937
Time (sec),  BV (Volts),  T (deg C),  DO (mg/l),  Q ()
1684500840,+3.46,+11.678,+10.020,+0.942
1684500900,+3.46,+11.705,+10.016,+0.943
1684500960,+3.46,+11.678,+10.025,+0.943
1684501020,+3.46,+11.750, +9.989,+0.942
1684501080,+3.46,+11.723, +9.992,+0.942
1684501140,+3.46,+11.723, +9.991,+0.943
1684501200,+3.46,+11.696, +9.998,+0.942
1684501260,+3.46,+11.723, +9.982,+0.943
1684501320,+3.46,+11.696, +9.980,+0.942
1684501380,+3.46,+11.741, +9.948,+0.942
1684501440,+3.46,+11.723, +9.965,+0.942
1684501500,+3.46,+11.750, +9.951,+0.942
1684501560,+3.46,+11.696, +9.966,+0.943
1684501620,+3.46,+11.732, +9.952,+0.942
1684501680,+3.46,+11.767, +9.942,+0.943
1684501740,+3.46,+11.741, +9.967,+0.943
1684501800,+3.46,+11.678,+10.001,+0.942
1684501860,+3.46,+11.678,+10.009,+0.942
1684501920,+3.46,+11.767, +9.997,+0.942
1684501980,+3.46,+11.767, +9.997,+0.942
1684502040,+3.46,+11.651,+10.073,+0.943
1684502100,+3.46,+11.696,+10.047,+0.942
1684502160,+3.46,+11.714,+10.043,+0.943
1684502220,+3.46,+11.758,+10.024,+0.942
1684502280,+3.46,+11.776,+10.018,+0.943
1684502340,+3.46,+11.714,+10.046,+0.943
1684502400,+3.46,+11.758,+10.017,+0.942
1684502460,+3.46,+11.714,+10.045,+0.942
1684502520,+3.46,+11.732,+10.033,+0.942
1684502580,+3.46,+11.732,+10.037,+0.942
1684502640,+3.46,+11.705,+10.048,+0.942
1684502700,+3.46,+11.660,+10.068,+0.943
1684502760,+3.46,+11.714,+10.031,+0.942
1684502820,+3.46,+11.624,+10.070,+0.943
1684502880,+3.46,+11.758, +9.997,+0.942
1684502940,+3.46,+11.750,+10.004,+0.943
1684503000,+3.46,+11.776, +9.991,+0.942
1684503060,+3.46,+11.741,+10.027,+0.943
1684503120,+3.46,+11.848,+10.001,+0.942
1684503180,+3.46,+11.821,+10.057,+0.943
1684503240,+3.46,+11.830,+10.091,+0.943
1684503300,+3.46,+11.919,+10.090,+0.942
1684503360,+3.46,+11.937,+10.108,+0.942
1684503420,+3.46,+11.928,+10.124,+0.942
1684503480,+3.46,+11.964,+10.112,+0.942
1684503540,+3.46,+11.919,+10.124,+0.942
1684503600,+3.46,+11.981,+10.095,+0.942
1684503660,+3.46,+12.035,+10.079,+0.942
1684503720,+3.46,+11.981,+10.124,+0.943
1684503780,+3.46,+11.999,+10.109,+0.943
1684503840,+3.46,+11.999,+10.106,+0.943
1684503900,+3.46,+12.008,+10.085,+0.942
1684503960,+3.46,+12.017,+10.073,+0.942
1684504020,+3.46,+11.990,+10.066,+0.942
1684504080,+3.46,+11.999,+10.055,+0.942
1684504140,+3.46,+12.008,+10.071,+0.943
1684504200,+3.46,+12.035,+10.074,+0.942
1684504260,+3.46,+12.035,+10.080,+0.942
1684504320,+3.46,+12.035,+10.089,+0.942
1684504380,+3.46,+12.053,+10.095,+0.943
1684504440,+3.46,+12.053,+10.114,+0.942
1684504500,+3.46,+12.079,+10.117,+0.942
1684504560,+3.46,+12.026,+10.154,+0.942
1684504620,+3.46,+12.070,+10.128,+0.942
1684504680,+3.46,+12.088,+10.123,+0.942
1684504740,+3.46,+12.079,+10.131,+0.943
1684504800,+3.46,+12.141,+10.093,+0.942
1684504860,+3.46,+12.079,+10.127,+0.943
1684504920,+3.46,+12.097,+10.101,+0.942
1684504980,+3.46,+12.115,+10.086,+0.942
1684505040,+3.46,+12.106,+10.070,+0.942
1684505100,+3.46,+12.053,+10.083,+0.942
1684505160,+3.46,+12.061,+10.079,+0.943
1684505220,+3.46,+12.070,+10.049,+0.942
1684505280,+3.46,+12.097,+10.034,+0.942
1684505340,+3.46,+12.061,+10.029,+0.942
1684505400,+3.46,+12.088,+10.019,+0.942
1684505460,+3.46,+12.026,+10.027,+0.943
1684505520,+3.46,+12.079, +9.987,+0.942
1684505580,+3.46,+12.079, +9.987,+0.943
1684505640,+3.46,+12.061, +9.980,+0.942
1684505700,+3.46,+12.079, +9.974,+0.942
1684505760,+3.46,+12.061, +9.984,+0.942
1684505820,+3.46,+12.106, +9.969,+0.942
1684505880,+3.46,+12.106, +9.969,+0.942
1684505940,+3.46,+12.079, +9.977,+0.942
1684506000,+3.46,+12.079, +9.972,+0.942
1684506060,+3.46,+12.079, +9.966,+0.943
1684506120,+3.46,+12.044, +9.998,+0.942
1684506180,+3.46,+12.053,+10.022,+0.943
1684506240,+3.46,+12.097,+10.018,+0.942
1684506300,+3.46,+12.124,+10.009,+0.942
1684506360,+3.46,+12.053,+10.057,+0.943
1684506420,+3.46,+12.097,+10.022,+0.943
1684506480,+3.46,+12.044,+10.044,+0.942
1684506540,+3.46,+12.070,+10.036,+0.943
1684506600,+3.46,+12.168,+10.003,+0.942
1684506660,+3.46,+12.150,+10.026,+0.942
1684506720,+3.46,+12.168,+10.020,+0.942
1684506780,+3.46,+12.124,+10.051,+0.943
1684506840,+3.46,+12.133,+10.055,+0.943
1684506900,+3.46,+12.079,+10.067,+0.943
1684506960,+3.46,+12.159,+10.028,+0.942
1684507020,+3.46,+12.097,+10.040,+0.942
1684507080,+3.46,+12.150,+10.005,+0.942
1684507140,+3.46,+12.070,+10.039,+0.942
1684507200,+3.46,+12.115,+10.016,+0.942
1684507260,+3.46,+12.106,+10.013,+0.942
1684507320,+3.46,+12.133, +9.990,+0.942
1684507380,+3.46,+12.150, +9.982,+0.942
1684507440,+3.46,+12.061,+10.016,+0.942
1684507500,+3.46,+12.097, +9.987,+0.942
1684507560,+3.46,+12.141, +9.979,+0.942
1684507620,+3.46,+12.141, +9.963,+0.942
1684507680,+3.46,+12.115, +9.994,+0.943
1684507740,+3.46,+12.124, +9.990,+0.942
1684507800,+3.46,+12.106, +9.996,+0.942
1684507860,+3.46,+12.133, +9.994,+0.942
1684507920,+3.46,+12.141, +9.980,+0.942
1684507980,+3.46,+12.141, +9.884,+0.942
1684508040,+3.46,+12.017, +9.906,+0.942
1684508100,+3.46,+11.928, +9.937,+0.942
1684508160,+3.46,+11.919, +9.941,+0.942
1684508220,+3.46,+11.883, +9.952,+0.942
1684508280,+3.46,+11.892, +9.966,+0.942
1684508340,+3.46,+11.901, +9.964,+0.943
1684508400,+3.46,+11.928, +9.953,+0.942
1684508460,+3.46,+11.919, +9.943,+0.942
1684508520,+3.46,+11.937, +9.948,+0.943
1684508580,+3.46,+11.972, +9.933,+0.942
1684508640,+3.46,+11.999, +9.949,+0.942
1684508700,+3.46,+12.008, +9.954,+0.942
1684508760,+3.46,+11.964, +9.975,+0.942
1684508820,+3.46,+12.026, +9.944,+0.942
1684508880,+3.46,+11.964, +9.925,+0.942
1684508940,+3.46,+11.910, +9.915,+0.942
1684509000,+3.46,+11.910, +9.892,+0.942
1684509060,+3.46,+11.874, +9.897,+0.942
1684509120,+3.46,+11.821, +9.913,+0.942
1684509180,+3.46,+11.848, +9.888,+0.942
1684509240,+3.46,+11.839, +9.854,+0.942
1684509300,+3.46,+11.794, +9.836,+0.942
1684509360,+3.46,+11.803, +9.828,+0.942
1684509420,+3.46,+11.812, +9.884,+0.942
1684509480,+3.46,+11.794, +9.919,+0.942
1684509540,+3.46,+11.821, +9.924,+0.942
1684509600,+3.46,+11.776, +9.948,+0.942
1684509660,+3.46,+11.830, +9.938,+0.943
1684509720,+3.46,+11.803, +9.953,+0.943
1684509780,+3.46,+11.812, +9.929,+0.942
1684509840,+3.46,+11.812, +9.917,+0.942
1684509900,+3.46,+11.767, +9.917,+0.942
1684509960,+3.46,+11.785, +9.907,+0.942
1684510020,+3.46,+11.750, +9.911,+0.942
1684510080,+3.46,+11.785, +9.884,+0.942
1684510140,+3.46,+11.794, +9.882,+0.942
1684510200,+3.46,+11.776, +9.875,+0.942
1684510260,+3.46,+11.794, +9.868,+0.942
1684510320,+3.46,+11.794, +9.854,+0.942
1684510380,+3.46,+11.830, +9.854,+0.942
1684510440,+3.46,+11.785, +9.869,+0.942
1684510500,+3.46,+11.857, +9.847,+0.943
1684510560,+3.46,+11.830, +9.850,+0.942
1684510620,+3.46,+11.848, +9.838,+0.943
1684510680,+3.46,+11.821, +9.833,+0.942
1684510740,+3.46,+11.874, +9.824,+0.943
1684510800,+3.46,+11.892, +9.821,+0.943
1684510860,+3.46,+11.928, +9.798,+0.942
1684510920,+3.46,+11.866, +9.827,+0.942
1684510980,+3.46,+11.910, +9.808,+0.942
1684511040,+3.46,+11.892, +9.822,+0.942
1684511100,+3.46,+11.928, +9.813,+0.943
1684511160,+3.46,+11.910, +9.823,+0.943
1684511220,+3.46,+11.910, +9.820,+0.942
1684511280,+3.46,+11.990, +9.798,+0.942
1684511340,+3.46,+11.964, +9.814,+0.942
1684511400,+3.46,+11.955, +9.806,+0.942
1684511460,+3.46,+11.937, +9.747,+0.942
1684511520,+3.46,+11.910, +9.716,+0.942
1684511580,+3.46,+11.857, +9.767,+0.942
1684511640,+3.46,+11.767, +9.809,+0.942
1684511700,+3.46,+11.812, +9.826,+0.943
1684511760,+3.46,+11.776, +9.842,+0.943
1684511820,+3.46,+11.732, +9.873,+0.942
1684511880,+3.46,+11.714, +9.891,+0.942
1684511940,+3.46,+11.794, +9.868,+0.942
1684512000,+3.46,+11.830, +9.872,+0.942
1684512060,+3.46,+11.874, +9.885,+0.943
1684512120,+3.46,+11.857, +9.892,+0.942
1684512180,+3.46,+11.839, +9.830,+0.942
1684512240,+3.46,+11.874, +9.813,+0.942
1684512300,+3.46,+11.901, +9.810,+0.942
1684512360,+3.46,+11.892, +9.825,+0.942
1684512420,+3.46,+11.874, +9.820,+0.942
1684512480,+3.46,+11.883, +9.821,+0.943
1684512540,+3.46,+11.937, +9.786,+0.942
1684512600,+3.46,+11.883, +9.800,+0.942
1684512660,+3.46,+11.857, +9.810,+0.942
1684512720,+3.46,+11.937, +9.820,+0.943
1684512780,+3.46,+11.901, +9.885,+0.942
1684512840,+3.46,+11.901, +9.938,+0.942
1684512900,+3.46,+11.901, +9.901,+0.942
1684512960,+3.46,+11.901, +9.858,+0.943
1684513020,+3.46,+11.883, +9.825,+0.943
1684513080,+3.46,+11.919, +9.795,+0.942
1684513140,+3.46,+11.883, +9.844,+0.942
1684513200,+3.46,+11.892, +9.820,+0.943
1684513260,+3.46,+11.910, +9.772,+0.942
1684513320,+3.46,+11.892, +9.757,+0.942
1684513380,+3.46,+11.857, +9.758,+0.942
1684513440,+3.46,+11.919, +9.740,+0.942
1684513500,+3.46,+11.919, +9.761,+0.943
1684513560,+3.46,+11.928, +9.778,+0.943
1684513620,+3.46,+11.910, +9.796,+0.942
1684513680,+3.46,+11.919, +9.811,+0.942
1684513740,+3.46,+11.919, +9.835,+0.942
1684513800,+3.46,+11.937, +9.852,+0.942
1684513860,+3.46,+11.714, +9.666,+0.941
1684513920,+3.46,+11.481, +9.690,+0.941
1684513980,+3.46,+11.203, +9.583,+0.941
1684514040,+3.46,+10.887, +9.665,+0.942
1684514100,+3.46,+10.643, +9.725,+0.941
1684514160,+3.46,+10.489, +9.685,+0.941
1684514220,+3.46,+10.270, +9.722,+0.941
1684514280,+3.46,+10.143, +9.787,+0.941
1684514340,+3.46,+10.069, +9.760,+0.941
1684514400,+3.46, +9.941, +9.797,+0.942
1684514460,+3.46, +9.859, +9.778,+0.941
1684514520,+3.46, +9.767, +9.793,+0.942
1684514580,+3.46, +9.721, +9.795,+0.942
1684514640,+3.46, +9.675, +9.792,+0.942
1684514700,+3.46, +9.574, +9.824,+0.942
1684514760,+3.46, +9.574, +9.798,+0.941
1684514820,+3.46, +9.546, +9.815,+0.942
1684514880,+3.46, +9.528, +9.820,+0.942
1684514940,+3.46, +9.537, +9.818,+0.942
1684515000,+3.46, +9.537, +9.811,+0.942
1684515060,+3.46, +9.519, +9.812,+0.942
1684515120,+3.46, +9.528, +9.808,+0.942
1684515180,+3.46, +9.491, +9.814,+0.942
1684515240,+3.46, +9.482, +9.814,+0.942
1684515300,+3.46, +9.555, +9.782,+0.942
1684515360,+3.46, +9.509, +9.804,+0.942
1684515420,+3.46, +9.491, +9.800,+0.942
1684515480,+3.46, +9.491, +9.792,+0.942
1684515540,+3.46, +9.509, +9.775,+0.942
1684515600,+3.46, +9.528, +9.794,+0.943
1684515660,+3.46, +9.767, +9.854,+0.943
1684515720,+3.46, +9.960, +9.845,+0.943
1684515780,+3.46,+10.060, +9.864,+0.943
1684515840,+3.46,+10.216, +9.920,+0.943
1684515900,+3.46,+10.498, +9.822,+0.943
1684515960,+3.46,+10.589, +9.828,+0.944
1684516020,+3.46,+10.842, +9.855,+0.944
1684516080,+3.46,+11.041, +9.877,+0.944
1684516140,+3.46,+11.194, +9.878,+0.944
1684516200,+3.46,+11.329, +9.881,+0.944
1684516260,+3.46,+11.445, +9.886,+0.944
1684516320,+3.46,+11.463, +9.905,+0.943
1684516380,+3.46,+11.633, +9.900,+0.944
1684516440,+3.46,+11.642, +9.960,+0.943
1684516500,+3.46,+11.696, +9.955,+0.943
1684516560,+3.46,+11.696, +9.961,+0.943
1684516620,+3.46,+11.714, +9.975,+0.943
1684516680,+3.46,+11.723, +9.959,+0.943
1684516740,+3.46,+11.750, +9.940,+0.943
1684516800,+3.46,+11.714, +9.971,+0.943
1684516860,+3.46,+11.803, +9.959,+0.943
1684516920,+3.46,+11.794,+10.000,+0.943
1684516980,+3.46,+11.821, +9.996,+0.942
1684517040,+3.46,+11.874,+10.007,+0.943
1684517100,+3.46,+11.794,+10.033,+0.943
1684517160,+3.46,+11.883, +9.996,+0.942
1684517220,+3.46,+11.785, +9.908,+0.942
1684517280,+3.46,+11.445, +9.670,+0.942
1684517340,+3.46,+11.176, +9.569,+0.942
1684517400,+3.46,+10.869, +9.429,+0.941
1684517460,+3.46,+10.625, +9.405,+0.940
1684517520,+3.46,+10.352, +9.449,+0.941
1684517580,+3.46,+10.243, +9.492,+0.941
1684517640,+3.46,+10.325, +9.547,+0.941
1684517700,+3.46,+10.443, +9.678,+0.942
1684517760,+3.46,+10.525, +9.780,+0.942
1684517820,+3.46,+10.543, +9.771,+0.942
1684517880,+3.46,+10.625, +9.753,+0.942
1684517940,+3.46,+10.616, +9.777,+0.942
1684518000,+3.46,+10.607, +9.787,+0.942
1684518060,+3.46,+10.634, +9.776,+0.942
1684518120,+3.46,+10.598, +9.789,+0.942
1684518180,+3.46,+10.670, +9.792,+0.942
1684518240,+3.46,+10.724, +9.801,+0.942
1684518300,+3.46,+10.797, +9.783,+0.942
1684518360,+3.46,+10.869, +9.794,+0.943
1684518420,+3.46,+11.005, +9.743,+0.943
1684518480,+3.46,+11.158, +9.651,+0.943
1684518540,+3.46,+11.212, +9.650,+0.943
1684518600,+3.46,+11.365, +9.620,+0.943
1684518660,+3.46,+11.481, +9.605,+0.942
1684518720,+3.46,+11.562, +9.637,+0.943
1684518780,+3.46,+11.607, +9.679,+0.943
1684518840,+3.46,+11.633, +9.761,+0.943
1684518900,+3.46,+11.678, +9.794,+0.943
1684518960,+3.46,+11.732, +9.800,+0.943
1684519020,+3.46,+11.714, +9.831,+0.943
1684519080,+3.46,+11.776, +9.810,+0.943
1684519140,+3.46,+11.758, +9.829,+0.943
1684519200,+3.46,+11.821, +9.823,+0.943
1684519260,+3.46,+11.857, +9.820,+0.942
1684519320,+3.46,+11.830, +9.887,+0.943
1684519380,+3.46,+11.892, +9.912,+0.943
1684519440,+3.46,+11.928, +9.928,+0.942
1684519500,+3.46,+11.901, +9.972,+0.942
1684519560,+3.46,+11.901, +9.987,+0.942
1684519620,+3.46,+11.910, +9.990,+0.943
1684519680,+3.46,+11.919, +9.990,+0.943
1684519740,+3.46,+11.892, +9.992,+0.942
1684519800,+3.46,+11.919, +9.972,+0.942
1684519860,+3.46,+11.946, +9.952,+0.942
1684519920,+3.46,+11.928, +9.950,+0.942
1684519980,+3.46,+11.910, +9.962,+0.942
1684520040,+3.46,+11.946, +9.963,+0.942
1684520100,+3.46,+11.955, +9.946,+0.942
1684520160,+3.46,+11.928, +9.968,+0.942
1684520220,+3.46,+11.928, +9.970,+0.942
1684520280,+3.46,+11.946, +9.959,+0.942
1684520340,+3.46,+11.910, +9.993,+0.943
1684520400,+3.46,+11.946, +9.999,+0.943
1684520460,+3.46,+11.928, +9.992,+0.942
1684520520,+3.46,+11.937, +9.993,+0.943
1684520580,+3.46,+11.928, +9.987,+0.942
1684520640,+3.46,+11.946, +9.977,+0.943
1684520700,+3.46,+11.981, +9.952,+0.942
1684520760,+3.46,+11.946, +9.963,+0.942
1684520820,+3.46,+11.910, +9.953,+0.942
1684520880,+3.46,+11.919, +9.930,+0.942
1684520940,+3.46,+11.955, +9.901,+0.942
1684521000,+3.46,+11.910, +9.912,+0.942
1684521060,+3.46,+11.981, +9.888,+0.942
1684521120,+3.46,+11.910, +9.912,+0.942
1684521180,+3.46,+11.892, +9.902,+0.942
1684521240,+3.46,+11.990, +9.865,+0.942
1684521300,+3.46,+11.866, +9.905,+0.943
1684521360,+3.46,+11.919, +9.868,+0.942
1684521420,+3.46,+11.901, +9.878,+0.943
1684521480,+3.46,+11.928, +9.846,+0.942
1684521540,+3.46,+11.937, +9.832,+0.942
1684521600,+3.46,+11.946, +9.828,+0.942
1684521660,+3.46,+11.937, +9.839,+0.942
1684521720,+3.46,+11.937, +9.837,+0.943
1684521780,+3.46,+11.955, +9.833,+0.942
1684521840,+3.46,+11.964, +9.838,+0.942
1684521900,+3.46,+11.955, +9.869,+0.942
1684521960,+3.46,+11.955, +9.905,+0.943
1684522020,+3.46,+12.044, +9.881,+0.942
1684522080,+3.46,+11.999, +9.902,+0.942
1684522140,+3.46,+11.964, +9.910,+0.942
1684522200,+3.46,+11.990, +9.894,+0.942
1684522260,+3.46,+11.946, +9.915,+0.942
1684522320,+3.46,+12.008, +9.909,+0.943
1684522380,+3.46,+12.026, +9.897,+0.942
1684522440,+3.46,+11.955, +9.906,+0.942
1684522500,+3.46,+12.017, +9.864,+0.942
1684522560,+3.46,+12.017, +9.847,+0.942
1684522620,+3.46,+11.955, +9.861,+0.942
1684522680,+3.46,+11.964, +9.842,+0.942
1684522740,+3.46,+11.955, +9.832,+0.942
1684522800,+3.46,+11.964, +9.826,+0.942
1684522860,+3.46,+11.972, +9.822,+0.943
1684522920,+3.46,+11.964, +9.812,+0.942
1684522980,+3.46,+11.937, +9.815,+0.942
1684523040,+3.46,+12.017, +9.775,+0.942
1684523100,+3.46,+12.053, +9.761,+0.942
1684523160,+3.46,+11.981, +9.778,+0.942
1684523220,+3.46,+11.999, +9.762,+0.943
1684523280,+3.46,+11.946, +9.761,+0.942
1684523340,+3.46,+11.981, +9.726,+0.942
1684523400,+3.46,+11.981, +9.713,+0.942
1684523460,+3.46,+11.964, +9.756,+0.942
1684523520,+3.46,+12.017, +9.765,+0.942
1684523580,+3.46,+11.981, +9.807,+0.943
1684523640,+3.46,+12.017, +9.761,+0.942
1684523700,+3.46,+12.053, +9.658,+0.942
1684523760,+3.46,+11.955, +9.590,+0.942
1684523820,+3.46,+11.955, +9.830,+0.942
1684523880,+3.46,+11.972, +9.948,+0.942
1684523940,+3.46,+12.017, +9.952,+0.942
1684524000,+3.46,+11.999, +9.920,+0.942
1684524060,+3.46,+11.972, +9.866,+0.942
1684524120,+3.46,+11.972, +9.882,+0.942
1684524180,+3.46,+12.008, +9.843,+0.942
1684524240,+3.46,+11.946, +9.850,+0.942
1684524300,+3.46,+11.999, +9.781,+0.942
1684524360,+3.46,+11.981, +9.804,+0.942
1684524420,+3.46,+11.981, +9.894,+0.942
1684524480,+3.46,+12.044, +9.948,+0.943
1684524540,+3.46,+11.955,+10.004,+0.942
1684524600,+3.46,+11.990,+10.002,+0.942
1684524660,+3.46,+11.972,+10.011,+0.942
1684524720,+3.46,+12.061, +9.954,+0.942
1684524780,+3.46,+11.990, +9.952,+0.942
1684524840,+3.46,+12.008, +9.919,+0.942
1684524900,+3.46,+11.999, +9.907,+0.942
1684524960,+3.46,+11.981, +9.912,+0.942
1684525020,+3.46,+11.955, +9.915,+0.942
1684525080,+3.46,+11.999, +9.887,+0.943
1684525140,+3.46,+12.017, +9.861,+0.942
1684525200,+3.46,+11.999, +9.862,+0.942
1684525260,+3.46,+12.079, +9.793,+0.941
1684525320,+3.46,+11.972, +9.825,+0.942
1684525380,+3.46,+12.017, +9.836,+0.943
1684525440,+3.46,+11.990, +9.845,+0.942
1684525500,+3.46,+11.964, +9.853,+0.942
1684525560,+3.46,+12.035, +9.820,+0.942
1684525620,+3.46,+11.981, +9.840,+0.942
1684525680,+3.46,+11.990, +9.869,+0.943
1684525740,+3.46,+11.981, +9.899,+0.942
1684525800,+3.46,+12.061, +9.893,+0.943
1684525860,+3.46,+11.972, +9.931,+0.942
1684525920,+3.46,+12.053, +9.902,+0.942
1684525980,+3.46,+12.008, +9.919,+0.942
1684526040,+3.46,+11.946, +9.954,+0.943
1684526100,+3.46,+12.008, +9.922,+0.943
1684526160,+3.46,+11.999, +9.911,+0.942
1684526220,+3.46,+11.955, +9.926,+0.942
1684526280,+3.46,+11.964, +9.901,+0.942
1684526340,+3.46,+11.964, +9.882,+0.942
1684526400,+3.46,+11.999, +9.845,+0.942
1684526460,+3.46,+12.035, +9.809,+0.942
1684526520,+3.46,+11.999, +9.815,+0.942
1684526580,+3.46,+11.964, +9.814,+0.942
1684526640,+3.46,+12.017, +9.781,+0.942
1684526700,+3.46,+11.972, +9.791,+0.942
1684526760,+3.46,+11.964, +9.793,+0.942
1684526820,+3.46,+12.008, +9.778,+0.942
1684526880,+3.46,+12.053, +9.777,+0.942
1684526940,+3.46,+11.919, +9.841,+0.942
1684527000,+3.46,+11.981, +9.819,+0.942
1684527060,+3.46,+11.964, +9.838,+0.942
1684527120,+3.46,+11.990, +9.824,+0.942
1684527180,+3.46,+12.035, +9.807,+0.942
1684527240,+3.46,+12.017, +9.809,+0.942
1684527300,+3.46,+11.999, +9.825,+0.943
1684527360,+3.46,+12.017, +9.803,+0.942
1684527420,+3.46,+11.964, +9.834,+0.943
1684527480,+3.46,+11.972, +9.818,+0.942
1684527540,+3.46,+12.008, +9.813,+0.942
1684527600,+3.46,+11.990, +9.834,+0.943
1684527660,+3.46,+11.972, +9.837,+0.942
1684527720,+3.46,+11.946, +9.847,+0.942
1684527780,+3.46,+11.990, +9.829,+0.942
1684527840,+3.46,+12.008, +9.832,+0.942
1684527900,+3.46,+12.035, +9.822,+0.942
1684527960,+3.46,+11.990, +9.845,+0.942
1684528020,+3.46,+11.972, +9.861,+0.942
1684528080,+3.46,+11.981, +9.870,+0.942
1684528140,+3.46,+12.026, +9.875,+0.942
1684528200,+3.46,+12.044, +9.882,+0.942
1684528260,+3.46,+12.008, +9.895,+0.942
1684528320,+3.46,+11.981, +9.903,+0.943
1684528380,+3.46,+12.017, +9.889,+0.942
1684528440,+3.46,+12.017, +9.880,+0.942
1684528500,+3.46,+11.981, +9.887,+0.942
1684528560,+3.46,+11.999, +9.867,+0.942
1684528620,+3.46,+11.990, +9.841,+0.942
1684528680,+3.46,+11.990, +9.841,+0.942
1684528740,+3.46,+12.044, +9.808,+0.942
1684528800,+3.46,+12.008, +9.825,+0.942
1684528860,+3.46,+11.981, +9.851,+0.942
1684528920,+3.46,+11.990, +9.818,+0.942
1684528980,+3.46,+12.026, +9.788,+0.942
1684529040,+3.46,+12.017, +9.791,+0.942
1684529100,+3.46,+12.044, +9.745,+0.942
1684529160,+3.46,+11.964, +9.719,+0.942
1684529220,+3.46,+11.990, +9.717,+0.942
1684529280,+3.46,+11.981, +9.758,+0.942
1684529340,+3.46,+11.964, +9.803,+0.943
1684529400,+3.46,+11.981, +9.769,+0.942
1684529460,+3.46,+11.964, +9.773,+0.942
1684529520,+3.46,+11.990, +9.752,+0.942
1684529580,+3.46,+11.990, +9.728,+0.942
1684529640,+3.46,+11.972, +9.744,+0.942
1684529700,+3.46,+11.972, +9.733,+0.942
1684529760,+3.46,+12.026, +9.702,+0.942
1684529820,+3.46,+11.964, +9.729,+0.942
1684529880,+3.46,+11.964, +9.741,+0.942
1684529940,+3.46,+12.008, +9.723,+0.942
1684530000,+3.46,+11.964, +9.731,+0.942
1684530060,+3.46,+11.972, +9.738,+0.943
1684530120,+3.46,+11.981, +9.717,+0.942
1684530180,+3.46,+12.053, +9.700,+0.942
1684530240,+3.46,+11.964, +9.736,+0.942
1684530300,+3.46,+11.928, +9.763,+0.942
1684530360,+3.46,+12.035, +9.724,+0.942
1684530420,+3.46,+11.972, +9.750,+0.942
1684530480,+3.46,+11.946, +9.770,+0.942
1684530540,+3.46,+11.946, +9.776,+0.942
1684530600,+3.46,+11.937, +9.779,+0.942
1684530660,+3.46,+11.972, +9.772,+0.942
1684530720,+3.46,+11.964, +9.768,+0.942
1684530780,+3.46,+11.999, +9.742,+0.942
1684530840,+3.46,+11.972, +9.746,+0.942
1684530900,+3.46,+11.901, +9.770,+0.942
1684530960,+3.46,+11.964, +9.760,+0.942
1684531020,+3.46,+11.981, +9.786,+0.942
1684531080,+3.46,+11.955, +9.822,+0.942
1684531140,+3.46,+11.946, +9.850,+0.942
1684531200,+3.46,+11.972, +9.848,+0.942
1684531260,+3.46,+11.972, +9.852,+0.942
1684531320,+3.46,+12.026, +9.833,+0.942
1684531380,+3.46,+11.972, +9.855,+0.942
1684531440,+3.46,+11.990, +9.850,+0.942
1684531500,+3.46,+12.008, +9.830,+0.942
1684531560,+3.46,+11.972, +9.838,+0.942
1684531620,+3.46,+12.026, +9.813,+0.942
1684531680,+3.46,+11.990, +9.810,+0.941
1684531740,+3.46,+11.990, +9.821,+0.942
1684531800,+3.46,+11.999, +9.812,+0.943
1684531860,+3.46,+11.990, +9.809,+0.942
1684531920,+3.46,+11.999, +9.794,+0.942
1684531980,+3.46,+12.008, +9.796,+0.942
1684532040,+3.46,+11.937, +9.820,+0.942
1684532100,+3.46,+12.008, +9.821,+0.942
1684532160,+3.46,+11.972, +9.839,+0.942
1684532220,+3.46,+11.990, +9.796,+0.942
1684532280,+3.46,+12.017, +9.765,+0.943
1684532340,+3.46,+11.972, +9.760,+0.942
1684532400,+3.46,+11.937, +9.768,+0.942
1684532460,+3.46,+12.008, +9.775,+0.943
1684532520,+3.46,+11.928, +9.809,+0.942
1684532580,+3.46,+11.999, +9.772,+0.942
1684532640,+3.46,+11.990, +9.766,+0.942
1684532700,+3.46,+11.928, +9.797,+0.942
1684532760,+3.46,+11.955, +9.807,+0.942
1684532820,+3.46,+11.955, +9.811,+0.942
1684532880,+3.46,+11.990, +9.762,+0.942
1684532940,+3.46,+11.955, +9.794,+0.942
1684533000,+3.46,+12.017, +9.780,+0.942
1684533060,+3.46,+11.946, +9.831,+0.942
1684533120,+3.46,+11.964, +9.837,+0.942
1684533180,+3.46,+11.964, +9.874,+0.943
1684533240,+3.46,+11.981, +9.873,+0.942
1684533300,+3.46,+11.874, +9.923,+0.943
1684533360,+3.46,+11.955, +9.886,+0.943
1684533420,+3.46,+12.017, +9.848,+0.942
1684533480,+3.46,+11.999, +9.853,+0.942
1684533540,+3.46,+11.999, +9.848,+0.942
1684533600,+3.46,+11.937, +9.849,+0.942
1684533660,+3.46,+11.981, +9.820,+0.942
1684533720,+3.46,+12.017, +9.792,+0.942
1684533780,+3.46,+12.026, +9.781,+0.942
1684533840,+3.46,+11.990, +9.777,+0.942
1684533900,+3.46,+11.955, +9.776,+0.942
1684533960,+3.46,+11.955, +9.749,+0.942
1684534020,+3.46,+11.972, +9.739,+0.942
1684534080,+3.46,+11.946, +9.739,+0.942
1684534140,+3.46,+11.981, +9.738,+0.942
1684534200,+3.46,+11.981, +9.735,+0.942
1684534260,+3.46,+11.990, +9.734,+0.942
1684534320,+3.46,+11.990, +9.735,+0.942
1684534380,+3.46,+11.990, +9.733,+0.942
1684534440,+3.46,+11.946, +9.750,+0.942
1684534500,+3.46,+11.981, +9.731,+0.942
1684534560,+3.46,+12.008, +9.724,+0.942
1684534620,+3.46,+11.946, +9.736,+0.942
1684534680,+3.46,+11.999, +9.709,+0.942
1684534740,+3.46,+12.017, +9.705,+0.942
1684534800,+3.46,+11.999, +9.707,+0.942
1684534860,+3.46,+11.999, +9.716,+0.942
1684534920,+3.46,+11.946, +9.734,+0.942
1684534980,+3.46,+11.972, +9.723,+0.942
1684535040,+3.46,+11.990, +9.708,+0.942
1684535100,+3.46,+12.035, +9.696,+0.942
1684535160,+3.46,+11.964, +9.714,+0.942
1684535220,+3.46,+11.972, +9.698,+0.942
1684535280,+3.46,+11.955, +9.713,+0.942
1684535340,+3.46,+11.981, +9.731,+0.942
1684535400,+3.46,+11.999, +9.737,+0.942
1684535460,+3.46,+11.964, +9.765,+0.942
1684535520,+3.46,+11.946, +9.787,+0.942
1684535580,+3.46,+11.955, +9.784,+0.942
1684535640,+3.46,+11.981, +9.776,+0.942
1684535700,+3.46,+11.964, +9.785,+0.943
1684535760,+3.46,+11.972, +9.780,+0.942
1684535820,+3.46,+11.981, +9.785,+0.942
1684535880,+3.46,+11.990, +9.779,+0.942
1684535940,+3.46,+11.964, +9.808,+0.943
1684536000,+3.46,+12.026, +9.778,+0.942
1684536060,+3.46,+11.955, +9.817,+0.943
1684536120,+3.46,+11.990, +9.793,+0.942
1684536180,+3.46,+11.928, +9.814,+0.942
1684536240,+3.46,+11.981, +9.800,+0.942
1684536300,+3.46,+12.035, +9.785,+0.943
1684536360,+3.46,+11.937, +9.815,+0.942
1684536420,+3.46,+11.972, +9.789,+0.942
1684536480,+3.46,+11.955, +9.782,+0.942
1684536540,+3.46,+11.964, +9.777,+0.943
1684536600,+3.46,+11.972, +9.751,+0.942
1684536660,+3.46,+11.981, +9.754,+0.943
1684536720,+3.46,+12.008, +9.721,+0.942
1684536780,+3.46,+12.017, +9.716,+0.942
1684536840,+3.46,+11.999, +9.725,+0.942
1684536900,+3.46,+11.964, +9.732,+0.942
1684536960,+3.46,+11.955, +9.737,+0.942
1684537020,+3.46,+11.955, +9.740,+0.942
1684537080,+3.46,+12.008, +9.706,+0.942
1684537140,+3.46,+12.008, +9.693,+0.942
1684537200,+3.46,+11.981, +9.687,+0.942
1684537260,+3.46,+11.955, +9.693,+0.942
1684537320,+3.46,+11.946, +9.649,+0.942
1684537380,+3.46,+11.848, +9.709,+0.942
1684537440,+3.46,+11.767, +9.791,+0.942
1684537500,+3.46,+11.758, +9.780,+0.942
1684537560,+3.46,+11.741, +9.820,+0.942
1684537620,+3.46,+11.758, +9.796,+0.942
1684537680,+3.46,+11.669, +9.840,+0.943
1684537740,+3.46,+11.741, +9.831,+0.942
1684537800,+3.46,+11.678, +9.853,+0.942
1684537860,+3.46,+11.696, +9.839,+0.942
1684537920,+3.46,+11.723, +9.824,+0.942
1684537980,+3.46,+11.687, +9.821,+0.942
1684538040,+3.46,+11.696, +9.817,+0.942
1684538100,+3.46,+11.696, +9.828,+0.942
1684538160,+3.46,+11.678, +9.836,+0.942
1684538220,+3.46,+11.696, +9.821,+0.942
1684538280,+3.46,+11.696, +9.834,+0.943
1684538340,+3.46,+11.750, +9.801,+0.942
1684538400,+3.46,+11.714, +9.812,+0.942
1684538460,+3.46,+11.589, +9.755,+0.942
1684538520,+3.46,+11.481, +9.768,+0.942
1684538580,+3.46,+11.472, +9.752,+0.942
1684538640,+3.46,+11.481, +9.740,+0.942
1684538700,+3.46,+11.383, +9.768,+0.942
1684538760,+3.46,+11.481, +9.727,+0.942
1684538820,+3.46,+11.427, +9.760,+0.943
1684538880,+3.46,+11.472, +9.739,+0.942
1684538940,+3.46,+11.499, +9.737,+0.942
1684539000,+3.46,+11.517, +9.727,+0.942
1684539060,+3.46,+11.508, +9.746,+0.942
1684539120,+3.46,+11.571, +9.733,+0.942
1684539180,+3.46,+11.553, +9.755,+0.943
1684539240,+3.46,+11.589, +9.737,+0.942
1684539300,+3.46,+11.615, +9.734,+0.942
1684539360,+3.46,+11.669, +9.713,+0.942
1684539420,+3.46,+11.607, +9.736,+0.942
1684539480,+3.46,+11.615, +9.736,+0.942
1684539540,+3.46,+11.660, +9.716,+0.942
1684539600,+3.46,+11.642, +9.713,+0.942
1684539660,+3.46,+11.624, +9.729,+0.942
1684539720,+3.46,+11.687, +9.711,+0.942
1684539780,+3.46,+11.669, +9.737,+0.942
1684539840,+3.46,+11.741, +9.715,+0.942
1684539900,+3.46,+11.669, +9.737,+0.943
1684539960,+3.46,+11.714, +9.709,+0.942
1684540020,+3.46,+11.660, +9.728,+0.942
1684540080,+3.46,+11.714, +9.700,+0.942
1684540140,+3.46,+11.705, +9.694,+0.942
1684540200,+3.46,+11.723, +9.678,+0.942
1684540260,+3.46,+11.660, +9.702,+0.943
1684540320,+3.46,+11.669, +9.691,+0.942
1684540380,+3.46,+11.669, +9.687,+0.943
1684540440,+3.46,+11.696, +9.669,+0.942
1684540500,+3.46,+11.678, +9.662,+0.942
1684540560,+3.46,+11.741, +9.643,+0.942
1684540620,+3.46,+11.705, +9.639,+0.942
1684540680,+3.46,+11.750, +9.628,+0.942
1684540740,+3.46,+11.767, +9.636,+0.942
1684540800,+3.46,+11.857, +9.631,+0.942
1684540860,+3.46,+11.794, +9.689,+0.942
1684540920,+3.46,+11.803, +9.630,+0.942
1684540980,+3.46,+11.723, +9.616,+0.942
1684541040,+3.46,+11.830, +9.598,+0.942
1684541100,+3.46,+11.821, +9.622,+0.942
1684541160,+3.46,+11.848, +9.646,+0.942
1684541220,+3.46,+11.794, +9.698,+0.942
1684541280,+3.46,+11.874, +9.655,+0.942
1684541340,+3.46,+11.848, +9.661,+0.942
1684541400,+3.46,+11.821, +9.664,+0.942
1684541460,+3.46,+11.803, +9.665,+0.942
1684541520,+3.46,+11.848, +9.672,+0.942
1684541580,+3.46,+11.803, +9.723,+0.942
1684541640,+3.46,+11.874, +9.725,+0.942
1684541700,+3.46,+11.857, +9.711,+0.942
1684541760,+3.46,+11.830, +9.732,+0.942
1684541820,+3.46,+11.892, +9.762,+0.942
1684541880,+3.46,+11.803, +9.792,+0.942
1684541940,+3.46,+11.758, +9.700,+0.942
1684542000,+3.46,+11.678, +9.665,+0.942
1684542060,+3.46,+11.741, +9.690,+0.942
1684542120,+3.46,+11.732, +9.709,+0.942
1684542180,+3.46,+11.741, +9.695,+0.942
1684542240,+3.46,+11.758, +9.671,+0.943
1684542300,+3.46,+11.723, +9.673,+0.942
1684542360,+3.46,+11.723, +9.687,+0.942
1684542420,+3.46,+11.741, +9.706,+0.942
1684542480,+3.46,+11.714, +9.744,+0.943
1684542540,+3.46,+11.741, +9.749,+0.942
1684542600,+3.46,+11.767, +9.757,+0.942
1684542660,+3.46,+11.758, +9.761,+0.942
1684542720,+3.46,+11.794, +9.740,+0.942
1684542780,+3.46,+11.794, +9.732,+0.942
1684542840,+3.46,+11.794, +9.743,+0.943
1684542900,+3.46,+11.705, +9.659,+0.941
1684542960,+3.46,+11.562, +9.571,+0.942
1684543020,+3.46,+11.508, +9.541,+0.942
1684543080,+3.46,+11.615, +9.545,+0.943
1684543140,+3.46,+11.615, +9.613,+0.942
1684543200,+3.46,+11.678, +9.627,+0.942
1684543260,+3.46,+11.651, +9.656,+0.942
1684543320,+3.46,+11.660, +9.669,+0.942
1684543380,+3.46,+11.660, +9.671,+0.942
1684543440,+3.46,+11.642, +9.698,+0.942
1684543500,+3.46,+11.669, +9.701,+0.942
1684543560,+3.46,+11.714, +9.707,+0.943
1684543620,+3.46,+11.714, +9.707,+0.942
1684543680,+3.46,+11.741, +9.711,+0.942
1684543740,+3.46,+11.767, +9.713,+0.943
1684543800,+3.46,+11.732, +9.732,+0.942
1684543860,+3.46,+11.767, +9.720,+0.942
1684543920,+3.46,+11.785, +9.712,+0.941
1684543980,+3.46,+11.794, +9.730,+0.942
1684544040,+3.46,+11.776, +9.752,+0.942
1684544100,+3.46,+11.767, +9.748,+0.942
1684544160,+3.46,+11.758, +9.757,+0.942
1684544220,+3.46,+11.732, +9.767,+0.943
1684544280,+3.46,+11.794, +9.739,+0.942
1684544340,+3.46,+11.758, +9.746,+0.942
1684544400,+3.46,+11.848, +9.724,+0.943
1684544460,+3.46,+11.812, +9.725,+0.942
1684544520,+3.46,+11.776, +9.749,+0.942
1684544580,+3.46,+11.732, +9.768,+0.943
1684544640,+3.46,+11.750, +9.746,+0.942
1684544700,+3.46,+11.812, +9.728,+0.942
1684544760,+3.46,+11.776, +9.760,+0.943
1684544820,+3.46,+11.785, +9.765,+0.942
1684544880,+3.46,+11.794, +9.759,+0.943
1684544940,+3.46,+11.794, +9.691,+0.942
1684545000,+3.46,+11.607, +9.434,+0.941
1684545060,+3.46,+11.427, +9.417,+0.941
1684545120,+3.46,+11.463, +9.396,+0.942
1684545180,+3.46,+11.463, +9.413,+0.942
1684545240,+3.46,+11.490, +9.432,+0.942
1684545300,+3.46,+11.633, +9.429,+0.942
1684545360,+3.46,+11.687, +9.499,+0.942
1684545420,+3.46,+11.669, +9.612,+0.942
1684545480,+3.46,+11.696, +9.619,+0.942
1684545540,+3.46,+11.633, +9.567,+0.942
1684545600,+3.46,+11.526, +9.441,+0.941
1684545660,+3.46,+11.338, +9.414,+0.942
1684545720,+3.46,+11.257, +9.416,+0.942
1684545780,+3.46,+11.158, +9.441,+0.942
1684545840,+3.46,+11.248, +9.480,+0.942
1684545900,+3.46,+11.311, +9.532,+0.942
1684545960,+3.46,+11.427, +9.570,+0.942
1684546020,+3.46,+11.463, +9.628,+0.942
1684546080,+3.46,+11.508, +9.681,+0.942
1684546140,+3.46,+11.598, +9.668,+0.943
1684546200,+3.46,+11.571, +9.699,+0.942
1684546260,+3.46,+11.607, +9.714,+0.943
1684546320,+3.46,+11.705, +9.693,+0.943
1684546380,+3.46,+11.678, +9.702,+0.942
1684546440,+3.46,+11.732, +9.660,+0.942
1684546500,+3.46,+11.741, +9.643,+0.942
1684546560,+3.46,+11.696, +9.657,+0.942
1684546620,+3.46,+11.660, +9.673,+0.942
1684546680,+3.46,+11.687, +9.664,+0.942
1684546740,+3.46,+11.678, +9.675,+0.942
1684546800,+3.46,+11.660, +9.677,+0.942
1684546860,+3.46,+11.705, +9.657,+0.942
1684546920,+3.46,+11.660, +9.662,+0.942
1684546980,+3.46,+11.669, +9.654,+0.942
1684547040,+3.46,+11.723, +9.613,+0.942
1684547100,+3.46,+11.758, +9.599,+0.942
1684547160,+3.46,+11.785, +9.599,+0.942
1684547220,+3.46,+11.767, +9.614,+0.942
1684547280,+3.46,+11.687, +9.648,+0.942
1684547340,+3.46,+11.767, +9.616,+0.942
1684547400,+3.46,+11.723, +9.623,+0.942
1684547460,+3.46,+11.776, +9.585,+0.942
1684547520,+3.46,+11.767, +9.572,+0.942
1684547580,+3.46,+11.758, +9.561,+0.942
1684547640,+3.46,+11.776, +9.531,+0.942
1684547700,+3.46,+11.767, +9.517,+0.942
1684547760,+3.46,+11.758, +9.527,+0.942
1684547820,+3.46,+11.750, +9.523,+0.942
1684547880,+3.46,+11.714, +9.531,+0.942
1684547940,+3.46,+11.750, +9.507,+0.942
1684548000,+3.46,+11.776, +9.494,+0.942
1684548060,+3.46,+11.758, +9.511,+0.942
1684548120,+3.46,+11.803, +9.518,+0.942
1684548180,+3.46,+11.812, +9.515,+0.942
1684548240,+3.46,+11.839, +9.520,+0.942
1684548300,+3.46,+11.803, +9.528,+0.942
1684548360,+3.46,+11.812, +9.529,+0.942
1684548420,+3.46,+11.803, +9.532,+0.942
1684548480,+3.46,+11.821, +9.533,+0.942
1684548540,+3.46,+11.839, +9.521,+0.942
1684548600,+3.46,+11.785, +9.550,+0.942
1684548660,+3.46,+11.776, +9.551,+0.942
1684548720,+3.46,+11.821, +9.532,+0.942
1684548780,+3.46,+11.812, +9.534,+0.942
1684548840,+3.46,+11.821, +9.536,+0.942
1684548900,+3.46,+11.794, +9.552,+0.942
1684548960,+3.46,+11.839, +9.542,+0.942
1684549020,+3.46,+11.857, +9.542,+0.943
1684549080,+3.46,+11.848, +9.563,+0.942
1684549140,+3.46,+11.874, +9.588,+0.942
1684549200,+3.46,+11.848, +9.650,+0.943
1684549260,+3.46,+11.866, +9.660,+0.942
1684549320,+3.46,+11.857, +9.683,+0.942
1684549380,+3.46,+11.874, +9.682,+0.942
1684549440,+3.46,+11.812, +9.703,+0.942
1684549500,+3.46,+11.874, +9.679,+0.942
1684549560,+3.46,+11.866, +9.682,+0.942
1684549620,+3.46,+11.857, +9.684,+0.942
1684549680,+3.46,+11.883, +9.663,+0.942
1684549740,+3.46,+11.821, +9.677,+0.942
1684549800,+3.46,+11.910, +9.625,+0.943
1684549860,+3.46,+11.794, +9.630,+0.942
1684549920,+3.46,+11.830, +9.593,+0.942
1684549980,+3.46,+11.803, +9.575,+0.942
1684550040,+3.46,+11.839, +9.552,+0.943
1684550100,+3.46,+11.883, +9.516,+0.942
1684550160,+3.46,+11.821, +9.519,+0.942
1684550220,+3.46,+11.812, +9.489,+0.942
1684550280,+3.46,+11.874, +9.426,+0.942
1684550340,+3.46,+11.848, +9.408,+0.941
1684550400,+3.46,+11.830, +9.400,+0.942
1684550460,+3.46,+11.848, +9.453,+0.942
1684550520,+3.46,+11.839, +9.525,+0.942
1684550580,+3.46,+11.812, +9.568,+0.942
1684550640,+3.46,+11.857, +9.577,+0.942
1684550700,+3.46,+11.839, +9.584,+0.942
1684550760,+3.46,+11.839, +9.576,+0.942
1684550820,+3.46,+11.857, +9.550,+0.942
1684550880,+3.46,+11.821, +9.538,+0.942
1684550940,+3.46,+11.803, +9.536,+0.942
1684551000,+3.46,+11.883, +9.508,+0.942
1684551060,+3.46,+11.839, +9.515,+0.942
1684551120,+3.46,+11.848, +9.499,+0.942
1684551180,+3.46,+11.883, +9.486,+0.942
1684551240,+3.46,+11.848, +9.518,+0.942
1684551300,+3.46,+11.857, +9.528,+0.942
1684551360,+3.46,+11.892, +9.523,+0.942
1684551420,+3.46,+11.883, +9.543,+0.943
1684551480,+3.46,+11.919, +9.527,+0.942
1684551540,+3.46,+11.821, +9.567,+0.942
1684551600,+3.46,+11.901, +9.535,+0.942
1684551660,+3.46,+11.874, +9.537,+0.942
1684551720,+3.46,+11.866, +9.526,+0.942
1684551780,+3.46,+11.892, +9.519,+0.942
1684551840,+3.46,+11.883, +9.523,+0.942
1684551900,+3.46,+11.866, +9.520,+0.942
1684551960,+3.46,+11.874, +9.531,+0.942
1684552020,+3.46,+11.901, +9.535,+0.942
1684552080,+3.46,+11.919, +9.536,+0.942
1684552140,+3.46,+11.901, +9.542,+0.942
1684552200,+3.46,+11.883, +9.542,+0.942
1684552260,+3.46,+11.874, +9.487,+0.942
1684552320,+3.46,+11.874, +9.432,+0.942
1684552380,+3.46,+11.839, +9.405,+0.942
1684552440,+3.46,+11.883, +9.360,+0.942
1684552500,+3.46,+11.839, +9.355,+0.942
1684552560,+3.46,+11.874, +9.332,+0.942
1684552620,+3.46,+11.937, +9.306,+0.942
1684552680,+3.46,+11.937, +9.303,+0.942
1684552740,+3.46,+11.848, +9.339,+0.942
1684552800,+3.46,+11.883, +9.319,+0.942
1684552860,+3.46,+11.848, +9.292,+0.942
1684552920,+3.46,+11.830, +9.228,+0.942
1684552980,+3.46,+11.812, +9.170,+0.942
1684553040,+3.46,+11.767, +9.170,+0.942
1684553100,+3.46,+11.785, +9.167,+0.941
1684553160,+3.46,+11.794, +9.180,+0.942
1684553220,+3.46,+11.750, +9.206,+0.942
1684553280,+3.46,+11.714, +9.230,+0.942
1684553340,+3.46,+11.794, +9.197,+0.942
1684553400,+3.46,+11.821, +9.197,+0.942
1684553460,+3.46,+11.857, +9.187,+0.942
1684553520,+3.46,+11.848, +9.194,+0.942
1684553580,+3.46,+11.866, +9.184,+0.942
1684553640,+3.46,+11.901, +9.175,+0.942
1684553700,+3.46,+11.892, +9.185,+0.942
1684553760,+3.46,+11.839, +9.226,+0.942
1684553820,+3.46,+11.883, +9.218,+0.942
1684553880,+3.46,+11.919, +9.226,+0.942
1684553940,+3.46,+11.892, +9.239,+0.941
1684554000,+3.46,+11.874, +9.265,+0.942
1684554060,+3.46,+11.874, +9.269,+0.942
1684554120,+3.46,+11.928, +9.264,+0.942
1684554180,+3.46,+11.901, +9.278,+0.942
1684554240,+3.46,+11.874, +9.301,+0.942
1684554300,+3.46,+11.928, +9.294,+0.942
1684554360,+3.46,+11.937, +9.298,+0.942
1684554420,+3.46,+11.892, +9.328,+0.942
1684554480,+3.46,+11.883, +9.343,+0.942
1684554540,+3.46,+11.866, +9.371,+0.942
1684554600,+3.46,+11.883, +9.367,+0.942
1684554660,+3.46,+11.946, +9.360,+0.942
1684554720,+3.46,+11.919, +9.370,+0.941
1684554780,+3.46,+11.937, +9.396,+0.942
1684554840,+3.46,+11.928, +9.420,+0.942
1684554900,+3.46,+11.928, +9.422,+0.942
1684554960,+3.46,+11.928, +9.434,+0.942
1684555020,+3.46,+11.874, +9.446,+0.942
1684555080,+3.46,+11.937, +9.414,+0.942
1684555140,+3.46,+11.964, +9.373,+0.942
1684555200,+3.46,+11.857, +9.400,+0.942
1684555260,+3.46,+11.883, +9.374,+0.942
1684555320,+3.46,+11.937, +9.347,+0.942
1684555380,+3.46,+11.964, +9.338,+0.942
1684555440,+3.46,+11.955, +9.356,+0.942
1684555500,+3.46,+11.964, +9.373,+0.942
1684555560,+3.46,+11.937, +9.424,+0.942
1684555620,+3.46,+11.910, +9.462,+0.942
1684555680,+3.46,+11.910, +9.492,+0.942
1684555740,+3.46,+11.883, +9.531,+0.942
1684555800,+3.46,+11.919, +9.534,+0.942
1684555860,+3.46,+11.955, +9.534,+0.942
1684555920,+3.46,+11.892, +9.531,+0.943
1684555980,+3.46,+11.955, +9.466,+0.942
1684556040,+3.46,+11.928, +9.438,+0.942
1684556100,+3.46,+11.955, +9.401,+0.942
1684556160,+3.46,+11.937, +9.411,+0.942
1684556220,+3.46,+11.919, +9.409,+0.942
1684556280,+3.46,+11.928, +9.408,+0.942
1684556340,+3.46,+11.946, +9.397,+0.942
1684556400,+3.46,+11.928, +9.393,+0.942
1684556460,+3.46,+11.919, +9.392,+0.942
1684556520,+3.46,+11.883, +9.416,+0.942
1684556580,+3.46,+11.928, +9.366,+0.942
1684556640,+3.46,+11.919, +9.358,+0.942
1684556700,+3.46,+11.910, +9.344,+0.942
1684556760,+3.46,+11.937, +9.323,+0.942
1684556820,+3.46,+11.910, +9.316,+0.942
1684556880,+3.46,+11.937, +9.305,+0.942
1684556940,+3.46,+11.937, +9.290,+0.942
1684557000,+3.46,+11.866, +9.329,+0.942
1684557060,+3.46,+11.901, +9.321,+0.942
1684557120,+3.46,+11.946, +9.308,+0.942
1684557180,+3.46,+11.866, +9.343,+0.942
1684557240,+3.46,+11.874, +9.314,+0.942
1684557300,+3.46,+11.937, +9.299,+0.942
1684557360,+3.46,+11.946, +9.386,+0.942
1684557420,+3.46,+11.964, +9.457,+0.942
1684557480,+3.46,+11.910, +9.524,+0.942
1684557540,+3.46,+11.937, +9.546,+0.942
1684557600,+3.46,+11.937, +9.573,+0.942
1684557660,+3.46,+11.919, +9.581,+0.942
1684557720,+3.46,+11.955, +9.580,+0.942
1684557780,+3.46,+11.928, +9.583,+0.942
1684557840,+3.46,+11.901, +9.578,+0.942
1684557900,+3.46,+11.946, +9.558,+0.942
1684557960,+3.46,+11.946, +9.533,+0.942
1684558020,+3.46,+11.955, +9.512,+0.942
1684558080,+3.46,+11.910, +9.524,+0.943
1684558140,+3.46,+11.928, +9.484,+0.942
1684558200,+3.46,+11.892, +9.470,+0.942
1684558260,+3.46,+11.910, +9.456,+0.942
1684558320,+3.46,+11.919, +9.429,+0.941
1684558380,+3.46,+11.919, +9.421,+0.942
1684558440,+3.46,+11.964, +9.407,+0.942
1684558500,+3.46,+11.910, +9.434,+0.942
1684558560,+3.46,+11.919, +9.444,+0.942
1684558620,+3.46,+11.955, +9.430,+0.942
1684558680,+3.46,+11.964, +9.419,+0.942
1684558740,+3.46,+11.874, +9.428,+0.942
1684558800,+3.46,+11.964, +9.382,+0.942
1684558860,+3.46,+11.910, +9.382,+0.942
1684558920,+3.46,+11.919, +9.382,+0.942
1684558980,+3.46,+11.883, +9.401,+0.942
1684559040,+3.46,+11.901, +9.340,+0.942
1684559100,+3.46,+11.883, +9.329,+0.942
1684559160,+3.46,+11.892, +9.313,+0.942
1684559220,+3.46,+11.892, +9.328,+0.942
1684559280,+3.46,+11.821, +9.370,+0.942
1684559340,+3.46,+11.660, +9.341,+0.941
1684559400,+3.46,+11.544, +9.393,+0.942
1684559460,+3.46,+11.499, +9.410,+0.941
1684559520,+3.46,+11.472, +9.428,+0.942
1684559580,+3.46,+11.463, +9.430,+0.942
1684559640,+3.46,+11.436, +9.439,+0.942
1684559700,+3.46,+11.400, +9.457,+0.942
1684559760,+3.46,+11.391, +9.461,+0.942
1684559820,+3.46,+11.365, +9.471,+0.942
1684559880,+3.46,+11.347, +9.477,+0.942
1684559940,+3.46,+11.311, +9.498,+0.942
1684560000,+3.46,+11.284, +9.596,+0.942
1684560060,+3.46,+11.230, +9.630,+0.942
1684560120,+3.46,+11.257, +9.619,+0.942
1684560180,+3.46,+11.257, +9.639,+0.942
1684560240,+3.46,+11.194, +9.692,+0.942
1684560300,+3.46,+11.248, +9.676,+0.942
1684560360,+3.46,+11.230, +9.704,+0.942
1684560420,+3.46,+11.131, +9.702,+0.942
1684560480,+3.46,+10.969, +9.738,+0.942
1684560540,+3.46,+10.923, +9.736,+0.942
1684560600,+3.46,+10.878, +9.749,+0.942
1684560660,+3.46,+10.905, +9.738,+0.942
1684560720,+3.46,+10.914, +9.730,+0.942
1684560780,+3.46,+10.896, +9.736,+0.942
1684560840,+3.46,+10.851, +9.741,+0.942
1684560900,+3.46,+10.869, +9.728,+0.942
1684560960,+3.46,+10.887, +9.709,+0.943
1684561020,+3.46,+10.851, +9.693,+0.942
1684561080,+3.46,+10.815, +9.690,+0.942
1684561140,+3.46,+10.779, +9.699,+0.942
1684561200,+3.46,+10.788, +9.687,+0.942
1684561260,+3.46,+10.743, +9.698,+0.942
1684561320,+3.46,+10.824, +9.654,+0.942
1684561380,+3.46,+10.715, +9.701,+0.942
1684561440,+3.46,+10.770, +9.681,+0.943
1684561500,+3.46,+10.734, +9.685,+0.942
1684561560,+3.46,+10.779, +9.664,+0.942
1684561620,+3.46,+10.770, +9.649,+0.942
1684561680,+3.46,+10.724, +9.643,+0.942
1684561740,+3.46,+10.724, +9.642,+0.942
1684561800,+3.46,+10.688, +9.658,+0.942
1684561860,+3.46,+10.715, +9.646,+0.942
1684561920,+3.46,+10.679, +9.671,+0.943
1684561980,+3.46,+10.661, +9.678,+0.942
1684562040,+3.46,+10.706, +9.673,+0.943
1684562100,+3.46,+10.679, +9.678,+0.942
1684562160,+3.46,+10.697, +9.658,+0.942
1684562220,+3.46,+10.706, +9.641,+0.942
1684562280,+3.46,+10.670, +9.651,+0.942
1684562340,+3.46,+10.688, +9.632,+0.942
1684562400,+3.46,+10.643, +9.678,+0.943
1684562460,+3.46,+10.643, +9.672,+0.942
1684562520,+3.46,+10.634, +9.673,+0.942
1684562580,+3.46,+10.607, +9.680,+0.942
1684562640,+3.46,+10.579, +9.669,+0.942
1684562700,+3.46,+10.489, +9.704,+0.943
1684562760,+3.46,+10.452, +9.689,+0.942
1684562820,+3.46,+10.343, +9.712,+0.942
1684562880,+3.46,+10.334, +9.690,+0.942
1684562940,+3.46,+10.343, +9.693,+0.942
1684563000,+3.46,+10.288, +9.728,+0.942
1684563060,+3.46,+10.298, +9.731,+0.942
1684563120,+3.46,+10.270, +9.728,+0.942
1684563180,+3.46,+10.279, +9.719,+0.942
1684563240,+3.46,+10.279, +9.700,+0.942
1684563300,+3.46,+10.225, +9.710,+0.942
1684563360,+3.46,+10.197, +9.704,+0.942
1684563420,+3.46,+10.097, +9.680,+0.942
1684563480,+3.46,+10.024, +9.666,+0.942
1684563540,+3.46, +9.987, +9.658,+0.942
1684563600,+3.46, +9.895, +9.666,+0.942
1684563660,+3.46, +9.886, +9.653,+0.942
1684563720,+3.46, +9.813, +9.686,+0.942
1684563780,+3.46, +9.831, +9.669,+0.942
1684563840,+3.46, +9.877, +9.642,+0.941
1684563900,+3.46, +9.822, +9.666,+0.942
1684563960,+3.46, +9.776, +9.675,+0.942
1684564020,+3.46, +9.776, +9.675,+0.943
1684564080,+3.46, +9.767, +9.657,+0.942
1684564140,+3.46, +9.785, +9.660,+0.943
1684564200,+3.46, +9.840, +9.639,+0.942
1684564260,+3.46, +9.785, +9.652,+0.942
1684564320,+3.46, +9.758, +9.660,+0.942
1684564380,+3.46, +9.730, +9.661,+0.942
1684564440,+3.46, +9.739, +9.665,+0.942
1684564500,+3.46, +9.730, +9.677,+0.943
1684564560,+3.46, +9.749, +9.672,+0.942
1684564620,+3.46, +9.767, +9.668,+0.942
1684564680,+3.46, +9.813, +9.651,+0.942
1684564740,+3.46, +9.840, +9.647,+0.942
1684564800,+3.46, +9.905, +9.657,+0.943
1684564860,+3.46, +9.905, +9.682,+0.943
1684564920,+3.46, +9.932, +9.702,+0.943
1684564980,+3.46, +9.996, +9.715,+0.943
1684565040,+3.46,+10.069, +9.737,+0.943
1684565100,+3.46,+10.124, +9.766,+0.943
1684565160,+3.46,+10.234, +9.751,+0.943
1684565220,+3.46,+10.370, +9.722,+0.943
1684565280,+3.46,+10.434, +9.718,+0.943
1684565340,+3.46,+10.498, +9.694,+0.943
1684565400,+3.46,+10.552, +9.690,+0.942
1684565460,+3.46,+10.616, +9.688,+0.943
1684565520,+3.46,+10.715, +9.678,+0.943
1684565580,+3.46,+10.761, +9.673,+0.943
1684565640,+3.46,+10.869, +9.663,+0.943
1684565700,+3.46,+10.860, +9.688,+0.943
1684565760,+3.46,+10.869, +9.710,+0.943
1684565820,+3.46,+10.914, +9.704,+0.943
1684565880,+3.46,+10.960, +9.686,+0.943
1684565940,+3.46,+10.951, +9.699,+0.943
1684566000,+3.46,+11.005, +9.691,+0.943
1684566060,+3.46,+10.996, +9.693,+0.943
1684566120,+3.46,+10.951, +9.710,+0.942
1684566180,+3.46,+10.969, +9.697,+0.942
1684566240,+3.46,+11.041, +9.665,+0.943
1684566300,+3.46,+11.023, +9.666,+0.942
1684566360,+3.46,+11.077, +9.673,+0.942
1684566420,+3.46,+11.122, +9.709,+0.943
1684566480,+3.46,+11.050, +9.780,+0.943
1684566540,+3.46,+11.149, +9.758,+0.942
1684566600,+3.46,+11.131, +9.754,+0.942
1684566660,+3.46,+11.176, +9.738,+0.942
1684566720,+3.46,+11.158, +9.745,+0.942
1684566780,+3.46,+11.185, +9.734,+0.942
1684566840,+3.46,+11.176, +9.746,+0.943
1684566900,+3.46,+11.158, +9.752,+0.943
1684566960,+3.46,+11.176, +9.747,+0.942
1684567020,+3.46,+11.203, +9.748,+0.942
1684567080,+3.46,+11.194, +9.774,+0.942
1684567140,+3.46,+11.239, +9.819,+0.942
1684567200,+3.46,+11.248, +9.851,+0.943
1684567260,+3.46,+11.212, +9.883,+0.942
1684567320,+3.46,+11.221, +9.900,+0.942
1684567380,+3.46,+11.230, +9.840,+0.942
1684567440,+3.46,+11.311, +9.760,+0.942
1684567500,+3.46,+11.293, +9.752,+0.942
1684567560,+3.46,+11.293, +9.751,+0.942
1684567620,+3.46,+11.221, +9.788,+0.942
1684567680,+3.46,+11.275, +9.781,+0.942
1684567740,+3.46,+11.275, +9.794,+0.942
1684567800,+3.46,+11.284, +9.788,+0.942
1684567860,+3.46,+11.311, +9.772,+0.942
1684567920,+3.46,+11.293, +9.777,+0.942
1684567980,+3.46,+11.365, +9.754,+0.942
1684568040,+3.46,+11.320, +9.761,+0.942
1684568100,+3.46,+11.338, +9.757,+0.942
1684568160,+3.46,+11.230, +9.795,+0.943
1684568220,+3.46,+11.365, +9.747,+0.943
1684568280,+3.46,+11.329, +9.731,+0.942
1684568340,+3.46,+11.374, +9.683,+0.942
1684568400,+3.46,+11.320, +9.686,+0.943
1684568460,+3.46,+11.329, +9.668,+0.942
1684568520,+3.46,+11.347, +9.652,+0.942
1684568580,+3.46,+11.329, +9.667,+0.942
1684568640,+3.46,+11.356, +9.651,+0.942
1684568700,+3.46,+11.329, +9.664,+0.942
1684568760,+3.46,+11.329, +9.657,+0.942
1684568820,+3.46,+11.302, +9.660,+0.943
1684568880,+3.46,+11.320, +9.618,+0.943
1684568940,+3.46,+11.311, +9.593,+0.942
1684569000,+3.46,+11.266, +9.611,+0.943
1684569060,+3.46,+11.347, +9.588,+0.942
1684569120,+3.46,+11.338, +9.595,+0.943
1684569180,+3.46,+11.347, +9.586,+0.942
1684569240,+3.46,+11.347, +9.592,+0.942
1684569300,+3.46,+11.347, +9.597,+0.942
1684569360,+3.46,+11.356, +9.620,+0.943
1684569420,+3.46,+11.329, +9.645,+0.942
1684569480,+3.46,+11.356, +9.649,+0.942
1684569540,+3.46,+11.374, +9.605,+0.942
1684569600,+3.46,+11.436, +9.571,+0.942
1684569660,+3.46,+11.490, +9.523,+0.942
1684569720,+3.46,+11.454, +9.482,+0.942
1684569780,+3.46,+11.463, +9.431,+0.942
1684569840,+3.46,+11.526, +9.392,+0.942
1684569900,+3.46,+11.490, +9.395,+0.942
1684569960,+3.46,+11.517, +9.389,+0.942
1684570020,+3.46,+11.580, +9.378,+0.942
1684570080,+3.46,+11.615, +9.369,+0.942
1684570140,+3.46,+11.651, +9.372,+0.942
1684570200,+3.46,+11.624, +9.393,+0.942
1684570260,+3.46,+11.696, +9.387,+0.942
1684570320,+3.46,+11.758, +9.431,+0.942
1684570380,+3.46,+11.696, +9.623,+0.943
1684570440,+3.46,+11.750, +9.649,+0.942
1684570500,+3.46,+11.723, +9.649,+0.943
1684570560,+3.46,+11.794, +9.680,+0.942
1684570620,+3.46,+11.776, +9.716,+0.942
1684570680,+3.46,+11.883, +9.703,+0.942
1684570740,+3.46,+11.839, +9.728,+0.942
1684570800,+3.46,+11.866, +9.721,+0.942
1684570860,+3.46,+11.857, +9.726,+0.942
1684570920,+3.46,+11.848, +9.754,+0.942
1684570980,+3.46,+11.848, +9.753,+0.942
1684571040,+3.46,+11.803, +9.682,+0.942
1684571100,+3.46,+11.758, +9.592,+0.942
1684571160,+3.46,+11.830, +9.532,+0.942
1684571220,+3.46,+11.750, +9.551,+0.942
1684571280,+3.46,+11.785, +9.559,+0.942
1684571340,+3.46,+11.830, +9.560,+0.942
1684571400,+3.46,+11.776, +9.607,+0.942
1684571460,+3.46,+11.741, +9.639,+0.942
1684571520,+3.46,+11.821, +9.627,+0.942
1684571580,+3.46,+11.821, +9.639,+0.942
1684571640,+3.46,+11.848, +9.637,+0.942
1684571700,+3.46,+11.830, +9.640,+0.942
1684571760,+3.46,+11.812, +9.667,+0.942
1684571820,+3.46,+11.812, +9.655,+0.942
1684571880,+3.46,+11.857, +9.652,+0.942
1684571940,+3.46,+11.803, +9.661,+0.942
1684572000,+3.46,+11.803, +9.636,+0.942
1684572060,+3.46,+11.812, +9.629,+0.942
1684572120,+3.46,+11.839, +9.613,+0.942
1684572180,+3.46,+11.839, +9.604,+0.942
1684572240,+3.46,+11.812, +9.600,+0.942
1684572300,+3.46,+11.848, +9.584,+0.942
1684572360,+3.46,+11.848, +9.574,+0.942
1684572420,+3.46,+11.866, +9.573,+0.942
1684572480,+3.46,+11.839, +9.588,+0.943
1684572540,+3.46,+11.812, +9.583,+0.942
1684572600,+3.46,+11.830, +9.572,+0.942
1684572660,+3.46,+11.839, +9.572,+0.942
1684572720,+3.46,+11.866, +9.553,+0.942
1684572780,+3.46,+11.830, +9.584,+0.942
1684572840,+3.46,+11.848, +9.596,+0.942
1684572900,+3.46,+11.883, +9.608,+0.942
1684572960,+3.46,+11.857, +9.641,+0.942
1684573020,+3.46,+11.821, +9.672,+0.942
1684573080,+3.46,+11.830, +9.680,+0.942
1684573140,+3.46,+11.821, +9.680,+0.942
1684573200,+3.46,+11.812, +9.640,+0.942
1684573260,+3.46,+11.830, +9.627,+0.942
1684573320,+3.46,+11.883, +9.580,+0.942
1684573380,+3.46,+11.857, +9.605,+0.943
1684573440,+3.46,+11.901, +9.580,+0.942
1684573500,+3.46,+11.866, +9.610,+0.942
1684573560,+3.46,+11.874, +9.626,+0.942
1684573620,+3.46,+11.901, +9.632,+0.942
1684573680,+3.46,+11.857, +9.650,+0.942
1684573740,+3.46,+11.839, +9.655,+0.942
1684573800,+3.46,+11.892, +9.638,+0.942
1684573860,+3.46,+11.892, +9.618,+0.942
1684573920,+3.46,+11.857, +9.635,+0.942
1684573980,+3.46,+11.839, +9.640,+0.942
1684574040,+3.46,+11.857, +9.623,+0.942
1684574100,+3.46,+11.910, +9.615,+0.942
1684574160,+3.46,+11.901, +9.695,+0.942
1684574220,+3.46,+11.892, +9.705,+0.942
1684574280,+3.46,+11.874, +9.679,+0.942
1684574340,+3.46,+11.901, +9.665,+0.942
1684574400,+3.46,+11.883, +9.657,+0.942
1684574460,+3.46,+11.883, +9.683,+0.942
1684574520,+3.46,+11.883, +9.749,+0.942
1684574580,+3.46,+11.866, +9.812,+0.942
1684574640,+3.46,+11.874, +9.860,+0.942
1684574700,+3.46,+11.883, +9.820,+0.942
1684574760,+3.46,+11.919, +9.838,+0.943
1684574820,+3.46,+11.928, +9.854,+0.942
1684574880,+3.46,+11.901, +9.888,+0.943
1684574940,+3.46,+11.928, +9.889,+0.942
1684575000,+3.46,+11.901, +9.893,+0.942
1684575060,+3.46,+11.946, +9.885,+0.943
1684575120,+3.46,+11.964, +9.857,+0.942
1684575180,+3.46,+11.937, +9.860,+0.942
1684575240,+3.46,+12.026, +9.829,+0.942
1684575300,+3.46,+11.928, +9.878,+0.942
1684575360,+3.46,+11.955, +9.875,+0.942
1684575420,+3.46,+11.937, +9.894,+0.942
1684575480,+3.46,+11.972, +9.889,+0.942
1684575540,+3.46,+11.972, +9.890,+0.942
1684575600,+3.46,+11.972, +9.896,+0.942
1684575660,+3.46,+11.972, +9.895,+0.942
1684575720,+3.46,+11.919, +9.900,+0.942
1684575780,+3.46,+11.955, +9.888,+0.942
1684575840,+3.46,+11.955, +9.878,+0.942
1684575900,+3.46,+11.999, +9.866,+0.943
1684575960,+3.46,+11.946, +9.882,+0.943
1684576020,+3.46,+12.008, +9.838,+0.942
1684576080,+3.46,+11.937, +9.863,+0.942
1684576140,+3.46,+11.937, +9.850,+0.942
1684576200,+3.46,+12.008, +9.811,+0.942
1684576260,+3.46,+11.964, +9.810,+0.942
1684576320,+3.46,+11.955, +9.803,+0.942
1684576380,+3.46,+11.972, +9.800,+0.942
1684576440,+3.46,+11.955, +9.813,+0.942
1684576500,+3.46,+11.919, +9.811,+0.942
1684576560,+3.46,+11.972, +9.807,+0.943
1684576620,+3.46,+11.937, +9.807,+0.942
1684576680,+3.46,+11.990, +9.782,+0.943
1684576740,+3.46,+11.946, +9.791,+0.942
1684576800,+3.46,+11.928, +9.792,+0.942
1684576860,+3.46,+11.972, +9.771,+0.942
1684576920,+3.46,+11.946, +9.788,+0.942
1684576980,+3.46,+11.981, +9.793,+0.942
1684577040,+3.46,+11.964, +9.885,+0.943
1684577100,+3.46,+11.946, +9.914,+0.942
1684577160,+3.46,+11.946, +9.954,+0.943
1684577220,+3.46,+12.026, +9.928,+0.943
1684577280,+3.46,+11.990, +9.926,+0.943
1684577340,+3.46,+11.990, +9.892,+0.942
1684577400,+3.46,+11.937, +9.895,+0.942
1684577460,+3.46,+11.964, +9.863,+0.942
1684577520,+3.46,+11.981, +9.845,+0.942
1684577580,+3.46,+11.955, +9.851,+0.942
1684577640,+3.46,+12.044, +9.825,+0.943
1684577700,+3.46,+11.919, +9.836,+0.942
1684577760,+3.46,+11.919, +9.822,+0.942
1684577820,+3.46,+11.946, +9.779,+0.942
1684577880,+3.46,+11.964, +9.778,+0.942
1684577940,+3.46,+11.964, +9.783,+0.942
1684578000,+3.46,+11.928, +9.822,+0.942
1684578060,+3.46,+11.919, +9.847,+0.942
1684578120,+3.46,+11.892, +9.863,+0.942
1684578180,+3.46,+11.937, +9.861,+0.942
1684578240,+3.46,+11.910, +9.887,+0.942
1684578300,+3.46,+11.928, +9.880,+0.942
1684578360,+3.46,+11.910, +9.882,+0.942
1684578420,+3.46,+11.928, +9.884,+0.942
1684578480,+3.46,+11.919, +9.884,+0.942
1684578540,+3.46,+11.946, +9.873,+0.942
1684578600,+3.46,+11.919, +9.893,+0.943
1684578660,+3.46,+11.981, +9.859,+0.942
1684578720,+3.46,+11.964, +9.857,+0.942
1684578780,+3.46,+11.972, +9.858,+0.942
1684578840,+3.46,+11.928, +9.863,+0.942
1684578900,+3.46,+11.955, +9.861,+0.942
1684578960,+3.46,+11.955, +9.871,+0.942
1684579020,+3.46,+11.919, +9.889,+0.942
1684579080,+3.46,+11.955, +9.902,+0.943
1684579140,+3.46,+11.883, +9.930,+0.942
1684579200,+3.46,+11.910, +9.899,+0.942
1684579260,+3.46,+11.946, +9.886,+0.943
1684579320,+3.46,+11.901, +9.863,+0.942
1684579380,+3.46,+11.883, +9.841,+0.942
1684579440,+3.46,+11.839, +9.807,+0.942
1684579500,+3.46,+11.839, +9.774,+0.942
1684579560,+3.46,+11.901, +9.737,+0.942
1684579620,+3.46,+11.866, +9.736,+0.942
1684579680,+3.46,+11.839, +9.720,+0.942
1684579740,+3.46,+11.866, +9.705,+0.942
1684579800,+3.46,+11.767, +9.728,+0.942
1684579860,+3.46,+11.812, +9.694,+0.942
1684579920,+3.46,+11.839, +9.686,+0.942
1684579980,+3.46,+11.830, +9.679,+0.942
1684580040,+3.46,+11.839, +9.673,+0.942
1684580100,+3.46,+11.821, +9.684,+0.942
1684580160,+3.46,+11.803, +9.717,+0.942
1684580220,+3.46,+11.892, +9.704,+0.943
1684580280,+3.46,+11.848, +9.713,+0.942
1684580340,+3.46,+11.883, +9.699,+0.942
1684580400,+3.46,+11.812, +9.724,+0.942
1684580460,+3.46,+11.866, +9.691,+0.942
1684580520,+3.46,+11.857, +9.679,+0.942
1684580580,+3.46,+11.830, +9.689,+0.942
1684580640,+3.46,+11.776, +9.699,+0.942
1684580700,+3.46,+11.812, +9.685,+0.942
1684580760,+3.46,+11.812, +9.666,+0.942
1684580820,+3.46,+11.803, +9.682,+0.942
1684580880,+3.46,+11.803, +9.687,+0.942
1684580940,+3.46,+11.803, +9.675,+0.942
1684581000,+3.46,+11.839, +9.666,+0.942
1684581060,+3.46,+11.830, +9.668,+0.942
1684581120,+3.46,+11.830, +9.660,+0.941
1684581180,+3.46,+11.812, +9.675,+0.942
1684581240,+3.46,+11.821, +9.665,+0.942
1684581300,+3.46,+11.839, +9.669,+0.942
1684581360,+3.46,+11.839, +9.693,+0.942
1684581420,+3.46,+11.803, +9.707,+0.942
1684581480,+3.46,+11.830, +9.693,+0.942
1684581540,+3.46,+11.758, +9.708,+0.942
1684581600,+3.46,+11.857, +9.712,+0.942
1684581660,+3.46,+11.785, +9.752,+0.942
1684581720,+3.46,+11.830, +9.733,+0.942
1684581780,+3.46,+11.830, +9.750,+0.943
1684581840,+3.46,+11.794, +9.764,+0.943
1684581900,+3.46,+11.866, +9.736,+0.942
1684581960,+3.46,+11.812, +9.741,+0.942
1684582020,+3.46,+11.821, +9.737,+0.942
1684582080,+3.46,+11.821, +9.729,+0.942
1684582140,+3.46,+11.830, +9.725,+0.942
1684582200,+3.46,+11.892, +9.705,+0.942
1684582260,+3.46,+11.830, +9.719,+0.942
1684582320,+3.46,+11.821, +9.720,+0.942
1684582380,+3.46,+11.821, +9.702,+0.942
1684582440,+3.46,+11.794, +9.696,+0.942
1684582500,+3.46,+11.803, +9.688,+0.942
1684582560,+3.46,+11.812, +9.687,+0.942
1684582620,+3.46,+11.857, +9.678,+0.942
1684582680,+3.46,+11.848, +9.687,+0.942
1684582740,+3.46,+11.874, +9.681,+0.942
1684582800,+3.46,+11.848, +9.706,+0.942
1684582860,+3.46,+11.901, +9.702,+0.942
1684582920,+3.46,+11.874, +9.710,+0.942
1684582980,+3.46,+11.803, +9.746,+0.942
1684583040,+3.46,+11.866, +9.727,+0.942
1684583100,+3.46,+11.857, +9.727,+0.942
1684583160,+3.46,+11.901, +9.718,+0.942
1684583220,+3.46,+11.874, +9.727,+0.942
1684583280,+3.46,+11.910, +9.714,+0.942
1684583340,+3.46,+11.874, +9.725,+0.942
1684583400,+3.46,+11.883, +9.741,+0.942
1684583460,+3.46,+11.883, +9.757,+0.942
1684583520,+3.46,+11.937, +9.756,+0.943
1684583580,+3.46,+11.910, +9.778,+0.942
1684583640,+3.46,+11.955, +9.774,+0.942
1684583700,+3.46,+11.910, +9.806,+0.942
1684583760,+3.46,+11.928, +9.809,+0.942
1684583820,+3.46,+11.919, +9.830,+0.942
1684583880,+3.46,+11.937, +9.833,+0.942
1684583940,+3.46,+11.937, +9.846,+0.942
1684584000,+3.46,+11.946, +9.926,+0.943
1684584060,+3.46,+11.946, +9.963,+0.942
1684584120,+3.46,+11.955, +9.957,+0.943
1684584180,+3.46,+11.981, +9.967,+0.942
1684584240,+3.46,+12.026, +9.954,+0.942
1684584300,+3.46,+12.008, +9.951,+0.942
1684584360,+3.46,+12.008, +9.971,+0.943
1684584420,+3.46,+12.026, +9.973,+0.942
1684584480,+3.46,+12.053, +9.964,+0.942
1684584540,+3.46,+12.088, +9.969,+0.942
1684584600,+3.46,+12.035,+10.019,+0.942
1684584660,+3.46,+12.097,+10.004,+0.942
1684584720,+3.46,+12.106,+10.017,+0.943
1684584780,+3.46,+12.115,+10.016,+0.942
1684584840,+3.46,+12.177, +9.981,+0.942
1684584900,+3.46,+12.124,+10.002,+0.942
1684584960,+3.46,+12.079,+10.004,+0.942
1684585020,+3.46,+12.061,+10.003,+0.942
1684585080,+3.46,+12.133, +9.979,+0.942
1684585140,+3.46,+12.106, +9.984,+0.942
1684585200,+3.46,+12.106, +9.986,+0.942
1684585260,+3.46,+12.088,+10.006,+0.943
1684585320,+3.46,+12.115, +9.991,+0.942
1684585380,+3.46,+12.106, +9.992,+0.942
1684585440,+3.46,+12.044,+10.006,+0.942
1684585500,+3.46,+12.150, +9.967,+0.942
1684585560,+3.46,+12.150, +9.967,+0.942
1684585620,+3.46,+12.115, +9.956,+0.942
1684585680,+3.46,+12.133, +9.938,+0.942
1684585740,+3.46,+12.079, +9.953,+0.942
1684585800,+3.46,+12.097, +9.945,+0.942
1684585860,+3.46,+12.070, +9.943,+0.942
1684585920,+3.46,+12.053, +9.955,+0.942
1684585980,+3.46,+12.124, +9.927,+0.942
1684586040,+3.46,+12.106, +9.928,+0.942
1684586100,+3.46,+12.079, +9.931,+0.942
1684586160,+3.46,+12.053, +9.944,+0.942
1684586220,+3.46,+12.070, +9.935,+0.942
1684586280,+3.46,+12.106, +9.921,+0.942
1684586340,+3.46,+12.017, +9.946,+0.942
1684586400,+3.46,+12.088, +9.925,+0.942
1684586460,+3.46,+12.053, +9.944,+0.942
1684586520,+3.46,+12.061, +9.945,+0.943
1684586580,+3.46,+12.079, +9.923,+0.942
1684586640,+3.46,+12.035, +9.940,+0.942
1684586700,+3.46,+12.079, +9.925,+0.942
1684586760,+3.46,+12.088, +9.927,+0.942
1684586820,+3.46,+12.088, +9.925,+0.942
1684586880,+3.46,+12.079, +9.938,+0.942
1684586940,+3.46,+12.079, +9.951,+0.943
1684587000,+3.46,+12.070, +9.943,+0.942
1684587060,+3.46,+12.053, +9.947,+0.942
1684587120,+3.46,+12.035, +9.961,+0.942
1684587180,+3.46,+12.079, +9.947,+0.942
