7450-798456
OS REV: 1.03 Sensor Cal: 1539277937
Time (sec),  BV (Volts),  T (deg C),  DO (mg/l),  Q ()
1683204840,+3.47, +9.260,+10.746,+0.946
1683204900,+3.47, +9.241,+10.762,+0.946
1683204960,+3.47, +9.251,+10.772,+0.946
1683205020,+3.46, +9.223,+10.792,+0.946
1683205080,+3.47, +9.288,+10.773,+0.946
1683205140,+3.47, +9.251,+10.807,+0.946
1683205200,+3.46, +9.288,+10.787,+0.946
1683205260,+3.46, +9.297,+10.792,+0.946
1683205320,+3.47, +9.288,+10.805,+0.946
1683205380,+3.47, +9.315,+10.801,+0.946
1683205440,+3.47, +9.288,+10.811,+0.946
1683205500,+3.47, +9.278,+10.818,+0.946
1683205560,+3.47, +9.334,+10.804,+0.946
1683205620,+3.47, +9.315,+10.820,+0.946
1683205680,+3.46, +9.343,+10.807,+0.946
1683205740,+3.46, +9.306,+10.823,+0.946
1683205800,+3.47, +9.297,+10.837,+0.946
1683205860,+3.47, +9.315,+10.829,+0.946
1683205920,+3.46, +9.315,+10.825,+0.945
1683205980,+3.46, +9.362,+10.808,+0.946
1683206040,+3.47, +9.297,+10.843,+0.946
1683206100,+3.46, +9.315,+10.838,+0.946
1683206160,+3.47, +9.297,+10.848,+0.946
1683206220,+3.46, +9.306,+10.838,+0.945
1683206280,+3.47, +9.260,+10.853,+0.946
1683206340,+3.46, +9.325,+10.802,+0.946
1683206400,+3.47, +9.232,+10.794,+0.946
1683206460,+3.46, +9.223,+10.733,+0.946
1683206520,+3.46, +9.158,+10.711,+0.946
1683206580,+3.47, +9.140,+10.677,+0.946
1683206640,+3.46, +9.047,+10.661,+0.946
1683206700,+3.47, +9.065,+10.564,+0.945
1683206760,+3.47, +8.963,+10.558,+0.945
1683206820,+3.47, +8.926,+10.558,+0.946
1683206880,+3.46, +8.917,+10.531,+0.945
1683206940,+3.46, +8.917,+10.515,+0.945
1683207000,+3.46, +8.907,+10.499,+0.945
1683207060,+3.46, +8.814,+10.510,+0.945
1683207120,+3.46, +8.842,+10.512,+0.946
1683207180,+3.46, +8.851,+10.497,+0.945
1683207240,+3.46, +8.926,+10.486,+0.945
1683207300,+3.46, +8.861,+10.532,+0.946
1683207360,+3.47, +8.879,+10.526,+0.945
1683207420,+3.46, +8.898,+10.542,+0.946
1683207480,+3.47, +8.944,+10.537,+0.945
1683207540,+3.47, +8.917,+10.605,+0.946
1683207600,+3.47, +8.944,+10.607,+0.946
1683207660,+3.46, +8.972,+10.625,+0.946
1683207720,+3.46, +9.019,+10.603,+0.945
1683207780,+3.46, +8.991,+10.618,+0.946
1683207840,+3.47, +8.982,+10.618,+0.946
1683207900,+3.46, +9.010,+10.609,+0.945
1683207960,+3.46, +9.000,+10.617,+0.946
1683208020,+3.46, +9.000,+10.624,+0.946
1683208080,+3.46, +9.010,+10.614,+0.945
1683208140,+3.46, +9.019,+10.610,+0.946
1683208200,+3.47, +9.019,+10.608,+0.946
1683208260,+3.46, +8.991,+10.618,+0.945
1683208320,+3.46, +9.010,+10.611,+0.945
1683208380,+3.47, +9.010,+10.618,+0.945
1683208440,+3.46, +8.963,+10.660,+0.946
1683208500,+3.46, +9.047,+10.610,+0.945
1683208560,+3.46, +8.907,+10.617,+0.945
1683208620,+3.46, +8.907,+10.566,+0.945
1683208680,+3.46, +8.814,+10.586,+0.946
1683208740,+3.46, +8.805,+10.566,+0.946
1683208800,+3.46, +8.861,+10.521,+0.945
1683208860,+3.46, +8.823,+10.522,+0.945
1683208920,+3.46, +8.767,+10.519,+0.945
1683208980,+3.46, +8.693,+10.539,+0.945
1683209040,+3.46, +8.711,+10.518,+0.945
1683209100,+3.46, +8.693,+10.513,+0.945
1683209160,+3.46, +8.683,+10.510,+0.945
1683209220,+3.46, +8.627,+10.541,+0.945
1683209280,+3.46, +8.665,+10.523,+0.945
1683209340,+3.46, +8.711,+10.532,+0.946
1683209400,+3.46, +8.758,+10.538,+0.946
1683209460,+3.46, +8.786,+10.560,+0.946
1683209520,+3.46, +8.823,+10.579,+0.946
1683209580,+3.46, +8.870,+10.591,+0.946
1683209640,+3.46, +8.917,+10.638,+0.946
1683209700,+3.46, +8.917,+10.657,+0.946
1683209760,+3.47, +8.972,+10.663,+0.946
1683209820,+3.46, +8.972,+10.686,+0.946
1683209880,+3.46, +9.037,+10.680,+0.946
1683209940,+3.46, +9.056,+10.719,+0.946
1683210000,+3.46, +9.019,+10.775,+0.946
1683210060,+3.46, +9.102,+10.746,+0.946
1683210120,+3.46, +9.084,+10.780,+0.947
1683210180,+3.46, +9.102,+10.767,+0.946
1683210240,+3.46, +9.214,+10.746,+0.946
1683210300,+3.46, +9.177,+10.777,+0.946
1683210360,+3.47, +9.195,+10.777,+0.946
1683210420,+3.46, +9.186,+10.793,+0.946
1683210480,+3.46, +9.186,+10.796,+0.946
1683210540,+3.46, +9.232,+10.785,+0.945
1683210600,+3.46, +9.177,+10.829,+0.946
1683210660,+3.46, +9.177,+10.819,+0.946
1683210720,+3.46, +9.232,+10.813,+0.946
1683210780,+3.46, +9.186,+10.834,+0.946
1683210840,+3.46, +9.195,+10.830,+0.946
1683210900,+3.46, +9.195,+10.817,+0.946
1683210960,+3.46, +9.177,+10.824,+0.946
1683211020,+3.46, +9.251,+10.780,+0.945
1683211080,+3.46, +9.121,+10.837,+0.946
1683211140,+3.46, +9.223,+10.797,+0.946
1683211200,+3.46, +9.158,+10.819,+0.945
1683211260,+3.46, +9.177,+10.814,+0.946
1683211320,+3.46, +9.260,+10.775,+0.945
1683211380,+3.46, +9.186,+10.802,+0.945
1683211440,+3.46, +9.177,+10.818,+0.945
1683211500,+3.46, +9.232,+10.801,+0.945
1683211560,+3.46, +9.278,+10.795,+0.946
1683211620,+3.46, +9.241,+10.822,+0.946
1683211680,+3.46, +9.251,+10.814,+0.946
1683211740,+3.46, +9.195,+10.852,+0.946
1683211800,+3.46, +9.278,+10.818,+0.946
1683211860,+3.46, +9.251,+10.844,+0.946
1683211920,+3.46, +9.325,+10.820,+0.946
1683211980,+3.46, +9.251,+10.843,+0.946
1683212040,+3.46, +9.260,+10.841,+0.946
1683212100,+3.46, +9.260,+10.835,+0.945
1683212160,+3.46, +9.288,+10.837,+0.946
1683212220,+3.46, +9.288,+10.841,+0.946
1683212280,+3.46, +9.288,+10.841,+0.946
1683212340,+3.46, +9.195,+10.881,+0.946
1683212400,+3.46, +9.306,+10.831,+0.945
1683212460,+3.46, +9.306,+10.849,+0.946
1683212520,+3.46, +9.297,+10.863,+0.946
1683212580,+3.46, +9.278,+10.867,+0.945
1683212640,+3.46, +9.306,+10.861,+0.945
1683212700,+3.46, +9.251,+10.897,+0.946
1683212760,+3.46, +9.325,+10.868,+0.945
1683212820,+3.46, +9.334,+10.883,+0.946
1683212880,+3.46, +9.306,+10.888,+0.945
1683212940,+3.46, +9.288,+10.913,+0.945
1683213000,+3.46, +9.306,+10.917,+0.946
1683213060,+3.46, +9.325,+10.910,+0.945
1683213120,+3.46, +9.380,+10.906,+0.946
1683213180,+3.46, +9.389,+10.907,+0.946
1683213240,+3.46, +9.297,+10.941,+0.946
1683213300,+3.46, +9.306,+10.937,+0.946
1683213360,+3.46, +9.343,+10.914,+0.946
1683213420,+3.46, +9.325,+10.931,+0.946
1683213480,+3.46, +9.325,+10.928,+0.945
1683213540,+3.46, +9.260,+10.955,+0.945
1683213600,+3.46, +9.334,+10.923,+0.946
1683213660,+3.46, +9.362,+10.923,+0.946
1683213720,+3.46, +9.380,+10.923,+0.946
1683213780,+3.46, +9.297,+10.961,+0.946
1683213840,+3.46, +9.352,+10.940,+0.945
1683213900,+3.46, +9.315,+10.961,+0.946
1683213960,+3.46, +9.352,+10.938,+0.946
1683214020,+3.46, +9.352,+10.917,+0.945
1683214080,+3.46, +9.352,+10.927,+0.945
1683214140,+3.46, +9.362,+10.935,+0.946
1683214200,+3.46, +9.371,+10.927,+0.946
1683214260,+3.46, +9.399,+10.903,+0.945
1683214320,+3.46, +9.352,+10.922,+0.945
1683214380,+3.46, +9.315,+10.950,+0.946
1683214440,+3.46, +9.371,+10.922,+0.946
1683214500,+3.46, +9.399,+10.913,+0.946
1683214560,+3.46, +9.334,+10.937,+0.946
1683214620,+3.46, +9.371,+10.904,+0.945
1683214680,+3.46, +9.371,+10.912,+0.946
1683214740,+3.46, +9.334,+10.921,+0.946
1683214800,+3.46, +9.371,+10.911,+0.946
1683214860,+3.46, +9.389,+10.893,+0.946
1683214920,+3.46, +9.306,+10.931,+0.946
1683214980,+3.46, +9.325,+10.934,+0.946
1683215040,+3.46, +9.362,+10.916,+0.945
1683215100,+3.46, +9.426,+10.902,+0.946
1683215160,+3.46, +9.436,+10.912,+0.946
1683215220,+3.46, +9.445,+10.911,+0.946
1683215280,+3.46, +9.473,+10.873,+0.945
1683215340,+3.46, +9.408,+10.903,+0.946
1683215400,+3.46, +9.426,+10.893,+0.946
1683215460,+3.46, +9.380,+10.912,+0.946
1683215520,+3.46, +9.352,+10.918,+0.945
1683215580,+3.46, +9.343,+10.934,+0.946
1683215640,+3.46, +9.473,+10.892,+0.946
1683215700,+3.46, +9.509,+10.887,+0.946
1683215760,+3.46, +9.482,+10.900,+0.945
1683215820,+3.46, +9.519,+10.888,+0.945
1683215880,+3.46, +9.537,+10.883,+0.946
1683215940,+3.46, +9.509,+10.902,+0.946
1683216000,+3.46, +9.555,+10.890,+0.946
1683216060,+3.46, +9.592,+10.881,+0.946
1683216120,+3.46, +9.519,+10.917,+0.946
1683216180,+3.46, +9.555,+10.893,+0.946
1683216240,+3.46, +9.491,+10.930,+0.946
1683216300,+3.46, +9.546,+10.889,+0.945
1683216360,+3.46, +9.528,+10.911,+0.946
1683216420,+3.46, +9.500,+10.916,+0.946
1683216480,+3.46, +9.565,+10.879,+0.945
1683216540,+3.46, +9.509,+10.904,+0.946
1683216600,+3.46, +9.574,+10.869,+0.945
1683216660,+3.46, +9.509,+10.897,+0.945
1683216720,+3.46, +9.574,+10.872,+0.946
1683216780,+3.46, +9.519,+10.894,+0.946
1683216840,+3.46, +9.555,+10.868,+0.946
1683216900,+3.46, +9.546,+10.855,+0.945
1683216960,+3.46, +9.500,+10.876,+0.946
1683217020,+3.46, +9.555,+10.865,+0.946
1683217080,+3.46, +9.473,+10.892,+0.946
1683217140,+3.46, +9.519,+10.883,+0.946
1683217200,+3.46, +9.500,+10.910,+0.946
1683217260,+3.46, +9.491,+10.904,+0.945
1683217320,+3.46, +9.500,+10.907,+0.945
1683217380,+3.46, +9.482,+10.917,+0.945
1683217440,+3.46, +9.491,+10.935,+0.946
1683217500,+3.46, +9.537,+10.904,+0.946
1683217560,+3.46, +9.482,+10.933,+0.946
1683217620,+3.46, +9.509,+10.917,+0.946
1683217680,+3.46, +9.583,+10.882,+0.945
1683217740,+3.46, +9.519,+10.930,+0.946
1683217800,+3.46, +9.509,+10.928,+0.946
1683217860,+3.46, +9.528,+10.927,+0.946
1683217920,+3.46, +9.482,+10.957,+0.946
1683217980,+3.46, +9.473,+10.957,+0.945
1683218040,+3.46, +9.528,+10.942,+0.946
1683218100,+3.46, +9.491,+10.949,+0.945
1683218160,+3.46, +9.546,+10.934,+0.946
1683218220,+3.46, +9.546,+10.924,+0.945
1683218280,+3.46, +9.491,+10.949,+0.946
1683218340,+3.46, +9.509,+10.933,+0.945
1683218400,+3.46, +9.482,+10.942,+0.946
1683218460,+3.46, +9.473,+10.925,+0.945
1683218520,+3.46, +9.509,+10.898,+0.945
1683218580,+3.46, +9.473,+10.927,+0.946
1683218640,+3.46, +9.482,+10.916,+0.946
1683218700,+3.46, +9.482,+10.911,+0.946
1683218760,+3.46, +9.491,+10.896,+0.945
1683218820,+3.46, +9.473,+10.896,+0.946
1683218880,+3.46, +9.491,+10.884,+0.946
1683218940,+3.46, +9.491,+10.881,+0.945
1683219000,+3.46, +9.509,+10.862,+0.945
1683219060,+3.46, +9.445,+10.887,+0.946
1683219120,+3.46, +9.491,+10.849,+0.945
1683219180,+3.46, +9.426,+10.875,+0.946
1683219240,+3.46, +9.491,+10.849,+0.946
1683219300,+3.46, +9.408,+10.879,+0.946
1683219360,+3.46, +9.454,+10.859,+0.946
1683219420,+3.46, +9.436,+10.865,+0.946
1683219480,+3.46, +9.389,+10.885,+0.946
1683219540,+3.46, +9.436,+10.860,+0.946
1683219600,+3.46, +9.473,+10.840,+0.946
1683219660,+3.46, +9.445,+10.845,+0.946
1683219720,+3.46, +9.463,+10.824,+0.945
1683219780,+3.46, +9.473,+10.820,+0.946
1683219840,+3.46, +9.482,+10.816,+0.946
1683219900,+3.46, +9.408,+10.857,+0.946
1683219960,+3.46, +9.482,+10.838,+0.946
1683220020,+3.46, +9.436,+10.855,+0.945
1683220080,+3.46, +9.463,+10.885,+0.946
1683220140,+3.46, +9.389,+10.935,+0.945
1683220200,+3.46, +9.417,+10.872,+0.945
1683220260,+3.46, +9.380,+10.810,+0.945
1683220320,+3.46, +9.343,+10.746,+0.945
1683220380,+3.46, +9.288,+10.745,+0.945
1683220440,+3.46, +9.232,+10.720,+0.945
1683220500,+3.46, +9.232,+10.623,+0.945
1683220560,+3.46, +9.140,+10.619,+0.945
1683220620,+3.46, +9.186,+10.581,+0.945
1683220680,+3.46, +9.130,+10.589,+0.945
1683220740,+3.46, +9.158,+10.583,+0.945
1683220800,+3.46, +9.102,+10.612,+0.945
1683220860,+3.46, +9.186,+10.586,+0.946
1683220920,+3.46, +9.140,+10.594,+0.945
1683220980,+3.46, +9.158,+10.597,+0.945
1683221040,+3.46, +9.112,+10.612,+0.945
1683221100,+3.46, +9.093,+10.618,+0.945
1683221160,+3.46, +9.130,+10.612,+0.945
1683221220,+3.46, +9.075,+10.624,+0.945
1683221280,+3.46, +9.140,+10.589,+0.946
1683221340,+3.46, +9.121,+10.581,+0.945
1683221400,+3.46, +9.149,+10.575,+0.945
1683221460,+3.46, +9.167,+10.554,+0.945
1683221520,+3.46, +9.121,+10.579,+0.946
1683221580,+3.46, +9.102,+10.580,+0.945
1683221640,+3.46, +9.121,+10.593,+0.946
1683221700,+3.46, +9.130,+10.603,+0.946
1683221760,+3.46, +9.167,+10.601,+0.946
1683221820,+3.46, +9.158,+10.605,+0.945
1683221880,+3.46, +9.186,+10.617,+0.946
1683221940,+3.46, +9.260,+10.598,+0.945
1683222000,+3.46, +9.260,+10.634,+0.946
1683222060,+3.46, +9.241,+10.664,+0.946
1683222120,+3.46, +9.288,+10.668,+0.946
1683222180,+3.46, +9.352,+10.660,+0.946
1683222240,+3.46, +9.362,+10.660,+0.945
1683222300,+3.46, +9.362,+10.678,+0.946
1683222360,+3.46, +9.380,+10.676,+0.945
1683222420,+3.46, +9.380,+10.701,+0.946
1683222480,+3.46, +9.399,+10.695,+0.945
1683222540,+3.46, +9.389,+10.727,+0.946
1683222600,+3.46, +9.426,+10.701,+0.945
1683222660,+3.46, +9.491,+10.699,+0.946
1683222720,+3.46, +9.473,+10.692,+0.945
1683222780,+3.46, +9.454,+10.711,+0.946
1683222840,+3.46, +9.436,+10.719,+0.946
1683222900,+3.46, +9.408,+10.714,+0.945
1683222960,+3.46, +9.426,+10.699,+0.945
1683223020,+3.46, +9.408,+10.688,+0.946
1683223080,+3.46, +9.352,+10.664,+0.945
1683223140,+3.46, +9.325,+10.621,+0.945
1683223200,+3.46, +9.278,+10.587,+0.945
1683223260,+3.46, +9.306,+10.537,+0.945
1683223320,+3.46, +9.343,+10.468,+0.945
1683223380,+3.46, +9.251,+10.502,+0.945
1683223440,+3.46, +9.269,+10.505,+0.945
1683223500,+3.46, +9.260,+10.538,+0.945
1683223560,+3.46, +9.232,+10.583,+0.945
1683223620,+3.46, +9.260,+10.626,+0.946
1683223680,+3.46, +9.223,+10.660,+0.946
1683223740,+3.46, +9.195,+10.645,+0.945
1683223800,+3.46, +9.223,+10.623,+0.945
1683223860,+3.46, +9.223,+10.561,+0.945
1683223920,+3.46, +9.195,+10.492,+0.945
1683223980,+3.46, +9.167,+10.443,+0.945
1683224040,+3.46, +9.186,+10.399,+0.945
1683224100,+3.46, +9.177,+10.428,+0.945
1683224160,+3.46, +9.195,+10.458,+0.945
1683224220,+3.46, +9.167,+10.478,+0.945
1683224280,+3.46, +9.251,+10.452,+0.945
1683224340,+3.46, +9.214,+10.517,+0.946
1683224400,+3.46, +9.186,+10.549,+0.946
1683224460,+3.46, +9.223,+10.574,+0.945
1683224520,+3.46, +9.278,+10.603,+0.946
1683224580,+3.46, +9.251,+10.628,+0.945
1683224640,+3.46, +9.232,+10.631,+0.945
1683224700,+3.46, +9.232,+10.650,+0.946
1683224760,+3.46, +9.223,+10.639,+0.945
1683224820,+3.46, +9.288,+10.610,+0.945
1683224880,+3.46, +9.288,+10.612,+0.945
1683224940,+3.46, +9.334,+10.606,+0.945
1683225000,+3.46, +9.334,+10.613,+0.945
1683225060,+3.46, +9.334,+10.622,+0.945
1683225120,+3.46, +9.352,+10.617,+0.945
1683225180,+3.46, +9.389,+10.621,+0.945
1683225240,+3.46, +9.334,+10.665,+0.946
1683225300,+3.46, +9.334,+10.679,+0.946
1683225360,+3.46, +9.389,+10.652,+0.945
1683225420,+3.46, +9.325,+10.672,+0.946
1683225480,+3.46, +9.352,+10.592,+0.945
1683225540,+3.46, +9.278,+10.535,+0.945
1683225600,+3.46, +9.278,+10.467,+0.945
1683225660,+3.46, +9.232,+10.445,+0.945
1683225720,+3.46, +9.232,+10.435,+0.945
1683225780,+3.46, +9.288,+10.406,+0.945
1683225840,+3.46, +9.186,+10.446,+0.945
1683225900,+3.46, +9.167,+10.454,+0.945
1683225960,+3.46, +9.186,+10.445,+0.945
1683226020,+3.46, +9.260,+10.407,+0.945
1683226080,+3.46, +9.278,+10.402,+0.945
1683226140,+3.46, +9.278,+10.398,+0.945
1683226200,+3.46, +9.260,+10.427,+0.946
1683226260,+3.46, +9.251,+10.429,+0.945
1683226320,+3.46, +9.204,+10.453,+0.946
1683226380,+3.46, +9.232,+10.449,+0.945
1683226440,+3.46, +9.251,+10.446,+0.946
1683226500,+3.46, +9.315,+10.416,+0.945
1683226560,+3.46, +9.315,+10.420,+0.945
1683226620,+3.46, +9.204,+10.473,+0.945
1683226680,+3.46, +9.241,+10.452,+0.945
1683226740,+3.46, +9.223,+10.484,+0.945
1683226800,+3.46, +9.297,+10.473,+0.945
1683226860,+3.46, +9.241,+10.510,+0.946
1683226920,+3.46, +9.269,+10.505,+0.945
1683226980,+3.46, +9.269,+10.518,+0.946
1683227040,+3.46, +9.315,+10.507,+0.945
1683227100,+3.46, +9.278,+10.510,+0.945
1683227160,+3.46, +9.297,+10.536,+0.945
1683227220,+3.46, +9.278,+10.514,+0.945
1683227280,+3.46, +9.269,+10.543,+0.946
1683227340,+3.46, +9.297,+10.545,+0.946
1683227400,+3.46, +9.269,+10.582,+0.945
1683227460,+3.46, +9.306,+10.587,+0.945
1683227520,+3.46, +9.389,+10.594,+0.946
1683227580,+3.46, +9.325,+10.631,+0.945
1683227640,+3.46, +9.334,+10.620,+0.945
1683227700,+3.46, +9.436,+10.569,+0.946
1683227760,+3.46, +9.371,+10.582,+0.945
1683227820,+3.46, +9.362,+10.576,+0.945
1683227880,+3.46, +9.399,+10.569,+0.946
1683227940,+3.46, +9.426,+10.549,+0.945
1683228000,+3.46, +9.445,+10.538,+0.945
1683228060,+3.46, +9.426,+10.520,+0.945
1683228120,+3.46, +9.426,+10.510,+0.945
1683228180,+3.46, +9.482,+10.511,+0.945
1683228240,+3.46, +9.454,+10.572,+0.946
1683228300,+3.46, +9.417,+10.630,+0.946
1683228360,+3.46, +9.454,+10.646,+0.946
1683228420,+3.46, +9.445,+10.658,+0.945
1683228480,+3.46, +9.426,+10.646,+0.945
1683228540,+3.46, +9.343,+10.597,+0.945
1683228600,+3.46, +9.380,+10.478,+0.945
1683228660,+3.46, +9.380,+10.404,+0.945
1683228720,+3.46, +9.362,+10.388,+0.945
1683228780,+3.46, +9.408,+10.380,+0.945
1683228840,+3.46, +9.380,+10.430,+0.945
1683228900,+3.46, +9.352,+10.460,+0.945
1683228960,+3.46, +9.362,+10.460,+0.945
1683229020,+3.46, +9.334,+10.478,+0.945
1683229080,+3.46, +9.352,+10.478,+0.945
1683229140,+3.46, +9.408,+10.465,+0.945
1683229200,+3.46, +9.380,+10.470,+0.945
1683229260,+3.46, +9.389,+10.476,+0.945
1683229320,+3.46, +9.371,+10.482,+0.945
1683229380,+3.46, +9.408,+10.465,+0.945
1683229440,+3.46, +9.408,+10.460,+0.945
1683229500,+3.46, +9.352,+10.475,+0.945
1683229560,+3.46, +9.371,+10.474,+0.945
1683229620,+3.46, +9.417,+10.433,+0.945
1683229680,+3.46, +9.325,+10.473,+0.945
1683229740,+3.46, +9.334,+10.460,+0.945
1683229800,+3.46, +9.343,+10.462,+0.945
1683229860,+3.46, +9.315,+10.465,+0.945
1683229920,+3.46, +9.389,+10.423,+0.945
1683229980,+3.46, +9.371,+10.418,+0.945
1683230040,+3.46, +9.362,+10.411,+0.945
1683230100,+3.46, +9.325,+10.440,+0.945
1683230160,+3.46, +9.306,+10.455,+0.945
1683230220,+3.46, +9.426,+10.419,+0.946
1683230280,+3.46, +9.399,+10.421,+0.945
1683230340,+3.46, +9.426,+10.424,+0.946
1683230400,+3.46, +9.389,+10.446,+0.945
1683230460,+3.46, +9.389,+10.451,+0.946
1683230520,+3.46, +9.371,+10.458,+0.945
1683230580,+3.46, +9.389,+10.479,+0.946
1683230640,+3.46, +9.380,+10.510,+0.945
1683230700,+3.46, +9.417,+10.525,+0.945
1683230760,+3.46, +9.463,+10.532,+0.945
1683230820,+3.46, +9.445,+10.550,+0.945
1683230880,+3.46, +9.463,+10.552,+0.945
1683230940,+3.46, +9.436,+10.569,+0.945
1683231000,+3.46, +9.417,+10.586,+0.946
1683231060,+3.46, +9.454,+10.577,+0.945
1683231120,+3.46, +9.491,+10.566,+0.945
1683231180,+3.46, +9.491,+10.576,+0.945
1683231240,+3.46, +9.473,+10.590,+0.946
1683231300,+3.46, +9.519,+10.540,+0.945
1683231360,+3.46, +9.519,+10.523,+0.946
1683231420,+3.46, +9.528,+10.491,+0.945
1683231480,+3.46, +9.509,+10.493,+0.946
1683231540,+3.46, +9.592,+10.439,+0.945
1683231600,+3.46, +9.565,+10.432,+0.945
1683231660,+3.46, +9.546,+10.441,+0.945
1683231720,+3.46, +9.574,+10.467,+0.946
1683231780,+3.46, +9.574,+10.485,+0.945
1683231840,+3.46, +9.592,+10.497,+0.946
1683231900,+3.46, +9.629,+10.487,+0.946
1683231960,+3.46, +9.574,+10.519,+0.946
1683232020,+3.46, +9.565,+10.525,+0.945
1683232080,+3.46, +9.611,+10.507,+0.945
1683232140,+3.46, +9.555,+10.532,+0.945
1683232200,+3.46, +9.574,+10.531,+0.946
1683232260,+3.46, +9.574,+10.534,+0.945
1683232320,+3.46, +9.592,+10.553,+0.946
1683232380,+3.46, +9.611,+10.583,+0.945
1683232440,+3.46, +9.555,+10.632,+0.945
1683232500,+3.46, +9.620,+10.642,+0.946
1683232560,+3.46, +9.565,+10.681,+0.946
1683232620,+3.46, +9.565,+10.648,+0.945
1683232680,+3.46, +9.555,+10.650,+0.945
1683232740,+3.46, +9.657,+10.626,+0.945
1683232800,+3.46, +9.546,+10.711,+0.946
1683232860,+3.46, +9.592,+10.710,+0.945
1683232920,+3.46, +9.565,+10.734,+0.946
1683232980,+3.46, +9.602,+10.715,+0.945
1683233040,+3.46, +9.546,+10.721,+0.945
1683233100,+3.46, +9.611,+10.686,+0.946
1683233160,+3.46, +9.537,+10.722,+0.946
1683233220,+3.46, +9.574,+10.686,+0.945
1683233280,+3.46, +9.555,+10.694,+0.946
1683233340,+3.46, +9.519,+10.683,+0.945
1683233400,+3.46, +9.611,+10.639,+0.945
1683233460,+3.46, +9.519,+10.617,+0.945
1683233520,+3.46, +9.426,+10.492,+0.944
1683233580,+3.46, +9.371,+10.389,+0.945
1683233640,+3.46, +9.288,+10.334,+0.945
1683233700,+3.46, +9.315,+10.264,+0.945
1683233760,+3.46, +9.325,+10.232,+0.945
1683233820,+3.46, +9.315,+10.236,+0.945
1683233880,+3.46, +9.362,+10.218,+0.945
1683233940,+3.46, +9.482,+10.187,+0.945
1683234000,+3.46, +9.463,+10.250,+0.945
1683234060,+3.46, +9.537,+10.280,+0.945
1683234120,+3.46, +9.519,+10.358,+0.945
1683234180,+3.46, +9.491,+10.397,+0.945
1683234240,+3.46, +9.537,+10.411,+0.945
1683234300,+3.46, +9.519,+10.457,+0.945
1683234360,+3.46, +9.528,+10.470,+0.946
1683234420,+3.46, +9.537,+10.467,+0.945
1683234480,+3.46, +9.528,+10.494,+0.945
1683234540,+3.46, +9.500,+10.517,+0.945
1683234600,+3.46, +9.555,+10.509,+0.945
1683234660,+3.46, +9.528,+10.535,+0.946
1683234720,+3.46, +9.565,+10.524,+0.945
1683234780,+3.46, +9.555,+10.531,+0.945
1683234840,+3.46, +9.546,+10.533,+0.946
1683234900,+3.46, +9.509,+10.535,+0.945
1683234960,+3.46, +9.537,+10.519,+0.945
1683235020,+3.46, +9.583,+10.505,+0.945
1683235080,+3.46, +9.574,+10.514,+0.946
1683235140,+3.46, +9.537,+10.538,+0.946
1683235200,+3.46, +9.491,+10.545,+0.945
1683235260,+3.46, +9.537,+10.543,+0.945
1683235320,+3.46, +9.546,+10.554,+0.945
1683235380,+3.46, +9.528,+10.567,+0.945
1683235440,+3.46, +9.491,+10.537,+0.945
1683235500,+3.46, +9.491,+10.521,+0.946
1683235560,+3.46, +9.482,+10.496,+0.945
1683235620,+3.46, +9.500,+10.486,+0.945
1683235680,+3.46, +9.473,+10.483,+0.945
1683235740,+3.46, +9.399,+10.488,+0.945
1683235800,+3.46, +9.436,+10.437,+0.945
1683235860,+3.46, +9.445,+10.386,+0.945
1683235920,+3.46, +9.445,+10.340,+0.945
1683235980,+3.46, +9.399,+10.320,+0.945
1683236040,+3.46, +9.389,+10.289,+0.945
1683236100,+3.46, +9.408,+10.256,+0.945
1683236160,+3.46, +9.315,+10.277,+0.945
1683236220,+3.46, +9.325,+10.256,+0.945
1683236280,+3.46, +9.371,+10.227,+0.945
1683236340,+3.46, +9.334,+10.246,+0.945
1683236400,+3.46, +9.278,+10.256,+0.945
1683236460,+3.46, +9.325,+10.225,+0.945
1683236520,+3.46, +9.297,+10.236,+0.945
1683236580,+3.46, +9.306,+10.192,+0.945
1683236640,+3.46, +9.306,+10.119,+0.945
1683236700,+3.46, +9.214,+10.108,+0.944
1683236760,+3.46, +9.241,+10.088,+0.945
1683236820,+3.46, +9.251,+10.062,+0.945
1683236880,+3.46, +9.186,+10.067,+0.945
1683236940,+3.46, +9.167,+10.068,+0.945
1683237000,+3.46, +9.223,+10.028,+0.944
1683237060,+3.46, +9.186,+10.048,+0.945
1683237120,+3.46, +9.177,+10.039,+0.945
1683237180,+3.46, +9.140,+10.040,+0.945
1683237240,+3.46, +9.167,+10.019,+0.944
1683237300,+3.46, +9.186,+10.030,+0.945
1683237360,+3.46, +9.223,+10.025,+0.945
1683237420,+3.46, +9.186,+10.084,+0.945
1683237480,+3.46, +9.186,+10.103,+0.945
1683237540,+3.46, +9.214,+10.088,+0.945
1683237600,+3.46, +9.158,+10.115,+0.945
1683237660,+3.46, +9.186,+10.103,+0.945
1683237720,+3.46, +9.167,+10.128,+0.945
1683237780,+3.46, +9.241,+10.109,+0.945
1683237840,+3.46, +9.269,+10.116,+0.945
1683237900,+3.46, +9.278,+10.130,+0.945
1683237960,+3.46, +9.306,+10.132,+0.945
1683238020,+3.46, +9.325,+10.131,+0.945
1683238080,+3.46, +9.334,+10.131,+0.945
1683238140,+3.46, +9.325,+10.154,+0.945
1683238200,+3.46, +9.417,+10.139,+0.945
1683238260,+3.46, +9.334,+10.201,+0.946
1683238320,+3.46, +9.325,+10.215,+0.945
1683238380,+3.46, +9.362,+10.217,+0.945
1683238440,+3.46, +9.343,+10.240,+0.945
1683238500,+3.46, +9.362,+10.234,+0.945
1683238560,+3.46, +9.417,+10.228,+0.945
1683238620,+3.46, +9.426,+10.254,+0.946
1683238680,+3.46, +9.408,+10.262,+0.945
1683238740,+3.46, +9.399,+10.286,+0.945
1683238800,+3.46, +9.371,+10.326,+0.946
1683238860,+3.46, +9.417,+10.327,+0.945
1683238920,+3.46, +9.408,+10.347,+0.945
1683238980,+3.46, +9.445,+10.351,+0.945
1683239040,+3.46, +9.509,+10.362,+0.945
1683239100,+3.46, +9.509,+10.378,+0.945
1683239160,+3.46, +9.546,+10.377,+0.945
1683239220,+3.46, +9.546,+10.378,+0.945
1683239280,+3.46, +9.537,+10.394,+0.946
1683239340,+3.46, +9.574,+10.374,+0.945
1683239400,+3.46, +9.602,+10.361,+0.945
1683239460,+3.46, +9.602,+10.384,+0.946
1683239520,+3.46, +9.611,+10.385,+0.945
1683239580,+3.46, +9.620,+10.383,+0.945
1683239640,+3.46, +9.666,+10.359,+0.945
1683239700,+3.46, +9.611,+10.407,+0.945
1683239760,+3.46, +9.703,+10.427,+0.945
1683239820,+3.46, +9.739,+10.435,+0.945
1683239880,+3.46, +9.721,+10.559,+0.946
1683239940,+3.46, +9.730,+10.618,+0.945
1683240000,+3.46, +9.721,+10.651,+0.946
1683240060,+3.46, +9.813,+10.603,+0.945
1683240120,+3.46, +9.813,+10.600,+0.945
1683240180,+3.46, +9.739,+10.616,+0.945
1683240240,+3.46, +9.785,+10.590,+0.945
1683240300,+3.46, +9.813,+10.577,+0.945
1683240360,+3.46, +9.767,+10.573,+0.945
1683240420,+3.46, +9.785,+10.498,+0.945
1683240480,+3.46, +9.767,+10.446,+0.945
1683240540,+3.46, +9.795,+10.414,+0.945
1683240600,+3.46, +9.831,+10.416,+0.946
1683240660,+3.46, +9.905,+10.420,+0.945
1683240720,+3.46, +9.923,+10.436,+0.945
1683240780,+3.46,+10.015,+10.421,+0.945
1683240840,+3.46, +9.996,+10.442,+0.945
1683240900,+3.46,+10.060,+10.445,+0.945
1683240960,+3.46,+10.060,+10.493,+0.946
1683241020,+3.46,+10.079,+10.485,+0.945
1683241080,+3.46,+10.097,+10.515,+0.945
1683241140,+3.46,+10.097,+10.551,+0.945
1683241200,+3.46,+10.161,+10.562,+0.945
1683241260,+3.46,+10.252,+10.587,+0.946
1683241320,+3.46,+10.307,+10.613,+0.945
1683241380,+3.46,+10.279,+10.694,+0.946
1683241440,+3.46,+10.352,+10.736,+0.946
1683241500,+3.46,+10.389,+10.789,+0.946
1683241560,+3.46,+10.434,+10.804,+0.946
1683241620,+3.46,+10.543,+10.761,+0.946
1683241680,+3.46,+10.634,+10.755,+0.945
1683241740,+3.46,+10.598,+10.750,+0.945
1683241800,+3.46,+10.598,+10.727,+0.945
1683241860,+3.46,+10.516,+10.735,+0.945
1683241920,+3.46,+10.480,+10.706,+0.945
1683241980,+3.46,+10.470,+10.693,+0.945
1683242040,+3.46,+10.443,+10.706,+0.945
1683242100,+3.46,+10.407,+10.727,+0.945
1683242160,+3.46,+10.434,+10.739,+0.946
1683242220,+3.46,+10.434,+10.747,+0.945
1683242280,+3.46,+10.452,+10.737,+0.945
1683242340,+3.46,+10.589,+10.778,+0.946
1683242400,+3.46,+10.724,+10.791,+0.945
1683242460,+3.46,+10.806,+10.824,+0.945
1683242520,+3.46,+10.914,+10.819,+0.945
1683242580,+3.46,+10.996,+10.819,+0.946
1683242640,+3.46,+10.987,+10.837,+0.945
1683242700,+3.46,+11.041,+10.824,+0.945
1683242760,+3.46,+11.077,+10.773,+0.945
1683242820,+3.46,+10.833,+10.583,+0.944
1683242880,+3.46,+10.643,+10.476,+0.944
1683242940,+3.46,+10.543,+10.484,+0.945
1683243000,+3.46,+10.607,+10.441,+0.945
1683243060,+3.46,+10.516,+10.464,+0.944
1683243120,+3.46,+10.534,+10.490,+0.945
1683243180,+3.46,+10.516,+10.524,+0.945
1683243240,+3.46,+10.643,+10.576,+0.945
1683243300,+3.46,+10.770,+10.590,+0.945
1683243360,+3.46,+10.960,+10.615,+0.945
1683243420,+3.46,+11.104,+10.658,+0.945
1683243480,+3.46,+11.176,+10.689,+0.945
1683243540,+3.46,+11.266,+10.757,+0.945
1683243600,+3.46,+11.356,+10.797,+0.945
1683243660,+3.46,+11.391,+10.853,+0.946
1683243720,+3.46,+11.427,+10.900,+0.945
1683243780,+3.46,+11.526,+10.931,+0.946
1683243840,+3.46,+11.580,+10.938,+0.945
1683243900,+3.46,+11.615,+10.968,+0.946
1683243960,+3.46,+11.633,+10.982,+0.946
1683244020,+3.46,+11.615,+10.993,+0.945
1683244080,+3.46,+11.633,+10.986,+0.945
1683244140,+3.46,+11.624,+11.004,+0.946
1683244200,+3.46,+11.705,+10.975,+0.946
1683244260,+3.46,+11.669,+11.007,+0.946
1683244320,+3.46,+11.678,+11.012,+0.946
1683244380,+3.46,+11.723,+11.002,+0.946
1683244440,+3.46,+11.758,+10.983,+0.946
1683244500,+3.46,+11.741,+10.996,+0.946
1683244560,+3.46,+11.803,+10.961,+0.945
1683244620,+3.46,+11.821,+10.953,+0.945
1683244680,+3.46,+11.812,+10.964,+0.945
1683244740,+3.46,+11.741,+11.015,+0.946
1683244800,+3.46,+11.839,+10.965,+0.945
1683244860,+3.46,+11.812,+10.994,+0.946
1683244920,+3.46,+11.794,+10.998,+0.946
1683244980,+3.46,+11.821,+10.985,+0.946
1683245040,+3.46,+11.732,+11.022,+0.946
1683245100,+3.46,+11.821,+10.982,+0.945
1683245160,+3.46,+11.866,+10.964,+0.946
1683245220,+3.46,+11.848,+10.965,+0.945
1683245280,+3.46,+11.839,+10.974,+0.945
1683245340,+3.46,+11.866,+10.975,+0.945
1683245400,+3.46,+11.750,+11.025,+0.945
1683245460,+3.46,+11.803,+11.014,+0.946
1683245520,+3.46,+11.839,+10.995,+0.945
1683245580,+3.46,+11.830,+10.999,+0.945
1683245640,+3.46,+11.839,+10.987,+0.945
1683245700,+3.46,+11.848,+10.989,+0.945
1683245760,+3.46,+11.848,+10.978,+0.945
1683245820,+3.46,+11.866,+10.974,+0.945
1683245880,+3.46,+11.830,+10.983,+0.946
1683245940,+3.46,+11.830,+10.966,+0.945
1683246000,+3.46,+11.803,+10.927,+0.945
1683246060,+3.46,+11.776,+10.938,+0.945
1683246120,+3.46,+11.767,+10.952,+0.945
1683246180,+3.46,+11.741,+10.974,+0.945
1683246240,+3.46,+11.785,+10.954,+0.944
1683246300,+3.46,+11.732,+11.004,+0.945
1683246360,+3.46,+11.767,+11.008,+0.945
1683246420,+3.46,+11.741,+11.044,+0.945
1683246480,+3.46,+11.723,+11.047,+0.945
1683246540,+3.46,+11.669,+11.090,+0.945
1683246600,+3.46,+11.714,+11.060,+0.945
1683246660,+3.46,+11.687,+11.078,+0.945
1683246720,+3.46,+11.651,+11.072,+0.945
1683246780,+3.46,+11.615,+11.090,+0.945
1683246840,+3.46,+11.642,+11.087,+0.945
1683246900,+3.46,+11.633,+11.088,+0.945
1683246960,+3.46,+11.642,+11.083,+0.945
1683247020,+3.46,+11.615,+11.076,+0.945
1683247080,+3.46,+11.642,+11.053,+0.945
1683247140,+3.46,+11.615,+11.064,+0.945
1683247200,+3.46,+11.696,+11.027,+0.945
1683247260,+3.46,+11.660,+11.028,+0.945
1683247320,+3.46,+11.642,+11.020,+0.945
1683247380,+3.46,+11.651,+11.010,+0.945
1683247440,+3.46,+11.669,+11.005,+0.945
1683247500,+3.46,+11.678,+10.995,+0.945
1683247560,+3.46,+11.705,+10.970,+0.945
1683247620,+3.46,+11.714,+10.964,+0.945
1683247680,+3.46,+11.660,+10.924,+0.945
1683247740,+3.46,+11.553,+10.949,+0.945
1683247800,+3.46,+11.553,+10.942,+0.945
1683247860,+3.46,+11.454,+10.989,+0.946
1683247920,+3.46,+11.445,+10.992,+0.945
1683247980,+3.46,+11.445,+11.014,+0.945
1683248040,+3.46,+11.374,+11.059,+0.945
1683248100,+3.46,+11.400,+11.053,+0.945
1683248160,+3.46,+11.400,+11.050,+0.945
1683248220,+3.46,+11.427,+11.002,+0.945
1683248280,+3.46,+11.391,+11.007,+0.945
1683248340,+3.46,+11.356,+10.994,+0.945
1683248400,+3.46,+11.329,+11.005,+0.945
1683248460,+3.46,+11.320,+11.010,+0.945
1683248520,+3.46,+11.311,+11.017,+0.945
1683248580,+3.46,+11.248,+11.043,+0.945
1683248640,+3.46,+11.338,+10.989,+0.945
1683248700,+3.46,+11.248,+11.035,+0.945
1683248760,+3.46,+11.266,+10.989,+0.945
1683248820,+3.46,+11.275,+10.970,+0.945
1683248880,+3.46,+11.275,+10.983,+0.945
1683248940,+3.46,+11.203,+10.997,+0.945
1683249000,+3.46,+11.257,+10.961,+0.945
1683249060,+3.46,+11.194,+10.978,+0.945
1683249120,+3.46,+11.230,+10.959,+0.945
1683249180,+3.46,+11.194,+10.963,+0.945
1683249240,+3.46,+11.212,+10.966,+0.945
1683249300,+3.46,+11.149,+10.989,+0.945
1683249360,+3.46,+11.167,+10.974,+0.945
1683249420,+3.46,+11.185,+10.947,+0.945
1683249480,+3.46,+11.158,+10.954,+0.945
1683249540,+3.46,+11.203,+10.929,+0.945
1683249600,+3.46,+11.212,+10.916,+0.945
1683249660,+3.46,+11.158,+10.937,+0.945
1683249720,+3.46,+11.239,+10.902,+0.945
1683249780,+3.46,+11.203,+10.935,+0.945
1683249840,+3.46,+11.221,+10.928,+0.945
1683249900,+3.46,+11.149,+10.953,+0.945
1683249960,+3.46,+11.239,+10.916,+0.945
1683250020,+3.46,+11.212,+10.912,+0.945
1683250080,+3.46,+11.230,+10.918,+0.945
1683250140,+3.46,+11.248,+10.914,+0.945
1683250200,+3.46,+11.230,+10.925,+0.945
1683250260,+3.46,+11.257,+10.963,+0.945
1683250320,+3.46,+11.248,+10.980,+0.945
1683250380,+3.46,+11.230,+10.963,+0.945
1683250440,+3.46,+11.176,+11.006,+0.946
1683250500,+3.46,+11.212,+10.988,+0.945
1683250560,+3.46,+11.140,+11.043,+0.946
1683250620,+3.46,+11.131,+11.058,+0.945
1683250680,+3.46,+11.113,+11.091,+0.946
1683250740,+3.46,+11.113,+11.102,+0.945
1683250800,+3.46,+11.113,+11.092,+0.945
1683250860,+3.46,+11.122,+11.093,+0.946
1683250920,+3.46,+11.086,+11.088,+0.946
1683250980,+3.46,+11.104,+11.041,+0.945
1683251040,+3.46,+11.086,+11.040,+0.945
1683251100,+3.46,+11.041,+11.040,+0.945
1683251160,+3.46,+11.041,+11.044,+0.945
1683251220,+3.46,+11.050,+11.029,+0.945
1683251280,+3.46,+10.996,+11.033,+0.945
1683251340,+3.46,+11.050,+11.030,+0.945
1683251400,+3.46,+11.050,+11.049,+0.945
1683251460,+3.46,+10.923,+11.115,+0.945
1683251520,+3.46,+10.987,+11.083,+0.945
1683251580,+3.46,+10.932,+11.104,+0.945
1683251640,+3.46,+10.932,+11.109,+0.945
1683251700,+3.46,+10.951,+11.107,+0.945
1683251760,+3.46,+10.941,+11.119,+0.945
1683251820,+3.46,+10.896,+11.154,+0.945
1683251880,+3.46,+10.941,+11.132,+0.945
1683251940,+3.46,+10.896,+11.137,+0.945
1683252000,+3.46,+10.869,+11.146,+0.945
1683252060,+3.46,+10.932,+11.127,+0.945
1683252120,+3.46,+10.887,+11.156,+0.946
1683252180,+3.46,+10.860,+11.156,+0.945
1683252240,+3.46,+10.905,+11.145,+0.945
1683252300,+3.46,+10.842,+11.170,+0.946
1683252360,+3.46,+10.887,+11.139,+0.945
1683252420,+3.46,+10.833,+11.133,+0.945
1683252480,+3.46,+10.833,+11.125,+0.946
1683252540,+3.46,+10.860,+11.093,+0.945
1683252600,+3.46,+10.869,+11.083,+0.945
1683252660,+3.46,+10.869,+11.090,+0.946
1683252720,+3.46,+10.887,+11.074,+0.945
1683252780,+3.46,+10.824,+11.108,+0.945
1683252840,+3.46,+10.833,+11.092,+0.945
1683252900,+3.46,+10.824,+11.093,+0.946
1683252960,+3.46,+10.851,+11.075,+0.945
1683253020,+3.46,+10.833,+11.082,+0.945
1683253080,+3.46,+10.788,+11.101,+0.945
1683253140,+3.46,+10.824,+11.078,+0.945
1683253200,+3.46,+10.824,+11.093,+0.945
1683253260,+3.46,+10.815,+11.117,+0.945
1683253320,+3.46,+10.851,+11.108,+0.945
1683253380,+3.46,+10.797,+11.119,+0.945
1683253440,+3.46,+10.752,+11.145,+0.945
1683253500,+3.46,+10.752,+11.163,+0.946
1683253560,+3.46,+10.788,+11.153,+0.946
1683253620,+3.46,+10.815,+11.128,+0.945
1683253680,+3.46,+10.770,+11.129,+0.945
1683253740,+3.46,+10.779,+11.117,+0.945
1683253800,+3.46,+10.779,+11.104,+0.945
1683253860,+3.46,+10.761,+11.092,+0.945
1683253920,+3.46,+10.752,+11.078,+0.945
1683253980,+3.46,+10.697,+11.097,+0.945
1683254040,+3.46,+10.734,+11.077,+0.946
1683254100,+3.46,+10.679,+11.082,+0.945
1683254160,+3.46,+10.761,+11.023,+0.945
1683254220,+3.46,+10.670,+11.023,+0.945
1683254280,+3.46,+10.688,+10.985,+0.945
1683254340,+3.46,+10.616,+10.981,+0.945
1683254400,+3.46,+10.607,+10.950,+0.945
1683254460,+3.46,+10.589,+10.938,+0.945
1683254520,+3.46,+10.534,+10.998,+0.945
1683254580,+3.46,+10.507,+11.007,+0.945
1683254640,+3.46,+10.507,+10.994,+0.944
1683254700,+3.46,+10.452,+10.998,+0.945
1683254760,+3.46,+10.425,+10.970,+0.945
1683254820,+3.46,+10.398,+10.987,+0.945
1683254880,+3.46,+10.380,+10.960,+0.945
1683254940,+3.46,+10.380,+10.929,+0.945
1683255000,+3.46,+10.243,+10.741,+0.944
1683255060,+3.46,+10.024,+10.725,+0.945
1683255120,+3.46, +9.987,+10.701,+0.944
1683255180,+3.46, +9.950,+10.713,+0.945
1683255240,+3.46, +9.886,+10.727,+0.945
1683255300,+3.46, +9.905,+10.702,+0.945
1683255360,+3.46, +9.914,+10.726,+0.946
1683255420,+3.46, +9.960,+10.714,+0.945
1683255480,+3.46, +9.941,+10.738,+0.945
1683255540,+3.46, +9.978,+10.742,+0.945
1683255600,+3.46, +9.905,+10.753,+0.945
1683255660,+3.46, +9.950,+10.742,+0.945
1683255720,+3.46, +9.969,+10.728,+0.945
1683255780,+3.46, +9.923,+10.757,+0.945
1683255840,+3.46, +9.914,+10.764,+0.945
1683255900,+3.46, +9.914,+10.756,+0.945
1683255960,+3.46, +9.895,+10.776,+0.945
1683256020,+3.46, +9.923,+10.770,+0.945
1683256080,+3.46, +9.996,+10.751,+0.945
1683256140,+3.46, +9.932,+10.783,+0.945
1683256200,+3.46,+10.024,+10.761,+0.946
1683256260,+3.46,+10.024,+10.772,+0.945
1683256320,+3.46,+10.005,+10.788,+0.945
1683256380,+3.46,+10.079,+10.779,+0.945
1683256440,+3.46,+10.033,+10.814,+0.945
1683256500,+3.46,+10.042,+10.836,+0.945
1683256560,+3.46,+10.079,+10.826,+0.945
1683256620,+3.46,+10.097,+10.823,+0.945
1683256680,+3.46,+10.106,+10.818,+0.945
1683256740,+3.46,+10.097,+10.827,+0.946
1683256800,+3.46,+10.097,+10.813,+0.945
1683256860,+3.46,+10.106,+10.802,+0.945
1683256920,+3.46,+10.124,+10.801,+0.945
1683256980,+3.46,+10.060,+10.827,+0.945
1683257040,+3.46,+10.161,+10.788,+0.945
1683257100,+3.46,+10.170,+10.777,+0.945
1683257160,+3.46,+10.161,+10.786,+0.945
1683257220,+3.46,+10.161,+10.794,+0.945
1683257280,+3.46,+10.179,+10.794,+0.945
1683257340,+3.46,+10.133,+10.806,+0.945
1683257400,+3.46,+10.161,+10.813,+0.946
1683257460,+3.46,+10.206,+10.791,+0.945
1683257520,+3.46,+10.152,+10.823,+0.945
1683257580,+3.46,+10.124,+10.840,+0.946
1683257640,+3.46,+10.225,+10.795,+0.945
1683257700,+3.46,+10.124,+10.831,+0.945
1683257760,+3.46,+10.197,+10.809,+0.945
1683257820,+3.46,+10.143,+10.829,+0.945
1683257880,+3.46,+10.115,+10.837,+0.945
1683257940,+3.46,+10.143,+10.815,+0.945
1683258000,+3.46,+10.152,+10.822,+0.945
1683258060,+3.46,+10.161,+10.818,+0.945
1683258120,+3.46,+10.152,+10.819,+0.945
1683258180,+3.46,+10.133,+10.838,+0.945
1683258240,+3.46,+10.152,+10.814,+0.945
1683258300,+3.46,+10.143,+10.817,+0.945
1683258360,+3.46,+10.188,+10.738,+0.945
1683258420,+3.46,+10.161,+10.747,+0.945
1683258480,+3.46,+10.170,+10.707,+0.945
1683258540,+3.46,+10.170,+10.669,+0.945
1683258600,+3.46,+10.124,+10.646,+0.945
1683258660,+3.46,+10.170,+10.609,+0.945
1683258720,+3.46,+10.179,+10.588,+0.945
1683258780,+3.46,+10.106,+10.542,+0.945
1683258840,+3.46,+10.060,+10.533,+0.945
1683258900,+3.46,+10.115,+10.493,+0.945
1683258960,+3.46,+10.106,+10.478,+0.945
1683259020,+3.46,+10.115,+10.456,+0.945
1683259080,+3.46,+10.088,+10.474,+0.945
1683259140,+3.46,+10.088,+10.469,+0.945
1683259200,+3.46,+10.051,+10.420,+0.945
1683259260,+3.46, +9.941,+10.344,+0.944
1683259320,+3.46, +9.850,+10.298,+0.945
1683259380,+3.46, +9.850,+10.291,+0.945
1683259440,+3.46, +9.804,+10.310,+0.945
1683259500,+3.46, +9.721,+10.353,+0.945
1683259560,+3.46, +9.785,+10.341,+0.944
1683259620,+3.46, +9.684,+10.409,+0.945
1683259680,+3.46, +9.657,+10.418,+0.945
1683259740,+3.46, +9.657,+10.424,+0.945
1683259800,+3.46, +9.611,+10.451,+0.945
1683259860,+3.46, +9.602,+10.458,+0.945
1683259920,+3.46, +9.675,+10.434,+0.945
1683259980,+3.46, +9.657,+10.435,+0.945
1683260040,+3.46, +9.620,+10.435,+0.945
1683260100,+3.46, +9.657,+10.416,+0.945
1683260160,+3.46, +9.583,+10.433,+0.945
1683260220,+3.46, +9.565,+10.442,+0.945
1683260280,+3.46, +9.555,+10.436,+0.945
1683260340,+3.46, +9.537,+10.439,+0.945
1683260400,+3.46, +9.555,+10.416,+0.945
1683260460,+3.46, +9.555,+10.409,+0.945
1683260520,+3.46, +9.546,+10.395,+0.945
1683260580,+3.46, +9.537,+10.373,+0.945
1683260640,+3.46, +9.528,+10.371,+0.945
1683260700,+3.46, +9.509,+10.360,+0.945
1683260760,+3.46, +9.500,+10.359,+0.945
1683260820,+3.46, +9.491,+10.360,+0.945
1683260880,+3.46, +9.509,+10.341,+0.945
1683260940,+3.46, +9.500,+10.338,+0.945
1683261000,+3.46, +9.528,+10.324,+0.945
1683261060,+3.46, +9.482,+10.328,+0.945
1683261120,+3.46, +9.537,+10.284,+0.945
1683261180,+3.46, +9.537,+10.283,+0.944
1683261240,+3.46, +9.519,+10.303,+0.945
1683261300,+3.46, +9.583,+10.307,+0.945
1683261360,+3.46, +9.583,+10.351,+0.945
1683261420,+3.46, +9.638,+10.336,+0.945
1683261480,+3.46, +9.620,+10.349,+0.945
1683261540,+3.46, +9.712,+10.344,+0.945
1683261600,+3.46, +9.730,+10.363,+0.945
1683261660,+3.46, +9.739,+10.393,+0.945
1683261720,+3.46, +9.785,+10.391,+0.945
1683261780,+3.46, +9.804,+10.384,+0.945
1683261840,+3.46, +9.813,+10.368,+0.945
1683261900,+3.46, +9.859,+10.349,+0.945
1683261960,+3.46, +9.850,+10.363,+0.945
1683262020,+3.46, +9.877,+10.367,+0.945
1683262080,+3.46, +9.868,+10.380,+0.945
1683262140,+3.46, +9.914,+10.381,+0.946
1683262200,+3.46, +9.895,+10.382,+0.945
1683262260,+3.46, +9.895,+10.412,+0.945
1683262320,+3.46, +9.987,+10.469,+0.945
1683262380,+3.46, +9.987,+10.555,+0.945
1683262440,+3.46, +9.960,+10.662,+0.945
1683262500,+3.46, +9.996,+10.713,+0.945
1683262560,+3.46, +9.978,+10.740,+0.945
1683262620,+3.46,+10.005,+10.741,+0.945
1683262680,+3.46,+10.015,+10.760,+0.945
1683262740,+3.46, +9.950,+10.778,+0.945
1683262800,+3.46, +9.960,+10.754,+0.945
1683262860,+3.46, +9.996,+10.732,+0.945
1683262920,+3.46, +9.996,+10.721,+0.945
1683262980,+3.46,+10.033,+10.709,+0.945
1683263040,+3.46,+10.024,+10.716,+0.945
1683263100,+3.46, +9.996,+10.744,+0.945
1683263160,+3.46, +9.969,+10.758,+0.946
1683263220,+3.46,+10.005,+10.727,+0.945
1683263280,+3.46,+10.051,+10.699,+0.945
1683263340,+3.46,+10.005,+10.729,+0.945
1683263400,+3.46,+10.005,+10.803,+0.945
1683263460,+3.46,+10.005,+10.826,+0.945
1683263520,+3.46,+10.042,+10.822,+0.945
1683263580,+3.46,+10.024,+10.779,+0.945
1683263640,+3.46, +9.987,+10.642,+0.945
1683263700,+3.46, +9.932,+10.504,+0.945
1683263760,+3.46, +9.868,+10.462,+0.945
1683263820,+3.46, +9.859,+10.480,+0.945
1683263880,+3.46, +9.822,+10.545,+0.945
1683263940,+3.46, +9.767,+10.573,+0.945
1683264000,+3.46, +9.712,+10.589,+0.945
1683264060,+3.46, +9.785,+10.528,+0.945
1683264120,+3.46, +9.767,+10.538,+0.945
1683264180,+3.46, +9.712,+10.565,+0.945
1683264240,+3.46, +9.767,+10.507,+0.945
1683264300,+3.46, +9.749,+10.477,+0.945
1683264360,+3.46, +9.730,+10.450,+0.945
1683264420,+3.46, +9.730,+10.444,+0.945
1683264480,+3.46, +9.730,+10.430,+0.945
1683264540,+3.46, +9.703,+10.445,+0.945
1683264600,+3.46, +9.638,+10.453,+0.945
1683264660,+3.46, +9.657,+10.409,+0.945
1683264720,+3.46, +9.694,+10.353,+0.945
1683264780,+3.46, +9.583,+10.374,+0.945
1683264840,+3.46, +9.703,+10.326,+0.945
1683264900,+3.46, +9.638,+10.347,+0.945
1683264960,+3.46, +9.629,+10.319,+0.945
1683265020,+3.46, +9.528,+10.347,+0.945
1683265080,+3.46, +9.565,+10.354,+0.945
1683265140,+3.46, +9.537,+10.385,+0.945
1683265200,+3.46, +9.509,+10.401,+0.944
1683265260,+3.46, +9.509,+10.412,+0.945
1683265320,+3.46, +9.500,+10.427,+0.945
1683265380,+3.46, +9.528,+10.427,+0.945
1683265440,+3.46, +9.565,+10.407,+0.945
1683265500,+3.46, +9.583,+10.389,+0.945
1683265560,+3.46, +9.555,+10.388,+0.945
1683265620,+3.46, +9.528,+10.386,+0.945
1683265680,+3.46, +9.583,+10.354,+0.945
1683265740,+3.46, +9.565,+10.369,+0.945
1683265800,+3.46, +9.574,+10.362,+0.945
1683265860,+3.46, +9.629,+10.343,+0.945
1683265920,+3.46, +9.620,+10.352,+0.945
1683265980,+3.46, +9.684,+10.336,+0.945
1683266040,+3.46, +9.684,+10.339,+0.945
1683266100,+3.46, +9.657,+10.350,+0.945
1683266160,+3.46, +9.712,+10.327,+0.945
1683266220,+3.46, +9.684,+10.344,+0.945
1683266280,+3.46, +9.657,+10.360,+0.945
1683266340,+3.46, +9.675,+10.343,+0.944
1683266400,+3.46, +9.721,+10.320,+0.945
1683266460,+3.46, +9.675,+10.310,+0.945
1683266520,+3.46, +9.638,+10.297,+0.944
1683266580,+3.46, +9.666,+10.270,+0.945
1683266640,+3.46, +9.565,+10.303,+0.945
1683266700,+3.46, +9.583,+10.269,+0.945
1683266760,+3.46, +9.648,+10.238,+0.945
1683266820,+3.46, +9.509,+10.211,+0.944
1683266880,+3.46, +9.491,+10.217,+0.945
1683266940,+3.46, +9.491,+10.281,+0.945
1683267000,+3.46, +9.491,+10.324,+0.945
1683267060,+3.46, +9.555,+10.315,+0.945
1683267120,+3.46, +9.546,+10.339,+0.945
1683267180,+3.46, +9.500,+10.416,+0.945
1683267240,+3.46, +9.546,+10.385,+0.944
1683267300,+3.46, +9.546,+10.373,+0.945
1683267360,+3.46, +9.519,+10.369,+0.945
1683267420,+3.46, +9.482,+10.308,+0.945
1683267480,+3.46, +9.528,+10.302,+0.946
1683267540,+3.46, +9.509,+10.294,+0.945
1683267600,+3.46, +9.546,+10.254,+0.944
1683267660,+3.46, +9.583,+10.128,+0.945
1683267720,+3.46, +9.666,+10.134,+0.945
1683267780,+3.46, +9.694,+10.206,+0.945
1683267840,+3.46, +9.712,+10.321,+0.945
1683267900,+3.46, +9.785,+10.339,+0.945
1683267960,+3.46, +9.804,+10.358,+0.945
1683268020,+3.46, +9.831,+10.362,+0.945
1683268080,+3.46, +9.923,+10.360,+0.945
1683268140,+3.46, +9.886,+10.410,+0.945
1683268200,+3.46, +9.941,+10.422,+0.946
1683268260,+3.46, +9.950,+10.422,+0.945
1683268320,+3.46, +9.960,+10.469,+0.946
1683268380,+3.46, +9.960,+10.493,+0.945
1683268440,+3.46,+10.051,+10.480,+0.945
1683268500,+3.46,+10.042,+10.517,+0.945
1683268560,+3.46,+10.079,+10.532,+0.945
1683268620,+3.46,+10.069,+10.547,+0.945
1683268680,+3.46,+10.115,+10.556,+0.945
1683268740,+3.46,+10.106,+10.584,+0.945
1683268800,+3.46,+10.124,+10.583,+0.945
1683268860,+3.46,+10.161,+10.581,+0.945
1683268920,+3.46,+10.106,+10.623,+0.945
1683268980,+3.46,+10.115,+10.634,+0.945
1683269040,+3.46,+10.170,+10.630,+0.945
1683269100,+3.46,+10.133,+10.642,+0.944
1683269160,+3.46,+10.143,+10.674,+0.945
1683269220,+3.46,+10.161,+10.645,+0.945
1683269280,+3.46,+10.170,+10.580,+0.945
1683269340,+3.46,+10.161,+10.506,+0.945
1683269400,+3.46,+10.206,+10.474,+0.945
1683269460,+3.46,+10.179,+10.478,+0.945
1683269520,+3.46,+10.188,+10.472,+0.945
1683269580,+3.46,+10.225,+10.457,+0.945
1683269640,+3.46,+10.216,+10.479,+0.945
1683269700,+3.46,+10.234,+10.517,+0.945
1683269760,+3.46,+10.206,+10.572,+0.945
1683269820,+3.46,+10.252,+10.572,+0.945
1683269880,+3.46,+10.243,+10.585,+0.945
1683269940,+3.46,+10.252,+10.602,+0.945
1683270000,+3.46,+10.279,+10.612,+0.945
1683270060,+3.46,+10.288,+10.624,+0.945
1683270120,+3.46,+10.316,+10.612,+0.944
1683270180,+3.46,+10.270,+10.656,+0.945
1683270240,+3.46,+10.270,+10.676,+0.945
1683270300,+3.46,+10.334,+10.643,+0.945
1683270360,+3.46,+10.325,+10.642,+0.945
1683270420,+3.46,+10.307,+10.647,+0.945
1683270480,+3.46,+10.298,+10.642,+0.946
1683270540,+3.46,+10.325,+10.627,+0.945
1683270600,+3.46,+10.352,+10.668,+0.945
1683270660,+3.46,+10.343,+10.788,+0.945
1683270720,+3.46,+10.380,+10.776,+0.945
1683270780,+3.46,+10.443,+10.801,+0.945
1683270840,+3.46,+10.398,+10.927,+0.945
1683270900,+3.46,+10.398,+10.863,+0.945
1683270960,+3.46,+10.443,+10.735,+0.945
1683271020,+3.46,+10.380,+10.750,+0.945
1683271080,+3.46,+10.461,+10.691,+0.945
1683271140,+3.46,+10.507,+10.725,+0.945
1683271200,+3.46,+10.516,+10.711,+0.945
1683271260,+3.46,+10.525,+10.702,+0.945
1683271320,+3.46,+10.589,+10.700,+0.945
1683271380,+3.46,+10.598,+10.731,+0.945
1683271440,+3.46,+10.643,+10.690,+0.945
1683271500,+3.46,+10.561,+10.715,+0.945
1683271560,+3.46,+10.670,+10.711,+0.945
1683271620,+3.46,+10.688,+10.709,+0.944
1683271680,+3.46,+10.688,+10.737,+0.945
1683271740,+3.46,+10.697,+10.763,+0.945
1683271800,+3.46,+10.679,+10.798,+0.945
1683271860,+3.46,+10.788,+10.766,+0.945
1683271920,+3.46,+10.734,+10.793,+0.945
1683271980,+3.46,+10.797,+10.768,+0.945
1683272040,+3.46,+10.770,+10.770,+0.945
1683272100,+3.46,+10.715,+10.793,+0.945
1683272160,+3.46,+10.770,+10.779,+0.945
1683272220,+3.46,+10.770,+10.798,+0.945
1683272280,+3.46,+10.824,+10.795,+0.945
1683272340,+3.46,+10.788,+10.832,+0.945
1683272400,+3.46,+10.824,+10.834,+0.945
1683272460,+3.46,+10.824,+10.844,+0.945
1683272520,+3.46,+10.851,+10.863,+0.945
1683272580,+3.46,+10.815,+10.876,+0.945
1683272640,+3.46,+10.833,+10.876,+0.945
1683272700,+3.46,+10.860,+10.876,+0.945
1683272760,+3.46,+10.842,+10.892,+0.945
1683272820,+3.46,+10.860,+10.894,+0.945
1683272880,+3.46,+10.887,+10.893,+0.945
1683272940,+3.46,+10.824,+10.788,+0.945
1683273000,+3.46,+10.598,+10.392,+0.944
1683273060,+3.46,+10.370,+10.375,+0.944
1683273120,+3.46,+10.243,+10.316,+0.944
1683273180,+3.46,+10.133,+10.338,+0.944
1683273240,+3.46,+10.133,+10.329,+0.944
1683273300,+3.46,+10.106,+10.320,+0.944
1683273360,+3.46,+10.079,+10.339,+0.944
1683273420,+3.46,+10.079,+10.362,+0.945
1683273480,+3.46,+10.133,+10.337,+0.945
1683273540,+3.46,+10.143,+10.374,+0.945
1683273600,+3.46,+10.197,+10.381,+0.945
1683273660,+3.46,+10.298,+10.358,+0.945
1683273720,+3.46,+10.270,+10.371,+0.945
1683273780,+3.46,+10.361,+10.358,+0.944
1683273840,+3.46,+10.434,+10.376,+0.945
1683273900,+3.46,+10.498,+10.400,+0.944
1683273960,+3.46,+10.443,+10.470,+0.945
1683274020,+3.46,+10.498,+10.497,+0.945
1683274080,+3.46,+10.470,+10.580,+0.946
1683274140,+3.46,+10.498,+10.621,+0.945
1683274200,+3.46,+10.570,+10.661,+0.945
1683274260,+3.46,+10.607,+10.783,+0.945
1683274320,+3.46,+10.625,+10.859,+0.945
1683274380,+3.46,+10.634,+10.877,+0.945
1683274440,+3.46,+10.625,+10.910,+0.945
1683274500,+3.46,+10.679,+10.921,+0.945
1683274560,+3.46,+10.679,+10.933,+0.945
1683274620,+3.46,+10.715,+10.907,+0.945
1683274680,+3.46,+10.670,+10.896,+0.945
1683274740,+3.46,+10.706,+10.871,+0.945
1683274800,+3.46,+10.670,+10.883,+0.945
1683274860,+3.46,+10.706,+10.895,+0.945
1683274920,+3.46,+10.697,+10.918,+0.945
1683274980,+3.46,+10.634,+10.952,+0.945
1683275040,+3.46,+10.688,+10.915,+0.945
1683275100,+3.46,+10.724,+10.879,+0.945
1683275160,+3.46,+10.724,+10.858,+0.945
1683275220,+3.46,+10.688,+10.876,+0.945
1683275280,+3.46,+10.734,+10.846,+0.945
1683275340,+3.46,+10.743,+10.859,+0.945
1683275400,+3.46,+10.697,+10.881,+0.945
1683275460,+3.46,+10.706,+10.892,+0.945
1683275520,+3.46,+10.761,+10.887,+0.945
1683275580,+3.46,+10.788,+10.882,+0.945
1683275640,+3.46,+10.743,+10.914,+0.945
1683275700,+3.46,+10.734,+10.928,+0.945
1683275760,+3.46,+10.743,+10.936,+0.946
1683275820,+3.46,+10.797,+10.909,+0.945
1683275880,+3.46,+10.806,+10.912,+0.945
1683275940,+3.46,+10.788,+10.946,+0.945
1683276000,+3.46,+10.788,+10.962,+0.945
1683276060,+3.46,+10.797,+11.015,+0.946
1683276120,+3.46,+10.770,+11.072,+0.945
1683276180,+3.46,+10.797,+11.072,+0.945
1683276240,+3.46,+10.779,+11.090,+0.945
1683276300,+3.46,+10.743,+11.113,+0.945
1683276360,+3.46,+10.806,+11.088,+0.945
1683276420,+3.46,+10.788,+11.115,+0.945
1683276480,+3.46,+10.761,+11.102,+0.945
1683276540,+3.46,+10.706,+11.159,+0.945
1683276600,+3.46,+10.779,+11.120,+0.945
1683276660,+3.46,+10.752,+11.126,+0.945
1683276720,+3.46,+10.743,+11.109,+0.945
1683276780,+3.46,+10.670,+11.094,+0.945
1683276840,+3.46,+10.625,+11.080,+0.945
1683276900,+3.46,+10.634,+11.028,+0.945
1683276960,+3.46,+10.634,+10.998,+0.945
1683277020,+3.46,+10.598,+10.963,+0.945
1683277080,+3.46,+10.561,+10.918,+0.945
1683277140,+3.46,+10.498,+10.913,+0.945
1683277200,+3.46,+10.507,+10.910,+0.945
1683277260,+3.46,+10.552,+10.883,+0.945
1683277320,+3.46,+10.516,+10.899,+0.945
1683277380,+3.46,+10.552,+10.875,+0.945
1683277440,+3.46,+10.525,+10.878,+0.945
1683277500,+3.46,+10.470,+10.892,+0.945
1683277560,+3.46,+10.534,+10.885,+0.945
1683277620,+3.46,+10.570,+10.891,+0.945
1683277680,+3.46,+10.543,+10.918,+0.945
1683277740,+3.46,+10.534,+10.952,+0.945
1683277800,+3.46,+10.579,+10.980,+0.945
1683277860,+3.46,+10.579,+11.063,+0.945
1683277920,+3.46,+10.625,+11.088,+0.945
1683277980,+3.46,+10.661,+11.120,+0.946
1683278040,+3.46,+10.670,+11.107,+0.945
1683278100,+3.46,+10.670,+11.081,+0.945
1683278160,+3.46,+10.625,+11.082,+0.945
1683278220,+3.46,+10.652,+11.071,+0.945
1683278280,+3.46,+10.661,+11.093,+0.945
1683278340,+3.46,+10.670,+11.144,+0.946
1683278400,+3.46,+10.679,+11.182,+0.946
1683278460,+3.46,+10.715,+11.166,+0.946
1683278520,+3.46,+10.688,+11.185,+0.946
1683278580,+3.46,+10.706,+11.153,+0.945
1683278640,+3.46,+10.715,+11.152,+0.945
1683278700,+3.46,+10.734,+11.153,+0.945
1683278760,+3.46,+10.752,+11.146,+0.945
1683278820,+3.46,+10.770,+11.150,+0.946
1683278880,+3.46,+10.797,+11.135,+0.945
1683278940,+3.46,+10.770,+11.156,+0.945
1683279000,+3.46,+10.743,+11.160,+0.945
1683279060,+3.46,+10.815,+11.132,+0.945
1683279120,+3.46,+10.770,+11.135,+0.945
1683279180,+3.46,+10.788,+11.146,+0.945
1683279240,+3.46,+10.770,+11.154,+0.945
1683279300,+3.46,+10.761,+11.155,+0.945
1683279360,+3.46,+10.815,+11.127,+0.945
1683279420,+3.46,+10.806,+11.118,+0.945
1683279480,+3.46,+10.833,+11.102,+0.945
1683279540,+3.46,+10.842,+11.123,+0.946
1683279600,+3.46,+10.761,+11.123,+0.945
1683279660,+3.46,+10.815,+11.097,+0.945
1683279720,+3.46,+10.815,+11.103,+0.945
1683279780,+3.46,+10.779,+11.140,+0.946
1683279840,+3.46,+10.824,+11.111,+0.945
1683279900,+3.46,+10.770,+11.143,+0.945
1683279960,+3.46,+10.770,+11.151,+0.946
1683280020,+3.46,+10.860,+11.108,+0.945
1683280080,+3.46,+10.878,+11.099,+0.945
1683280140,+3.46,+10.878,+11.093,+0.945
1683280200,+3.46,+10.824,+11.134,+0.945
1683280260,+3.46,+10.842,+11.122,+0.945
1683280320,+3.46,+10.851,+11.126,+0.946
1683280380,+3.46,+10.715,+11.048,+0.944
1683280440,+3.46,+10.643,+10.950,+0.944
1683280500,+3.46,+10.589,+10.909,+0.945
1683280560,+3.46,+10.570,+10.915,+0.945
1683280620,+3.46,+10.579,+10.923,+0.945
1683280680,+3.46,+10.643,+10.964,+0.945
1683280740,+3.46,+10.598,+11.037,+0.945
1683280800,+3.46,+10.607,+11.010,+0.945
1683280860,+3.46,+10.370,+10.835,+0.944
1683280920,+3.46,+10.106,+10.792,+0.944
1683280980,+3.46,+10.079,+10.755,+0.945
1683281040,+3.46,+10.161,+10.776,+0.945
1683281100,+3.46,+10.270,+10.788,+0.945
1683281160,+3.46,+10.398,+10.826,+0.945
1683281220,+3.46,+10.425,+10.868,+0.945
1683281280,+3.46,+10.425,+10.857,+0.945
1683281340,+3.46,+10.398,+10.885,+0.945
1683281400,+3.46,+10.416,+10.846,+0.945
1683281460,+3.46,+10.416,+10.801,+0.945
1683281520,+3.46,+10.380,+10.812,+0.945
1683281580,+3.46,+10.370,+10.828,+0.945
1683281640,+3.46,+10.380,+10.850,+0.945
1683281700,+3.46,+10.380,+10.900,+0.945
1683281760,+3.46,+10.480,+10.904,+0.945
1683281820,+3.46,+10.461,+10.959,+0.945
1683281880,+3.46,+10.452,+11.011,+0.945
1683281940,+3.46,+10.616,+11.000,+0.945
1683282000,+3.46,+10.552,+11.073,+0.945
1683282060,+3.46,+10.625,+11.090,+0.945
1683282120,+3.46,+10.706,+11.126,+0.945
1683282180,+3.46,+10.670,+11.159,+0.945
1683282240,+3.46,+10.752,+11.147,+0.945
1683282300,+3.46,+10.734,+11.158,+0.946
1683282360,+3.46,+10.724,+11.171,+0.946
1683282420,+3.46,+10.706,+11.148,+0.945
1683282480,+3.46,+10.679,+11.134,+0.945
1683282540,+3.46,+10.688,+11.006,+0.945
1683282600,+3.46,+10.643,+10.934,+0.944
1683282660,+3.46,+10.516,+10.919,+0.944
1683282720,+3.46,+10.516,+10.871,+0.944
1683282780,+3.46,+10.407,+10.770,+0.944
1683282840,+3.46,+10.261,+10.741,+0.944
1683282900,+3.46,+10.197,+10.680,+0.944
1683282960,+3.46, +9.914,+10.477,+0.944
1683283020,+3.46, +9.795,+10.582,+0.944
1683283080,+3.46, +9.712,+10.518,+0.944
1683283140,+3.46, +9.721,+10.576,+0.944
1683283200,+3.46, +9.721,+10.609,+0.945
1683283260,+3.46, +9.712,+10.656,+0.945
1683283320,+3.46, +9.767,+10.670,+0.945
1683283380,+3.46, +9.868,+10.680,+0.944
1683283440,+3.46, +9.895,+10.739,+0.945
1683283500,+3.46,+10.015,+10.752,+0.945
1683283560,+3.46,+10.033,+10.778,+0.945
1683283620,+3.46,+10.033,+10.820,+0.945
1683283680,+3.46,+10.243,+10.820,+0.945
1683283740,+3.46,+10.307,+10.890,+0.945
1683283800,+3.46,+10.389,+10.913,+0.945
1683283860,+3.46,+10.243,+10.822,+0.945
1683283920,+3.46,+10.033,+10.511,+0.944
1683283980,+3.46, +9.730,+10.338,+0.944
1683284040,+3.46, +9.620,+10.369,+0.944
1683284100,+3.46, +9.629,+10.457,+0.945
1683284160,+3.46, +9.638,+10.488,+0.944
1683284220,+3.46, +9.629,+10.556,+0.945
1683284280,+3.46, +9.684,+10.650,+0.945
1683284340,+3.46, +9.822,+10.721,+0.945
1683284400,+3.46, +9.932,+10.789,+0.946
1683284460,+3.46, +9.978,+10.935,+0.946
1683284520,+3.46,+10.124,+11.025,+0.946
1683284580,+3.46,+10.216,+11.058,+0.946
1683284640,+3.46,+10.279,+11.095,+0.946
1683284700,+3.46,+10.334,+11.102,+0.946
1683284760,+3.46,+10.425,+11.120,+0.946
1683284820,+3.46,+10.561,+11.130,+0.945
1683284880,+3.46,+10.598,+11.171,+0.946
1683284940,+3.46,+10.634,+11.196,+0.946
1683285000,+3.46,+10.734,+11.215,+0.947
1683285060,+3.46,+10.788,+11.186,+0.945
1683285120,+3.46,+10.788,+11.155,+0.946
1683285180,+3.46,+10.770,+11.135,+0.945
1683285240,+3.46,+10.797,+11.099,+0.945
1683285300,+3.46,+10.697,+11.115,+0.945
1683285360,+3.46,+10.625,+10.927,+0.945
1683285420,+3.46,+10.352,+10.757,+0.943
1683285480,+3.46,+10.088,+10.711,+0.944
1683285540,+3.46, +9.923,+10.724,+0.944
1683285600,+3.46, +9.923,+10.722,+0.945
1683285660,+3.46, +9.950,+10.691,+0.944
1683285720,+3.46, +9.950,+10.709,+0.944
1683285780,+3.46,+10.005,+10.753,+0.945
1683285840,+3.46,+10.042,+10.777,+0.945
1683285900,+3.46,+10.042,+10.789,+0.944
1683285960,+3.46,+10.024,+10.795,+0.944
1683286020,+3.46, +9.978,+10.764,+0.945
1683286080,+3.46, +9.914,+10.734,+0.944
1683286140,+3.46, +9.868,+10.736,+0.945
1683286200,+3.46, +9.886,+10.706,+0.945
1683286260,+3.46, +9.850,+10.697,+0.944
1683286320,+3.46, +9.850,+10.723,+0.945
1683286380,+3.46, +9.886,+10.731,+0.945
1683286440,+3.46, +9.877,+10.743,+0.945
1683286500,+3.46, +9.831,+10.686,+0.945
1683286560,+3.46, +9.620,+10.488,+0.944
1683286620,+3.46, +9.528,+10.461,+0.944
1683286680,+3.46, +9.371,+10.393,+0.944
1683286740,+3.46, +9.297,+10.286,+0.944
1683286800,+3.46, +9.140,+10.279,+0.944
1683286860,+3.46, +9.019,+10.270,+0.944
1683286920,+3.46, +8.991,+10.204,+0.944
1683286980,+3.46, +8.889,+10.199,+0.944
1683287040,+3.46, +8.879,+10.166,+0.944
1683287100,+3.46, +8.879,+10.152,+0.944
1683287160,+3.46, +8.926,+10.246,+0.945
1683287220,+3.46, +9.010,+10.289,+0.945
1683287280,+3.46, +9.010,+10.341,+0.945
1683287340,+3.46, +9.047,+10.368,+0.945
1683287400,+3.46, +9.186,+10.354,+0.945
1683287460,+3.46, +9.167,+10.403,+0.945
1683287520,+3.46, +9.214,+10.441,+0.945
1683287580,+3.46, +9.334,+10.460,+0.945
1683287640,+3.46, +9.315,+10.501,+0.945
1683287700,+3.46, +9.380,+10.506,+0.945
1683287760,+3.46, +9.408,+10.517,+0.946
1683287820,+3.46, +9.380,+10.526,+0.945
1683287880,+3.46, +9.399,+10.513,+0.945
1683287940,+3.46, +9.436,+10.502,+0.945
1683288000,+3.46, +9.445,+10.478,+0.945
1683288060,+3.46, +9.454,+10.464,+0.945
1683288120,+3.46, +9.436,+10.469,+0.945
1683288180,+3.46, +9.380,+10.483,+0.945
1683288240,+3.46, +9.426,+10.454,+0.945
1683288300,+3.46, +9.436,+10.445,+0.945
1683288360,+3.46, +9.445,+10.411,+0.944
1683288420,+3.46, +9.371,+10.451,+0.945
1683288480,+3.46, +9.362,+10.445,+0.945
1683288540,+3.46, +9.399,+10.428,+0.945
1683288600,+3.46, +9.389,+10.438,+0.945
1683288660,+3.46, +9.399,+10.435,+0.945
1683288720,+3.46, +9.389,+10.454,+0.945
1683288780,+3.46, +9.417,+10.465,+0.945
1683288840,+3.46, +9.408,+10.478,+0.945
1683288900,+3.46, +9.408,+10.463,+0.945
1683288960,+3.46, +9.417,+10.475,+0.945
1683289020,+3.46, +9.426,+10.501,+0.945
1683289080,+3.46, +9.491,+10.479,+0.945
1683289140,+3.46, +9.482,+10.474,+0.945
1683289200,+3.46, +9.491,+10.473,+0.945
1683289260,+3.46, +9.482,+10.488,+0.945
1683289320,+3.46, +9.528,+10.479,+0.945
1683289380,+3.46, +9.500,+10.504,+0.945
1683289440,+3.46, +9.519,+10.506,+0.945
1683289500,+3.46, +9.583,+10.506,+0.945
1683289560,+3.46, +9.555,+10.521,+0.945
1683289620,+3.46, +9.565,+10.508,+0.945
1683289680,+3.46, +9.519,+10.517,+0.945
1683289740,+3.46, +9.574,+10.513,+0.945
1683289800,+3.46, +9.583,+10.506,+0.945
1683289860,+3.46, +9.602,+10.527,+0.945
1683289920,+3.46, +9.602,+10.541,+0.945
1683289980,+3.46, +9.638,+10.522,+0.945
1683290040,+3.46, +9.629,+10.535,+0.945
1683290100,+3.46, +9.666,+10.532,+0.945
1683290160,+3.46, +9.694,+10.529,+0.945
1683290220,+3.46, +9.638,+10.554,+0.945
1683290280,+3.46, +9.684,+10.551,+0.945
1683290340,+3.46, +9.638,+10.560,+0.945
1683290400,+3.46, +9.657,+10.548,+0.945
1683290460,+3.46, +9.666,+10.551,+0.945
1683290520,+3.46, +9.675,+10.542,+0.945
1683290580,+3.46, +9.657,+10.561,+0.945
1683290640,+3.46, +9.620,+10.573,+0.945
1683290700,+3.46, +9.620,+10.567,+0.945
1683290760,+3.46, +9.657,+10.568,+0.945
1683290820,+3.46, +9.657,+10.568,+0.945
1683290880,+3.46, +9.684,+10.562,+0.945
1683290940,+3.46, +9.648,+10.578,+0.945
1683291000,+3.46, +9.694,+10.558,+0.945
1683291060,+3.46, +9.684,+10.564,+0.945
1683291120,+3.46, +9.712,+10.543,+0.945
1683291180,+3.46, +9.666,+10.568,+0.945
