7450-798456
OS REV: 1.03 Sensor Cal: 1539277937
Time (sec),  BV (Volts),  T (deg C),  DO (mg/l),  Q ()
1684932840,+3.46,+10.932, +9.399,+0.941
1684932900,+3.46,+10.996, +9.387,+0.942
1684932960,+3.46,+10.969, +9.404,+0.942
1684933020,+3.46,+10.960, +9.423,+0.942
1684933080,+3.46,+10.969, +9.423,+0.941
1684933140,+3.46,+10.978, +9.427,+0.941
1684933200,+3.46,+10.905, +9.465,+0.942
1684933260,+3.46,+10.941, +9.446,+0.941
1684933320,+3.46,+10.987, +9.449,+0.942
1684933380,+3.46,+10.969, +9.470,+0.942
1684933440,+3.46,+11.005, +9.495,+0.942
1684933500,+3.46,+11.023, +9.508,+0.942
1684933560,+3.46,+11.086, +9.507,+0.942
1684933620,+3.46,+11.086, +9.523,+0.942
1684933680,+3.46,+11.041, +9.553,+0.942
1684933740,+3.46,+11.068, +9.548,+0.942
1684933800,+3.46,+11.077, +9.562,+0.942
1684933860,+3.46,+11.167, +9.527,+0.942
1684933920,+3.46,+11.095, +9.544,+0.941
1684933980,+3.46,+11.095, +9.554,+0.942
1684934040,+3.46,+11.149, +9.536,+0.942
1684934100,+3.46,+11.122, +9.623,+0.942
1684934160,+3.46,+11.095, +9.627,+0.942
1684934220,+3.46,+11.068, +9.624,+0.942
1684934280,+3.46,+11.077, +9.623,+0.942
1684934340,+3.46,+11.041, +9.633,+0.942
1684934400,+3.46,+11.095, +9.621,+0.942
1684934460,+3.46,+11.113, +9.617,+0.942
1684934520,+3.46,+11.149, +9.606,+0.942
1684934580,+3.46,+11.140, +9.628,+0.942
1684934640,+3.46,+11.131, +9.633,+0.942
1684934700,+3.46,+11.131, +9.633,+0.942
1684934760,+3.46,+11.104, +9.642,+0.942
1684934820,+3.46,+11.113, +9.628,+0.942
1684934880,+3.46,+11.167, +9.617,+0.942
1684934940,+3.46,+11.203, +9.606,+0.942
1684935000,+3.46,+11.140, +9.637,+0.942
1684935060,+3.46,+11.167, +9.633,+0.942
1684935120,+3.46,+11.221, +9.607,+0.942
1684935180,+3.46,+11.203, +9.607,+0.942
1684935240,+3.46,+11.212, +9.598,+0.942
1684935300,+3.46,+11.176, +9.611,+0.942
1684935360,+3.46,+11.158, +9.551,+0.941
1684935420,+3.46,+11.050, +9.501,+0.941
1684935480,+3.46,+11.005, +9.481,+0.942
1684935540,+3.46,+10.951, +9.486,+0.941
1684935600,+3.46,+10.941, +9.483,+0.941
1684935660,+3.46,+10.941, +9.486,+0.941
1684935720,+3.46,+10.987, +9.486,+0.942
1684935780,+3.46,+10.996, +9.499,+0.942
1684935840,+3.46,+10.978, +9.514,+0.942
1684935900,+3.46,+11.023, +9.502,+0.942
1684935960,+3.46,+11.032, +9.540,+0.942
1684936020,+3.46,+11.050, +9.582,+0.942
1684936080,+3.46,+11.059, +9.615,+0.942
1684936140,+3.46,+11.032, +9.630,+0.942
1684936200,+3.46,+11.104, +9.603,+0.942
1684936260,+3.46,+11.086, +9.628,+0.942
1684936320,+3.46,+11.140, +9.620,+0.942
1684936380,+3.46,+11.158, +9.633,+0.942
1684936440,+3.46,+11.176, +9.637,+0.942
1684936500,+3.46,+11.167, +9.645,+0.942
1684936560,+3.46,+11.149, +9.632,+0.941
1684936620,+3.46,+11.212, +9.625,+0.942
1684936680,+3.46,+11.167, +9.636,+0.942
1684936740,+3.46,+11.203, +9.615,+0.942
1684936800,+3.46,+11.212, +9.606,+0.942
1684936860,+3.46,+11.221, +9.608,+0.942
1684936920,+3.46,+11.194, +9.624,+0.942
1684936980,+3.46,+11.176, +9.613,+0.941
1684937040,+3.46,+11.212, +9.607,+0.942
1684937100,+3.46,+11.239, +9.595,+0.942
1684937160,+3.46,+11.257, +9.593,+0.942
1684937220,+3.46,+11.284, +9.592,+0.942
1684937280,+3.46,+11.257, +9.597,+0.942
1684937340,+3.46,+11.221, +9.584,+0.942
1684937400,+3.46,+11.221, +9.590,+0.942
1684937460,+3.46,+11.266, +9.601,+0.942
1684937520,+3.46,+11.221, +9.622,+0.942
1684937580,+3.46,+11.257, +9.617,+0.942
1684937640,+3.46,+11.221, +9.635,+0.942
1684937700,+3.46,+11.203, +9.676,+0.942
1684937760,+3.46,+11.158, +9.755,+0.942
1684937820,+3.46,+11.095, +9.694,+0.942
1684937880,+3.46,+11.104, +9.612,+0.941
1684937940,+3.46,+11.041, +9.585,+0.942
1684938000,+3.46,+11.068, +9.572,+0.942
1684938060,+3.46,+11.095, +9.639,+0.942
1684938120,+3.46,+11.104, +9.668,+0.942
1684938180,+3.46,+11.176, +9.650,+0.942
1684938240,+3.46,+11.122, +9.671,+0.942
1684938300,+3.46,+11.149, +9.654,+0.942
1684938360,+3.46,+11.176, +9.638,+0.942
1684938420,+3.46,+11.212, +9.635,+0.942
1684938480,+3.46,+11.248, +9.617,+0.942
1684938540,+3.46,+11.239, +9.621,+0.942
1684938600,+3.46,+11.212, +9.631,+0.942
1684938660,+3.46,+11.284, +9.591,+0.942
1684938720,+3.46,+11.302, +9.587,+0.942
1684938780,+3.46,+11.284, +9.578,+0.942
1684938840,+3.46,+11.230, +9.596,+0.942
1684938900,+3.46,+11.230, +9.646,+0.942
1684938960,+3.46,+11.212, +9.655,+0.942
1684939020,+3.46,+11.194, +9.655,+0.942
1684939080,+3.46,+11.158, +9.576,+0.942
1684939140,+3.46,+11.095, +9.549,+0.942
1684939200,+3.46,+11.095, +9.518,+0.942
1684939260,+3.46,+11.050, +9.520,+0.942
1684939320,+3.46,+11.050, +9.509,+0.942
1684939380,+3.46,+11.077, +9.490,+0.941
1684939440,+3.46,+11.068, +9.490,+0.942
1684939500,+3.46,+11.032, +9.508,+0.942
1684939560,+3.46,+11.032, +9.485,+0.941
1684939620,+3.46,+11.050, +9.474,+0.942
1684939680,+3.46,+11.023, +9.478,+0.942
1684939740,+3.46,+10.987, +9.489,+0.942
1684939800,+3.46,+10.941, +9.543,+0.942
1684939860,+3.46,+11.005, +9.530,+0.941
1684939920,+3.46,+11.005, +9.531,+0.942
1684939980,+3.46,+10.941, +9.550,+0.942
1684940040,+3.46,+10.932, +9.548,+0.942
1684940100,+3.46,+11.005, +9.519,+0.942
1684940160,+3.46,+11.023, +9.505,+0.942
1684940220,+3.46,+11.032, +9.495,+0.942
1684940280,+3.46,+11.032, +9.493,+0.942
1684940340,+3.46,+11.014, +9.502,+0.942
1684940400,+3.46,+11.005, +9.485,+0.942
1684940460,+3.46,+11.014, +9.477,+0.942
1684940520,+3.46,+11.014, +9.474,+0.942
1684940580,+3.46,+11.005, +9.476,+0.942
1684940640,+3.46,+10.969, +9.482,+0.942
1684940700,+3.46,+11.005, +9.469,+0.942
1684940760,+3.46,+11.005, +9.468,+0.942
1684940820,+3.46,+10.960, +9.495,+0.942
1684940880,+3.46,+11.059, +9.479,+0.942
1684940940,+3.46,+11.122, +9.499,+0.942
1684941000,+3.46,+11.176, +9.488,+0.942
1684941060,+3.46,+11.266, +9.487,+0.942
1684941120,+3.46,+11.257, +9.514,+0.942
1684941180,+3.46,+11.365, +9.529,+0.942
1684941240,+3.46,+11.320, +9.576,+0.942
1684941300,+3.46,+11.320, +9.485,+0.942
1684941360,+3.46,+11.185, +9.465,+0.942
1684941420,+3.46,+11.284, +9.507,+0.942
1684941480,+3.46,+11.275, +9.545,+0.942
1684941540,+3.46,+11.383, +9.554,+0.942
1684941600,+3.46,+11.427, +9.555,+0.942
1684941660,+3.46,+11.338, +9.510,+0.942
1684941720,+3.46,+11.257, +9.437,+0.942
1684941780,+3.46,+11.320, +9.499,+0.942
1684941840,+3.46,+11.356, +9.527,+0.942
1684941900,+3.46,+11.418, +9.530,+0.942
1684941960,+3.46,+11.454, +9.528,+0.942
1684942020,+3.46,+11.463, +9.533,+0.942
1684942080,+3.46,+11.499, +9.534,+0.942
1684942140,+3.46,+11.615, +9.494,+0.942
1684942200,+3.46,+11.571, +9.523,+0.942
1684942260,+3.46,+11.615, +9.522,+0.942
1684942320,+3.46,+11.642, +9.519,+0.942
1684942380,+3.46,+11.633, +9.528,+0.942
1684942440,+3.46,+11.696, +9.511,+0.942
1684942500,+3.46,+11.651, +9.523,+0.942
1684942560,+3.46,+11.615, +9.527,+0.942
1684942620,+3.46,+11.669, +9.509,+0.942
1684942680,+3.46,+11.696, +9.493,+0.941
1684942740,+3.46,+11.669, +9.515,+0.942
1684942800,+3.46,+11.696, +9.491,+0.942
1684942860,+3.46,+11.651, +9.553,+0.942
1684942920,+3.46,+11.651, +9.573,+0.942
1684942980,+3.46,+11.544, +9.440,+0.941
1684943040,+3.46,+11.490, +9.426,+0.942
1684943100,+3.46,+11.472, +9.432,+0.941
1684943160,+3.46,+11.463, +9.465,+0.942
1684943220,+3.46,+11.526, +9.447,+0.942
1684943280,+3.46,+11.490, +9.466,+0.942
1684943340,+3.46,+11.517, +9.467,+0.942
1684943400,+3.46,+11.553, +9.444,+0.941
1684943460,+3.46,+11.526, +9.435,+0.942
1684943520,+3.46,+11.499, +9.431,+0.942
1684943580,+3.46,+11.499, +9.434,+0.942
1684943640,+3.46,+11.526, +9.442,+0.942
1684943700,+3.46,+11.553, +9.452,+0.942
1684943760,+3.46,+11.589, +9.460,+0.942
1684943820,+3.46,+11.580, +9.478,+0.942
1684943880,+3.46,+11.526, +9.510,+0.942
1684943940,+3.46,+11.589, +9.493,+0.942
1684944000,+3.46,+11.598, +9.504,+0.942
1684944060,+3.46,+11.633, +9.487,+0.942
1684944120,+3.46,+11.607, +9.505,+0.942
1684944180,+3.46,+11.633, +9.495,+0.942
1684944240,+3.46,+11.615, +9.507,+0.942
1684944300,+3.46,+11.660, +9.495,+0.942
1684944360,+3.46,+11.696, +9.453,+0.942
1684944420,+3.46,+11.678, +9.433,+0.942
1684944480,+3.46,+11.624, +9.402,+0.942
1684944540,+3.46,+11.535, +9.410,+0.942
1684944600,+3.46,+11.418, +9.468,+0.941
1684944660,+3.46,+11.454, +9.428,+0.941
1684944720,+3.46,+11.409, +9.445,+0.941
1684944780,+3.46,+11.338, +9.470,+0.941
1684944840,+3.46,+11.239, +9.514,+0.942
1684944900,+3.46,+11.347, +9.476,+0.942
1684944960,+3.46,+11.365, +9.455,+0.942
1684945020,+3.46,+11.320, +9.469,+0.942
1684945080,+3.46,+11.320, +9.437,+0.942
1684945140,+3.46,+11.266, +9.425,+0.941
1684945200,+3.46,+11.248, +9.446,+0.942
1684945260,+3.46,+11.203, +9.459,+0.942
1684945320,+3.46,+11.122, +9.488,+0.941
1684945380,+3.46,+11.149, +9.476,+0.941
1684945440,+3.46,+11.113, +9.495,+0.942
1684945500,+3.46,+11.104, +9.499,+0.942
1684945560,+3.46,+11.095, +9.512,+0.942
1684945620,+3.46,+11.077, +9.515,+0.941
1684945680,+3.46,+11.086, +9.511,+0.942
1684945740,+3.46,+11.113, +9.497,+0.942
1684945800,+3.46,+11.095, +9.491,+0.942
1684945860,+3.46,+11.149, +9.466,+0.942
1684945920,+3.46,+11.230, +9.447,+0.942
1684945980,+3.46,+11.329, +9.462,+0.942
1684946040,+3.46,+11.427, +9.518,+0.942
1684946100,+3.46,+11.535, +9.499,+0.942
1684946160,+3.46,+11.535, +9.525,+0.942
1684946220,+3.46,+11.562, +9.478,+0.942
1684946280,+3.46,+11.517, +9.417,+0.942
1684946340,+3.46,+11.445, +9.381,+0.941
1684946400,+3.46,+11.383, +9.401,+0.942
1684946460,+3.46,+11.374, +9.420,+0.942
1684946520,+3.46,+11.499, +9.442,+0.942
1684946580,+3.46,+11.580, +9.476,+0.942
1684946640,+3.46,+11.732, +9.543,+0.942
1684946700,+3.46,+11.803, +9.725,+0.942
1684946760,+3.46,+11.892, +9.759,+0.942
1684946820,+3.46,+11.910, +9.773,+0.942
1684946880,+3.46,+11.910, +9.736,+0.942
1684946940,+3.46,+11.972, +9.700,+0.942
1684947000,+3.46,+12.017, +9.712,+0.943
1684947060,+3.46,+11.955, +9.743,+0.942
1684947120,+3.46,+11.999, +9.738,+0.942
1684947180,+3.46,+11.990, +9.751,+0.942
1684947240,+3.46,+12.008, +9.755,+0.942
1684947300,+3.46,+12.008, +9.776,+0.942
1684947360,+3.46,+12.017, +9.787,+0.942
1684947420,+3.46,+12.061, +9.795,+0.942
1684947480,+3.46,+12.061, +9.809,+0.942
1684947540,+3.46,+12.115, +9.805,+0.942
1684947600,+3.46,+12.079, +9.856,+0.942
1684947660,+3.46,+12.186, +9.828,+0.942
1684947720,+3.46,+12.168, +9.814,+0.942
1684947780,+3.46,+12.124, +9.795,+0.942
1684947840,+3.46,+12.088, +9.751,+0.942
1684947900,+3.46,+12.017, +9.669,+0.942
1684947960,+3.46,+11.964, +9.630,+0.941
1684948020,+3.46,+11.946, +9.586,+0.941
1684948080,+3.46,+11.892, +9.597,+0.941
1684948140,+3.46,+11.857, +9.641,+0.942
1684948200,+3.46,+11.910, +9.627,+0.942
1684948260,+3.46,+11.866, +9.642,+0.942
1684948320,+3.46,+11.910, +9.680,+0.942
1684948380,+3.46,+11.972, +9.882,+0.942
1684948440,+3.46,+12.053, +9.920,+0.942
1684948500,+3.46,+12.195, +9.872,+0.942
1684948560,+3.46,+12.177, +9.810,+0.941
1684948620,+3.46,+12.079, +9.677,+0.942
1684948680,+3.46,+12.044, +9.578,+0.941
1684948740,+3.46,+11.901, +9.625,+0.941
1684948800,+3.46,+11.910, +9.639,+0.942
1684948860,+3.46,+11.946, +9.663,+0.942
1684948920,+3.46,+11.990, +9.751,+0.942
1684948980,+3.46,+12.008, +9.704,+0.942
1684949040,+3.46,+11.901, +9.525,+0.941
1684949100,+3.46,+11.776, +9.533,+0.942
1684949160,+3.46,+11.821, +9.497,+0.941
1684949220,+3.46,+11.776, +9.518,+0.941
1684949280,+3.46,+11.767, +9.523,+0.942
1684949340,+3.46,+11.794, +9.508,+0.941
1684949400,+3.46,+11.750, +9.516,+0.941
1684949460,+3.46,+11.723, +9.527,+0.942
1684949520,+3.46,+11.696, +9.505,+0.941
1684949580,+3.46,+11.705, +9.493,+0.942
1684949640,+3.46,+11.696, +9.474,+0.941
1684949700,+3.46,+11.714, +9.462,+0.941
1684949760,+3.46,+11.723, +9.476,+0.941
1684949820,+3.46,+11.696, +9.484,+0.941
1684949880,+3.46,+11.624, +9.514,+0.942
1684949940,+3.46,+11.678, +9.489,+0.942
1684950000,+3.46,+11.696, +9.481,+0.942
1684950060,+3.46,+11.669, +9.480,+0.942
1684950120,+3.46,+11.705, +9.467,+0.942
1684950180,+3.46,+11.714, +9.453,+0.942
1684950240,+3.46,+11.687, +9.448,+0.941
1684950300,+3.46,+11.696, +9.446,+0.942
1684950360,+3.46,+11.687, +9.435,+0.941
1684950420,+3.46,+11.696, +9.431,+0.941
1684950480,+3.46,+11.794, +9.402,+0.942
1684950540,+3.46,+11.821, +9.402,+0.941
1684950600,+3.46,+11.803, +9.509,+0.942
1684950660,+3.46,+11.857, +9.605,+0.942
1684950720,+3.46,+12.070, +9.716,+0.943
1684950780,+3.46,+12.363, +9.699,+0.942
1684950840,+3.46,+12.549, +9.764,+0.943
1684950900,+3.46,+12.664, +9.747,+0.943
1684950960,+3.46,+12.805, +9.832,+0.943
1684951020,+3.46,+13.078, +9.814,+0.942
1684951080,+3.46,+13.306, +9.822,+0.942
1684951140,+3.46,+13.289, +9.188,+0.939
1684951200,+3.46,+12.505, +9.016,+0.939
1684951260,+3.46,+12.239, +9.307,+0.941
1684951320,+3.46,+12.168, +9.397,+0.941
1684951380,+3.46,+12.061, +9.426,+0.941
1684951440,+3.46,+11.990, +9.469,+0.941
1684951500,+3.46,+12.124, +9.541,+0.942
1684951560,+3.46,+12.301, +9.654,+0.942
1684951620,+3.46,+12.602, +9.776,+0.942
1684951680,+3.46,+12.796, +9.791,+0.942
1684951740,+3.46,+12.981, +9.799,+0.942
1684951800,+3.46,+13.043, +9.812,+0.942
1684951860,+3.46,+13.060, +9.795,+0.942
1684951920,+3.46,+13.052, +9.705,+0.942
1684951980,+3.46,+12.973, +9.692,+0.941
1684952040,+3.46,+12.999, +9.731,+0.942
1684952100,+3.46,+13.025, +9.757,+0.942
1684952160,+3.46,+13.060, +9.777,+0.942
1684952220,+3.46,+13.078, +9.730,+0.941
1684952280,+3.46,+12.937, +9.638,+0.941
1684952340,+3.46,+12.735, +9.601,+0.941
1684952400,+3.46,+12.478, +9.640,+0.941
1684952460,+3.46,+12.292, +9.715,+0.941
1684952520,+3.46,+12.141, +9.637,+0.941
1684952580,+3.46,+12.053, +9.658,+0.941
1684952640,+3.46,+12.008, +9.710,+0.942
1684952700,+3.46,+12.017, +9.723,+0.941
1684952760,+3.46,+11.964, +9.774,+0.941
1684952820,+3.46,+11.919, +9.825,+0.942
1684952880,+3.46,+11.883, +9.862,+0.942
1684952940,+3.46,+11.946, +9.826,+0.941
1684953000,+3.46,+11.972, +9.821,+0.941
1684953060,+3.46,+12.035, +9.803,+0.941
1684953120,+3.46,+12.053, +9.840,+0.942
1684953180,+3.46,+12.133, +9.824,+0.942
1684953240,+3.46,+12.221, +9.788,+0.942
1684953300,+3.46,+12.310, +9.804,+0.943
1684953360,+3.46,+12.443, +9.811,+0.942
1684953420,+3.46,+12.540, +9.849,+0.942
1684953480,+3.46,+12.611, +9.789,+0.942
1684953540,+3.46,+12.558, +9.741,+0.942
1684953600,+3.46,+12.567, +9.702,+0.942
1684953660,+3.46,+12.585, +9.695,+0.942
1684953720,+3.46,+12.664, +9.665,+0.942
1684953780,+3.46,+12.514, +9.680,+0.942
1684953840,+3.46,+12.399, +9.521,+0.941
1684953900,+3.46,+12.150, +9.526,+0.941
1684953960,+3.46,+11.990, +9.559,+0.941
1684954020,+3.46,+11.928, +9.566,+0.941
1684954080,+3.46,+11.874, +9.584,+0.941
1684954140,+3.46,+11.767, +9.606,+0.941
1684954200,+3.46,+11.767, +9.564,+0.941
1684954260,+3.46,+11.714, +9.545,+0.942
1684954320,+3.46,+11.660, +9.522,+0.941
1684954380,+3.46,+11.651, +9.536,+0.942
1684954440,+3.46,+11.669, +9.529,+0.941
1684954500,+3.46,+11.562, +9.539,+0.942
1684954560,+3.46,+11.669, +9.499,+0.942
1684954620,+3.46,+11.624, +9.508,+0.941
1684954680,+3.46,+11.562, +9.533,+0.941
1684954740,+3.46,+11.615, +9.535,+0.942
1684954800,+3.46,+11.580, +9.546,+0.942
1684954860,+3.46,+11.651, +9.525,+0.942
1684954920,+3.46,+11.598, +9.541,+0.942
1684954980,+3.46,+11.517, +9.537,+0.941
1684955040,+3.46,+11.508, +9.471,+0.941
1684955100,+3.46,+11.418, +9.429,+0.942
1684955160,+3.46,+11.383, +9.353,+0.941
1684955220,+3.46,+11.293, +9.298,+0.941
1684955280,+3.46,+11.248, +9.283,+0.941
1684955340,+3.46,+11.302, +9.263,+0.941
1684955400,+3.46,+11.284, +9.311,+0.941
1684955460,+3.46,+11.266, +9.342,+0.941
1684955520,+3.46,+11.365, +9.347,+0.942
1684955580,+3.46,+11.409, +9.338,+0.941
1684955640,+3.46,+11.230, +9.305,+0.940
1684955700,+3.46,+10.951, +9.401,+0.941
1684955760,+3.46,+10.752, +9.480,+0.941
1684955820,+3.46,+10.715, +9.530,+0.941
1684955880,+3.46,+10.706, +9.536,+0.942
1684955940,+3.46,+10.607, +9.567,+0.941
1684956000,+3.46,+10.661, +9.529,+0.941
1684956060,+3.46,+10.607, +9.539,+0.941
1684956120,+3.46,+10.616, +9.542,+0.941
1684956180,+3.46,+10.697, +9.503,+0.942
1684956240,+3.46,+10.770, +9.472,+0.941
1684956300,+3.46,+10.797, +9.483,+0.942
1684956360,+3.46,+10.806, +9.474,+0.942
1684956420,+3.46,+10.941, +9.440,+0.942
1684956480,+3.46,+10.914, +9.472,+0.942
1684956540,+3.46,+11.005, +9.476,+0.942
1684956600,+3.46,+11.041, +9.466,+0.942
1684956660,+3.46,+11.059, +9.435,+0.941
1684956720,+3.46,+11.158, +9.424,+0.942
1684956780,+3.46,+11.203, +9.441,+0.942
1684956840,+3.46,+11.275, +9.383,+0.942
1684956900,+3.46,+11.212, +9.359,+0.942
1684956960,+3.46,+11.230, +9.378,+0.942
1684957020,+3.46,+11.239, +9.330,+0.941
1684957080,+3.46,+11.221, +9.324,+0.941
1684957140,+3.46,+11.203, +9.345,+0.942
1684957200,+3.46,+11.167, +9.353,+0.941
1684957260,+3.46,+11.140, +9.374,+0.942
1684957320,+3.46,+11.140, +9.377,+0.942
1684957380,+3.46,+11.185, +9.344,+0.942
1684957440,+3.46,+11.149, +9.334,+0.942
1684957500,+3.46,+11.149, +9.313,+0.941
1684957560,+3.46,+11.140, +9.310,+0.942
1684957620,+3.46,+11.176, +9.325,+0.942
1684957680,+3.46,+11.212, +9.297,+0.941
1684957740,+3.46,+11.158, +9.278,+0.942
1684957800,+3.46,+11.149, +9.294,+0.942
1684957860,+3.46,+11.230, +9.332,+0.942
1684957920,+3.46,+11.311, +9.431,+0.942
1684957980,+3.46,+11.454, +9.440,+0.942
1684958040,+3.46,+11.544, +9.436,+0.943
1684958100,+3.46,+11.651, +9.409,+0.942
1684958160,+3.46,+11.732, +9.406,+0.942
1684958220,+3.46,+11.839, +9.448,+0.942
1684958280,+3.46,+11.937, +9.521,+0.942
1684958340,+3.46,+12.141, +9.542,+0.942
1684958400,+3.46,+12.328, +9.626,+0.943
1684958460,+3.46,+12.523, +9.627,+0.943
1684958520,+3.46,+12.275, +9.283,+0.941
1684958580,+3.46,+11.928, +9.196,+0.941
1684958640,+3.46,+11.866, +9.280,+0.941
1684958700,+3.46,+11.972, +9.395,+0.942
1684958760,+3.46,+11.866, +9.152,+0.941
1684958820,+3.46,+11.544, +9.268,+0.941
1684958880,+3.46,+11.445, +9.337,+0.941
1684958940,+3.46,+11.374, +9.354,+0.941
1684959000,+3.46,+11.284, +9.388,+0.941
1684959060,+3.46,+11.356, +9.377,+0.941
1684959120,+3.46,+11.338, +9.406,+0.941
1684959180,+3.46,+11.374, +9.427,+0.942
1684959240,+3.46,+11.445, +9.417,+0.942
1684959300,+3.46,+11.517, +9.482,+0.942
1684959360,+3.46,+11.750, +9.415,+0.942
1684959420,+3.46,+11.767, +9.290,+0.941
1684959480,+3.46,+11.463, +9.210,+0.941
1684959540,+3.46,+11.302, +9.279,+0.941
1684959600,+3.46,+11.302, +9.371,+0.941
1684959660,+3.46,+11.167, +9.297,+0.941
1684959720,+3.46,+11.068, +9.281,+0.941
1684959780,+3.46,+11.014, +9.297,+0.941
1684959840,+3.46,+10.969, +9.330,+0.941
1684959900,+3.46,+10.996, +9.314,+0.941
1684959960,+3.46,+11.014, +9.305,+0.941
1684960020,+3.46,+11.023, +9.297,+0.941
1684960080,+3.46,+11.014, +9.309,+0.941
1684960140,+3.46,+11.077, +9.287,+0.941
1684960200,+3.46,+11.050, +9.298,+0.941
1684960260,+3.46,+11.095, +9.288,+0.941
1684960320,+3.46,+11.221, +9.271,+0.941
1684960380,+3.46,+11.347, +9.398,+0.942
1684960440,+3.46,+11.571, +9.496,+0.943
1684960500,+3.46,+11.794, +9.494,+0.942
1684960560,+3.46,+11.928, +9.564,+0.943
1684960620,+3.46,+12.221, +9.619,+0.943
1684960680,+3.46,+12.416, +9.640,+0.943
1684960740,+3.46,+12.664, +9.646,+0.943
1684960800,+3.46,+12.911, +9.675,+0.943
1684960860,+3.46,+13.148, +9.741,+0.944
1684960920,+3.46,+13.403, +9.775,+0.943
1684960980,+3.46,+13.621, +9.779,+0.943
1684961040,+3.46,+13.743, +9.875,+0.943
1684961100,+3.46,+13.525, +9.324,+0.941
1684961160,+3.46,+13.210, +9.395,+0.941
1684961220,+3.46,+13.192, +9.458,+0.941
1684961280,+3.46,+13.025, +9.389,+0.941
1684961340,+3.46,+12.664, +9.235,+0.940
1684961400,+3.46,+12.434, +9.312,+0.940
1684961460,+3.46,+12.266, +9.345,+0.941
1684961520,+3.46,+12.150, +9.382,+0.941
1684961580,+3.46,+12.053, +9.370,+0.941
1684961640,+3.46,+12.008, +9.372,+0.941
1684961700,+3.46,+11.919, +9.400,+0.941
1684961760,+3.46,+11.892, +9.380,+0.941
1684961820,+3.46,+11.866, +9.387,+0.941
1684961880,+3.46,+11.785, +9.384,+0.941
1684961940,+3.46,+11.741, +9.373,+0.941
1684962000,+3.46,+11.660, +9.381,+0.941
1684962060,+3.46,+11.589, +9.400,+0.941
1684962120,+3.46,+11.544, +9.439,+0.941
1684962180,+3.46,+11.607, +9.411,+0.941
1684962240,+3.46,+11.562, +9.428,+0.941
1684962300,+3.46,+11.553, +9.431,+0.942
1684962360,+3.46,+11.544, +9.419,+0.941
1684962420,+3.46,+11.544, +9.334,+0.941
1684962480,+3.46,+11.356, +9.405,+0.941
1684962540,+3.46,+11.194, +9.467,+0.941
1684962600,+3.46,+11.149, +9.472,+0.941
1684962660,+3.46,+11.149, +9.470,+0.941
1684962720,+3.46,+11.140, +9.472,+0.941
1684962780,+3.46,+11.149, +9.476,+0.941
1684962840,+3.46,+11.203, +9.486,+0.942
1684962900,+3.46,+11.338, +9.493,+0.942
1684962960,+3.46,+11.598, +9.523,+0.942
1684963020,+3.46,+11.937, +9.540,+0.943
1684963080,+3.46,+12.221, +9.568,+0.943
1684963140,+3.46,+12.540, +9.587,+0.943
1684963200,+3.46,+12.664, +9.554,+0.942
1684963260,+3.46,+12.682, +9.444,+0.942
1684963320,+3.46,+12.381, +9.394,+0.941
1684963380,+3.46,+12.328, +9.403,+0.942
1684963440,+3.46,+12.248, +9.381,+0.941
1684963500,+3.46,+12.141, +9.341,+0.941
1684963560,+3.46,+11.955, +9.341,+0.941
1684963620,+3.46,+11.839, +9.425,+0.941
1684963680,+3.46,+11.750, +9.438,+0.941
1684963740,+3.46,+11.714, +9.507,+0.941
1684963800,+3.46,+11.642, +9.482,+0.941
1684963860,+3.46,+11.535, +9.490,+0.941
1684963920,+3.46,+11.526, +9.504,+0.941
1684963980,+3.46,+11.517, +9.500,+0.942
1684964040,+3.46,+11.607, +9.460,+0.941
1684964100,+3.46,+11.598, +9.480,+0.941
1684964160,+3.46,+11.571, +9.493,+0.941
1684964220,+3.46,+11.553, +9.491,+0.942
1684964280,+3.46,+11.580, +9.490,+0.942
1684964340,+3.46,+11.571, +9.488,+0.942
1684964400,+3.46,+11.553, +9.488,+0.941
1684964460,+3.46,+11.499, +9.487,+0.942
1684964520,+3.46,+11.445, +9.433,+0.941
1684964580,+3.46,+11.427, +9.395,+0.941
1684964640,+3.46,+11.391, +9.377,+0.942
1684964700,+3.46,+11.365, +9.372,+0.941
1684964760,+3.46,+11.302, +9.359,+0.941
1684964820,+3.46,+11.338, +9.343,+0.941
1684964880,+3.46,+11.383, +9.337,+0.941
1684964940,+3.46,+11.356, +9.350,+0.941
1684965000,+3.46,+11.400, +9.350,+0.942
1684965060,+3.46,+11.499, +9.392,+0.942
1684965120,+3.46,+11.535, +9.445,+0.942
1684965180,+3.46,+11.580, +9.524,+0.942
1684965240,+3.46,+11.660, +9.638,+0.942
1684965300,+3.46,+11.678, +9.707,+0.942
1684965360,+3.46,+11.696, +9.623,+0.941
1684965420,+3.46,+11.391, +9.268,+0.940
1684965480,+3.46,+11.050, +9.168,+0.940
1684965540,+3.46,+10.724, +9.206,+0.940
1684965600,+3.46,+10.616, +9.193,+0.940
1684965660,+3.46,+10.598, +9.215,+0.941
1684965720,+3.46,+10.498, +9.252,+0.941
1684965780,+3.46,+10.498, +9.284,+0.941
1684965840,+3.46,+10.570, +9.303,+0.941
1684965900,+3.46,+10.579, +9.325,+0.941
1684965960,+3.46,+10.706, +9.348,+0.942
1684966020,+3.46,+10.887, +9.385,+0.942
1684966080,+3.46,+11.059, +9.426,+0.942
1684966140,+3.46,+11.212, +9.477,+0.943
1684966200,+3.46,+11.356, +9.404,+0.942
1684966260,+3.46,+11.338, +9.414,+0.942
1684966320,+3.46,+11.517, +9.451,+0.942
1684966380,+3.46,+11.562, +9.386,+0.942
1684966440,+3.46,+11.293, +9.263,+0.941
1684966500,+3.46,+11.095, +9.260,+0.941
1684966560,+3.46,+11.014, +9.256,+0.941
1684966620,+3.46,+11.050, +9.232,+0.941
1684966680,+3.46,+10.932, +9.176,+0.940
1684966740,+3.46,+10.914, +9.231,+0.941
1684966800,+3.46,+10.896, +9.351,+0.941
1684966860,+3.46,+10.914, +9.454,+0.941
1684966920,+3.46,+10.932, +9.518,+0.942
1684966980,+3.46,+10.978, +9.557,+0.942
1684967040,+3.46,+11.032, +9.545,+0.941
1684967100,+3.46,+10.978, +9.532,+0.942
1684967160,+3.46,+10.923, +9.500,+0.942
1684967220,+3.46,+10.969, +9.473,+0.941
1684967280,+3.46,+10.978, +9.491,+0.942
1684967340,+3.46,+11.023, +9.490,+0.942
1684967400,+3.46,+10.978, +9.514,+0.942
1684967460,+3.46,+11.050, +9.475,+0.942
1684967520,+3.46,+11.050, +9.480,+0.942
1684967580,+3.46,+11.104, +9.439,+0.942
1684967640,+3.46,+11.230, +9.456,+0.942
1684967700,+3.46,+11.445, +9.504,+0.942
1684967760,+3.46,+11.490, +9.520,+0.942
1684967820,+3.46,+11.607, +9.515,+0.943
1684967880,+3.46,+11.660, +9.498,+0.943
1684967940,+3.46,+11.866, +9.468,+0.942
1684968000,+3.46,+12.061, +9.463,+0.943
1684968060,+3.46,+12.284, +9.526,+0.942
1684968120,+3.46,+12.452, +9.572,+0.943
1684968180,+3.46,+12.691, +9.572,+0.943
1684968240,+3.46,+12.849, +9.585,+0.942
1684968300,+3.46,+12.893, +9.818,+0.943
1684968360,+3.46,+12.937, +9.533,+0.942
1684968420,+3.46,+12.655, +9.345,+0.942
1684968480,+3.46,+12.540, +9.380,+0.942
1684968540,+3.46,+12.443, +9.402,+0.942
1684968600,+3.46,+12.443, +9.333,+0.941
1684968660,+3.46,+12.213, +9.102,+0.940
1684968720,+3.46,+11.785, +9.011,+0.940
1684968780,+3.46,+11.445, +9.112,+0.940
1684968840,+3.46,+11.293, +9.151,+0.940
1684968900,+3.46,+11.203, +9.168,+0.940
1684968960,+3.46,+11.203, +9.182,+0.941
1684969020,+3.46,+11.113, +9.292,+0.941
1684969080,+3.46,+11.248, +9.362,+0.942
1684969140,+3.46,+11.409, +9.355,+0.942
1684969200,+3.46,+11.409, +9.245,+0.941
1684969260,+3.46,+11.275, +9.332,+0.941
1684969320,+3.46,+11.266, +9.373,+0.941
1684969380,+3.46,+11.293, +9.465,+0.942
1684969440,+3.46,+11.472, +9.431,+0.942
1684969500,+3.46,+11.481, +9.331,+0.941
1684969560,+3.46,+11.472, +9.279,+0.942
1684969620,+3.46,+11.347, +9.236,+0.941
1684969680,+3.46,+11.302, +9.252,+0.941
1684969740,+3.46,+11.347, +9.245,+0.942
1684969800,+3.46,+11.400, +9.245,+0.941
1684969860,+3.46,+11.490, +9.241,+0.941
1684969920,+3.46,+11.615, +9.264,+0.942
1684969980,+3.46,+11.732, +9.275,+0.942
1684970040,+3.46,+11.839, +9.289,+0.942
1684970100,+3.46,+11.990, +9.330,+0.942
1684970160,+3.46,+12.239, +9.396,+0.943
1684970220,+3.46,+12.425, +9.448,+0.942
1684970280,+3.46,+12.434, +9.466,+0.942
1684970340,+3.46,+12.337, +9.457,+0.942
1684970400,+3.46,+12.115, +9.210,+0.940
1684970460,+3.46,+11.874, +9.113,+0.941
1684970520,+3.46,+11.571, +9.120,+0.941
1684970580,+3.46,+11.418, +9.199,+0.941
1684970640,+3.46,+11.329, +9.208,+0.941
1684970700,+3.46,+11.176, +9.237,+0.941
1684970760,+3.46,+11.086, +9.245,+0.941
1684970820,+3.46,+11.113, +9.237,+0.941
1684970880,+3.46,+11.104, +9.247,+0.941
1684970940,+3.46,+11.140, +9.284,+0.942
1684971000,+3.46,+11.248, +9.285,+0.942
1684971060,+3.46,+11.535, +9.307,+0.942
1684971120,+3.46,+11.776, +9.354,+0.942
1684971180,+3.46,+12.133, +9.340,+0.942
1684971240,+3.46,+12.354, +9.401,+0.942
1684971300,+3.46,+12.602, +9.473,+0.942
1684971360,+3.46,+12.770, +9.564,+0.942
1684971420,+3.46,+12.929, +9.664,+0.942
1684971480,+3.46,+12.664, +9.440,+0.941
1684971540,+3.46,+12.470, +9.432,+0.942
1684971600,+3.46,+12.514, +9.523,+0.943
1684971660,+3.46,+12.814, +9.553,+0.942
1684971720,+3.46,+12.999, +9.598,+0.942
1684971780,+3.46,+13.113, +9.690,+0.942
1684971840,+3.46,+12.973, +9.500,+0.941
1684971900,+3.46,+12.770, +9.467,+0.942
1684971960,+3.46,+12.699, +9.517,+0.942
1684972020,+3.46,+12.823, +9.551,+0.942
1684972080,+3.46,+12.532, +9.162,+0.940
1684972140,+3.46,+12.177, +9.201,+0.941
1684972200,+3.46,+12.026, +9.280,+0.941
1684972260,+3.46,+12.017, +9.318,+0.941
1684972320,+3.46,+12.168, +9.339,+0.941
1684972380,+3.46,+12.337, +9.377,+0.942
1684972440,+3.46,+12.523, +9.405,+0.942
1684972500,+3.46,+12.629, +9.463,+0.942
1684972560,+3.46,+12.867, +9.462,+0.942
1684972620,+3.46,+12.981, +9.533,+0.942
1684972680,+3.46,+13.122, +9.576,+0.942
1684972740,+3.46,+13.254, +9.616,+0.942
1684972800,+3.46,+13.297, +9.644,+0.942
1684972860,+3.46,+13.359, +9.654,+0.941
1684972920,+3.46,+13.455, +9.670,+0.942
1684972980,+3.46,+13.525, +9.702,+0.942
1684973040,+3.46,+13.691, +9.687,+0.942
1684973100,+3.46,+13.874, +9.731,+0.942
1684973160,+3.46,+13.987, +9.810,+0.943
1684973220,+3.46,+14.109, +9.845,+0.942
1684973280,+3.46,+14.205, +9.894,+0.942
1684973340,+3.46,+14.335, +9.881,+0.942
1684973400,+3.46,+14.404, +9.877,+0.942
1684973460,+3.46,+14.465, +9.873,+0.942
1684973520,+3.46,+14.465, +9.889,+0.942
1684973580,+3.46,+14.543, +9.877,+0.942
1684973640,+3.46,+14.491, +9.861,+0.942
1684973700,+3.46,+14.187, +9.438,+0.940
1684973760,+3.46,+13.735, +9.379,+0.941
1684973820,+3.46,+13.560, +9.406,+0.940
1684973880,+3.46,+13.578, +9.518,+0.941
1684973940,+3.46,+13.656, +9.582,+0.941
1684974000,+3.46,+13.813, +9.624,+0.941
1684974060,+3.46,+13.926, +9.670,+0.942
1684974120,+3.46,+13.935, +9.639,+0.941
1684974180,+3.46,+13.778, +9.711,+0.942
1684974240,+3.46,+13.787, +9.758,+0.941
1684974300,+3.46,+13.909, +9.754,+0.942
1684974360,+3.46,+13.918, +9.779,+0.942
1684974420,+3.46,+14.057, +9.758,+0.942
1684974480,+3.46,+14.092, +9.785,+0.942
1684974540,+3.46,+14.179, +9.770,+0.941
1684974600,+3.46,+14.257, +9.791,+0.942
1684974660,+3.46,+14.344, +9.772,+0.942
1684974720,+3.46,+14.448, +9.757,+0.942
1684974780,+3.46,+14.534, +9.724,+0.941
1684974840,+3.46,+14.474, +9.777,+0.942
1684974900,+3.46,+14.500, +9.676,+0.941
1684974960,+3.46,+14.430, +9.726,+0.941
1684975020,+3.46,+14.274, +9.844,+0.942
1684975080,+3.46,+14.257, +9.882,+0.941
1684975140,+3.46,+14.257, +9.893,+0.941
1684975200,+3.46,+14.205, +9.918,+0.941
1684975260,+3.46,+14.239, +9.912,+0.942
1684975320,+3.46,+13.926, +9.552,+0.941
1684975380,+3.46,+13.935, +9.592,+0.941
1684975440,+3.46,+13.970, +9.656,+0.941
1684975500,+3.46,+14.040, +9.771,+0.941
1684975560,+3.46,+14.092, +9.809,+0.942
1684975620,+3.46,+14.135, +9.815,+0.941
1684975680,+3.46,+14.118, +9.830,+0.941
1684975740,+3.46,+14.179, +9.833,+0.942
1684975800,+3.46,+14.231, +9.824,+0.942
1684975860,+3.46,+14.274, +9.816,+0.941
1684975920,+3.46,+14.144, +9.266,+0.939
1684975980,+3.46,+13.481, +9.113,+0.940
1684976040,+3.46,+13.403, +9.289,+0.941
1684976100,+3.46,+13.481, +9.380,+0.941
1684976160,+3.46,+13.709, +9.485,+0.941
1684976220,+3.46,+13.665, +9.339,+0.940
1684976280,+3.46,+13.543, +9.506,+0.941
1684976340,+3.46,+13.726, +9.609,+0.941
1684976400,+3.46,+13.839, +9.723,+0.942
1684976460,+3.46,+13.953, +9.736,+0.942
1684976520,+3.46,+14.005, +9.715,+0.941
1684976580,+3.46,+14.092, +9.430,+0.940
1684976640,+3.46,+13.131, +9.126,+0.939
1684976700,+3.46,+13.104, +9.255,+0.941
1684976760,+3.46,+12.990, +9.166,+0.940
1684976820,+3.46,+12.796, +9.170,+0.940
1684976880,+3.46,+12.779, +9.254,+0.941
1684976940,+3.46,+12.858, +9.272,+0.941
1684977000,+3.46,+12.946, +9.295,+0.941
1684977060,+3.46,+12.973, +9.344,+0.941
1684977120,+3.46,+12.999, +9.386,+0.941
1684977180,+3.46,+13.043, +9.356,+0.941
1684977240,+3.46,+12.990, +9.358,+0.941
1684977300,+3.46,+12.955, +9.359,+0.941
1684977360,+3.46,+12.849, +9.177,+0.940
1684977420,+3.46,+12.602, +9.248,+0.940
1684977480,+3.46,+12.487, +9.319,+0.941
1684977540,+3.46,+12.408, +9.343,+0.940
1684977600,+3.46,+12.292, +9.380,+0.941
1684977660,+3.46,+12.266, +9.388,+0.941
1684977720,+3.46,+12.248, +9.385,+0.941
1684977780,+3.46,+12.213, +9.370,+0.941
1684977840,+3.46,+12.230, +9.394,+0.941
1684977900,+3.46,+12.213, +9.442,+0.941
1684977960,+3.46,+12.150, +9.448,+0.941
1684978020,+3.46,+12.159, +9.502,+0.941
1684978080,+3.46,+12.177, +9.568,+0.941
1684978140,+3.46,+12.186, +9.586,+0.941
1684978200,+3.46,+12.124, +9.609,+0.941
1684978260,+3.46,+12.070, +9.656,+0.941
1684978320,+3.46,+12.061, +9.607,+0.941
1684978380,+3.46,+12.035, +9.588,+0.941
1684978440,+3.46,+11.999, +9.578,+0.941
1684978500,+3.46,+11.883, +9.599,+0.942
1684978560,+3.46,+11.928, +9.564,+0.942
1684978620,+3.46,+11.937, +9.548,+0.941
1684978680,+3.46,+11.946, +9.544,+0.942
1684978740,+3.46,+11.892, +9.507,+0.941
1684978800,+3.46,+11.848, +9.509,+0.942
1684978860,+3.46,+11.848, +9.501,+0.941
1684978920,+3.46,+11.839, +9.607,+0.941
1684978980,+3.46,+11.794, +9.678,+0.941
1684979040,+3.46,+11.741, +9.720,+0.942
1684979100,+3.46,+11.785, +9.688,+0.941
1684979160,+3.46,+11.803, +9.682,+0.942
1684979220,+3.46,+11.758, +9.694,+0.942
1684979280,+3.46,+11.785, +9.683,+0.942
1684979340,+3.46,+11.785, +9.662,+0.942
1684979400,+3.46,+11.758, +9.662,+0.942
1684979460,+3.46,+11.750, +9.667,+0.942
1684979520,+3.46,+11.741, +9.697,+0.942
1684979580,+3.46,+11.750, +9.691,+0.942
1684979640,+3.46,+11.705, +9.695,+0.942
1684979700,+3.46,+11.723, +9.694,+0.942
1684979760,+3.46,+11.785, +9.634,+0.942
1684979820,+3.46,+11.750, +9.666,+0.942
1684979880,+3.46,+11.919, +9.624,+0.942
1684979940,+3.46,+12.035, +9.578,+0.942
1684980000,+3.46,+12.070, +9.555,+0.942
1684980060,+3.46,+12.124, +9.530,+0.942
1684980120,+3.46,+12.177, +9.508,+0.942
1684980180,+3.46,+12.079, +9.516,+0.942
1684980240,+3.46,+12.079, +9.495,+0.942
1684980300,+3.46,+12.079, +9.482,+0.942
1684980360,+3.46,+12.035, +9.527,+0.942
1684980420,+3.46,+12.061, +9.608,+0.942
1684980480,+3.46,+12.106, +9.627,+0.942
1684980540,+3.46,+11.999, +9.372,+0.941
1684980600,+3.46,+11.767, +9.336,+0.941
1684980660,+3.46,+11.660, +9.352,+0.941
1684980720,+3.46,+11.553, +9.420,+0.941
1684980780,+3.46,+11.499, +9.426,+0.941
1684980840,+3.46,+11.436, +9.490,+0.942
1684980900,+3.46,+11.418, +9.517,+0.942
1684980960,+3.46,+11.427, +9.530,+0.942
1684981020,+3.46,+11.391, +9.547,+0.942
1684981080,+3.46,+11.409, +9.567,+0.942
1684981140,+3.46,+11.391, +9.573,+0.941
1684981200,+3.46,+11.427, +9.576,+0.942
1684981260,+3.46,+11.400, +9.584,+0.942
1684981320,+3.46,+11.409, +9.586,+0.942
1684981380,+3.46,+11.445, +9.555,+0.941
1684981440,+3.46,+11.427, +9.513,+0.942
1684981500,+3.46,+11.311, +9.519,+0.941
1684981560,+3.46,+11.257, +9.536,+0.942
1684981620,+3.46,+11.167, +9.456,+0.941
1684981680,+3.46,+11.131, +9.412,+0.942
1684981740,+3.46,+11.068, +9.396,+0.941
1684981800,+3.46,+10.987, +9.391,+0.941
1684981860,+3.46,+11.023, +9.378,+0.941
1684981920,+3.46,+10.969, +9.398,+0.942
1684981980,+3.46,+10.987, +9.367,+0.942
1684982040,+3.46,+10.914, +9.368,+0.942
1684982100,+3.46,+10.932, +9.349,+0.941
1684982160,+3.46,+10.860, +9.369,+0.942
1684982220,+3.46,+10.887, +9.342,+0.941
1684982280,+3.46,+10.878, +9.347,+0.942
1684982340,+3.46,+10.887, +9.341,+0.941
1684982400,+3.46,+10.914, +9.338,+0.942
1684982460,+3.46,+10.887, +9.347,+0.941
1684982520,+3.46,+10.869, +9.362,+0.942
1684982580,+3.46,+10.923, +9.339,+0.941
1684982640,+3.46,+10.941, +9.341,+0.942
1684982700,+3.46,+10.932, +9.359,+0.942
1684982760,+3.46,+10.951, +9.353,+0.942
1684982820,+3.46,+10.960, +9.344,+0.941
1684982880,+3.46,+10.987, +9.341,+0.942
1684982940,+3.46,+11.041, +9.340,+0.942
1684983000,+3.46,+11.041, +9.354,+0.942
1684983060,+3.46,+11.041, +9.342,+0.942
1684983120,+3.46,+11.032, +9.333,+0.942
1684983180,+3.46,+10.951, +9.349,+0.942
1684983240,+3.46,+10.978, +9.331,+0.941
1684983300,+3.46,+10.960, +9.368,+0.942
1684983360,+3.46,+11.068, +9.338,+0.942
1684983420,+3.46,+11.077, +9.351,+0.942
1684983480,+3.46,+11.077, +9.369,+0.942
1684983540,+3.46,+11.113, +9.347,+0.942
1684983600,+3.46,+11.167, +9.341,+0.942
1684983660,+3.46,+11.086, +9.365,+0.942
1684983720,+3.46,+11.176, +9.325,+0.941
1684983780,+3.46,+11.113, +9.350,+0.942
1684983840,+3.46,+11.230, +9.312,+0.942
1684983900,+3.46,+11.149, +9.387,+0.942
1684983960,+3.46,+11.212, +9.415,+0.942
1684984020,+3.46,+11.302, +9.420,+0.942
1684984080,+3.46,+11.221, +9.505,+0.942
1684984140,+3.46,+11.230, +9.560,+0.942
1684984200,+3.46,+11.284, +9.587,+0.942
1684984260,+3.46,+11.383, +9.576,+0.942
1684984320,+3.46,+11.356, +9.606,+0.942
1684984380,+3.46,+11.383, +9.684,+0.942
1684984440,+3.46,+11.391, +9.791,+0.942
1684984500,+3.46,+11.356, +9.839,+0.942
1684984560,+3.46,+11.356, +9.793,+0.942
1684984620,+3.46,+11.374, +9.777,+0.942
1684984680,+3.46,+11.365, +9.744,+0.942
1684984740,+3.46,+11.311, +9.757,+0.942
1684984800,+3.46,+11.320, +9.781,+0.942
1684984860,+3.46,+11.284, +9.777,+0.942
1684984920,+3.46,+11.275, +9.694,+0.942
1684984980,+3.46,+11.230, +9.599,+0.942
1684985040,+3.46,+11.113, +9.483,+0.942
1684985100,+3.46,+11.086, +9.407,+0.942
1684985160,+3.46,+11.014, +9.383,+0.942
1684985220,+3.46,+10.996, +9.378,+0.942
1684985280,+3.46,+11.041, +9.357,+0.942
1684985340,+3.46,+11.041, +9.355,+0.942
1684985400,+3.46,+11.041, +9.375,+0.941
1684985460,+3.46,+11.005, +9.409,+0.942
1684985520,+3.46,+11.032, +9.414,+0.942
1684985580,+3.46,+11.059, +9.427,+0.942
1684985640,+3.46,+11.095, +9.443,+0.942
1684985700,+3.46,+11.104, +9.463,+0.942
1684985760,+3.46,+11.077, +9.495,+0.942
1684985820,+3.46,+11.140, +9.497,+0.942
1684985880,+3.46,+11.131, +9.516,+0.941
1684985940,+3.46,+11.140, +9.548,+0.942
1684986000,+3.46,+11.149, +9.572,+0.942
1684986060,+3.46,+11.167, +9.585,+0.941
1684986120,+3.46,+11.176, +9.603,+0.942
1684986180,+3.46,+11.203, +9.643,+0.942
1684986240,+3.46,+11.194, +9.716,+0.942
1684986300,+3.46,+11.203, +9.755,+0.942
1684986360,+3.46,+11.176, +9.744,+0.942
1684986420,+3.46,+11.140, +9.703,+0.942
1684986480,+3.46,+10.860, +9.252,+0.940
1684986540,+3.46,+10.661, +9.233,+0.941
1684986600,+3.46,+10.589, +9.210,+0.941
1684986660,+3.46,+10.480, +9.243,+0.941
1684986720,+3.46,+10.480, +9.255,+0.941
1684986780,+3.46,+10.516, +9.272,+0.942
1684986840,+3.46,+10.570, +9.271,+0.941
1684986900,+3.46,+10.598, +9.286,+0.942
1684986960,+3.46,+10.688, +9.257,+0.941
1684987020,+3.46,+10.598, +9.331,+0.942
1684987080,+3.46,+10.589, +9.337,+0.942
1684987140,+3.46,+10.561, +9.322,+0.941
1684987200,+3.46,+10.543, +9.322,+0.942
1684987260,+3.46,+10.534, +9.330,+0.941
1684987320,+3.46,+10.525, +9.345,+0.942
1684987380,+3.46,+10.552, +9.328,+0.941
1684987440,+3.46,+10.607, +9.303,+0.942
1684987500,+3.46,+10.543, +9.313,+0.941
1684987560,+3.46,+10.625, +9.296,+0.942
1684987620,+3.46,+10.643, +9.292,+0.942
1684987680,+3.46,+10.643, +9.299,+0.942
1684987740,+3.46,+10.616, +9.316,+0.941
1684987800,+3.46,+10.724, +9.288,+0.942
1684987860,+3.46,+10.724, +9.286,+0.941
1684987920,+3.46,+10.734, +9.294,+0.942
1684987980,+3.46,+10.715, +9.318,+0.942
1684988040,+3.46,+10.697, +9.320,+0.941
1684988100,+3.46,+10.724, +9.316,+0.942
1684988160,+3.46,+10.715, +9.313,+0.941
1684988220,+3.46,+10.643, +9.330,+0.941
1684988280,+3.46,+10.443, +9.364,+0.941
1684988340,+3.46,+10.370, +9.293,+0.941
1684988400,+3.46,+10.179, +9.272,+0.941
1684988460,+3.46,+10.042, +9.269,+0.941
1684988520,+3.46, +9.996, +9.314,+0.941
1684988580,+3.46, +9.932, +9.373,+0.941
1684988640,+3.46, +9.868, +9.414,+0.941
1684988700,+3.46, +9.895, +9.425,+0.942
1684988760,+3.46, +9.877, +9.436,+0.942
1684988820,+3.46, +9.859, +9.440,+0.941
1684988880,+3.46, +9.914, +9.422,+0.942
1684988940,+3.46, +9.923, +9.421,+0.942
1684989000,+3.46, +9.932, +9.385,+0.941
1684989060,+3.46, +9.850, +9.424,+0.942
1684989120,+3.46, +9.868, +9.436,+0.941
1684989180,+3.46, +9.822, +9.446,+0.941
1684989240,+3.46, +9.785, +9.449,+0.941
1684989300,+3.46, +9.785, +9.446,+0.942
1684989360,+3.46, +9.730, +9.438,+0.942
1684989420,+3.46, +9.776, +9.387,+0.941
1684989480,+3.46, +9.712, +9.393,+0.942
1684989540,+3.46, +9.675, +9.381,+0.941
1684989600,+3.46, +9.739, +9.366,+0.941
1684989660,+3.46, +9.739, +9.374,+0.942
1684989720,+3.46, +9.629, +9.411,+0.941
1684989780,+3.46, +9.629, +9.390,+0.941
1684989840,+3.46, +9.629, +9.373,+0.941
1684989900,+3.46, +9.611, +9.372,+0.941
1684989960,+3.46, +9.611, +9.378,+0.942
1684990020,+3.46, +9.602, +9.361,+0.941
1684990080,+3.46, +9.555, +9.375,+0.942
1684990140,+3.46, +9.528, +9.376,+0.942
1684990200,+3.46, +9.574, +9.339,+0.941
1684990260,+3.46, +9.565, +9.355,+0.942
1684990320,+3.46, +9.574, +9.377,+0.942
1684990380,+3.46, +9.565, +9.392,+0.942
1684990440,+3.46, +9.620, +9.387,+0.942
1684990500,+3.46, +9.611, +9.379,+0.942
1684990560,+3.46, +9.565, +9.337,+0.941
1684990620,+3.46, +9.509, +9.302,+0.941
1684990680,+3.46, +9.473, +9.277,+0.941
1684990740,+3.46, +9.445, +9.261,+0.941
1684990800,+3.46, +9.417, +9.207,+0.941
1684990860,+3.46, +9.325, +9.207,+0.941
1684990920,+3.46, +9.306, +9.206,+0.941
1684990980,+3.46, +9.214, +9.232,+0.941
1684991040,+3.46, +9.251, +9.213,+0.941
1684991100,+3.46, +9.251, +9.226,+0.941
1684991160,+3.46, +9.297, +9.200,+0.942
1684991220,+3.46, +9.278, +9.199,+0.941
1684991280,+3.46, +9.306, +9.201,+0.942
1684991340,+3.46, +9.352, +9.195,+0.942
1684991400,+3.46, +9.343, +9.219,+0.941
1684991460,+3.46, +9.426, +9.259,+0.942
1684991520,+3.46, +9.528, +9.311,+0.942
1684991580,+3.46, +9.657, +9.312,+0.942
1684991640,+3.46, +9.739, +9.336,+0.942
1684991700,+3.46, +9.886, +9.380,+0.943
1684991760,+3.46,+10.015, +9.390,+0.943
1684991820,+3.46,+10.069, +9.413,+0.942
1684991880,+3.46,+10.197, +9.371,+0.942
1684991940,+3.46,+10.252, +9.367,+0.942
1684992000,+3.46,+10.316, +9.364,+0.943
1684992060,+3.46,+10.325, +9.392,+0.943
1684992120,+3.46,+10.498, +9.373,+0.942
1684992180,+3.46,+10.543, +9.367,+0.942
1684992240,+3.46,+10.516, +9.382,+0.942
1684992300,+3.46,+10.525, +9.380,+0.942
1684992360,+3.46,+10.507, +9.400,+0.942
1684992420,+3.46,+10.570, +9.361,+0.942
1684992480,+3.46,+10.579, +9.336,+0.942
1684992540,+3.46,+10.552, +9.330,+0.942
1684992600,+3.46,+10.525, +9.323,+0.942
1684992660,+3.46,+10.570, +9.330,+0.942
1684992720,+3.46,+10.598, +9.336,+0.942
1684992780,+3.46,+10.589, +9.332,+0.942
1684992840,+3.46,+10.661, +9.300,+0.942
1684992900,+3.46,+10.661, +9.258,+0.941
1684992960,+3.46,+10.616, +9.294,+0.942
1684993020,+3.46,+10.734, +9.290,+0.942
1684993080,+3.46,+10.743, +9.296,+0.942
1684993140,+3.46,+10.761, +9.314,+0.942
1684993200,+3.46,+10.770, +9.326,+0.942
1684993260,+3.46,+10.896, +9.387,+0.942
1684993320,+3.46,+11.167, +9.472,+0.943
1684993380,+3.46,+11.571, +9.510,+0.942
1684993440,+3.46,+12.026, +9.745,+0.944
1684993500,+3.46,+12.425, +9.727,+0.944
1684993560,+3.46,+12.735, +9.783,+0.943
1684993620,+3.46,+13.166,+10.004,+0.945
1684993680,+3.46,+13.490, +9.989,+0.944
1684993740,+3.46,+13.735,+10.068,+0.945
1684993800,+3.46,+14.144,+10.106,+0.944
1684993860,+3.46,+14.370,+10.101,+0.944
1684993920,+3.46,+14.526,+10.081,+0.943
1684993980,+3.46,+14.638,+10.084,+0.944
1684994040,+3.46,+14.733,+10.073,+0.944
1684994100,+3.46,+14.759,+10.064,+0.943
1684994160,+3.46,+14.845,+10.055,+0.943
1684994220,+3.46,+14.932,+10.010,+0.943
1684994280,+3.46,+14.940, +9.994,+0.942
1684994340,+3.46,+14.958, +9.981,+0.943
1684994400,+3.46,+14.897,+10.016,+0.943
1684994460,+3.46,+15.001, +9.986,+0.942
1684994520,+3.46,+14.932,+10.030,+0.943
1684994580,+3.46,+15.001,+10.028,+0.942
1684994640,+3.46,+15.044,+10.023,+0.942
1684994700,+3.46,+15.018,+10.048,+0.943
1684994760,+3.46,+15.044,+10.025,+0.942
1684994820,+3.46,+15.061,+10.020,+0.942
1684994880,+3.46,+15.070,+10.034,+0.942
1684994940,+3.46,+15.026,+10.072,+0.943
1684995000,+3.46,+15.044,+10.063,+0.942
1684995060,+3.46,+15.095,+10.074,+0.942
1684995120,+3.46,+15.121,+10.082,+0.942
1684995180,+3.46,+15.147,+10.087,+0.942
1684995240,+3.46,+15.147,+10.078,+0.942
1684995300,+3.46,+15.173,+10.063,+0.942
1684995360,+3.46,+15.181,+10.063,+0.942
1684995420,+3.46,+15.113,+10.091,+0.942
1684995480,+3.46,+15.113,+10.111,+0.942
1684995540,+3.46,+15.104,+10.118,+0.942
1684995600,+3.46,+15.147,+10.117,+0.942
1684995660,+3.46,+15.138,+10.121,+0.942
1684995720,+3.46,+15.147,+10.119,+0.942
1684995780,+3.46,+15.113,+10.146,+0.942
1684995840,+3.46,+15.130,+10.145,+0.942
1684995900,+3.46,+15.113,+10.141,+0.942
1684995960,+3.46,+15.147,+10.138,+0.942
1684996020,+3.46,+15.216,+10.133,+0.942
1684996080,+3.46,+15.173,+10.150,+0.942
1684996140,+3.46,+15.216,+10.132,+0.942
1684996200,+3.46,+15.216,+10.111,+0.941
1684996260,+3.46,+15.164,+10.143,+0.942
1684996320,+3.46,+15.156,+10.137,+0.942
1684996380,+3.46,+15.190,+10.122,+0.942
1684996440,+3.46,+15.164,+10.132,+0.942
1684996500,+3.46,+15.147,+10.148,+0.942
1684996560,+3.46,+15.199,+10.059,+0.942
1684996620,+3.46,+14.845, +9.884,+0.941
1684996680,+3.46,+14.603, +9.798,+0.941
1684996740,+3.46,+14.577, +9.844,+0.941
1684996800,+3.46,+14.716, +9.917,+0.942
1684996860,+3.46,+14.776, +9.995,+0.942
1684996920,+3.46,+14.863,+10.037,+0.942
1684996980,+3.46,+14.897,+10.051,+0.942
1684997040,+3.46,+14.992,+10.041,+0.942
1684997100,+3.46,+15.001,+10.030,+0.942
1684997160,+3.46,+15.018,+10.053,+0.942
1684997220,+3.46,+14.966,+10.085,+0.942
1684997280,+3.46,+15.052,+10.076,+0.942
1684997340,+3.46,+14.992,+10.085,+0.942
1684997400,+3.46,+15.001,+10.104,+0.942
1684997460,+3.46,+15.078,+10.089,+0.942
1684997520,+3.46,+15.104,+10.088,+0.942
1684997580,+3.46,+15.121,+10.077,+0.942
1684997640,+3.46,+15.147,+10.064,+0.942
1684997700,+3.46,+15.130,+10.081,+0.942
1684997760,+3.46,+15.130,+10.075,+0.942
1684997820,+3.46,+15.173,+10.058,+0.942
1684997880,+3.46,+15.173,+10.047,+0.942
1684997940,+3.46,+15.130,+10.077,+0.943
1684998000,+3.46,+15.095,+10.094,+0.942
1684998060,+3.46,+15.147,+10.102,+0.942
1684998120,+3.46,+15.225,+10.073,+0.942
1684998180,+3.46,+15.173,+10.089,+0.942
1684998240,+3.46,+15.156,+10.079,+0.941
1684998300,+3.46,+15.181,+10.077,+0.942
1684998360,+3.46,+15.199,+10.082,+0.942
1684998420,+3.46,+15.156,+10.085,+0.942
1684998480,+3.46,+15.216,+10.052,+0.942
1684998540,+3.46,+15.113,+10.072,+0.942
1684998600,+3.46,+15.156,+10.055,+0.942
1684998660,+3.46,+15.156,+10.060,+0.942
1684998720,+3.46,+15.156,+10.060,+0.942
1684998780,+3.46,+15.147,+10.083,+0.943
1684998840,+3.46,+15.199,+10.083,+0.942
1684998900,+3.46,+15.173,+10.109,+0.942
1684998960,+3.46,+15.173,+10.103,+0.942
1684999020,+3.46,+15.199,+10.073,+0.942
1684999080,+3.46,+15.225,+10.093,+0.942
1684999140,+3.46,+15.225,+10.089,+0.942
1684999200,+3.46,+15.181,+10.090,+0.942
1684999260,+3.46,+15.199,+10.080,+0.942
1684999320,+3.46,+15.199,+10.102,+0.942
1684999380,+3.46,+15.181,+10.122,+0.942
1684999440,+3.46,+15.173,+10.125,+0.943
1684999500,+3.46,+15.207,+10.102,+0.942
1684999560,+3.46,+15.104,+10.118,+0.942
1684999620,+3.46,+15.164,+10.092,+0.942
1684999680,+3.46,+15.199,+10.037,+0.942
1684999740,+3.46,+15.113,+10.009,+0.942
1684999800,+3.46,+15.078,+10.001,+0.942
1684999860,+3.46,+15.113, +9.973,+0.942
1684999920,+3.46,+15.078, +9.988,+0.941
1684999980,+3.46,+15.078, +9.992,+0.942
1685000040,+3.46,+15.078, +9.971,+0.941
1685000100,+3.46,+15.044, +9.973,+0.942
1685000160,+3.46,+14.940, +9.583,+0.939
1685000220,+3.46,+14.066, +9.482,+0.940
1685000280,+3.46,+13.979, +9.523,+0.940
1685000340,+3.46,+14.100, +9.742,+0.941
1685000400,+3.46,+14.396, +9.955,+0.942
1685000460,+3.46,+14.629,+10.055,+0.943
1685000520,+3.46,+14.647, +9.926,+0.942
1685000580,+3.46,+14.655, +9.935,+0.942
1685000640,+3.46,+14.699, +9.921,+0.941
1685000700,+3.46,+14.811,+10.001,+0.942
1685000760,+3.46,+14.914, +9.995,+0.942
1685000820,+3.46,+14.983, +9.975,+0.942
1685000880,+3.46,+15.009, +9.970,+0.942
1685000940,+3.46,+15.078, +9.936,+0.942
1685001000,+3.46,+15.061, +9.937,+0.942
1685001060,+3.46,+15.044, +9.933,+0.942
1685001120,+3.46,+15.095, +9.915,+0.942
1685001180,+3.46,+15.078, +9.937,+0.942
1685001240,+3.46,+15.078, +9.934,+0.942
1685001300,+3.46,+15.199, +9.891,+0.942
1685001360,+3.46,+15.104, +9.916,+0.942
1685001420,+3.46,+15.138, +9.910,+0.942
1685001480,+3.46,+15.044, +9.927,+0.942
1685001540,+3.46,+15.095, +9.904,+0.942
1685001600,+3.46,+15.104, +9.913,+0.942
1685001660,+3.46,+15.104, +9.900,+0.942
1685001720,+3.46,+15.130, +9.894,+0.942
1685001780,+3.46,+15.147, +9.881,+0.942
1685001840,+3.46,+15.104, +9.884,+0.941
1685001900,+3.46,+15.113, +9.886,+0.942
1685001960,+3.46,+15.121, +9.887,+0.942
1685002020,+3.46,+15.130, +9.894,+0.942
1685002080,+3.46,+15.130, +9.896,+0.942
1685002140,+3.46,+15.104, +9.904,+0.942
1685002200,+3.46,+15.104, +9.908,+0.942
1685002260,+3.46,+15.095, +9.924,+0.942
1685002320,+3.46,+15.164, +9.898,+0.942
1685002380,+3.46,+15.156, +9.906,+0.942
1685002440,+3.46,+15.164, +9.894,+0.942
1685002500,+3.46,+14.906, +9.536,+0.940
1685002560,+3.46,+14.352, +9.365,+0.939
1685002620,+3.46,+13.770, +9.287,+0.939
1685002680,+3.46,+13.385, +9.398,+0.940
1685002740,+3.46,+13.131, +9.412,+0.940
1685002800,+3.46,+13.025, +9.528,+0.941
1685002860,+3.46,+13.394, +9.772,+0.942
1685002920,+3.46,+13.831,+10.025,+0.943
1685002980,+3.46,+14.266,+10.052,+0.943
1685003040,+3.46,+14.569,+10.054,+0.943
1685003100,+3.46,+14.118, +9.473,+0.940
1685003160,+3.46,+13.490, +9.239,+0.939
1685003220,+3.46,+13.025, +9.306,+0.939
1685003280,+3.46,+12.708, +9.408,+0.940
1685003340,+3.46,+12.532, +9.448,+0.940
1685003400,+3.46,+12.354, +9.484,+0.940
1685003460,+3.46,+12.186, +9.555,+0.941
1685003520,+3.46,+12.159, +9.558,+0.940
1685003580,+3.46,+12.088, +9.584,+0.941
1685003640,+3.46,+12.079, +9.591,+0.941
1685003700,+3.46,+12.026, +9.595,+0.941
1685003760,+3.46,+11.972, +9.624,+0.941
1685003820,+3.46,+11.972, +9.624,+0.941
1685003880,+3.46,+12.017, +9.618,+0.941
1685003940,+3.46,+12.026, +9.637,+0.941
1685004000,+3.46,+12.017, +9.670,+0.941
1685004060,+3.46,+12.124, +9.658,+0.942
1685004120,+3.46,+12.115, +9.693,+0.941
1685004180,+3.46,+12.195, +9.702,+0.942
1685004240,+3.46,+12.230, +9.755,+0.942
1685004300,+3.46,+12.354, +9.882,+0.942
1685004360,+3.46,+12.399, +9.924,+0.942
1685004420,+3.46,+12.496, +9.971,+0.942
1685004480,+3.46,+12.593,+10.025,+0.943
1685004540,+3.46,+12.602,+10.019,+0.942
1685004600,+3.46,+12.646, +9.998,+0.942
1685004660,+3.46,+12.620, +9.998,+0.943
1685004720,+3.46,+12.717, +9.948,+0.942
1685004780,+3.46,+12.620,+10.008,+0.942
1685004840,+3.46,+12.585,+10.034,+0.942
1685004900,+3.46,+12.699, +9.982,+0.941
1685004960,+3.46,+12.611,+10.000,+0.942
1685005020,+3.46,+12.576,+10.028,+0.942
1685005080,+3.46,+12.567,+10.027,+0.942
1685005140,+3.46,+12.567,+10.007,+0.942
1685005200,+3.46,+12.593, +9.999,+0.942
1685005260,+3.46,+12.585, +9.996,+0.942
1685005320,+3.46,+12.496,+10.038,+0.942
1685005380,+3.46,+12.540,+10.013,+0.942
1685005440,+3.46,+12.532,+10.024,+0.942
1685005500,+3.46,+12.505,+10.044,+0.942
1685005560,+3.46,+12.496,+10.057,+0.942
1685005620,+3.46,+12.523,+10.060,+0.942
1685005680,+3.46,+12.452, +9.973,+0.942
1685005740,+3.46,+12.346, +9.834,+0.942
1685005800,+3.46,+12.292, +9.800,+0.941
1685005860,+3.46,+12.266, +9.799,+0.942
1685005920,+3.46,+12.266, +9.775,+0.941
1685005980,+3.46,+12.204, +9.796,+0.941
1685006040,+3.46,+12.186, +9.800,+0.942
1685006100,+3.46,+12.168, +9.816,+0.942
1685006160,+3.46,+12.141, +9.816,+0.942
1685006220,+3.46,+12.141, +9.815,+0.941
1685006280,+3.46,+12.141, +9.825,+0.942
1685006340,+3.46,+12.097, +9.854,+0.942
1685006400,+3.46,+12.124, +9.838,+0.942
1685006460,+3.46,+12.141, +9.832,+0.942
1685006520,+3.46,+12.115, +9.840,+0.942
1685006580,+3.46,+12.115, +9.844,+0.942
1685006640,+3.46,+12.115, +9.847,+0.942
1685006700,+3.46,+12.177, +9.824,+0.942
1685006760,+3.46,+12.106, +9.860,+0.942
1685006820,+3.46,+12.124, +9.860,+0.942
1685006880,+3.46,+12.141, +9.854,+0.942
1685006940,+3.46,+12.106, +9.864,+0.942
1685007000,+3.46,+12.124, +9.867,+0.942
1685007060,+3.46,+12.097, +9.871,+0.942
1685007120,+3.46,+12.124, +9.866,+0.942
1685007180,+3.46,+12.150, +9.842,+0.942
1685007240,+3.46,+12.168, +9.837,+0.942
1685007300,+3.46,+12.150, +9.846,+0.942
1685007360,+3.46,+12.079, +9.864,+0.942
1685007420,+3.46,+12.106, +9.869,+0.942
1685007480,+3.46,+12.141, +9.847,+0.942
1685007540,+3.46,+12.124, +9.851,+0.942
1685007600,+3.46,+12.124, +9.848,+0.942
1685007660,+3.46,+12.115, +9.855,+0.942
1685007720,+3.46,+12.133, +9.854,+0.943
1685007780,+3.46,+12.159, +9.845,+0.942
1685007840,+3.46,+12.230, +9.825,+0.943
1685007900,+3.46,+12.159, +9.853,+0.942
1685007960,+3.46,+12.168, +9.852,+0.942
1685008020,+3.46,+12.204, +9.858,+0.942
1685008080,+3.46,+12.186, +9.883,+0.942
1685008140,+3.46,+12.159, +9.911,+0.942
1685008200,+3.46,+12.133, +9.861,+0.942
1685008260,+3.46,+12.097, +9.871,+0.942
1685008320,+3.46,+12.044, +9.890,+0.942
1685008380,+3.46,+12.124, +9.887,+0.942
1685008440,+3.46,+12.088, +9.923,+0.942
1685008500,+3.46,+12.141, +9.921,+0.942
1685008560,+3.46,+12.177, +9.902,+0.942
1685008620,+3.46,+12.177, +9.934,+0.942
1685008680,+3.46,+12.186, +9.965,+0.942
1685008740,+3.46,+12.141,+10.000,+0.943
1685008800,+3.46,+12.133,+10.007,+0.942
1685008860,+3.46,+12.141,+10.009,+0.942
1685008920,+3.46,+12.204, +9.990,+0.942
1685008980,+3.46,+12.275, +9.939,+0.942
1685009040,+3.46,+12.239, +9.954,+0.942
1685009100,+3.46,+12.177, +9.985,+0.942
1685009160,+3.46,+12.159, +9.998,+0.942
1685009220,+3.46,+12.195, +9.989,+0.942
1685009280,+3.46,+12.186, +9.992,+0.942
1685009340,+3.46,+12.177,+10.017,+0.943
1685009400,+3.46,+12.124,+10.028,+0.942
1685009460,+3.46,+12.168,+10.026,+0.943
1685009520,+3.46,+12.133,+10.033,+0.942
1685009580,+3.46,+12.133,+10.045,+0.943
1685009640,+3.46,+12.141,+10.035,+0.942
1685009700,+3.46,+12.159,+10.038,+0.942
1685009760,+3.46,+12.133,+10.051,+0.942
1685009820,+3.46,+12.133,+10.057,+0.942
1685009880,+3.46,+12.150,+10.052,+0.943
1685009940,+3.46,+12.097,+10.058,+0.942
1685010000,+3.46,+12.168,+10.043,+0.942
1685010060,+3.46,+12.097,+10.042,+0.942
1685010120,+3.46,+12.070,+10.009,+0.943
1685010180,+3.46,+12.026, +9.941,+0.942
1685010240,+3.46,+11.972, +9.916,+0.942
1685010300,+3.46,+11.946, +9.891,+0.942
1685010360,+3.46,+11.883, +9.909,+0.942
1685010420,+3.46,+11.821, +9.925,+0.942
1685010480,+3.46,+11.821, +9.909,+0.942
1685010540,+3.46,+11.723, +9.933,+0.942
1685010600,+3.46,+11.651, +9.943,+0.941
1685010660,+3.46,+11.669, +9.947,+0.942
1685010720,+3.46,+11.660, +9.946,+0.942
1685010780,+3.46,+11.615, +9.960,+0.942
1685010840,+3.46,+11.669, +9.944,+0.942
1685010900,+3.46,+11.633, +9.968,+0.942
1685010960,+3.46,+11.687, +9.946,+0.942
1685011020,+3.46,+11.660, +9.954,+0.942
1685011080,+3.46,+11.642, +9.965,+0.942
1685011140,+3.46,+11.642, +9.965,+0.942
1685011200,+3.46,+11.696, +9.942,+0.942
1685011260,+3.46,+11.732, +9.928,+0.942
1685011320,+3.46,+11.678, +9.953,+0.942
1685011380,+3.46,+11.669, +9.960,+0.942
1685011440,+3.46,+11.741, +9.942,+0.942
1685011500,+3.46,+11.741, +9.958,+0.942
1685011560,+3.46,+11.803, +9.938,+0.942
1685011620,+3.46,+11.839, +9.936,+0.943
1685011680,+3.46,+11.821, +9.943,+0.943
1685011740,+3.46,+11.848, +9.918,+0.942
1685011800,+3.46,+11.830, +9.909,+0.942
1685011860,+3.46,+11.883, +9.814,+0.942
1685011920,+3.46,+11.678, +9.896,+0.942
1685011980,+3.46,+11.624, +9.900,+0.942
1685012040,+3.46,+11.562, +9.913,+0.942
1685012100,+3.46,+11.481, +9.935,+0.942
1685012160,+3.46,+11.445, +9.926,+0.942
1685012220,+3.46,+11.427, +9.904,+0.942
1685012280,+3.46,+11.365, +9.917,+0.942
1685012340,+3.46,+11.338, +9.910,+0.942
1685012400,+3.46,+11.257, +9.913,+0.942
1685012460,+3.46,+11.257, +9.896,+0.942
1685012520,+3.46,+11.257, +9.869,+0.942
1685012580,+3.46,+11.221, +9.860,+0.942
1685012640,+3.46,+11.221, +9.858,+0.942
1685012700,+3.46,+11.140, +9.881,+0.942
1685012760,+3.46,+11.149, +9.857,+0.942
1685012820,+3.46,+11.158, +9.838,+0.942
1685012880,+3.46,+11.149, +9.856,+0.942
1685012940,+3.46,+11.194, +9.861,+0.942
1685013000,+3.46,+11.176, +9.885,+0.942
1685013060,+3.46,+11.203, +9.878,+0.942
1685013120,+3.46,+11.212, +9.875,+0.942
1685013180,+3.46,+11.131, +9.893,+0.942
1685013240,+3.46,+11.230, +9.864,+0.942
1685013300,+3.46,+11.257, +9.864,+0.942
1685013360,+3.46,+11.257, +9.881,+0.942
1685013420,+3.46,+11.221, +9.910,+0.942
1685013480,+3.46,+11.203, +9.910,+0.942
1685013540,+3.46,+11.248, +9.895,+0.942
1685013600,+3.46,+11.194, +9.886,+0.942
1685013660,+3.46,+11.149, +9.875,+0.942
1685013720,+3.46,+11.113, +9.852,+0.942
1685013780,+3.46,+11.140, +9.806,+0.942
1685013840,+3.46,+11.095, +9.812,+0.942
1685013900,+3.46,+11.095, +9.797,+0.942
1685013960,+3.46,+11.068, +9.802,+0.942
1685014020,+3.46,+11.023, +9.812,+0.942
1685014080,+3.46,+11.041, +9.808,+0.942
1685014140,+3.46,+11.014, +9.800,+0.942
1685014200,+3.46,+11.032, +9.783,+0.942
1685014260,+3.46,+10.941, +9.779,+0.942
1685014320,+3.46,+10.923, +9.751,+0.942
1685014380,+3.46,+10.878, +9.728,+0.942
1685014440,+3.46,+10.815, +9.727,+0.942
1685014500,+3.46,+10.788, +9.698,+0.942
1685014560,+3.46,+10.806, +9.653,+0.942
1685014620,+3.46,+10.752, +9.648,+0.942
1685014680,+3.46,+10.697, +9.646,+0.942
1685014740,+3.46,+10.761, +9.609,+0.942
1685014800,+3.46,+10.724, +9.614,+0.941
1685014860,+3.46,+10.688, +9.653,+0.942
1685014920,+3.46,+10.724, +9.631,+0.942
1685014980,+3.46,+10.715, +9.629,+0.942
1685015040,+3.46,+10.679, +9.629,+0.942
1685015100,+3.46,+10.643, +9.627,+0.942
1685015160,+3.46,+10.652, +9.606,+0.942
1685015220,+3.46,+10.570, +9.619,+0.942
1685015280,+3.46,+10.516, +9.643,+0.942
1685015340,+3.46,+10.570, +9.623,+0.942
1685015400,+3.46,+10.589, +9.606,+0.942
1685015460,+3.46,+10.579, +9.593,+0.941
1685015520,+3.46,+10.507, +9.618,+0.942
1685015580,+3.46,+10.534, +9.612,+0.942
1685015640,+3.46,+10.525, +9.622,+0.942
1685015700,+3.46,+10.534, +9.621,+0.942
1685015760,+3.46,+10.489, +9.635,+0.942
1685015820,+3.46,+10.452, +9.640,+0.942
1685015880,+3.46,+10.407, +9.663,+0.942
1685015940,+3.46,+10.470, +9.642,+0.942
1685016000,+3.46,+10.434, +9.647,+0.942
1685016060,+3.46,+10.380, +9.669,+0.942
1685016120,+3.46,+10.416, +9.670,+0.942
1685016180,+3.46,+10.425, +9.677,+0.942
1685016240,+3.46,+10.480, +9.680,+0.942
1685016300,+3.46,+10.452, +9.711,+0.942
1685016360,+3.46,+10.516, +9.693,+0.942
1685016420,+3.46,+10.543, +9.732,+0.942
1685016480,+3.46,+10.552, +9.763,+0.943
1685016540,+3.46,+10.625, +9.762,+0.942
1685016600,+3.46,+10.634, +9.808,+0.943
1685016660,+3.46,+10.752, +9.787,+0.943
1685016720,+3.46,+10.824, +9.818,+0.943
1685016780,+3.46,+10.770, +9.834,+0.942
1685016840,+3.46,+10.851, +9.846,+0.942
1685016900,+3.46,+10.878, +9.850,+0.942
1685016960,+3.46,+10.887, +9.913,+0.942
1685017020,+3.46,+10.978, +9.893,+0.943
1685017080,+3.46,+11.041, +9.902,+0.943
1685017140,+3.46,+11.086, +9.926,+0.943
1685017200,+3.46,+11.140, +9.922,+0.943
1685017260,+3.46,+11.185, +9.910,+0.943
1685017320,+3.46,+11.203, +9.919,+0.943
1685017380,+3.46,+11.203, +9.928,+0.943
1685017440,+3.46,+11.167, +9.928,+0.942
1685017500,+3.46,+11.257, +9.913,+0.942
1685017560,+3.46,+11.221, +9.931,+0.942
1685017620,+3.46,+11.194, +9.945,+0.942
1685017680,+3.46,+11.248, +9.940,+0.943
1685017740,+3.46,+11.329, +9.911,+0.942
1685017800,+3.46,+11.302, +9.917,+0.942
1685017860,+3.46,+11.293, +9.937,+0.943
1685017920,+3.46,+11.257, +9.951,+0.942
1685017980,+3.46,+11.302, +9.947,+0.942
1685018040,+3.46,+11.320, +9.945,+0.942
1685018100,+3.46,+11.365, +9.944,+0.942
1685018160,+3.46,+11.391, +9.934,+0.942
1685018220,+3.46,+11.347, +9.952,+0.942
1685018280,+3.46,+11.338, +9.960,+0.942
1685018340,+3.46,+11.365, +9.959,+0.942
1685018400,+3.46,+11.418, +9.938,+0.942
1685018460,+3.46,+11.409, +9.944,+0.942
1685018520,+3.46,+11.409, +9.936,+0.942
1685018580,+3.46,+11.391, +9.943,+0.942
1685018640,+3.46,+11.472, +9.906,+0.942
1685018700,+3.46,+11.418, +9.910,+0.942
1685018760,+3.46,+11.400, +9.948,+0.943
1685018820,+3.46,+11.427, +9.942,+0.942
1685018880,+3.46,+11.436, +9.963,+0.942
1685018940,+3.46,+11.445, +9.959,+0.942
1685019000,+3.46,+11.391,+10.011,+0.943
1685019060,+3.46,+11.472,+10.024,+0.942
1685019120,+3.46,+11.490,+10.056,+0.942
1685019180,+3.46,+11.490,+10.060,+0.942
