7450-798456
OS REV: 1.03 Sensor Cal: 1539277937
Time (sec),  BV (Volts),  T (deg C),  DO (mg/l),  Q ()
1686315240,+3.47,+10.905, +9.664,+0.941
1686315300,+3.47,+10.788, +9.672,+0.941
1686315360,+3.47,+10.815, +9.646,+0.941
1686315420,+3.47,+10.752, +9.629,+0.940
1686315480,+3.47,+10.697, +9.633,+0.941
1686315540,+3.47,+10.697, +9.623,+0.941
1686315600,+3.47,+10.724, +9.619,+0.940
1686315660,+3.47,+10.715, +9.588,+0.940
1686315720,+3.47,+10.670, +9.612,+0.941
1686315780,+3.47,+10.643, +9.621,+0.941
1686315840,+3.47,+10.661, +9.620,+0.941
1686315900,+3.47,+10.688, +9.625,+0.941
1686315960,+3.47,+10.634, +9.661,+0.941
1686316020,+3.47,+10.743, +9.648,+0.941
1686316080,+3.47,+10.643, +9.681,+0.941
1686316140,+3.47,+10.697, +9.600,+0.941
1686316200,+3.47,+10.616, +9.549,+0.940
1686316260,+3.47,+10.516, +9.522,+0.940
1686316320,+3.47,+10.498, +9.507,+0.941
1686316380,+3.47,+10.425, +9.517,+0.941
1686316440,+3.47,+10.507, +9.500,+0.941
1686316500,+3.47,+10.434, +9.510,+0.940
1686316560,+3.47,+10.407, +9.520,+0.940
1686316620,+3.47,+10.434, +9.503,+0.940
1686316680,+3.47,+10.398, +9.514,+0.940
1686316740,+3.47,+10.434, +9.511,+0.940
1686316800,+3.47,+10.407, +9.523,+0.941
1686316860,+3.47,+10.452, +9.511,+0.941
1686316920,+3.47,+10.370, +9.519,+0.941
1686316980,+3.47,+10.361, +9.519,+0.941
1686317040,+3.47,+10.370, +9.504,+0.941
1686317100,+3.47,+10.361, +9.498,+0.941
1686317160,+3.47,+10.380, +9.512,+0.941
1686317220,+3.47,+10.343, +9.513,+0.940
1686317280,+3.47,+10.325, +9.511,+0.940
1686317340,+3.47,+10.325, +9.512,+0.941
1686317400,+3.47,+10.307, +9.520,+0.941
1686317460,+3.47,+10.325, +9.516,+0.941
1686317520,+3.47,+10.325, +9.522,+0.941
1686317580,+3.47,+10.361, +9.498,+0.940
1686317640,+3.47,+10.307, +9.522,+0.940
1686317700,+3.47,+10.298, +9.530,+0.940
1686317760,+3.47,+10.298, +9.547,+0.941
1686317820,+3.47,+10.288, +9.558,+0.941
1686317880,+3.47,+10.270, +9.566,+0.941
1686317940,+3.47,+10.252, +9.570,+0.940
1686318000,+3.47,+10.243, +9.532,+0.941
1686318060,+3.47,+10.179, +9.534,+0.940
1686318120,+3.47,+10.170, +9.537,+0.940
1686318180,+3.47,+10.106, +9.536,+0.941
1686318240,+3.47,+10.115, +9.519,+0.941
1686318300,+3.47,+10.069, +9.527,+0.941
1686318360,+3.47,+10.060, +9.521,+0.940
1686318420,+3.47,+10.079, +9.512,+0.940
1686318480,+3.47,+10.051, +9.522,+0.940
1686318540,+3.47,+10.015, +9.535,+0.941
1686318600,+3.47, +9.987, +9.543,+0.941
1686318660,+3.47,+10.024, +9.519,+0.940
1686318720,+3.47, +9.996, +9.539,+0.941
1686318780,+3.47,+10.051, +9.511,+0.940
1686318840,+3.47, +9.978, +9.559,+0.941
1686318900,+3.47,+10.051, +9.524,+0.940
1686318960,+3.47, +9.996, +9.565,+0.941
1686319020,+3.47, +9.969, +9.560,+0.941
1686319080,+3.47,+10.024, +9.542,+0.941
1686319140,+3.47, +9.941, +9.568,+0.940
1686319200,+3.47, +9.969, +9.563,+0.941
1686319260,+3.47, +9.969, +9.560,+0.940
1686319320,+3.47, +9.987, +9.560,+0.941
1686319380,+3.47, +9.960, +9.561,+0.941
1686319440,+3.47, +9.978, +9.550,+0.941
1686319500,+3.47, +9.941, +9.570,+0.941
1686319560,+3.47, +9.923, +9.579,+0.941
1686319620,+3.47, +9.978, +9.558,+0.941
1686319680,+3.47, +9.941, +9.578,+0.940
1686319740,+3.47, +9.960, +9.577,+0.941
1686319800,+3.47, +9.960, +9.574,+0.941
1686319860,+3.47,+10.005, +9.559,+0.941
1686319920,+3.47, +9.969, +9.572,+0.940
1686319980,+3.47, +9.978, +9.561,+0.941
1686320040,+3.47, +9.987, +9.564,+0.941
1686320100,+3.47, +9.978, +9.568,+0.941
1686320160,+3.47, +9.969, +9.582,+0.941
1686320220,+3.47, +9.978, +9.569,+0.941
1686320280,+3.47, +9.978, +9.572,+0.941
1686320340,+3.47,+10.024, +9.562,+0.941
1686320400,+3.47,+10.024, +9.580,+0.941
1686320460,+3.47,+10.088, +9.553,+0.941
1686320520,+3.47,+10.042, +9.576,+0.941
1686320580,+3.47,+10.033, +9.578,+0.941
1686320640,+3.47,+10.088, +9.569,+0.941
1686320700,+3.47,+10.088, +9.582,+0.941
1686320760,+3.47,+10.106, +9.595,+0.941
1686320820,+3.47,+10.161, +9.568,+0.941
1686320880,+3.47,+10.115, +9.584,+0.941
1686320940,+3.47,+10.170, +9.572,+0.941
1686321000,+3.47,+10.234, +9.565,+0.941
1686321060,+3.47,+10.225, +9.595,+0.941
1686321120,+3.47,+10.325, +9.585,+0.941
1686321180,+3.47,+10.352, +9.593,+0.941
1686321240,+3.47,+10.416, +9.592,+0.941
1686321300,+3.47,+10.398, +9.617,+0.941
1686321360,+3.47,+10.461, +9.624,+0.941
1686321420,+3.47,+10.507, +9.653,+0.941
1686321480,+3.47,+10.516, +9.653,+0.941
1686321540,+3.47,+10.452, +9.630,+0.941
1686321600,+3.47,+10.489, +9.605,+0.940
1686321660,+3.47,+10.489, +9.595,+0.941
1686321720,+3.47,+10.543, +9.576,+0.941
1686321780,+3.47,+10.498, +9.604,+0.941
1686321840,+3.47,+10.452, +9.619,+0.941
1686321900,+3.47,+10.452, +9.622,+0.941
1686321960,+3.47,+10.534, +9.588,+0.941
1686322020,+3.47,+10.507, +9.608,+0.941
1686322080,+3.47,+10.534, +9.602,+0.941
1686322140,+3.47,+10.489, +9.620,+0.941
1686322200,+3.47,+10.507, +9.627,+0.941
1686322260,+3.47,+10.516, +9.596,+0.940
1686322320,+3.47,+10.516, +9.593,+0.941
1686322380,+3.47,+10.489, +9.607,+0.941
1686322440,+3.47,+10.480, +9.605,+0.940
1686322500,+3.47,+10.480, +9.615,+0.941
1686322560,+3.47,+10.507, +9.596,+0.941
1686322620,+3.47,+10.452, +9.599,+0.941
1686322680,+3.47,+10.480, +9.558,+0.940
1686322740,+3.47,+10.470, +9.547,+0.941
1686322800,+3.47,+10.389, +9.552,+0.940
1686322860,+3.47,+10.389, +9.540,+0.941
1686322920,+3.47,+10.370, +9.542,+0.941
1686322980,+3.47,+10.352, +9.535,+0.940
1686323040,+3.47,+10.352, +9.530,+0.940
1686323100,+3.47,+10.316, +9.548,+0.940
1686323160,+3.47,+10.298, +9.547,+0.941
1686323220,+3.47,+10.298, +9.535,+0.940
1686323280,+3.47,+10.316, +9.530,+0.940
1686323340,+3.47,+10.288, +9.550,+0.941
1686323400,+3.47,+10.316, +9.547,+0.941
1686323460,+3.47,+10.288, +9.566,+0.941
1686323520,+3.47,+10.307, +9.544,+0.940
1686323580,+3.47,+10.288, +9.556,+0.941
1686323640,+3.47,+10.361, +9.540,+0.941
1686323700,+3.47,+10.361, +9.542,+0.940
1686323760,+3.47,+10.343, +9.577,+0.941
1686323820,+3.47,+10.398, +9.566,+0.941
1686323880,+3.47,+10.407, +9.566,+0.941
1686323940,+3.47,+10.370, +9.592,+0.942
1686324000,+3.47,+10.361, +9.588,+0.941
1686324060,+3.47,+10.370, +9.585,+0.940
1686324120,+3.47,+10.425, +9.580,+0.941
1686324180,+3.47,+10.389, +9.610,+0.941
1686324240,+3.47,+10.389, +9.600,+0.941
1686324300,+3.47,+10.425, +9.590,+0.941
1686324360,+3.47,+10.416, +9.585,+0.940
1686324420,+3.47,+10.452, +9.557,+0.940
1686324480,+3.47,+10.443, +9.560,+0.941
1686324540,+3.47,+10.443, +9.544,+0.940
1686324600,+3.47,+10.461, +9.547,+0.941
1686324660,+3.47,+10.434, +9.564,+0.941
1686324720,+3.47,+10.443, +9.559,+0.941
1686324780,+3.47,+10.434, +9.552,+0.941
1686324840,+3.47,+10.480, +9.559,+0.941
1686324900,+3.47,+10.534, +9.623,+0.941
1686324960,+3.47,+10.688, +9.597,+0.941
1686325020,+3.47,+10.661, +9.636,+0.941
1686325080,+3.47,+10.761, +9.674,+0.942
1686325140,+3.47,+10.887, +9.669,+0.941
1686325200,+3.47,+10.932, +9.679,+0.941
1686325260,+3.47,+10.960, +9.702,+0.941
1686325320,+3.47,+10.969, +9.735,+0.941
1686325380,+3.47,+11.041, +9.726,+0.941
1686325440,+3.47,+11.032, +9.766,+0.941
1686325500,+3.47,+11.077, +9.754,+0.941
1686325560,+3.47,+11.095, +9.756,+0.941
1686325620,+3.46,+11.095, +9.753,+0.941
1686325680,+3.46,+11.086, +9.764,+0.941
1686325740,+3.47,+11.113, +9.742,+0.941
1686325800,+3.47,+11.122, +9.745,+0.942
1686325860,+3.47,+11.203, +9.741,+0.941
1686325920,+3.47,+11.311, +9.762,+0.941
1686325980,+3.47,+11.356, +9.694,+0.940
1686326040,+3.47,+11.365, +9.720,+0.941
1686326100,+3.47,+11.427, +9.727,+0.941
1686326160,+3.47,+11.508, +9.696,+0.941
1686326220,+3.47,+11.445, +9.722,+0.941
1686326280,+3.47,+11.481, +9.711,+0.941
1686326340,+3.47,+11.436, +9.719,+0.940
1686326400,+3.47,+11.526, +9.759,+0.941
1686326460,+3.47,+11.660, +9.742,+0.941
1686326520,+3.47,+11.598, +9.851,+0.942
1686326580,+3.47,+11.723, +9.919,+0.941
1686326640,+3.47,+11.821, +9.956,+0.941
1686326700,+3.47,+11.910, +9.958,+0.941
1686326760,+3.47,+11.919,+10.007,+0.942
1686326820,+3.47,+12.088,+10.022,+0.941
1686326880,+3.47,+12.239,+10.101,+0.942
1686326940,+3.47,+12.354,+10.124,+0.941
1686327000,+3.47,+12.523,+10.225,+0.942
1686327060,+3.47,+12.867,+10.377,+0.943
1686327120,+3.47,+12.999,+10.050,+0.941
1686327180,+3.47,+12.770,+10.113,+0.941
1686327240,+3.47,+12.937,+10.342,+0.943
1686327300,+3.46,+13.280,+10.248,+0.941
1686327360,+3.47,+12.920, +9.973,+0.940
1686327420,+3.47,+12.849,+10.044,+0.940
1686327480,+3.47,+12.823,+10.094,+0.941
1686327540,+3.47,+12.779,+10.128,+0.941
1686327600,+3.47,+12.920,+10.195,+0.941
1686327660,+3.47,+13.034,+10.261,+0.941
1686327720,+3.47,+13.341,+10.432,+0.943
1686327780,+3.47,+13.970,+10.761,+0.944
1686327840,+3.47,+14.387,+10.817,+0.943
1686327900,+3.47,+14.681,+10.864,+0.943
1686327960,+3.47,+14.811,+10.123,+0.939
1686328020,+3.47,+14.482,+10.288,+0.941
1686328080,+3.47,+14.352,+10.380,+0.942
1686328140,+3.46,+14.335,+10.420,+0.942
1686328200,+3.46,+14.422,+10.487,+0.941
1686328260,+3.47,+14.603,+10.502,+0.941
1686328320,+3.47,+14.422,+10.243,+0.940
1686328380,+3.47,+14.005,+10.018,+0.940
1686328440,+3.47,+13.831,+10.111,+0.940
1686328500,+3.47,+13.813,+10.180,+0.941
1686328560,+3.47,+13.857,+10.244,+0.941
1686328620,+3.47,+13.804,+10.182,+0.940
1686328680,+3.47,+13.647,+10.150,+0.940
1686328740,+3.47,+13.604,+10.173,+0.941
1686328800,+3.47,+13.647,+10.252,+0.940
1686328860,+3.47,+13.691,+10.099,+0.940
1686328920,+3.46,+13.429,+10.094,+0.940
1686328980,+3.47,+13.350,+10.113,+0.940
1686329040,+3.47,+13.341,+10.118,+0.940
1686329100,+3.46,+13.254,+10.139,+0.940
1686329160,+3.47,+13.192,+10.132,+0.940
1686329220,+3.46,+13.262,+10.141,+0.940
1686329280,+3.47,+13.368,+10.258,+0.941
1686329340,+3.47,+13.516,+10.249,+0.941
1686329400,+3.47,+13.525,+10.301,+0.941
1686329460,+3.47,+13.665,+10.308,+0.941
1686329520,+3.47,+13.796,+10.354,+0.941
1686329580,+3.47,+13.979,+10.380,+0.941
1686329640,+3.47,+13.961,+10.302,+0.941
1686329700,+3.47,+13.935,+10.300,+0.941
1686329760,+3.47,+13.935,+10.114,+0.940
1686329820,+3.47,+13.717,+10.100,+0.940
1686329880,+3.47,+13.604,+10.166,+0.941
1686329940,+3.47,+13.621,+10.274,+0.941
1686330000,+3.47,+13.639,+10.047,+0.939
1686330060,+3.47,+13.420,+10.170,+0.940
1686330120,+3.47,+13.385,+10.170,+0.940
1686330180,+3.47,+13.306,+10.156,+0.940
1686330240,+3.47,+13.271,+10.147,+0.940
1686330300,+3.46,+13.219,+10.148,+0.941
1686330360,+3.47,+13.183,+10.164,+0.941
1686330420,+3.47,+13.122,+10.188,+0.940
1686330480,+3.47,+13.131,+10.156,+0.940
1686330540,+3.47,+13.078,+10.109,+0.940
1686330600,+3.47,+13.078,+10.092,+0.940
1686330660,+3.47,+13.078,+10.130,+0.941
1686330720,+3.47,+13.122,+10.135,+0.941
1686330780,+3.47,+13.420,+10.358,+0.942
1686330840,+3.47,+13.926,+10.698,+0.943
1686330900,+3.47,+14.352,+10.729,+0.943
1686330960,+3.47,+14.742,+10.726,+0.943
1686331020,+3.47,+14.992,+10.818,+0.943
1686331080,+3.47,+15.207,+10.874,+0.943
1686331140,+3.47,+15.345,+10.878,+0.943
1686331200,+3.46,+15.448,+10.863,+0.943
1686331260,+3.46,+15.594,+10.805,+0.943
1686331320,+3.47,+15.517,+10.815,+0.943
1686331380,+3.46,+15.551,+10.795,+0.942
1686331440,+3.46,+15.542,+10.805,+0.943
1686331500,+3.46,+15.620,+10.779,+0.942
1686331560,+3.46,+15.620,+10.708,+0.942
1686331620,+3.47,+15.551,+10.649,+0.942
1686331680,+3.47,+15.422,+10.652,+0.941
1686331740,+3.46,+15.422,+10.622,+0.942
1686331800,+3.46,+15.362,+10.655,+0.941
1686331860,+3.47,+15.216,+10.701,+0.941
1686331920,+3.47,+14.932,+10.252,+0.940
1686331980,+3.47,+14.819,+10.435,+0.941
1686332040,+3.47,+14.897,+10.592,+0.941
1686332100,+3.47,+14.958,+10.673,+0.941
1686332160,+3.47,+14.975,+10.633,+0.941
1686332220,+3.47,+14.923,+10.609,+0.941
1686332280,+3.47,+14.923,+10.602,+0.942
1686332340,+3.47,+14.906,+10.603,+0.941
1686332400,+3.47,+14.378,+10.110,+0.939
1686332460,+3.47,+14.413,+10.237,+0.940
1686332520,+3.47,+14.326, +9.895,+0.938
1686332580,+3.47,+14.005,+10.092,+0.940
1686332640,+3.47,+13.979,+10.074,+0.940
1686332700,+3.47,+13.682, +9.991,+0.939
1686332760,+3.47,+13.508, +9.874,+0.939
1686332820,+3.47,+13.201, +9.919,+0.939
1686332880,+3.47,+13.113, +9.951,+0.939
1686332940,+3.47,+13.122,+10.039,+0.940
1686333000,+3.47,+13.385,+10.246,+0.942
1686333060,+3.47,+13.770,+10.371,+0.941
1686333120,+3.47,+14.005,+10.556,+0.941
1686333180,+3.47,+14.274,+10.629,+0.942
1686333240,+3.47,+14.456,+10.783,+0.942
1686333300,+3.47,+14.595,+10.788,+0.942
1686333360,+3.47,+14.768,+10.742,+0.942
1686333420,+3.47,+14.854,+10.800,+0.942
1686333480,+3.47,+14.863,+10.735,+0.941
1686333540,+3.47,+14.854,+10.750,+0.942
1686333600,+3.47,+14.923,+10.721,+0.941
1686333660,+3.47,+14.897,+10.739,+0.942
1686333720,+3.47,+14.776, +9.950,+0.938
1686333780,+3.47,+13.961, +9.866,+0.939
1686333840,+3.47,+13.979,+10.233,+0.941
1686333900,+3.47,+14.213,+10.545,+0.942
1686333960,+3.47,+14.491,+10.791,+0.942
1686334020,+3.47,+14.638,+10.869,+0.942
1686334080,+3.47,+14.638,+10.869,+0.942
1686334140,+3.47,+14.724,+10.794,+0.941
1686334200,+3.47,+14.707,+10.667,+0.941
1686334260,+3.47,+14.673,+10.701,+0.942
1686334320,+3.47,+14.716,+10.704,+0.941
1686334380,+3.47,+14.794,+10.676,+0.941
1686334440,+3.47,+14.707,+10.679,+0.942
1686334500,+3.47,+14.699,+10.662,+0.941
1686334560,+3.47,+14.638,+10.633,+0.941
1686334620,+3.47,+14.569,+10.611,+0.941
1686334680,+3.47,+14.543,+10.632,+0.941
1686334740,+3.47,+14.543,+10.620,+0.942
1686334800,+3.47,+14.179,+10.228,+0.941
1686334860,+3.47,+14.300,+10.477,+0.941
1686334920,+3.47,+14.300,+10.442,+0.941
1686334980,+3.47,+13.961,+10.270,+0.941
1686335040,+3.47,+14.057,+10.464,+0.941
1686335100,+3.47,+14.118,+10.539,+0.941
1686335160,+3.47,+14.153,+10.607,+0.940
1686335220,+3.47,+14.179,+10.645,+0.941
1686335280,+3.47,+13.560, +9.831,+0.938
1686335340,+3.47,+13.411, +9.784,+0.939
1686335400,+3.47,+13.157, +9.774,+0.939
1686335460,+3.47,+12.999, +9.783,+0.939
1686335520,+3.47,+12.937, +9.875,+0.940
1686335580,+3.47,+12.999, +9.887,+0.940
1686335640,+3.47,+13.087, +9.975,+0.940
1686335700,+3.47,+13.140, +9.994,+0.940
1686335760,+3.47,+13.157, +9.981,+0.940
1686335820,+3.47,+13.262,+10.006,+0.940
1686335880,+3.47,+13.376,+10.097,+0.941
1686335940,+3.47,+13.551,+10.240,+0.941
1686336000,+3.47,+13.700,+10.444,+0.941
1686336060,+3.47,+13.778,+10.522,+0.941
1686336120,+3.47,+13.857,+10.422,+0.941
1686336180,+3.47,+13.674,+10.164,+0.940
1686336240,+3.47,+13.438,+10.035,+0.940
1686336300,+3.47,+13.411,+10.070,+0.940
1686336360,+3.47,+13.245,+10.063,+0.940
1686336420,+3.47,+13.192,+10.036,+0.940
1686336480,+3.47,+13.113,+10.036,+0.940
1686336540,+3.47,+13.104,+10.046,+0.940
1686336600,+3.47,+13.087,+10.038,+0.940
1686336660,+3.47,+13.078,+10.053,+0.940
1686336720,+3.47,+13.175,+10.148,+0.941
1686336780,+3.47,+13.245,+10.196,+0.941
1686336840,+3.47,+13.359,+10.241,+0.941
1686336900,+3.47,+13.420,+10.269,+0.941
1686336960,+3.47,+13.534,+10.408,+0.942
1686337020,+3.47,+13.595,+10.508,+0.942
1686337080,+3.47,+13.743,+10.543,+0.942
1686337140,+3.47,+13.839,+10.692,+0.942
1686337200,+3.47,+13.866,+10.651,+0.942
1686337260,+3.47,+13.918,+10.633,+0.942
1686337320,+3.47,+13.831,+10.588,+0.941
1686337380,+3.47,+13.822,+10.452,+0.941
1686337440,+3.47,+13.735,+10.467,+0.941
1686337500,+3.47,+13.665,+10.482,+0.941
1686337560,+3.47,+13.656,+10.453,+0.940
1686337620,+3.47,+13.578,+10.495,+0.941
1686337680,+3.47,+13.595,+10.493,+0.941
1686337740,+3.47,+13.604,+10.507,+0.940
1686337800,+3.47,+13.612,+10.554,+0.941
1686337860,+3.47,+13.647,+10.574,+0.941
1686337920,+3.47,+13.743,+10.527,+0.941
1686337980,+3.47,+13.831,+10.581,+0.941
1686338040,+3.47,+13.796,+10.717,+0.942
1686338100,+3.47,+13.743,+10.680,+0.942
1686338160,+3.47,+13.752,+10.697,+0.942
1686338220,+3.47,+13.682,+10.730,+0.941
1686338280,+3.47,+13.743,+10.697,+0.941
1686338340,+3.47,+13.743,+10.679,+0.941
1686338400,+3.47,+13.726,+10.627,+0.941
1686338460,+3.47,+13.691,+10.628,+0.940
1686338520,+3.47,+13.604,+10.545,+0.941
1686338580,+3.47,+13.481,+10.241,+0.940
1686338640,+3.47,+13.236,+10.132,+0.940
1686338700,+3.47,+13.175,+10.159,+0.941
1686338760,+3.47,+13.122,+10.225,+0.940
1686338820,+3.47,+13.131,+10.253,+0.941
1686338880,+3.47,+13.113,+10.283,+0.940
1686338940,+3.47,+13.131,+10.327,+0.941
1686339000,+3.47,+13.113,+10.364,+0.941
1686339060,+3.47,+13.131,+10.362,+0.941
1686339120,+3.47,+13.122,+10.394,+0.941
1686339180,+3.47,+13.166,+10.392,+0.941
1686339240,+3.47,+13.192,+10.409,+0.941
1686339300,+3.47,+13.201,+10.428,+0.941
1686339360,+3.47,+13.122,+10.447,+0.941
1686339420,+3.47,+13.254,+10.434,+0.941
1686339480,+3.47,+13.306,+10.461,+0.942
1686339540,+3.47,+13.333,+10.511,+0.941
1686339600,+3.47,+13.385,+10.603,+0.941
1686339660,+3.47,+13.411,+10.696,+0.941
1686339720,+3.47,+13.499,+10.681,+0.941
1686339780,+3.47,+13.499,+10.621,+0.941
1686339840,+3.47,+13.429,+10.581,+0.941
1686339900,+3.47,+13.297,+10.583,+0.942
1686339960,+3.47,+13.280,+10.522,+0.941
1686340020,+3.47,+13.210,+10.506,+0.941
1686340080,+3.47,+13.201,+10.469,+0.940
1686340140,+3.47,+13.166,+10.503,+0.941
1686340200,+3.47,+13.113,+10.492,+0.941
1686340260,+3.47,+13.078,+10.520,+0.941
1686340320,+3.47,+13.034,+10.548,+0.941
1686340380,+3.47,+13.060,+10.528,+0.940
1686340440,+3.47,+13.096,+10.529,+0.941
1686340500,+3.47,+13.025,+10.559,+0.941
1686340560,+3.47,+13.034,+10.549,+0.941
1686340620,+3.47,+13.052,+10.388,+0.941
1686340680,+3.47,+12.929,+10.313,+0.940
1686340740,+3.47,+12.814,+10.338,+0.940
1686340800,+3.47,+12.726,+10.213,+0.940
1686340860,+3.47,+12.593,+10.036,+0.940
1686340920,+3.47,+12.540,+10.002,+0.940
1686340980,+3.47,+12.540,+10.004,+0.940
1686341040,+3.47,+12.452,+10.049,+0.941
1686341100,+3.47,+12.540,+10.063,+0.940
1686341160,+3.47,+12.532,+10.121,+0.940
1686341220,+3.47,+12.540,+10.221,+0.941
1686341280,+3.47,+12.602,+10.240,+0.940
1686341340,+3.47,+12.620,+10.292,+0.941
1686341400,+3.47,+12.629,+10.313,+0.941
1686341460,+3.47,+12.620,+10.312,+0.940
1686341520,+3.47,+12.655,+10.311,+0.941
1686341580,+3.47,+12.638,+10.303,+0.940
1686341640,+3.47,+12.664,+10.289,+0.941
1686341700,+3.47,+12.638,+10.301,+0.941
1686341760,+3.47,+12.629,+10.327,+0.941
1686341820,+3.47,+12.691,+10.282,+0.940
1686341880,+3.47,+12.620,+10.274,+0.941
1686341940,+3.47,+12.558,+10.323,+0.941
1686342000,+3.47,+12.532,+10.326,+0.941
1686342060,+3.47,+12.514,+10.263,+0.941
1686342120,+3.47,+12.496,+10.263,+0.941
1686342180,+3.47,+12.549,+10.213,+0.940
1686342240,+3.47,+12.505,+10.222,+0.941
1686342300,+3.47,+12.478,+10.214,+0.941
1686342360,+3.47,+12.443,+10.199,+0.941
1686342420,+3.47,+12.461,+10.159,+0.941
1686342480,+3.47,+12.470,+10.165,+0.941
1686342540,+3.47,+12.416,+10.187,+0.940
1686342600,+3.47,+12.461,+10.217,+0.941
1686342660,+3.47,+12.425,+10.214,+0.940
1686342720,+3.47,+12.363,+10.253,+0.941
1686342780,+3.47,+12.390,+10.186,+0.940
1686342840,+3.47,+12.319,+10.132,+0.941
1686342900,+3.47,+12.266, +9.725,+0.940
1686342960,+3.47,+12.106, +9.480,+0.940
1686343020,+3.47,+11.866, +9.611,+0.940
1686343080,+3.47,+11.776, +9.667,+0.940
1686343140,+3.47,+11.741, +9.702,+0.940
1686343200,+3.47,+11.696, +9.723,+0.940
1686343260,+3.47,+11.687, +9.703,+0.940
1686343320,+3.47,+11.651, +9.710,+0.940
1686343380,+3.47,+11.723, +9.716,+0.941
1686343440,+3.47,+11.812, +9.831,+0.941
1686343500,+3.47,+11.928, +9.896,+0.941
1686343560,+3.47,+12.026,+10.017,+0.941
1686343620,+3.47,+12.079,+10.030,+0.941
1686343680,+3.47,+12.026, +9.848,+0.940
1686343740,+3.47,+11.937, +9.710,+0.940
1686343800,+3.47,+11.794, +9.732,+0.941
1686343860,+3.47,+11.723, +9.736,+0.940
1686343920,+3.47,+11.714, +9.745,+0.941
1686343980,+3.47,+11.678, +9.776,+0.941
1686344040,+3.47,+11.812, +9.779,+0.941
1686344100,+3.47,+11.785, +9.660,+0.940
1686344160,+3.47,+11.687, +9.668,+0.940
1686344220,+3.47,+11.589, +9.702,+0.941
1686344280,+3.47,+11.589, +9.712,+0.941
1686344340,+3.47,+11.535, +9.720,+0.941
1686344400,+3.47,+11.553, +9.725,+0.941
1686344460,+3.47,+11.687, +9.676,+0.941
1686344520,+3.47,+11.776, +9.681,+0.941
1686344580,+3.47,+11.830, +9.711,+0.941
1686344640,+3.47,+11.919, +9.752,+0.941
1686344700,+3.47,+11.981, +9.776,+0.941
1686344760,+3.47,+12.061, +9.776,+0.941
1686344820,+3.47,+12.097, +9.931,+0.941
1686344880,+3.47,+12.141,+10.208,+0.941
1686344940,+3.47,+12.195,+10.158,+0.941
1686345000,+3.47,+12.195,+10.118,+0.940
1686345060,+3.47,+12.230,+10.054,+0.941
1686345120,+3.47,+12.239,+10.023,+0.941
1686345180,+3.47,+12.159,+10.063,+0.940
1686345240,+3.47,+12.159,+10.037,+0.941
1686345300,+3.47,+12.124, +9.992,+0.942
1686345360,+3.47,+12.079, +9.981,+0.941
1686345420,+3.47,+12.141, +9.959,+0.940
1686345480,+3.47,+12.168, +9.961,+0.941
1686345540,+3.47,+12.106, +9.959,+0.941
1686345600,+3.47,+12.177, +9.935,+0.941
1686345660,+3.47,+12.230, +9.916,+0.941
1686345720,+3.47,+12.266, +9.949,+0.941
1686345780,+3.47,+12.328, +9.979,+0.941
1686345840,+3.47,+12.221, +9.997,+0.941
1686345900,+3.47,+12.239,+10.000,+0.941
1686345960,+3.47,+12.292, +9.964,+0.941
1686346020,+3.47,+12.319, +9.974,+0.941
1686346080,+3.47,+12.381, +9.998,+0.940
1686346140,+3.47,+12.319, +9.832,+0.940
1686346200,+3.47,+12.168, +9.870,+0.941
1686346260,+3.47,+12.115, +9.925,+0.941
1686346320,+3.47,+12.124, +9.937,+0.940
1686346380,+3.47,+12.044, +9.989,+0.941
1686346440,+3.47,+12.186,+10.015,+0.940
1686346500,+3.47,+12.186,+10.023,+0.941
1686346560,+3.47,+12.177,+10.094,+0.941
1686346620,+3.47,+12.168,+10.061,+0.940
1686346680,+3.47,+12.177,+10.015,+0.940
1686346740,+3.47,+12.150,+10.011,+0.941
1686346800,+3.47,+12.053, +9.993,+0.940
1686346860,+3.47,+12.079, +9.966,+0.940
1686346920,+3.47,+12.035, +9.915,+0.941
1686346980,+3.47,+12.061, +9.870,+0.941
1686347040,+3.47,+12.008, +9.874,+0.941
1686347100,+3.47,+12.044, +9.854,+0.940
1686347160,+3.47,+12.026, +9.865,+0.941
1686347220,+3.47,+12.124, +9.841,+0.941
1686347280,+3.47,+12.097, +9.930,+0.941
1686347340,+3.47,+11.990, +9.987,+0.941
1686347400,+3.47,+12.035,+10.004,+0.941
1686347460,+3.47,+12.053, +9.997,+0.941
1686347520,+3.47,+12.035,+10.040,+0.941
1686347580,+3.47,+11.999,+10.055,+0.941
1686347640,+3.47,+11.981,+10.055,+0.941
1686347700,+3.47,+12.026,+10.056,+0.941
1686347760,+3.47,+12.035,+10.046,+0.941
1686347820,+3.47,+12.017,+10.021,+0.941
1686347880,+3.47,+12.008,+10.005,+0.940
1686347940,+3.47,+12.026,+10.012,+0.941
1686348000,+3.47,+12.106,+10.003,+0.941
1686348060,+3.47,+12.044,+10.054,+0.940
1686348120,+3.47,+12.008, +9.890,+0.941
1686348180,+3.47,+11.981, +9.939,+0.941
1686348240,+3.47,+11.946, +9.984,+0.941
1686348300,+3.47,+11.901,+10.038,+0.941
1686348360,+3.47,+11.928,+10.004,+0.940
1686348420,+3.47,+11.919, +9.986,+0.941
1686348480,+3.47,+11.874,+10.002,+0.941
1686348540,+3.47,+11.901, +9.986,+0.941
1686348600,+3.47,+11.883,+10.010,+0.941
1686348660,+3.47,+11.937,+10.071,+0.941
1686348720,+3.47,+11.919,+10.155,+0.941
1686348780,+3.47,+11.919,+10.153,+0.941
1686348840,+3.47,+11.901,+10.158,+0.941
1686348900,+3.47,+11.866,+10.242,+0.941
1686348960,+3.47,+11.910,+10.159,+0.941
1686349020,+3.47,+11.901,+10.073,+0.941
1686349080,+3.47,+11.892,+10.047,+0.941
1686349140,+3.47,+11.839,+10.048,+0.941
1686349200,+3.47,+11.928,+10.030,+0.941
1686349260,+3.47,+11.857,+10.060,+0.940
1686349320,+3.47,+11.910,+10.052,+0.941
1686349380,+3.47,+11.910,+10.050,+0.941
1686349440,+3.47,+11.892,+10.028,+0.941
1686349500,+3.47,+11.857,+10.022,+0.941
1686349560,+3.47,+11.857,+10.014,+0.941
1686349620,+3.47,+11.821, +9.989,+0.941
1686349680,+3.47,+11.830, +9.994,+0.941
1686349740,+3.47,+11.821, +9.958,+0.941
1686349800,+3.47,+11.848, +9.991,+0.941
1686349860,+3.47,+11.857, +9.873,+0.940
1686349920,+3.47,+11.767, +9.886,+0.941
1686349980,+3.47,+11.785, +9.859,+0.941
1686350040,+3.47,+11.758, +9.838,+0.941
1686350100,+3.47,+11.776, +9.842,+0.941
1686350160,+3.47,+11.794, +9.850,+0.941
1686350220,+3.47,+11.785, +9.872,+0.941
1686350280,+3.47,+11.821, +9.902,+0.941
1686350340,+3.47,+11.883, +9.906,+0.941
1686350400,+3.47,+11.848, +9.938,+0.941
1686350460,+3.47,+11.785, +9.953,+0.941
1686350520,+3.47,+11.919, +9.917,+0.941
1686350580,+3.47,+11.910, +9.935,+0.941
1686350640,+3.47,+11.901, +9.951,+0.941
1686350700,+3.47,+11.892, +9.962,+0.941
1686350760,+3.47,+11.928, +9.897,+0.941
1686350820,+3.47,+11.892, +9.879,+0.941
1686350880,+3.47,+11.928, +9.849,+0.941
1686350940,+3.47,+11.972, +9.820,+0.941
1686351000,+3.47,+11.928, +9.808,+0.941
1686351060,+3.47,+11.937, +9.813,+0.941
1686351120,+3.47,+11.946, +9.783,+0.941
1686351180,+3.47,+11.901, +9.746,+0.941
1686351240,+3.47,+11.874, +9.768,+0.941
1686351300,+3.47,+11.937, +9.765,+0.941
1686351360,+3.47,+11.919, +9.774,+0.940
1686351420,+3.47,+11.928, +9.779,+0.940
1686351480,+3.47,+11.901, +9.784,+0.941
1686351540,+3.47,+11.901, +9.757,+0.941
1686351600,+3.47,+11.866, +9.797,+0.941
1686351660,+3.47,+11.803, +9.899,+0.940
1686351720,+3.47,+11.750, +9.955,+0.941
1686351780,+3.47,+11.741, +9.893,+0.941
1686351840,+3.47,+11.758, +9.854,+0.941
1686351900,+3.47,+11.741, +9.861,+0.941
1686351960,+3.47,+11.705, +9.849,+0.940
1686352020,+3.47,+11.776, +9.803,+0.941
1686352080,+3.47,+11.669, +9.706,+0.940
1686352140,+3.47,+11.580, +9.679,+0.941
1686352200,+3.47,+11.544, +9.697,+0.940
1686352260,+3.47,+11.436, +9.712,+0.940
1686352320,+3.47,+11.418, +9.713,+0.941
1686352380,+3.47,+11.427, +9.678,+0.940
1686352440,+3.47,+11.391, +9.637,+0.940
1686352500,+3.47,+11.365, +9.619,+0.940
1686352560,+3.47,+11.338, +9.623,+0.940
1686352620,+3.47,+11.427, +9.600,+0.940
1686352680,+3.47,+11.445, +9.599,+0.940
1686352740,+3.47,+11.526, +9.584,+0.941
1686352800,+3.47,+11.508, +9.603,+0.941
1686352860,+3.47,+11.535, +9.607,+0.941
1686352920,+3.47,+11.642, +9.611,+0.941
1686352980,+3.47,+11.562, +9.372,+0.940
1686353040,+3.47,+11.427, +9.250,+0.940
1686353100,+3.47,+11.257, +9.293,+0.940
1686353160,+3.47,+11.230, +9.344,+0.940
1686353220,+3.47,+11.239, +9.344,+0.940
1686353280,+3.47,+11.212, +9.336,+0.940
1686353340,+3.47,+11.131, +9.355,+0.940
1686353400,+3.47,+11.086, +9.393,+0.940
1686353460,+3.47,+11.059, +9.435,+0.941
1686353520,+3.47,+11.077, +9.435,+0.941
1686353580,+3.47,+11.041, +9.433,+0.941
1686353640,+3.47,+11.077, +9.406,+0.940
1686353700,+3.47,+10.978, +9.438,+0.940
1686353760,+3.47,+10.978, +9.399,+0.940
1686353820,+3.47,+10.833, +9.335,+0.940
1686353880,+3.47,+10.779, +9.324,+0.940
1686353940,+3.47,+10.743, +9.327,+0.940
1686354000,+3.47,+10.761, +9.326,+0.941
1686354060,+3.47,+10.806, +9.295,+0.940
1686354120,+3.47,+10.724, +9.327,+0.941
1686354180,+3.47,+10.815, +9.315,+0.940
1686354240,+3.47,+10.896, +9.322,+0.941
1686354300,+3.47,+11.050, +9.444,+0.942
1686354360,+3.47,+11.230, +9.365,+0.941
1686354420,+3.47,+11.499, +9.454,+0.941
1686354480,+3.47,+11.696, +9.507,+0.941
1686354540,+3.47,+11.803, +9.551,+0.942
1686354600,+3.47,+11.839, +9.441,+0.941
1686354660,+3.47,+11.741, +9.466,+0.941
1686354720,+3.47,+11.741, +9.461,+0.941
1686354780,+3.47,+11.803, +9.488,+0.941
1686354840,+3.47,+11.750, +9.589,+0.941
1686354900,+3.47,+11.883, +9.587,+0.941
1686354960,+3.47,+11.839, +9.640,+0.941
1686355020,+3.47,+11.866, +9.648,+0.941
1686355080,+3.47,+11.857, +9.686,+0.941
1686355140,+3.47,+11.830, +9.710,+0.941
1686355200,+3.47,+11.812, +9.719,+0.941
1686355260,+3.47,+11.812, +9.721,+0.941
1686355320,+3.47,+11.776, +9.716,+0.941
1686355380,+3.47,+11.758, +9.732,+0.941
1686355440,+3.47,+11.741, +9.731,+0.941
1686355500,+3.47,+11.732, +9.726,+0.941
1686355560,+3.47,+11.750, +9.740,+0.941
1686355620,+3.47,+11.758, +9.730,+0.941
1686355680,+3.47,+11.723, +9.811,+0.941
1686355740,+3.47,+11.732, +9.922,+0.940
1686355800,+3.47,+11.714, +9.761,+0.940
1686355860,+3.47,+11.633, +9.681,+0.940
1686355920,+3.47,+11.562, +9.638,+0.941
1686355980,+3.47,+11.580, +9.644,+0.941
1686356040,+3.47,+11.642, +9.651,+0.941
1686356100,+3.47,+11.580, +9.659,+0.941
1686356160,+3.47,+11.580, +9.583,+0.940
1686356220,+3.47,+11.544, +9.581,+0.940
1686356280,+3.47,+11.517, +9.579,+0.940
1686356340,+3.47,+11.562, +9.577,+0.941
1686356400,+3.47,+11.535, +9.596,+0.941
1686356460,+3.47,+11.535, +9.599,+0.941
1686356520,+3.47,+11.571, +9.591,+0.941
1686356580,+3.47,+11.517, +9.567,+0.941
1686356640,+3.47,+11.517, +9.586,+0.941
1686356700,+3.47,+11.535, +9.565,+0.941
1686356760,+3.47,+11.517, +9.550,+0.941
1686356820,+3.47,+11.481, +9.557,+0.941
1686356880,+3.47,+11.508, +9.545,+0.940
1686356940,+3.47,+11.499, +9.526,+0.941
1686357000,+3.47,+11.517, +9.476,+0.940
1686357060,+3.47,+11.517, +9.461,+0.941
1686357120,+3.47,+11.544, +9.459,+0.941
1686357180,+3.47,+11.598, +9.470,+0.940
1686357240,+3.47,+11.598, +9.500,+0.941
1686357300,+3.47,+11.624, +9.503,+0.940
1686357360,+3.47,+11.660, +9.484,+0.940
1686357420,+3.47,+11.508, +9.443,+0.940
1686357480,+3.47,+11.544, +9.380,+0.940
1686357540,+3.47,+11.508, +9.354,+0.940
1686357600,+3.47,+11.544, +9.345,+0.940
1686357660,+3.47,+11.526, +9.332,+0.940
1686357720,+3.47,+11.490, +9.354,+0.941
1686357780,+3.47,+11.445, +9.334,+0.940
1686357840,+3.47,+11.391, +9.321,+0.940
1686357900,+3.47,+11.311, +9.317,+0.941
1686357960,+3.47,+11.409, +9.320,+0.940
1686358020,+3.47,+11.445, +9.372,+0.941
1686358080,+3.47,+11.454, +9.377,+0.940
1686358140,+3.47,+11.562, +9.366,+0.941
1686358200,+3.47,+11.517, +9.379,+0.940
1686358260,+3.47,+11.517, +9.359,+0.941
1686358320,+3.47,+11.436, +9.371,+0.940
1686358380,+3.47,+11.499, +9.362,+0.941
1686358440,+3.47,+11.490, +9.319,+0.941
1686358500,+3.47,+11.481, +9.285,+0.940
1686358560,+3.47,+11.463, +9.326,+0.940
1686358620,+3.47,+11.481, +9.338,+0.941
1686358680,+3.47,+11.472, +9.339,+0.940
1686358740,+3.47,+11.508, +9.329,+0.940
1686358800,+3.47,+11.526, +9.345,+0.940
1686358860,+3.47,+11.517, +9.374,+0.941
1686358920,+3.47,+11.562, +9.388,+0.941
1686358980,+3.47,+11.535, +9.454,+0.941
1686359040,+3.47,+11.562, +9.468,+0.940
1686359100,+3.47,+11.490, +9.365,+0.940
1686359160,+3.47,+11.472, +9.362,+0.941
1686359220,+3.47,+11.463, +9.369,+0.940
1686359280,+3.47,+11.454, +9.336,+0.940
1686359340,+3.47,+11.436, +9.314,+0.940
1686359400,+3.47,+11.383, +9.249,+0.940
1686359460,+3.47,+11.338, +9.248,+0.940
1686359520,+3.47,+11.320, +9.240,+0.940
1686359580,+3.47,+11.302, +9.240,+0.940
1686359640,+3.47,+11.284, +9.238,+0.940
1686359700,+3.47,+11.302, +9.222,+0.940
1686359760,+3.47,+11.293, +9.231,+0.940
1686359820,+3.47,+11.185, +9.283,+0.940
1686359880,+3.47,+11.203, +9.287,+0.940
1686359940,+3.47,+11.221, +9.283,+0.940
1686360000,+3.47,+11.158, +9.311,+0.941
1686360060,+3.47,+11.194, +9.277,+0.940
1686360120,+3.47,+11.212, +9.268,+0.940
1686360180,+3.47,+11.221, +9.259,+0.940
1686360240,+3.47,+11.203, +9.268,+0.941
1686360300,+3.47,+11.266, +9.231,+0.940
1686360360,+3.47,+11.221, +9.295,+0.940
1686360420,+3.47,+11.257, +9.304,+0.940
1686360480,+3.47,+11.221, +9.340,+0.941
1686360540,+3.47,+11.311, +9.274,+0.941
1686360600,+3.47,+11.374, +9.266,+0.940
1686360660,+3.47,+11.481, +9.300,+0.941
1686360720,+3.47,+11.553, +9.332,+0.940
1686360780,+3.47,+11.633, +9.353,+0.941
1686360840,+3.47,+11.687, +9.352,+0.940
1686360900,+3.47,+11.508, +9.158,+0.940
1686360960,+3.47,+11.436, +9.174,+0.940
1686361020,+3.47,+11.320, +9.177,+0.940
1686361080,+3.47,+11.257, +9.173,+0.940
1686361140,+3.47,+11.185, +9.212,+0.940
1686361200,+3.47,+11.122, +9.263,+0.940
1686361260,+3.47,+11.059, +9.295,+0.940
1686361320,+3.47,+11.086, +9.284,+0.940
1686361380,+3.47,+11.032, +9.298,+0.940
1686361440,+3.47,+11.068, +9.267,+0.940
1686361500,+3.47,+11.068, +9.267,+0.940
1686361560,+3.47,+11.095, +9.253,+0.940
1686361620,+3.47,+11.041, +9.280,+0.941
1686361680,+3.47,+11.086, +9.250,+0.940
1686361740,+3.47,+11.050, +9.253,+0.940
1686361800,+3.47,+11.113, +9.280,+0.940
1686361860,+3.47,+11.131, +9.346,+0.940
1686361920,+3.47,+11.158, +9.339,+0.941
1686361980,+3.47,+11.077, +9.257,+0.940
1686362040,+3.47,+11.032, +9.276,+0.940
1686362100,+3.47,+11.014, +9.305,+0.940
1686362160,+3.47,+10.969, +9.301,+0.940
1686362220,+3.47,+10.914, +9.304,+0.940
1686362280,+3.47,+10.833, +9.323,+0.940
1686362340,+3.47,+10.815, +9.320,+0.940
1686362400,+3.47,+10.860, +9.318,+0.940
1686362460,+3.47,+10.851, +9.293,+0.940
1686362520,+3.47,+10.806, +9.309,+0.941
1686362580,+3.47,+10.761, +9.334,+0.940
1686362640,+3.47,+10.779, +9.348,+0.940
1686362700,+3.47,+10.734, +9.360,+0.940
1686362760,+3.47,+10.752, +9.347,+0.940
1686362820,+3.47,+10.752, +9.341,+0.940
1686362880,+3.47,+10.752, +9.343,+0.940
1686362940,+3.47,+10.734, +9.331,+0.940
1686363000,+3.47,+10.761, +9.329,+0.941
1686363060,+3.47,+10.715, +9.340,+0.941
1686363120,+3.47,+10.752, +9.319,+0.941
1686363180,+3.47,+10.688, +9.336,+0.941
1686363240,+3.47,+10.788, +9.298,+0.940
1686363300,+3.47,+10.824, +9.298,+0.941
1686363360,+3.47,+10.896, +9.277,+0.941
1686363420,+3.47,+10.960, +9.247,+0.941
1686363480,+3.47,+11.014, +9.232,+0.940
1686363540,+3.47,+11.041, +9.212,+0.941
1686363600,+3.47,+11.149, +9.245,+0.941
1686363660,+3.47,+11.221, +9.235,+0.940
1686363720,+3.47,+11.131, +9.210,+0.940
1686363780,+3.47,+11.185, +9.224,+0.941
1686363840,+3.47,+11.212, +9.249,+0.941
1686363900,+3.47,+11.391, +9.299,+0.941
1686363960,+3.47,+11.499, +9.432,+0.941
1686364020,+3.47,+11.678, +9.616,+0.942
1686364080,+3.47,+11.830, +9.832,+0.941
1686364140,+3.47,+11.901,+10.052,+0.941
1686364200,+3.47,+11.972,+10.081,+0.941
1686364260,+3.47,+11.972,+10.073,+0.942
1686364320,+3.47,+11.919,+10.027,+0.941
1686364380,+3.47,+11.972, +9.974,+0.941
1686364440,+3.47,+11.981, +9.928,+0.941
1686364500,+3.47,+12.070, +9.891,+0.941
1686364560,+3.47,+12.070, +9.872,+0.941
1686364620,+3.47,+12.008, +9.839,+0.941
1686364680,+3.47,+11.910, +9.881,+0.940
1686364740,+3.47,+11.919, +9.926,+0.941
1686364800,+3.47,+11.999, +9.866,+0.941
1686364860,+3.47,+12.008, +9.868,+0.941
1686364920,+3.47,+12.017, +9.838,+0.941
1686364980,+3.47,+12.026, +9.735,+0.941
1686365040,+3.47,+12.017, +9.690,+0.941
1686365100,+3.47,+11.955, +9.697,+0.941
1686365160,+3.47,+11.972, +9.674,+0.940
1686365220,+3.47,+11.892, +9.640,+0.940
1686365280,+3.47,+11.866, +9.617,+0.940
1686365340,+3.47,+11.839, +9.622,+0.940
1686365400,+3.47,+11.857, +9.673,+0.940
1686365460,+3.47,+11.919, +9.759,+0.941
1686365520,+3.47,+12.195, +9.955,+0.942
1686365580,+3.47,+12.840,+10.081,+0.943
1686365640,+3.46,+13.473,+10.170,+0.944
1686365700,+3.47,+13.804,+10.030,+0.942
1686365760,+3.47,+13.953,+10.048,+0.942
1686365820,+3.47,+13.979,+10.054,+0.942
1686365880,+3.47,+13.961,+10.001,+0.941
1686365940,+3.47,+13.944, +9.873,+0.941
1686366000,+3.47,+13.682, +9.811,+0.940
1686366060,+3.47,+13.446, +9.804,+0.940
1686366120,+3.47,+13.324, +9.789,+0.941
1686366180,+3.47,+13.271, +9.783,+0.940
1686366240,+3.47,+13.157, +9.858,+0.940
1686366300,+3.47,+13.104, +9.879,+0.940
1686366360,+3.47,+12.990, +9.944,+0.940
1686366420,+3.47,+13.025, +9.899,+0.940
1686366480,+3.47,+13.104, +9.867,+0.940
1686366540,+3.47,+13.096, +9.823,+0.940
1686366600,+3.47,+12.981, +9.776,+0.940
1686366660,+3.47,+12.911, +9.822,+0.940
1686366720,+3.47,+12.876, +9.817,+0.940
1686366780,+3.47,+12.840, +9.794,+0.940
1686366840,+3.47,+12.788, +9.761,+0.940
1686366900,+3.47,+12.770, +9.737,+0.940
1686366960,+3.47,+12.655, +9.608,+0.940
1686367020,+3.47,+12.585, +9.523,+0.940
1686367080,+3.47,+12.434, +9.548,+0.940
1686367140,+3.47,+12.328, +9.543,+0.940
1686367200,+3.47,+12.354, +9.543,+0.940
1686367260,+3.47,+12.363, +9.549,+0.940
1686367320,+3.47,+12.363, +9.608,+0.940
1686367380,+3.47,+12.284, +9.691,+0.940
1686367440,+3.47,+12.372, +9.699,+0.940
1686367500,+3.47,+12.478, +9.751,+0.941
1686367560,+3.47,+12.788,+10.145,+0.943
1686367620,+3.47,+13.464,+10.329,+0.943
1686367680,+3.47,+13.324, +9.805,+0.940
1686367740,+3.47,+13.069, +9.637,+0.940
1686367800,+3.47,+12.911, +9.634,+0.940
1686367860,+3.47,+12.717, +9.685,+0.940
1686367920,+3.47,+12.682, +9.667,+0.940
1686367980,+3.47,+12.558, +9.679,+0.940
1686368040,+3.47,+12.478, +9.860,+0.940
1686368100,+3.47,+12.470, +9.889,+0.940
1686368160,+3.47,+12.425, +9.855,+0.940
1686368220,+3.47,+12.319, +9.883,+0.940
1686368280,+3.47,+12.381, +9.876,+0.940
1686368340,+3.47,+12.390, +9.855,+0.940
1686368400,+3.47,+12.381, +9.790,+0.940
1686368460,+3.47,+12.532, +9.790,+0.941
1686368520,+3.47,+12.585, +9.804,+0.940
1686368580,+3.47,+12.691, +9.882,+0.941
1686368640,+3.47,+12.726,+10.013,+0.941
1686368700,+3.47,+12.779, +9.939,+0.940
1686368760,+3.47,+12.761, +9.888,+0.941
1686368820,+3.47,+12.805, +9.881,+0.941
1686368880,+3.47,+12.840, +9.875,+0.941
1686368940,+3.47,+12.867, +9.843,+0.940
1686369000,+3.47,+12.796, +9.860,+0.941
1686369060,+3.47,+12.664, +9.674,+0.940
1686369120,+3.47,+12.646, +9.643,+0.940
1686369180,+3.47,+12.487, +9.781,+0.940
1686369240,+3.47,+12.354, +9.702,+0.940
1686369300,+3.47,+12.275, +9.680,+0.940
1686369360,+3.47,+12.230, +9.699,+0.940
1686369420,+3.47,+12.177, +9.736,+0.940
1686369480,+3.47,+12.159, +9.746,+0.940
1686369540,+3.47,+12.168, +9.755,+0.941
1686369600,+3.47,+12.150, +9.748,+0.940
1686369660,+3.47,+12.133, +9.740,+0.940
1686369720,+3.47,+12.150, +9.749,+0.940
1686369780,+3.47,+12.106, +9.775,+0.940
1686369840,+3.47,+12.079, +9.748,+0.940
1686369900,+3.47,+12.070, +9.777,+0.941
1686369960,+3.47,+12.026, +9.746,+0.940
1686370020,+3.47,+12.017, +9.839,+0.941
1686370080,+3.47,+11.937, +9.881,+0.941
1686370140,+3.47,+11.990, +9.856,+0.941
1686370200,+3.47,+12.008, +9.827,+0.941
1686370260,+3.47,+11.910, +9.789,+0.940
1686370320,+3.47,+11.919, +9.765,+0.941
1686370380,+3.47,+11.972, +9.759,+0.941
1686370440,+3.47,+11.990, +9.764,+0.941
1686370500,+3.47,+12.053, +9.734,+0.940
1686370560,+3.47,+12.053, +9.745,+0.940
1686370620,+3.47,+12.133, +9.759,+0.941
1686370680,+3.47,+12.248, +9.761,+0.941
1686370740,+3.47,+12.310, +9.781,+0.941
1686370800,+3.47,+12.337, +9.788,+0.941
1686370860,+3.47,+12.328, +9.801,+0.941
1686370920,+3.47,+12.337, +9.802,+0.941
1686370980,+3.47,+12.363, +9.788,+0.941
1686371040,+3.47,+12.319, +9.801,+0.941
1686371100,+3.47,+12.381, +9.780,+0.940
1686371160,+3.47,+12.381, +9.770,+0.941
1686371220,+3.47,+12.363, +9.758,+0.941
1686371280,+3.47,+12.372, +9.717,+0.940
1686371340,+3.47,+12.354, +9.732,+0.940
1686371400,+3.47,+12.292, +9.755,+0.940
1686371460,+3.47,+12.319, +9.750,+0.941
1686371520,+3.47,+12.292, +9.734,+0.940
1686371580,+3.47,+12.275, +9.742,+0.940
1686371640,+3.47,+12.292, +9.749,+0.941
1686371700,+3.47,+12.301, +9.741,+0.941
1686371760,+3.47,+12.257, +9.770,+0.941
1686371820,+3.47,+12.213, +9.806,+0.941
1686371880,+3.47,+12.230, +9.812,+0.941
1686371940,+3.47,+12.301, +9.796,+0.941
1686372000,+3.47,+12.248, +9.811,+0.941
1686372060,+3.47,+12.337, +9.747,+0.940
1686372120,+3.47,+12.354, +9.732,+0.941
1686372180,+3.47,+12.381, +9.725,+0.941
1686372240,+3.47,+12.470, +9.739,+0.941
1686372300,+3.47,+12.505, +9.800,+0.941
1686372360,+3.47,+12.620, +9.748,+0.941
1686372420,+3.47,+12.699, +9.764,+0.941
1686372480,+3.47,+12.893, +9.768,+0.941
1686372540,+3.47,+12.840, +9.310,+0.939
1686372600,+3.47,+12.523, +9.428,+0.940
1686372660,+3.47,+12.310, +9.343,+0.939
1686372720,+3.47,+12.168, +9.477,+0.940
1686372780,+3.47,+12.035, +9.686,+0.940
1686372840,+3.47,+12.026, +9.988,+0.940
1686372900,+3.47,+11.999,+10.119,+0.940
1686372960,+3.47,+12.008,+10.055,+0.940
1686373020,+3.47,+11.919,+10.000,+0.940
1686373080,+3.47,+11.964, +9.948,+0.941
1686373140,+3.47,+11.910, +9.889,+0.941
1686373200,+3.47,+11.946, +9.781,+0.940
1686373260,+3.47,+11.910, +9.771,+0.940
1686373320,+3.47,+11.803, +9.740,+0.940
1686373380,+3.47,+11.750, +9.801,+0.941
1686373440,+3.47,+11.758, +9.818,+0.941
1686373500,+3.47,+11.598, +9.829,+0.940
1686373560,+3.47,+11.633, +9.765,+0.940
1686373620,+3.47,+11.615, +9.694,+0.940
1686373680,+3.47,+11.615, +9.662,+0.940
1686373740,+3.47,+11.544, +9.561,+0.940
1686373800,+3.47,+11.499, +9.606,+0.940
1686373860,+3.47,+11.445, +9.666,+0.940
1686373920,+3.47,+11.463, +9.669,+0.940
1686373980,+3.47,+11.436, +9.680,+0.940
1686374040,+3.47,+11.400, +9.687,+0.940
1686374100,+3.47,+11.391, +9.692,+0.940
1686374160,+3.47,+11.400, +9.675,+0.940
1686374220,+3.47,+11.454, +9.643,+0.940
1686374280,+3.47,+11.445, +9.647,+0.941
1686374340,+3.47,+11.490, +9.624,+0.941
1686374400,+3.47,+11.508, +9.604,+0.940
1686374460,+3.47,+11.526, +9.626,+0.941
1686374520,+3.47,+11.642, +9.604,+0.941
1686374580,+3.47,+11.678, +9.632,+0.941
1686374640,+3.47,+11.732, +9.658,+0.941
1686374700,+3.47,+11.750, +9.687,+0.941
1686374760,+3.47,+11.874, +9.686,+0.941
1686374820,+3.47,+11.892, +9.737,+0.941
1686374880,+3.47,+11.972, +9.788,+0.941
1686374940,+3.47,+12.106, +9.745,+0.941
1686375000,+3.47,+12.133, +9.747,+0.941
1686375060,+3.47,+12.177, +9.733,+0.941
1686375120,+3.47,+12.115, +9.702,+0.941
1686375180,+3.47,+12.106, +9.707,+0.941
1686375240,+3.47,+12.124, +9.733,+0.941
1686375300,+3.47,+12.204, +9.713,+0.941
1686375360,+3.47,+12.328, +9.710,+0.941
1686375420,+3.47,+12.496, +9.713,+0.941
1686375480,+3.47,+12.576, +9.794,+0.941
1686375540,+3.47,+12.726, +9.910,+0.942
1686375600,+3.47,+12.929, +9.956,+0.941
1686375660,+3.47,+13.131, +9.874,+0.941
1686375720,+3.47,+13.306,+10.017,+0.942
1686375780,+3.47,+13.682,+10.246,+0.942
1686375840,+3.47,+13.935,+10.592,+0.943
1686375900,+3.47,+14.170,+10.629,+0.942
1686375960,+3.47,+14.352,+10.700,+0.943
1686376020,+3.47,+14.361,+10.483,+0.942
1686376080,+3.47,+14.205,+10.163,+0.941
1686376140,+3.47,+14.048, +9.978,+0.940
1686376200,+3.47,+13.900, +9.990,+0.941
1686376260,+3.47,+13.953, +9.960,+0.941
1686376320,+3.47,+13.961, +9.960,+0.941
1686376380,+3.47,+14.022, +9.961,+0.941
1686376440,+3.47,+13.970, +9.980,+0.941
1686376500,+3.47,+13.970, +9.976,+0.941
1686376560,+3.47,+13.961, +9.981,+0.941
1686376620,+3.47,+13.996,+10.025,+0.941
1686376680,+3.47,+14.100,+10.129,+0.942
1686376740,+3.47,+14.387,+10.347,+0.942
1686376800,+3.47,+14.742,+10.476,+0.942
1686376860,+3.47,+14.724, +9.918,+0.939
1686376920,+3.47,+14.266, +9.948,+0.940
1686376980,+3.47,+14.048, +9.959,+0.940
1686377040,+3.47,+13.987, +9.847,+0.940
1686377100,+3.47,+13.761, +9.865,+0.939
1686377160,+3.47,+13.717, +9.924,+0.940
1686377220,+3.47,+13.630, +9.948,+0.940
1686377280,+3.47,+13.630, +9.934,+0.940
1686377340,+3.47,+13.586, +9.928,+0.940
1686377400,+3.47,+13.595, +9.913,+0.940
1686377460,+3.47,+13.578, +9.917,+0.940
1686377520,+3.47,+13.569, +9.907,+0.940
1686377580,+3.47,+13.481, +9.964,+0.940
1686377640,+3.47,+13.499,+10.004,+0.941
1686377700,+3.47,+13.586, +9.984,+0.941
1686377760,+3.47,+13.630, +9.978,+0.940
1686377820,+3.47,+13.665,+10.000,+0.941
1686377880,+3.47,+13.831,+10.044,+0.941
1686377940,+3.47,+13.979,+10.252,+0.941
1686378000,+3.47,+14.135,+10.376,+0.941
1686378060,+3.47,+14.231,+10.553,+0.942
1686378120,+3.47,+14.387,+10.615,+0.942
1686378180,+3.47,+14.422,+10.471,+0.940
1686378240,+3.47,+13.996, +9.785,+0.939
1686378300,+3.47,+13.621, +9.845,+0.939
1686378360,+3.47,+13.385, +9.892,+0.939
1686378420,+3.47,+13.245, +9.912,+0.939
1686378480,+3.47,+13.122, +9.942,+0.940
1686378540,+3.47,+13.052, +9.949,+0.940
1686378600,+3.47,+13.008, +9.944,+0.940
1686378660,+3.47,+12.964, +9.957,+0.940
1686378720,+3.47,+12.911, +9.978,+0.940
1686378780,+3.47,+12.920, +9.989,+0.940
1686378840,+3.47,+13.096, +9.976,+0.940
1686378900,+3.47,+13.166, +9.995,+0.941
1686378960,+3.47,+13.359, +9.972,+0.940
1686379020,+3.47,+13.578,+10.006,+0.942
1686379080,+3.47,+13.883,+10.018,+0.942
1686379140,+3.47,+14.109,+10.235,+0.941
1686379200,+3.47,+14.335,+10.362,+0.941
1686379260,+3.47,+14.396,+10.414,+0.942
1686379320,+3.47,+14.491,+10.458,+0.942
1686379380,+3.47,+14.448,+10.530,+0.941
1686379440,+3.47,+14.552,+10.443,+0.941
1686379500,+3.47,+14.456,+10.408,+0.941
1686379560,+3.47,+14.448,+10.393,+0.941
1686379620,+3.47,+14.422,+10.310,+0.941
1686379680,+3.47,+14.283,+10.045,+0.940
1686379740,+3.47,+14.127, +9.884,+0.940
1686379800,+3.47,+14.005, +9.896,+0.940
1686379860,+3.47,+13.970, +9.871,+0.940
1686379920,+3.47,+13.909, +9.847,+0.939
1686379980,+3.47,+13.796, +9.879,+0.940
1686380040,+3.47,+13.726, +9.892,+0.940
1686380100,+3.47,+13.691, +9.872,+0.940
1686380160,+3.47,+13.525,+10.037,+0.939
1686380220,+3.47,+13.350,+10.076,+0.940
1686380280,+3.47,+13.210, +9.997,+0.940
1686380340,+3.47,+13.131, +9.955,+0.940
1686380400,+3.47,+13.052,+10.041,+0.940
1686380460,+3.47,+12.990,+10.108,+0.940
1686380520,+3.47,+12.964,+10.107,+0.940
1686380580,+3.47,+12.937,+10.091,+0.940
1686380640,+3.47,+12.902,+10.113,+0.940
1686380700,+3.47,+12.929,+10.132,+0.940
1686380760,+3.47,+12.929,+10.160,+0.940
1686380820,+3.47,+12.893,+10.183,+0.940
1686380880,+3.47,+12.902,+10.187,+0.940
1686380940,+3.47,+12.858,+10.213,+0.940
1686381000,+3.47,+12.885,+10.181,+0.940
1686381060,+3.47,+12.911,+10.147,+0.940
1686381120,+3.47,+12.858,+10.175,+0.941
1686381180,+3.47,+12.973,+10.126,+0.941
1686381240,+3.47,+13.078,+10.091,+0.941
1686381300,+3.47,+13.140,+10.099,+0.941
1686381360,+3.47,+13.271,+10.048,+0.941
1686381420,+3.47,+13.350,+10.024,+0.941
1686381480,+3.47,+13.429,+10.009,+0.941
1686381540,+3.47,+13.324, +9.960,+0.940
1686381600,+3.47,+13.140,+10.017,+0.940
1686381660,+3.47,+13.069,+10.020,+0.940
1686381720,+3.47,+12.981,+10.018,+0.940
1686381780,+3.47,+12.911,+10.068,+0.940
1686381840,+3.47,+12.911,+10.065,+0.940
1686381900,+3.47,+12.876,+10.026,+0.940
1686381960,+3.47,+12.743,+10.027,+0.940
1686382020,+3.47,+12.699,+10.048,+0.940
1686382080,+3.47,+12.620, +9.999,+0.940
1686382140,+3.47,+12.567,+10.048,+0.940
1686382200,+3.47,+12.523,+10.077,+0.940
1686382260,+3.47,+12.470,+10.098,+0.940
1686382320,+3.47,+12.461,+10.096,+0.940
1686382380,+3.47,+12.461,+10.072,+0.940
1686382440,+3.47,+12.505,+10.057,+0.940
1686382500,+3.47,+12.478,+10.057,+0.940
1686382560,+3.47,+12.443,+10.083,+0.940
1686382620,+3.47,+12.549,+10.074,+0.941
1686382680,+3.47,+12.593,+10.071,+0.941
1686382740,+3.47,+12.532,+10.081,+0.941
1686382800,+3.47,+12.620,+10.057,+0.940
1686382860,+3.47,+12.682,+10.067,+0.941
1686382920,+3.47,+12.788,+10.077,+0.941
1686382980,+3.47,+12.840, +9.981,+0.941
1686383040,+3.47,+12.655, +9.999,+0.941
1686383100,+3.47,+12.540, +9.989,+0.940
1686383160,+3.47,+12.390,+10.089,+0.940
1686383220,+3.47,+12.390,+10.093,+0.940
1686383280,+3.47,+12.408,+10.088,+0.941
1686383340,+3.47,+12.452,+10.031,+0.940
1686383400,+3.47,+12.425,+10.057,+0.941
1686383460,+3.47,+12.390,+10.054,+0.940
1686383520,+3.47,+12.408,+10.031,+0.940
1686383580,+3.47,+12.425,+10.056,+0.941
1686383640,+3.47,+12.470,+10.068,+0.941
1686383700,+3.47,+12.505,+10.062,+0.941
1686383760,+3.47,+12.523,+10.059,+0.941
1686383820,+3.47,+12.602,+10.043,+0.940
1686383880,+3.47,+12.708,+10.051,+0.941
1686383940,+3.47,+12.858,+10.082,+0.941
1686384000,+3.47,+12.973,+10.093,+0.941
1686384060,+3.47,+13.148,+10.087,+0.941
1686384120,+3.47,+13.289,+10.065,+0.941
1686384180,+3.47,+13.394,+10.226,+0.942
1686384240,+3.47,+13.455,+10.233,+0.941
1686384300,+3.47,+13.104, +9.915,+0.940
1686384360,+3.47,+12.814, +9.939,+0.940
1686384420,+3.47,+12.620, +9.975,+0.939
1686384480,+3.47,+12.381,+10.079,+0.940
1686384540,+3.47,+12.230,+10.139,+0.939
1686384600,+3.47,+12.070,+10.198,+0.940
1686384660,+3.47,+11.981,+10.208,+0.940
1686384720,+3.47,+11.946,+10.246,+0.940
1686384780,+3.47,+11.964,+10.231,+0.940
1686384840,+3.47,+11.928,+10.228,+0.940
1686384900,+3.47,+11.857,+10.273,+0.940
1686384960,+3.47,+11.857,+10.283,+0.941
1686385020,+3.47,+11.830,+10.329,+0.940
1686385080,+3.47,+11.785,+10.359,+0.940
1686385140,+3.47,+11.723,+10.409,+0.941
1686385200,+3.47,+11.848,+10.373,+0.940
1686385260,+3.47,+11.758,+10.462,+0.941
1686385320,+3.47,+11.848,+10.434,+0.940
1686385380,+3.47,+11.830,+10.449,+0.941
1686385440,+3.47,+11.830,+10.441,+0.941
1686385500,+3.47,+11.776,+10.516,+0.941
1686385560,+3.47,+11.776,+10.499,+0.940
1686385620,+3.47,+11.776,+10.494,+0.941
1686385680,+3.47,+11.812,+10.471,+0.941
1686385740,+3.47,+11.821,+10.486,+0.941
1686385800,+3.47,+11.830,+10.475,+0.941
1686385860,+3.47,+11.874,+10.456,+0.941
1686385920,+3.47,+11.866,+10.431,+0.941
1686385980,+3.47,+11.848,+10.426,+0.941
1686386040,+3.47,+11.812,+10.460,+0.941
1686386100,+3.47,+11.821,+10.462,+0.941
1686386160,+3.47,+11.839,+10.441,+0.941
1686386220,+3.47,+11.848,+10.442,+0.941
1686386280,+3.47,+11.839,+10.438,+0.940
1686386340,+3.47,+11.812,+10.461,+0.941
1686386400,+3.47,+11.839,+10.456,+0.941
1686386460,+3.47,+11.910,+10.429,+0.941
1686386520,+3.47,+11.892,+10.407,+0.941
1686386580,+3.47,+11.883,+10.396,+0.940
1686386640,+3.47,+11.919,+10.440,+0.941
1686386700,+3.47,+11.812,+10.501,+0.940
1686386760,+3.47,+11.883,+10.451,+0.940
1686386820,+3.47,+11.821,+10.480,+0.941
1686386880,+3.47,+11.785,+10.477,+0.940
1686386940,+3.47,+11.812,+10.457,+0.941
1686387000,+3.47,+11.758,+10.503,+0.941
1686387060,+3.47,+11.857,+10.460,+0.941
1686387120,+3.47,+11.767,+10.520,+0.941
1686387180,+3.47,+11.750,+10.533,+0.941
1686387240,+3.47,+11.785,+10.523,+0.941
1686387300,+3.47,+11.821,+10.501,+0.941
1686387360,+3.47,+11.732,+10.532,+0.941
1686387420,+3.47,+11.803,+10.492,+0.941
1686387480,+3.47,+11.803,+10.506,+0.941
1686387540,+3.47,+11.803,+10.524,+0.941
1686387600,+3.47,+11.803,+10.521,+0.941
1686387660,+3.47,+11.776,+10.547,+0.941
1686387720,+3.47,+11.901,+10.514,+0.942
1686387780,+3.47,+12.257,+10.500,+0.942
1686387840,+3.47,+12.743,+10.733,+0.943
1686387900,+3.46,+13.166,+10.628,+0.943
1686387960,+3.47,+13.385,+10.550,+0.943
1686388020,+3.47,+13.621,+10.496,+0.943
1686388080,+3.47,+13.717,+10.490,+0.943
1686388140,+3.47,+13.848,+10.479,+0.943
1686388200,+3.47,+14.005,+10.436,+0.942
1686388260,+3.47,+14.074,+10.477,+0.943
1686388320,+3.47,+14.187,+10.439,+0.942
1686388380,+3.47,+14.326,+10.453,+0.942
1686388440,+3.47,+14.318,+10.490,+0.942
1686388500,+3.47,+14.352,+10.495,+0.942
1686388560,+3.47,+14.413,+10.476,+0.942
1686388620,+3.47,+14.422,+10.451,+0.942
1686388680,+3.47,+14.404,+10.431,+0.941
1686388740,+3.47,+14.465,+10.406,+0.941
1686388800,+3.47,+14.387,+10.469,+0.942
1686388860,+3.47,+14.517,+10.467,+0.942
1686388920,+3.47,+14.491,+10.517,+0.942
1686388980,+3.47,+14.508,+10.492,+0.941
1686389040,+3.47,+14.508,+10.402,+0.941
1686389100,+3.47,+14.448,+10.371,+0.941
1686389160,+3.47,+14.370,+10.628,+0.941
1686389220,+3.47,+14.309,+10.691,+0.941
1686389280,+3.47,+14.344,+10.700,+0.941
1686389340,+3.47,+14.318,+10.703,+0.941
1686389400,+3.47,+14.300,+10.697,+0.941
1686389460,+3.47,+14.326,+10.645,+0.941
1686389520,+3.47,+14.318,+10.682,+0.942
1686389580,+3.47,+14.292,+10.704,+0.941
1686389640,+3.47,+14.292,+10.772,+0.941
1686389700,+3.47,+14.326,+10.844,+0.941
1686389760,+3.46,+14.335,+10.840,+0.942
1686389820,+3.47,+14.326,+10.772,+0.941
1686389880,+3.47,+14.292,+10.678,+0.941
1686389940,+3.47,+14.335,+10.636,+0.941
1686390000,+3.47,+14.283,+10.646,+0.941
1686390060,+3.47,+14.361,+10.616,+0.941
1686390120,+3.47,+14.396,+10.653,+0.942
1686390180,+3.47,+14.474,+10.671,+0.941
1686390240,+3.47,+14.413,+10.723,+0.941
1686390300,+3.47,+14.500,+10.749,+0.941
1686390360,+3.47,+14.482,+10.816,+0.942
1686390420,+3.47,+14.543,+10.809,+0.941
1686390480,+3.47,+14.552,+10.801,+0.941
1686390540,+3.47,+14.603,+10.851,+0.941
1686390600,+3.47,+14.655,+10.864,+0.942
1686390660,+3.47,+14.612,+10.885,+0.941
1686390720,+3.47,+14.595,+10.845,+0.942
1686390780,+3.47,+14.673,+10.725,+0.942
1686390840,+3.47,+14.603,+10.650,+0.941
1686390900,+3.47,+14.560,+10.558,+0.941
1686390960,+3.47,+14.474,+10.537,+0.940
1686391020,+3.47,+14.361,+10.536,+0.941
1686391080,+3.47,+14.387,+10.585,+0.941
1686391140,+3.47,+14.326,+10.612,+0.941
1686391200,+3.47,+14.404,+10.601,+0.942
1686391260,+3.47,+14.430,+10.591,+0.941
1686391320,+3.47,+14.396,+10.603,+0.941
1686391380,+3.47,+14.430,+10.633,+0.941
1686391440,+3.47,+14.491,+10.636,+0.941
1686391500,+3.47,+14.517,+10.757,+0.942
1686391560,+3.47,+14.569,+10.747,+0.941
1686391620,+3.47,+14.560,+10.703,+0.941
1686391680,+3.47,+14.552,+10.746,+0.941
1686391740,+3.47,+14.560,+10.775,+0.941
1686391800,+3.47,+14.517,+10.849,+0.941
1686391860,+3.47,+14.456,+10.889,+0.942
1686391920,+3.47,+14.534,+10.893,+0.941
1686391980,+3.47,+14.577,+10.875,+0.941
1686392040,+3.47,+14.552,+10.914,+0.942
1686392100,+3.47,+14.569,+10.926,+0.941
1686392160,+3.47,+14.603,+10.945,+0.942
1686392220,+3.47,+14.586,+10.941,+0.942
1686392280,+3.47,+14.621,+10.917,+0.942
1686392340,+3.47,+14.655,+10.873,+0.942
1686392400,+3.47,+14.673,+10.857,+0.941
1686392460,+3.47,+14.638,+10.862,+0.941
1686392520,+3.47,+14.776,+10.802,+0.942
1686392580,+3.47,+14.750,+10.797,+0.941
1686392640,+3.47,+14.750,+10.868,+0.942
1686392700,+3.47,+14.802,+10.907,+0.941
1686392760,+3.47,+14.819,+10.921,+0.941
1686392820,+3.47,+14.802,+10.906,+0.941
1686392880,+3.47,+14.819,+10.917,+0.942
1686392940,+3.47,+14.768,+10.932,+0.942
1686393000,+3.47,+14.828,+10.857,+0.941
1686393060,+3.47,+14.690,+10.836,+0.941
1686393120,+3.47,+14.569,+10.804,+0.941
1686393180,+3.47,+14.577,+10.783,+0.941
1686393240,+3.47,+14.595,+10.800,+0.941
1686393300,+3.47,+14.638,+10.805,+0.942
1686393360,+3.47,+14.699,+10.853,+0.942
1686393420,+3.47,+14.776,+10.824,+0.941
1686393480,+3.47,+14.776,+10.834,+0.941
1686393540,+3.47,+14.776,+10.863,+0.941
1686393600,+3.47,+14.828,+10.921,+0.942
1686393660,+3.47,+14.828,+10.914,+0.941
1686393720,+3.47,+14.794,+10.962,+0.941
1686393780,+3.47,+14.828,+11.000,+0.941
1686393840,+3.47,+14.811,+11.021,+0.942
1686393900,+3.47,+14.819,+11.000,+0.941
1686393960,+3.47,+14.750,+11.012,+0.941
1686394020,+3.47,+14.802,+10.992,+0.942
1686394080,+3.47,+14.819,+10.999,+0.942
1686394140,+3.47,+14.811,+11.022,+0.942
1686394200,+3.47,+14.906,+11.004,+0.942
1686394260,+3.47,+14.863,+11.047,+0.941
1686394320,+3.47,+14.880,+11.068,+0.942
1686394380,+3.47,+15.199,+11.361,+0.945
1686394440,+3.47,+16.253,+10.640,+0.943
1686394500,+3.47,+15.988,+10.939,+0.944
1686394560,+3.47,+16.772,+10.703,+0.944
1686394620,+3.47,+17.443,+10.481,+0.944
1686394680,+3.47,+16.713,+10.379,+0.939
1686394740,+3.47,+16.056,+10.629,+0.940
1686394800,+3.47,+15.731,+10.822,+0.941
1686394860,+3.47,+15.517,+10.840,+0.941
1686394920,+3.47,+15.319,+10.935,+0.941
1686394980,+3.47,+15.705,+11.017,+0.943
1686395040,+3.47,+16.048,+10.534,+0.940
1686395100,+3.47,+15.662,+10.776,+0.941
1686395160,+3.47,+15.439,+10.875,+0.941
1686395220,+3.47,+16.107,+10.986,+0.944
1686395280,+3.47,+17.121,+10.710,+0.945
1686395340,+3.47,+17.984,+10.362,+0.945
1686395400,+3.47,+18.229, +9.619,+0.938
1686395460,+3.47,+17.561,+10.755,+0.944
1686395520,+3.47,+18.330,+10.331,+0.944
1686395580,+3.47,+18.760,+10.058,+0.943
1686395640,+3.47,+18.996, +9.238,+0.937
1686395700,+3.47,+17.290,+10.890,+0.943
1686395760,+3.47,+17.959,+10.551,+0.944
1686395820,+3.47,+18.339,+10.239,+0.943
1686395880,+3.47,+18.726,+10.126,+0.943
1686395940,+3.47,+19.021,+10.006,+0.943
1686396000,+3.47,+19.206, +9.962,+0.943
1686396060,+3.47,+19.240, +9.948,+0.943
1686396120,+3.47,+19.223, +9.929,+0.943
1686396180,+3.47,+19.240, +9.921,+0.943
1686396240,+3.47,+19.231, +9.908,+0.943
1686396300,+3.47,+19.181, +9.916,+0.943
1686396360,+3.47,+19.139, +9.916,+0.943
1686396420,+3.47,+19.097, +9.922,+0.942
1686396480,+3.47,+18.962, +9.980,+0.943
1686396540,+3.47,+18.962, +9.983,+0.943
1686396600,+3.47,+18.794,+10.046,+0.943
1686396660,+3.47,+18.701, +9.992,+0.942
1686396720,+3.47,+18.491,+10.151,+0.942
1686396780,+3.47,+18.465,+10.148,+0.943
1686396840,+3.47,+18.533,+10.134,+0.943
1686396900,+3.47,+18.516,+10.128,+0.942
1686396960,+3.47,+18.592,+10.126,+0.943
1686397020,+3.47,+18.608,+10.131,+0.943
1686397080,+3.47,+18.667,+10.103,+0.943
1686397140,+3.47,+18.701,+10.092,+0.943
1686397200,+3.47,+18.794,+10.076,+0.944
1686397260,+3.47,+18.878,+10.045,+0.943
1686397320,+3.47,+18.903,+10.032,+0.943
1686397380,+3.47,+18.903,+10.022,+0.943
1686397440,+3.47,+18.945,+10.006,+0.943
1686397500,+3.47,+18.945, +9.996,+0.943
1686397560,+3.47,+19.029, +9.968,+0.943
1686397620,+3.47,+19.021, +9.960,+0.943
1686397680,+3.47,+19.021, +9.959,+0.943
1686397740,+3.47,+19.088, +9.931,+0.943
1686397800,+3.47,+19.055, +9.945,+0.943
1686397860,+3.47,+19.080, +9.943,+0.944
1686397920,+3.47,+19.130, +9.916,+0.943
1686397980,+3.47,+19.097, +9.940,+0.943
1686398040,+3.47,+19.046, +9.936,+0.943
1686398100,+3.47,+19.063, +9.908,+0.942
1686398160,+3.47,+18.979, +9.940,+0.943
1686398220,+3.47,+18.920, +9.957,+0.943
1686398280,+3.47,+18.886, +9.966,+0.943
1686398340,+3.47,+18.844, +9.968,+0.942
1686398400,+3.47,+18.777,+10.001,+0.943
1686398460,+3.47,+18.760,+10.039,+0.943
1686398520,+3.47,+18.794,+10.014,+0.943
1686398580,+3.47,+18.718,+10.038,+0.943
1686398640,+3.47,+18.651,+10.049,+0.943
1686398700,+3.47,+18.634,+10.036,+0.943
1686398760,+3.47,+18.583, +9.984,+0.942
1686398820,+3.47,+18.415,+10.144,+0.942
1686398880,+3.47,+18.297,+10.181,+0.942
1686398940,+3.47,+18.229,+10.171,+0.942
1686399000,+3.47,+18.136,+10.203,+0.942
1686399060,+3.47,+18.162,+10.212,+0.942
1686399120,+3.47,+18.119,+10.221,+0.942
1686399180,+3.47,+18.094,+10.248,+0.942
1686399240,+3.47,+18.077,+10.233,+0.943
1686399300,+3.47,+18.018,+10.300,+0.943
1686399360,+3.47,+17.942,+10.323,+0.943
1686399420,+3.47,+17.849,+10.360,+0.942
1686399480,+3.47,+17.841,+10.370,+0.942
1686399540,+3.47,+17.764,+10.451,+0.942
1686399600,+3.47,+17.688,+10.469,+0.942
1686399660,+3.47,+17.638,+10.491,+0.942
1686399720,+3.47,+17.553,+10.510,+0.942
1686399780,+3.47,+17.553,+10.524,+0.942
1686399840,+3.47,+17.460,+10.565,+0.942
1686399900,+3.47,+17.417,+10.569,+0.942
1686399960,+3.47,+17.400,+10.545,+0.942
1686400020,+3.47,+17.400,+10.556,+0.942
1686400080,+3.47,+17.367,+10.589,+0.942
1686400140,+3.47,+17.282,+10.610,+0.942
1686400200,+3.47,+17.316,+10.592,+0.942
1686400260,+3.47,+17.299,+10.576,+0.942
1686400320,+3.47,+17.231,+10.599,+0.942
1686400380,+3.47,+17.222,+10.593,+0.942
1686400440,+3.47,+17.265,+10.576,+0.942
1686400500,+3.47,+17.172,+10.633,+0.942
1686400560,+3.47,+17.172,+10.644,+0.942
1686400620,+3.47,+17.138,+10.638,+0.942
1686400680,+3.47,+17.095,+10.657,+0.943
1686400740,+3.47,+17.061,+10.644,+0.942
1686400800,+3.47,+17.129,+10.622,+0.942
1686400860,+3.47,+17.044,+10.658,+0.942
1686400920,+3.47,+17.070,+10.648,+0.942
1686400980,+3.47,+17.036,+10.659,+0.942
1686401040,+3.47,+17.036,+10.664,+0.942
1686401100,+3.47,+16.951,+10.690,+0.941
1686401160,+3.47,+16.968,+10.725,+0.942
1686401220,+3.47,+16.951,+10.704,+0.941
1686401280,+3.47,+16.874,+10.718,+0.941
1686401340,+3.47,+16.849,+10.744,+0.942
1686401400,+3.47,+16.866,+10.744,+0.941
1686401460,+3.47,+16.806,+10.793,+0.942
1686401520,+3.47,+16.815,+10.781,+0.942
1686401580,+3.47,+16.730,+10.793,+0.941
