7450-798456
OS REV: 1.03 Sensor Cal: 1539277937
Time (sec),  BV (Volts),  T (deg C),  DO (mg/l),  Q ()
1686574440,+3.47,+12.248, +9.747,+0.940
1686574500,+3.47,+12.284, +9.788,+0.941
1686574560,+3.47,+12.310, +9.802,+0.940
1686574620,+3.47,+12.381, +9.819,+0.940
1686574680,+3.47,+12.416, +9.866,+0.941
1686574740,+3.47,+12.540, +9.949,+0.941
1686574800,+3.47,+12.602,+10.065,+0.941
1686574860,+3.47,+12.691,+10.112,+0.941
1686574920,+3.47,+12.717,+10.143,+0.941
1686574980,+3.47,+12.779,+10.340,+0.941
1686575040,+3.47,+12.779,+10.564,+0.941
1686575100,+3.47,+12.814,+10.501,+0.941
1686575160,+3.47,+12.726,+10.470,+0.941
1686575220,+3.47,+12.770,+10.397,+0.941
1686575280,+3.47,+12.708,+10.365,+0.941
1686575340,+3.47,+12.743,+10.307,+0.941
1686575400,+3.47,+12.664,+10.292,+0.941
1686575460,+3.47,+12.717,+10.284,+0.941
1686575520,+3.47,+12.655,+10.285,+0.941
1686575580,+3.47,+12.708,+10.238,+0.941
1686575640,+3.47,+12.673,+10.214,+0.940
1686575700,+3.47,+12.682,+10.224,+0.941
1686575760,+3.47,+12.691,+10.215,+0.941
1686575820,+3.47,+12.664,+10.259,+0.940
1686575880,+3.47,+12.708,+10.236,+0.941
1686575940,+3.47,+12.673,+10.269,+0.941
1686576000,+3.47,+12.770,+10.313,+0.941
1686576060,+3.47,+12.717,+10.423,+0.941
1686576120,+3.47,+12.814,+10.407,+0.941
1686576180,+3.47,+12.814,+10.463,+0.941
1686576240,+3.47,+12.779,+10.477,+0.941
1686576300,+3.47,+12.849,+10.394,+0.941
1686576360,+3.47,+12.867,+10.383,+0.941
1686576420,+3.47,+12.946,+10.438,+0.941
1686576480,+3.47,+12.946,+10.491,+0.941
1686576540,+3.47,+12.990,+10.476,+0.941
1686576600,+3.47,+13.052,+10.464,+0.941
1686576660,+3.47,+13.008,+10.482,+0.941
1686576720,+3.47,+13.060,+10.473,+0.941
1686576780,+3.47,+13.043,+10.476,+0.941
1686576840,+3.47,+13.113,+10.445,+0.941
1686576900,+3.47,+13.131,+10.442,+0.941
1686576960,+3.47,+13.122,+10.423,+0.941
1686577020,+3.47,+13.157,+10.406,+0.941
1686577080,+3.47,+13.219,+10.363,+0.941
1686577140,+3.47,+13.280,+10.348,+0.941
1686577200,+3.47,+13.245,+10.393,+0.941
1686577260,+3.47,+13.289,+10.408,+0.941
1686577320,+3.47,+13.385,+10.451,+0.941
1686577380,+3.47,+13.341,+10.545,+0.942
1686577440,+3.47,+13.429,+10.539,+0.941
1686577500,+3.47,+13.420,+10.492,+0.941
1686577560,+3.47,+13.508,+10.426,+0.941
1686577620,+3.47,+13.499,+10.404,+0.941
1686577680,+3.47,+13.438,+10.424,+0.941
1686577740,+3.47,+13.490,+10.412,+0.941
1686577800,+3.47,+13.438,+10.429,+0.941
1686577860,+3.47,+13.411,+10.412,+0.941
1686577920,+3.47,+13.446,+10.407,+0.941
1686577980,+3.47,+13.403,+10.442,+0.941
1686578040,+3.47,+13.368,+10.432,+0.941
1686578100,+3.47,+13.306,+10.454,+0.941
1686578160,+3.47,+13.227,+10.499,+0.941
1686578220,+3.47,+13.262,+10.471,+0.940
1686578280,+3.47,+13.183,+10.500,+0.941
1686578340,+3.47,+13.201,+10.470,+0.941
1686578400,+3.47,+13.183,+10.465,+0.941
1686578460,+3.47,+13.096,+10.474,+0.940
1686578520,+3.47,+13.104,+10.478,+0.941
1686578580,+3.47,+13.104,+10.460,+0.941
1686578640,+3.47,+13.131,+10.446,+0.941
1686578700,+3.47,+13.104,+10.416,+0.941
1686578760,+3.47,+12.990,+10.420,+0.940
1686578820,+3.47,+12.858,+10.618,+0.941
1686578880,+3.47,+12.832,+10.631,+0.941
1686578940,+3.47,+12.761,+10.641,+0.941
1686579000,+3.47,+12.779,+10.623,+0.941
1686579060,+3.47,+12.761,+10.596,+0.940
1686579120,+3.47,+12.717,+10.599,+0.941
1686579180,+3.47,+12.726,+10.580,+0.941
1686579240,+3.47,+12.735,+10.589,+0.941
1686579300,+3.47,+12.682,+10.636,+0.941
1686579360,+3.47,+12.708,+10.602,+0.941
1686579420,+3.47,+12.691,+10.621,+0.941
1686579480,+3.47,+12.646,+10.660,+0.941
1686579540,+3.47,+12.664,+10.676,+0.941
1686579600,+3.47,+12.673,+10.683,+0.941
1686579660,+3.47,+12.691,+10.662,+0.941
1686579720,+3.47,+12.708,+10.637,+0.941
1686579780,+3.47,+12.673,+10.639,+0.941
1686579840,+3.47,+12.699,+10.611,+0.941
1686579900,+3.47,+12.708,+10.574,+0.941
1686579960,+3.47,+12.743,+10.527,+0.941
1686580020,+3.47,+12.761,+10.458,+0.941
1686580080,+3.47,+12.796,+10.405,+0.941
1686580140,+3.47,+12.876,+10.380,+0.941
1686580200,+3.47,+12.849,+10.409,+0.941
1686580260,+3.47,+12.885,+10.416,+0.941
1686580320,+3.47,+12.929,+10.414,+0.941
1686580380,+3.47,+12.876,+10.438,+0.941
1686580440,+3.47,+12.893,+10.409,+0.940
1686580500,+3.47,+12.832,+10.432,+0.941
1686580560,+3.47,+12.788,+10.422,+0.941
1686580620,+3.47,+12.893,+10.400,+0.940
1686580680,+3.47,+12.911,+10.425,+0.941
1686580740,+3.47,+12.920,+10.443,+0.941
1686580800,+3.47,+12.902,+10.432,+0.941
1686580860,+3.47,+12.920,+10.398,+0.941
1686580920,+3.47,+12.885,+10.409,+0.941
1686580980,+3.47,+12.893,+10.402,+0.941
1686581040,+3.47,+12.929,+10.394,+0.941
1686581100,+3.47,+12.902,+10.374,+0.941
1686581160,+3.47,+12.823,+10.347,+0.941
1686581220,+3.47,+12.867,+10.390,+0.941
1686581280,+3.47,+12.840,+10.393,+0.941
1686581340,+3.47,+12.788,+10.438,+0.942
1686581400,+3.47,+12.805,+10.428,+0.941
1686581460,+3.47,+12.761,+10.448,+0.941
1686581520,+3.47,+12.832,+10.420,+0.941
1686581580,+3.47,+12.823,+10.436,+0.941
1686581640,+3.47,+12.849,+10.412,+0.941
1686581700,+3.47,+12.823,+10.413,+0.941
1686581760,+3.47,+12.858,+10.402,+0.941
1686581820,+3.47,+12.893,+10.406,+0.941
1686581880,+3.47,+12.946,+10.434,+0.941
1686581940,+3.47,+12.973,+10.444,+0.941
1686582000,+3.47,+13.060,+10.418,+0.941
1686582060,+3.47,+13.192,+10.444,+0.942
1686582120,+3.47,+13.508,+10.321,+0.942
1686582180,+3.47,+13.709,+10.292,+0.942
1686582240,+3.47,+13.848,+10.240,+0.941
1686582300,+3.47,+13.909,+10.219,+0.942
1686582360,+3.47,+13.953,+10.269,+0.942
1686582420,+3.47,+14.022,+10.219,+0.941
1686582480,+3.47,+14.048,+10.198,+0.942
1686582540,+3.47,+14.092,+10.163,+0.941
1686582600,+3.47,+14.057,+10.162,+0.941
1686582660,+3.47,+14.040,+10.167,+0.941
1686582720,+3.47,+14.092,+10.153,+0.941
1686582780,+3.47,+14.083,+10.161,+0.941
1686582840,+3.47,+14.031,+10.180,+0.941
1686582900,+3.47,+14.092,+10.140,+0.940
1686582960,+3.47,+14.109,+10.150,+0.941
1686583020,+3.47,+14.048,+10.196,+0.941
1686583080,+3.47,+14.153,+10.173,+0.941
1686583140,+3.47,+14.205,+10.185,+0.941
1686583200,+3.47,+14.239,+10.208,+0.941
1686583260,+3.47,+14.231,+10.202,+0.941
1686583320,+3.47,+14.300,+10.178,+0.942
1686583380,+3.47,+14.326,+10.150,+0.941
1686583440,+3.47,+14.274,+10.175,+0.941
1686583500,+3.47,+14.292,+10.158,+0.941
1686583560,+3.47,+14.300,+10.157,+0.941
1686583620,+3.47,+14.266,+10.155,+0.940
1686583680,+3.47,+14.318,+10.134,+0.941
1686583740,+3.47,+14.352,+10.130,+0.941
1686583800,+3.47,+14.326,+10.158,+0.941
1686583860,+3.47,+14.430,+10.157,+0.941
1686583920,+3.47,+14.439,+10.198,+0.941
1686583980,+3.47,+14.482,+10.271,+0.941
1686584040,+3.47,+14.543,+10.290,+0.941
1686584100,+3.47,+14.612,+10.272,+0.941
1686584160,+3.47,+14.595,+10.295,+0.941
1686584220,+3.47,+14.543,+10.314,+0.941
1686584280,+3.47,+14.569,+10.313,+0.941
1686584340,+3.47,+14.508,+10.326,+0.941
1686584400,+3.47,+14.508,+10.289,+0.941
1686584460,+3.47,+14.465,+10.268,+0.941
1686584520,+3.47,+14.526,+10.299,+0.941
1686584580,+3.47,+14.534,+10.364,+0.941
1686584640,+3.47,+14.543,+10.386,+0.941
1686584700,+3.47,+14.508,+10.372,+0.941
1686584760,+3.47,+14.465,+10.280,+0.940
1686584820,+3.47,+14.370,+10.172,+0.940
1686584880,+3.47,+14.318,+10.166,+0.940
1686584940,+3.47,+14.309,+10.090,+0.940
1686585000,+3.47,+14.005,+10.077,+0.939
1686585060,+3.47,+13.752,+10.224,+0.940
1686585120,+3.47,+13.578,+10.289,+0.940
1686585180,+3.47,+13.490,+10.290,+0.939
1686585240,+3.47,+13.385,+10.338,+0.940
1686585300,+3.47,+13.376,+10.323,+0.940
1686585360,+3.47,+13.341,+10.328,+0.940
1686585420,+3.47,+13.324,+10.315,+0.940
1686585480,+3.47,+13.359,+10.314,+0.941
1686585540,+3.47,+13.385,+10.304,+0.941
1686585600,+3.47,+13.446,+10.302,+0.941
1686585660,+3.47,+13.464,+10.261,+0.940
1686585720,+3.47,+13.446,+10.246,+0.940
1686585780,+3.47,+13.595,+10.208,+0.941
1686585840,+3.47,+13.761,+10.177,+0.941
1686585900,+3.47,+13.857,+10.134,+0.942
1686585960,+3.47,+14.066,+10.100,+0.941
1686586020,+3.47,+14.127,+10.114,+0.941
1686586080,+3.47,+14.153,+10.035,+0.940
1686586140,+3.47,+13.848,+10.021,+0.939
1686586200,+3.47,+13.639,+10.120,+0.940
1686586260,+3.47,+13.586,+10.155,+0.940
1686586320,+3.47,+13.455,+10.203,+0.940
1686586380,+3.47,+13.376,+10.225,+0.940
1686586440,+3.47,+13.306,+10.258,+0.941
1686586500,+3.47,+13.315,+10.204,+0.940
1686586560,+3.47,+13.280,+10.212,+0.940
1686586620,+3.47,+13.306,+10.185,+0.940
1686586680,+3.47,+13.306,+10.180,+0.940
1686586740,+3.47,+13.324,+10.185,+0.941
1686586800,+3.47,+13.359,+10.152,+0.940
1686586860,+3.47,+13.341,+10.106,+0.940
1686586920,+3.47,+13.262,+10.177,+0.940
1686586980,+3.47,+13.306,+10.227,+0.941
1686587040,+3.47,+13.271,+10.281,+0.941
1686587100,+3.47,+13.359,+10.278,+0.941
1686587160,+3.47,+13.368,+10.331,+0.941
1686587220,+3.47,+13.420,+10.363,+0.941
1686587280,+3.47,+13.368,+10.460,+0.941
1686587340,+3.47,+13.403,+10.489,+0.941
1686587400,+3.47,+13.473,+10.464,+0.941
1686587460,+3.47,+13.376,+10.491,+0.941
1686587520,+3.47,+13.508,+10.452,+0.941
1686587580,+3.47,+13.665,+10.337,+0.941
1686587640,+3.47,+13.752,+10.268,+0.941
1686587700,+3.47,+13.735,+10.157,+0.940
1686587760,+3.47,+13.656,+10.287,+0.940
1686587820,+3.47,+13.604,+10.358,+0.941
1686587880,+3.47,+13.551,+10.369,+0.941
1686587940,+3.47,+13.490,+10.382,+0.941
1686588000,+3.47,+13.438,+10.431,+0.941
1686588060,+3.47,+13.508,+10.455,+0.941
1686588120,+3.47,+13.525,+10.414,+0.941
1686588180,+3.47,+13.534,+10.448,+0.941
1686588240,+3.47,+13.525,+10.466,+0.941
1686588300,+3.47,+13.455,+10.510,+0.941
1686588360,+3.47,+13.473,+10.493,+0.941
1686588420,+3.47,+13.490,+10.470,+0.941
1686588480,+3.47,+13.446,+10.467,+0.940
1686588540,+3.47,+13.490,+10.412,+0.941
1686588600,+3.47,+13.508,+10.377,+0.941
1686588660,+3.47,+13.595,+10.364,+0.941
1686588720,+3.47,+13.796,+10.247,+0.941
1686588780,+3.47,+13.900,+10.248,+0.941
1686588840,+3.47,+14.031,+10.264,+0.941
1686588900,+3.47,+14.144,+10.323,+0.942
1686588960,+3.47,+14.161,+10.345,+0.941
1686589020,+3.47,+14.222,+10.310,+0.941
1686589080,+3.47,+14.257,+10.236,+0.941
1686589140,+3.47,+14.274,+10.285,+0.941
1686589200,+3.47,+14.274,+10.301,+0.941
1686589260,+3.47,+14.187,+10.338,+0.941
1686589320,+3.47,+14.196,+10.327,+0.941
1686589380,+3.47,+14.248,+10.312,+0.941
1686589440,+3.47,+14.274,+10.308,+0.941
1686589500,+3.47,+14.231,+10.280,+0.941
1686589560,+3.47,+14.170,+10.191,+0.940
1686589620,+3.47,+14.048, +9.985,+0.940
1686589680,+3.47,+13.996,+10.030,+0.941
1686589740,+3.47,+13.953,+10.062,+0.940
1686589800,+3.47,+13.926,+10.071,+0.940
1686589860,+3.47,+13.883,+10.095,+0.940
1686589920,+3.47,+13.874,+10.119,+0.940
1686589980,+3.47,+13.874,+10.182,+0.941
1686590040,+3.47,+13.778,+10.148,+0.940
1686590100,+3.47,+13.761,+10.122,+0.940
1686590160,+3.47,+13.735,+10.093,+0.941
1686590220,+3.47,+13.700,+10.042,+0.940
1686590280,+3.47,+13.691,+10.051,+0.940
1686590340,+3.47,+13.665,+10.091,+0.940
1686590400,+3.47,+13.665,+10.102,+0.941
1686590460,+3.47,+13.656,+10.091,+0.940
1686590520,+3.47,+13.639,+10.111,+0.940
1686590580,+3.47,+13.709,+10.133,+0.941
1686590640,+3.47,+13.691,+10.144,+0.941
1686590700,+3.47,+13.822,+10.083,+0.941
1686590760,+3.47,+13.778,+10.088,+0.941
1686590820,+3.47,+13.813,+10.082,+0.941
1686590880,+3.47,+13.831,+10.069,+0.941
1686590940,+3.47,+13.796,+10.090,+0.941
1686591000,+3.47,+13.900,+10.032,+0.940
1686591060,+3.47,+13.848,+10.144,+0.941
1686591120,+3.47,+13.831,+10.152,+0.940
1686591180,+3.47,+13.831,+10.150,+0.941
1686591240,+3.47,+13.796,+10.171,+0.941
1686591300,+3.47,+13.822,+10.164,+0.941
1686591360,+3.47,+13.874,+10.141,+0.941
1686591420,+3.47,+13.831,+10.133,+0.941
1686591480,+3.47,+13.839,+10.111,+0.941
1686591540,+3.47,+13.787,+10.245,+0.941
1686591600,+3.47,+13.770,+10.235,+0.940
1686591660,+3.47,+13.778,+10.141,+0.940
1686591720,+3.47,+13.717,+10.132,+0.940
1686591780,+3.47,+13.735,+10.086,+0.941
1686591840,+3.47,+13.700,+10.073,+0.940
1686591900,+3.47,+13.726,+10.069,+0.941
1686591960,+3.47,+13.752,+10.079,+0.940
1686592020,+3.47,+13.770,+10.185,+0.941
1686592080,+3.47,+13.839,+10.224,+0.941
1686592140,+3.47,+13.892,+10.280,+0.941
1686592200,+3.47,+14.022,+10.310,+0.941
1686592260,+3.47,+14.092,+10.339,+0.941
1686592320,+3.47,+14.118,+10.328,+0.941
1686592380,+3.47,+14.048,+10.376,+0.942
1686592440,+3.47,+14.109,+10.364,+0.941
1686592500,+3.47,+14.144,+10.295,+0.940
1686592560,+3.47,+14.118,+10.300,+0.941
1686592620,+3.47,+14.127,+10.278,+0.941
1686592680,+3.47,+14.205,+10.228,+0.941
1686592740,+3.47,+14.239,+10.201,+0.941
1686592800,+3.47,+14.266,+10.172,+0.941
1686592860,+3.47,+14.196,+10.165,+0.941
1686592920,+3.47,+14.266,+10.099,+0.940
1686592980,+3.47,+14.222,+10.083,+0.941
1686593040,+3.47,+14.266,+10.117,+0.941
1686593100,+3.47,+14.335,+10.380,+0.941
1686593160,+3.47,+14.387,+10.610,+0.942
1686593220,+3.47,+14.422,+10.549,+0.941
1686593280,+3.47,+14.430,+10.554,+0.941
1686593340,+3.47,+14.456,+10.529,+0.941
1686593400,+3.47,+14.456,+10.586,+0.941
1686593460,+3.47,+14.456,+10.670,+0.941
1686593520,+3.47,+14.448,+10.659,+0.942
1686593580,+3.47,+14.448,+10.643,+0.941
1686593640,+3.47,+14.430,+10.654,+0.941
1686593700,+3.47,+14.482,+10.681,+0.942
1686593760,+3.47,+14.517,+10.583,+0.941
1686593820,+3.47,+14.690,+10.552,+0.941
1686593880,+3.47,+14.914,+10.548,+0.942
1686593940,+3.47,+15.095,+10.601,+0.942
1686594000,+3.47,+15.070,+10.369,+0.941
1686594060,+3.47,+14.914,+10.297,+0.940
1686594120,+3.47,+14.854,+10.372,+0.941
1686594180,+3.47,+14.811,+10.381,+0.941
1686594240,+3.47,+14.759,+10.389,+0.941
1686594300,+3.47,+14.724,+10.386,+0.941
1686594360,+3.47,+14.811,+10.367,+0.941
1686594420,+3.47,+14.897,+10.341,+0.941
1686594480,+3.47,+14.966,+10.382,+0.941
1686594540,+3.47,+15.009,+10.373,+0.941
1686594600,+3.47,+14.940,+10.372,+0.941
1686594660,+3.47,+15.095,+10.391,+0.942
1686594720,+3.47,+15.173,+10.527,+0.941
1686594780,+3.47,+15.268,+10.577,+0.942
1686594840,+3.47,+15.345,+10.584,+0.942
1686594900,+3.47,+15.362,+10.598,+0.942
1686594960,+3.47,+15.457,+10.592,+0.942
1686595020,+3.47,+15.396,+10.658,+0.942
1686595080,+3.47,+15.448,+10.623,+0.941
1686595140,+3.47,+15.439,+10.573,+0.941
1686595200,+3.47,+15.448,+10.658,+0.942
1686595260,+3.47,+15.508,+10.517,+0.941
1686595320,+3.47,+15.439,+10.613,+0.941
1686595380,+3.47,+15.457,+10.671,+0.941
1686595440,+3.47,+15.517,+10.671,+0.942
1686595500,+3.47,+15.508,+10.644,+0.941
1686595560,+3.47,+15.499,+10.593,+0.941
1686595620,+3.47,+15.482,+10.523,+0.941
1686595680,+3.47,+15.439,+10.467,+0.941
1686595740,+3.47,+15.396,+10.476,+0.941
1686595800,+3.47,+15.319,+10.510,+0.941
1686595860,+3.47,+15.207,+10.265,+0.940
1686595920,+3.47,+15.113,+10.403,+0.940
1686595980,+3.47,+14.958,+10.431,+0.940
1686596040,+3.47,+14.966,+10.384,+0.940
1686596100,+3.47,+14.880,+10.342,+0.941
1686596160,+3.47,+14.958,+10.190,+0.940
1686596220,+3.47,+14.932,+10.135,+0.940
1686596280,+3.47,+15.009,+10.140,+0.941
1686596340,+3.47,+15.113,+10.251,+0.941
1686596400,+3.47,+14.992,+10.206,+0.940
1686596460,+3.47,+15.009,+10.718,+0.941
1686596520,+3.47,+14.889,+11.017,+0.941
1686596580,+3.47,+14.914,+11.087,+0.941
1686596640,+3.47,+14.897,+10.812,+0.941
1686596700,+3.47,+14.837,+10.643,+0.941
1686596760,+3.47,+14.750,+10.561,+0.941
1686596820,+3.47,+14.612,+10.598,+0.941
1686596880,+3.47,+14.673,+10.582,+0.941
1686596940,+3.47,+14.621,+10.598,+0.941
1686597000,+3.47,+14.569,+10.673,+0.941
1686597060,+3.47,+14.586,+10.780,+0.941
1686597120,+3.47,+14.577,+10.773,+0.941
1686597180,+3.47,+14.577,+10.729,+0.941
1686597240,+3.47,+14.569,+10.703,+0.941
1686597300,+3.47,+14.552,+10.699,+0.941
1686597360,+3.47,+14.552,+10.643,+0.940
1686597420,+3.47,+14.560,+10.620,+0.941
1686597480,+3.47,+14.569,+10.603,+0.941
1686597540,+3.47,+14.552,+10.585,+0.941
1686597600,+3.47,+14.526,+10.675,+0.941
1686597660,+3.47,+14.474,+10.691,+0.941
1686597720,+3.47,+14.474,+10.709,+0.940
1686597780,+3.47,+14.456,+10.745,+0.941
1686597840,+3.47,+14.430,+10.747,+0.941
1686597900,+3.47,+14.474,+10.736,+0.941
1686597960,+3.47,+14.456,+10.749,+0.941
1686598020,+3.47,+14.474,+10.746,+0.941
1686598080,+3.47,+14.508,+10.761,+0.941
1686598140,+3.47,+14.517,+10.786,+0.942
1686598200,+3.47,+14.517,+10.804,+0.941
1686598260,+3.47,+14.543,+10.796,+0.941
1686598320,+3.47,+14.543,+10.781,+0.941
1686598380,+3.47,+14.526,+10.828,+0.942
1686598440,+3.47,+14.552,+10.829,+0.941
1686598500,+3.47,+14.552,+10.834,+0.941
1686598560,+3.47,+14.577,+10.840,+0.941
1686598620,+3.47,+14.517,+10.938,+0.942
1686598680,+3.47,+14.526,+11.049,+0.941
1686598740,+3.47,+14.560,+11.047,+0.941
1686598800,+3.47,+14.526,+11.006,+0.941
1686598860,+3.47,+14.577,+10.980,+0.941
1686598920,+3.47,+14.534,+10.992,+0.941
1686598980,+3.47,+14.526,+11.009,+0.941
1686599040,+3.47,+14.543,+10.947,+0.941
1686599100,+3.47,+14.517,+10.975,+0.941
1686599160,+3.47,+14.543,+10.983,+0.942
1686599220,+3.47,+14.560,+10.981,+0.941
1686599280,+3.47,+14.517,+10.969,+0.942
1686599340,+3.47,+14.370,+10.444,+0.941
1686599400,+3.47,+14.231,+10.337,+0.941
1686599460,+3.47,+14.170,+10.317,+0.941
1686599520,+3.47,+14.092,+10.331,+0.940
1686599580,+3.47,+14.109,+10.313,+0.940
1686599640,+3.47,+14.066,+10.410,+0.941
1686599700,+3.47,+14.153,+10.416,+0.941
1686599760,+3.47,+14.066,+10.301,+0.940
1686599820,+3.47,+13.970,+10.368,+0.941
1686599880,+3.47,+14.005,+10.348,+0.940
1686599940,+3.47,+13.970,+10.375,+0.941
1686600000,+3.47,+14.014,+10.394,+0.941
1686600060,+3.47,+14.066,+10.381,+0.941
1686600120,+3.47,+14.048,+10.401,+0.941
1686600180,+3.47,+14.005,+10.319,+0.940
1686600240,+3.47,+14.022,+10.491,+0.941
1686600300,+3.47,+13.935,+10.491,+0.941
1686600360,+3.47,+13.900,+10.411,+0.941
1686600420,+3.47,+13.839,+10.300,+0.940
1686600480,+3.47,+13.717,+10.148,+0.940
1686600540,+3.47,+13.656,+10.036,+0.940
1686600600,+3.47,+13.525, +9.749,+0.939
1686600660,+3.47,+13.315, +9.478,+0.939
1686600720,+3.47,+13.052, +9.437,+0.939
1686600780,+3.47,+12.937, +9.419,+0.939
1686600840,+3.47,+12.823, +9.401,+0.940
1686600900,+3.47,+12.726, +9.431,+0.940
1686600960,+3.47,+12.673, +9.432,+0.939
1686601020,+3.47,+12.664, +9.415,+0.939
1686601080,+3.47,+12.602, +9.423,+0.940
1686601140,+3.47,+12.558, +9.400,+0.940
1686601200,+3.47,+12.638, +9.425,+0.940
1686601260,+3.47,+12.770, +9.526,+0.940
1686601320,+3.47,+12.770, +9.634,+0.941
1686601380,+3.47,+12.911, +9.753,+0.940
1686601440,+3.47,+12.964, +9.875,+0.941
1686601500,+3.47,+13.078, +9.967,+0.941
1686601560,+3.47,+13.122,+10.029,+0.940
1686601620,+3.47,+13.219,+10.051,+0.941
1686601680,+3.47,+13.280,+10.079,+0.941
1686601740,+3.47,+13.333,+10.120,+0.941
1686601800,+3.47,+13.306,+10.163,+0.940
1686601860,+3.47,+13.429,+10.193,+0.942
1686601920,+3.47,+13.455,+10.304,+0.941
1686601980,+3.47,+13.516,+10.360,+0.941
1686602040,+3.47,+13.586,+10.391,+0.941
1686602100,+3.47,+13.595,+10.379,+0.940
1686602160,+3.47,+13.595,+10.406,+0.941
1686602220,+3.47,+13.630,+10.397,+0.941
1686602280,+3.47,+13.709,+10.435,+0.942
1686602340,+3.47,+13.752,+10.412,+0.941
1686602400,+3.47,+13.743,+10.409,+0.941
1686602460,+3.47,+13.682,+10.502,+0.941
1686602520,+3.47,+13.682,+10.445,+0.942
1686602580,+3.47,+13.639,+10.538,+0.941
1686602640,+3.47,+13.586,+10.051,+0.940
1686602700,+3.47,+13.499, +9.916,+0.940
1686602760,+3.47,+13.438, +9.864,+0.940
1686602820,+3.47,+13.245, +9.657,+0.940
1686602880,+3.47,+13.096, +9.416,+0.940
1686602940,+3.47,+12.973, +9.281,+0.939
1686603000,+3.47,+12.717, +9.111,+0.939
1686603060,+3.47,+12.478, +9.164,+0.939
1686603120,+3.47,+12.399, +9.210,+0.939
1686603180,+3.47,+12.301, +9.226,+0.939
1686603240,+3.47,+12.230, +9.179,+0.940
1686603300,+3.47,+12.097, +9.219,+0.940
1686603360,+3.47,+12.053, +9.259,+0.940
1686603420,+3.47,+12.035, +9.272,+0.940
1686603480,+3.47,+11.928, +9.310,+0.940
1686603540,+3.47,+12.044, +9.260,+0.940
1686603600,+3.47,+12.035, +9.239,+0.939
1686603660,+3.47,+11.964, +9.243,+0.940
1686603720,+3.47,+11.946, +9.256,+0.940
1686603780,+3.47,+12.053, +9.268,+0.941
1686603840,+3.47,+12.230, +9.240,+0.940
1686603900,+3.47,+12.381, +9.380,+0.941
1686603960,+3.47,+12.611, +9.498,+0.941
1686604020,+3.47,+12.717, +9.499,+0.941
1686604080,+3.47,+12.752, +9.592,+0.941
1686604140,+3.47,+12.743, +9.587,+0.941
1686604200,+3.47,+12.814, +9.584,+0.941
1686604260,+3.47,+12.876, +9.587,+0.940
1686604320,+3.47,+12.902, +9.635,+0.941
1686604380,+3.47,+13.008, +9.664,+0.941
1686604440,+3.47,+12.955, +9.487,+0.940
1686604500,+3.47,+12.920, +9.473,+0.940
1686604560,+3.47,+12.761, +9.492,+0.940
1686604620,+3.47,+12.743, +9.489,+0.940
1686604680,+3.47,+12.779, +9.497,+0.940
1686604740,+3.47,+12.779, +9.510,+0.940
1686604800,+3.47,+12.796, +9.535,+0.941
1686604860,+3.47,+12.911, +9.562,+0.940
1686604920,+3.47,+12.990, +9.868,+0.941
1686604980,+3.47,+13.069, +9.990,+0.941
1686605040,+3.47,+13.043, +9.427,+0.939
1686605100,+3.47,+12.585, +9.023,+0.939
1686605160,+3.47,+12.337, +9.150,+0.939
1686605220,+3.47,+12.257, +9.183,+0.939
1686605280,+3.47,+12.195, +9.191,+0.940
1686605340,+3.47,+12.124, +9.188,+0.940
1686605400,+3.47,+12.017, +9.197,+0.940
1686605460,+3.47,+12.070, +9.177,+0.940
1686605520,+3.47,+12.070, +9.165,+0.940
1686605580,+3.47,+12.150, +9.200,+0.940
1686605640,+3.47,+12.319, +9.219,+0.940
1686605700,+3.47,+12.381, +9.249,+0.940
1686605760,+3.47,+12.248, +9.125,+0.939
1686605820,+3.47,+12.053, +9.190,+0.940
1686605880,+3.47,+12.106, +9.232,+0.941
1686605940,+3.47,+12.168, +9.264,+0.941
1686606000,+3.47,+12.248, +9.166,+0.940
1686606060,+3.47,+12.141, +9.213,+0.940
1686606120,+3.47,+12.141, +9.295,+0.940
1686606180,+3.47,+12.221, +9.242,+0.940
1686606240,+3.47,+12.319, +9.268,+0.940
1686606300,+3.47,+12.567, +9.523,+0.941
1686606360,+3.47,+12.770, +9.982,+0.941
1686606420,+3.47,+13.008,+10.098,+0.941
1686606480,+3.47,+13.096,+10.121,+0.941
1686606540,+3.47,+13.122,+10.170,+0.941
1686606600,+3.47,+13.140,+10.221,+0.941
1686606660,+3.47,+13.236,+10.274,+0.941
1686606720,+3.47,+13.315,+10.267,+0.941
1686606780,+3.47,+13.394,+10.265,+0.941
1686606840,+3.47,+13.508,+10.136,+0.941
1686606900,+3.47,+13.578,+10.093,+0.941
1686606960,+3.47,+13.665,+10.059,+0.941
1686607020,+3.47,+13.700,+10.071,+0.941
1686607080,+3.47,+13.700,+10.117,+0.941
1686607140,+3.47,+13.822,+10.101,+0.941
1686607200,+3.47,+13.839,+10.110,+0.941
1686607260,+3.47,+13.839,+10.114,+0.941
1686607320,+3.47,+13.892,+10.089,+0.941
1686607380,+3.47,+13.918,+10.151,+0.941
1686607440,+3.47,+13.883,+10.305,+0.941
1686607500,+3.47,+13.979,+10.369,+0.941
1686607560,+3.47,+14.040,+10.417,+0.941
1686607620,+3.47,+13.987,+10.400,+0.941
1686607680,+3.47,+13.935,+10.343,+0.941
1686607740,+3.47,+13.979,+10.228,+0.941
1686607800,+3.47,+13.900,+10.062,+0.940
1686607860,+3.47,+13.848,+10.010,+0.940
1686607920,+3.47,+13.726,+10.100,+0.940
1686607980,+3.47,+13.752,+10.040,+0.940
1686608040,+3.47,+13.726, +9.982,+0.940
1686608100,+3.47,+13.700, +9.988,+0.940
1686608160,+3.47,+13.560, +9.976,+0.940
1686608220,+3.47,+13.490, +9.855,+0.940
1686608280,+3.47,+13.403, +9.848,+0.940
1686608340,+3.47,+13.297, +9.822,+0.939
1686608400,+3.47,+13.315, +9.811,+0.940
1686608460,+3.47,+13.359, +9.893,+0.940
1686608520,+3.47,+13.183, +9.693,+0.940
1686608580,+3.47,+13.034, +9.515,+0.939
1686608640,+3.47,+12.964, +9.493,+0.940
1686608700,+3.47,+12.858, +9.464,+0.939
1686608760,+3.47,+12.814, +9.465,+0.939
1686608820,+3.47,+12.885, +9.448,+0.940
1686608880,+3.47,+12.902, +9.478,+0.940
1686608940,+3.47,+12.999, +9.524,+0.940
1686609000,+3.47,+13.096, +9.603,+0.940
1686609060,+3.47,+13.131, +9.710,+0.940
1686609120,+3.47,+13.201, +9.773,+0.940
1686609180,+3.47,+13.175, +9.811,+0.941
1686609240,+3.47,+13.236, +9.816,+0.940
1686609300,+3.47,+13.236, +9.839,+0.940
1686609360,+3.47,+13.280, +9.922,+0.941
1686609420,+3.47,+13.341, +9.935,+0.940
1686609480,+3.47,+13.368, +9.963,+0.940
1686609540,+3.47,+13.429, +9.951,+0.941
1686609600,+3.47,+13.368, +9.962,+0.940
1686609660,+3.47,+13.350, +9.912,+0.940
1686609720,+3.47,+13.368, +9.904,+0.941
1686609780,+3.47,+13.464, +9.908,+0.941
1686609840,+3.47,+13.604, +9.880,+0.941
1686609900,+3.47,+13.551, +9.744,+0.940
1686609960,+3.47,+13.333, +9.109,+0.938
1686610020,+3.47,+12.902, +8.976,+0.939
1686610080,+3.47,+12.567, +8.915,+0.938
1686610140,+3.47,+12.381, +8.969,+0.939
1686610200,+3.47,+12.301, +9.011,+0.939
1686610260,+3.47,+12.221, +9.024,+0.939
1686610320,+3.47,+12.150, +9.063,+0.939
1686610380,+3.47,+12.168, +9.075,+0.939
1686610440,+3.47,+12.310, +9.182,+0.940
1686610500,+3.47,+12.629, +9.331,+0.941
1686610560,+3.47,+12.893, +9.527,+0.941
1686610620,+3.47,+13.087, +9.828,+0.941
1686610680,+3.47,+12.902, +9.160,+0.939
1686610740,+3.47,+12.496, +9.056,+0.939
1686610800,+3.47,+12.292, +9.099,+0.939
1686610860,+3.47,+12.221, +9.104,+0.940
1686610920,+3.47,+12.150, +9.109,+0.940
1686610980,+3.47,+12.221, +9.113,+0.940
1686611040,+3.47,+12.461, +9.152,+0.940
1686611100,+3.47,+12.717, +9.281,+0.941
1686611160,+3.47,+12.999, +9.383,+0.940
1686611220,+3.47,+13.236, +9.519,+0.941
1686611280,+3.47,+13.368, +9.646,+0.941
1686611340,+3.47,+13.446, +9.775,+0.941
1686611400,+3.47,+13.394, +9.880,+0.940
1686611460,+3.47,+13.403,+10.010,+0.941
1686611520,+3.47,+13.122, +9.425,+0.939
1686611580,+3.47,+13.008, +9.365,+0.940
1686611640,+3.47,+12.929, +9.340,+0.940
1686611700,+3.47,+12.779, +9.325,+0.940
1686611760,+3.47,+12.673, +9.295,+0.940
1686611820,+3.47,+12.567, +9.263,+0.939
1686611880,+3.47,+12.620, +9.329,+0.940
1686611940,+3.47,+12.788, +9.455,+0.941
1686612000,+3.47,+12.779, +9.163,+0.939
1686612060,+3.47,+12.310, +9.024,+0.938
1686612120,+3.47,+11.999, +9.176,+0.939
1686612180,+3.47,+11.857, +9.244,+0.939
1686612240,+3.47,+11.750, +9.285,+0.939
1686612300,+3.47,+11.705, +9.294,+0.940
1686612360,+3.47,+11.660, +9.295,+0.939
1686612420,+3.47,+11.624, +9.312,+0.939
1686612480,+3.47,+11.669, +9.297,+0.940
1686612540,+3.47,+11.678, +9.322,+0.940
1686612600,+3.47,+11.821, +9.271,+0.940
1686612660,+3.47,+11.919, +9.275,+0.940
1686612720,+3.47,+11.990, +9.254,+0.940
1686612780,+3.47,+11.981, +9.103,+0.940
1686612840,+3.47,+11.892, +9.164,+0.940
1686612900,+3.47,+11.866, +9.176,+0.940
1686612960,+3.47,+11.866, +9.170,+0.940
1686613020,+3.47,+11.928, +9.140,+0.940
1686613080,+3.47,+12.061, +9.145,+0.940
1686613140,+3.47,+12.061, +9.145,+0.940
1686613200,+3.47,+11.981, +9.118,+0.940
1686613260,+3.47,+11.892, +9.146,+0.940
1686613320,+3.47,+11.972, +9.122,+0.940
1686613380,+3.47,+12.008, +9.123,+0.940
1686613440,+3.47,+12.133, +9.158,+0.940
1686613500,+3.47,+12.461, +9.411,+0.941
1686613560,+3.47,+12.602, +9.581,+0.941
1686613620,+3.47,+12.796, +9.756,+0.941
1686613680,+3.47,+12.805, +9.630,+0.941
1686613740,+3.47,+12.593, +9.379,+0.940
1686613800,+3.47,+12.434, +9.297,+0.940
1686613860,+3.47,+12.275, +9.269,+0.940
1686613920,+3.47,+12.310, +9.211,+0.940
1686613980,+3.47,+12.301, +9.228,+0.940
1686614040,+3.47,+12.523, +9.213,+0.940
1686614100,+3.47,+12.602, +9.270,+0.940
1686614160,+3.47,+12.664, +9.244,+0.940
1686614220,+3.47,+12.425, +8.925,+0.939
1686614280,+3.47,+12.230, +8.965,+0.939
1686614340,+3.47,+12.124, +9.047,+0.940
1686614400,+3.47,+12.035, +9.076,+0.940
1686614460,+3.47,+11.919, +9.122,+0.940
1686614520,+3.47,+11.848, +9.132,+0.940
1686614580,+3.47,+11.830, +9.111,+0.940
1686614640,+3.47,+11.767, +9.120,+0.940
1686614700,+3.47,+11.794, +9.094,+0.940
1686614760,+3.47,+11.741, +9.097,+0.940
1686614820,+3.47,+11.723, +9.095,+0.940
1686614880,+3.47,+11.714, +9.098,+0.940
1686614940,+3.47,+11.758, +9.099,+0.940
1686615000,+3.47,+11.750, +9.140,+0.940
1686615060,+3.47,+11.758, +9.147,+0.940
1686615120,+3.47,+11.857, +9.145,+0.941
1686615180,+3.47,+11.964, +9.115,+0.940
1686615240,+3.47,+12.257, +9.334,+0.941
1686615300,+3.47,+12.602, +9.721,+0.941
1686615360,+3.47,+12.761, +9.970,+0.941
1686615420,+3.47,+12.955,+10.159,+0.941
1686615480,+3.47,+13.034,+10.214,+0.942
1686615540,+3.47,+13.069,+10.273,+0.942
1686615600,+3.47,+13.210,+10.275,+0.942
1686615660,+3.47,+13.280,+10.283,+0.942
1686615720,+3.47,+13.359,+10.229,+0.941
1686615780,+3.47,+13.368,+10.200,+0.941
1686615840,+3.47,+13.438,+10.128,+0.941
1686615900,+3.47,+13.481,+10.058,+0.941
1686615960,+3.47,+13.508,+10.044,+0.941
1686616020,+3.47,+13.534,+10.006,+0.941
1686616080,+3.47,+13.438, +9.922,+0.941
1686616140,+3.47,+13.490, +9.914,+0.941
1686616200,+3.47,+13.464,+10.044,+0.940
1686616260,+3.47,+13.429,+10.390,+0.941
1686616320,+3.47,+13.438,+10.568,+0.940
1686616380,+3.47,+13.438,+10.560,+0.940
1686616440,+3.47,+13.166, +9.963,+0.940
1686616500,+3.47,+12.973, +9.819,+0.940
1686616560,+3.47,+12.973, +9.698,+0.940
1686616620,+3.47,+12.814, +9.620,+0.940
1686616680,+3.47,+12.673, +9.611,+0.940
1686616740,+3.47,+12.761, +9.663,+0.940
1686616800,+3.47,+12.823, +9.818,+0.940
1686616860,+3.47,+12.876,+10.017,+0.940
1686616920,+3.47,+12.946,+10.061,+0.940
1686616980,+3.47,+12.981,+10.098,+0.941
1686617040,+3.47,+13.052,+10.142,+0.940
1686617100,+3.47,+13.104,+10.221,+0.941
1686617160,+3.47,+13.122,+10.315,+0.941
1686617220,+3.47,+13.148,+10.338,+0.941
1686617280,+3.47,+13.175,+10.327,+0.941
1686617340,+3.47,+13.227,+10.340,+0.941
1686617400,+3.47,+13.289,+10.278,+0.941
1686617460,+3.47,+13.280,+10.257,+0.941
1686617520,+3.47,+13.403,+10.167,+0.941
1686617580,+3.47,+13.499,+10.122,+0.941
1686617640,+3.47,+13.578,+10.106,+0.942
1686617700,+3.47,+13.656,+10.125,+0.941
1686617760,+3.47,+13.691,+10.167,+0.941
1686617820,+3.47,+13.778,+10.247,+0.941
1686617880,+3.47,+13.874,+10.386,+0.942
1686617940,+3.47,+13.883,+10.455,+0.941
1686618000,+3.47,+13.883,+10.710,+0.941
1686618060,+3.47,+13.874,+10.989,+0.942
1686618120,+3.47,+13.909,+10.614,+0.941
1686618180,+3.47,+13.866,+10.399,+0.941
1686618240,+3.47,+13.787,+10.338,+0.941
1686618300,+3.47,+13.770,+10.453,+0.941
1686618360,+3.47,+13.726,+10.477,+0.940
1686618420,+3.47,+13.726,+10.418,+0.941
1686618480,+3.47,+13.691,+10.395,+0.941
1686618540,+3.47,+13.700,+10.372,+0.940
1686618600,+3.47,+13.665,+10.320,+0.940
1686618660,+3.47,+13.612,+10.248,+0.940
1686618720,+3.47,+13.534, +9.667,+0.939
1686618780,+3.47,+13.254, +9.489,+0.940
1686618840,+3.47,+13.236, +9.525,+0.940
1686618900,+3.47,+13.140, +9.590,+0.940
1686618960,+3.47,+13.087, +9.619,+0.940
1686619020,+3.47,+13.078, +9.629,+0.940
1686619080,+3.47,+13.140, +9.609,+0.940
1686619140,+3.47,+13.148, +9.716,+0.940
1686619200,+3.47,+13.113, +9.898,+0.940
1686619260,+3.47,+13.192,+10.097,+0.940
1686619320,+3.47,+13.210,+10.189,+0.940
1686619380,+3.47,+13.236,+10.284,+0.941
1686619440,+3.47,+13.271,+10.326,+0.941
1686619500,+3.47,+13.289,+10.354,+0.941
1686619560,+3.47,+13.289,+10.367,+0.941
1686619620,+3.47,+13.333,+10.351,+0.941
1686619680,+3.47,+13.324,+10.340,+0.941
1686619740,+3.47,+13.341,+10.287,+0.941
1686619800,+3.47,+13.368,+10.279,+0.941
1686619860,+3.47,+13.341,+10.334,+0.941
1686619920,+3.47,+13.315,+10.343,+0.941
1686619980,+3.47,+13.227,+10.198,+0.941
1686620040,+3.47,+13.166,+10.003,+0.940
1686620100,+3.47,+13.157, +9.868,+0.940
1686620160,+3.47,+13.069, +9.854,+0.940
1686620220,+3.47,+13.087, +9.847,+0.940
1686620280,+3.47,+13.096, +9.848,+0.940
1686620340,+3.47,+13.166, +9.876,+0.941
1686620400,+3.47,+13.236, +9.929,+0.941
1686620460,+3.47,+13.368,+10.014,+0.940
1686620520,+3.47,+13.403,+10.043,+0.940
1686620580,+3.47,+13.446,+10.102,+0.941
1686620640,+3.47,+13.578,+10.123,+0.941
1686620700,+3.47,+13.551,+10.214,+0.941
1686620760,+3.47,+13.639,+10.219,+0.941
1686620820,+3.47,+13.586,+10.226,+0.941
1686620880,+3.47,+13.674,+10.205,+0.941
1686620940,+3.47,+13.647,+10.250,+0.941
1686621000,+3.47,+13.709,+10.373,+0.941
1686621060,+3.47,+13.735,+10.466,+0.942
1686621120,+3.47,+13.787,+10.498,+0.941
1686621180,+3.47,+13.796,+10.605,+0.942
1686621240,+3.47,+13.839,+10.700,+0.941
1686621300,+3.47,+13.874,+10.764,+0.942
1686621360,+3.47,+13.831,+10.805,+0.941
1686621420,+3.47,+13.839,+10.793,+0.942
1686621480,+3.47,+13.804,+10.745,+0.941
1686621540,+3.47,+13.918,+10.610,+0.941
1686621600,+3.47,+14.005,+10.584,+0.941
1686621660,+3.47,+14.344,+10.443,+0.942
1686621720,+3.47,+14.404,+10.368,+0.941
1686621780,+3.47,+14.187,+10.614,+0.940
1686621840,+3.47,+14.153,+10.662,+0.941
1686621900,+3.47,+14.118,+10.688,+0.941
1686621960,+3.47,+14.100,+10.669,+0.941
1686622020,+3.47,+14.092,+10.605,+0.941
1686622080,+3.47,+14.100,+10.583,+0.941
1686622140,+3.47,+14.083,+10.570,+0.941
1686622200,+3.47,+14.048,+10.662,+0.941
1686622260,+3.47,+14.031,+10.677,+0.941
1686622320,+3.47,+14.048,+10.642,+0.941
1686622380,+3.47,+14.387,+10.594,+0.943
1686622440,+3.47,+15.817, +9.992,+0.946
1686622500,+3.47,+17.163, +9.481,+0.946
1686622560,+3.47,+18.052, +9.340,+0.946
1686622620,+3.47,+18.642, +9.197,+0.944
1686622680,+3.47,+19.214, +9.162,+0.944
1686622740,+3.47,+19.685, +9.299,+0.945
1686622800,+3.47,+20.054, +9.265,+0.944
1686622860,+3.47,+20.364, +9.240,+0.945
1686622920,+3.47,+20.582, +9.235,+0.944
1686622980,+3.47,+20.733, +9.239,+0.944
1686623040,+3.47,+20.842, +9.258,+0.944
1686623100,+3.47,+20.976, +9.118,+0.945
1686623160,+3.47,+21.093, +9.035,+0.944
1686623220,+3.47,+21.101, +9.088,+0.945
1686623280,+3.47,+21.135, +9.120,+0.945
1686623340,+3.47,+21.177, +9.200,+0.945
1686623400,+3.47,+21.202, +9.220,+0.945
1686623460,+3.47,+21.252, +9.228,+0.945
1686623520,+3.47,+21.244, +9.224,+0.945
1686623580,+3.47,+21.286, +9.195,+0.944
1686623640,+3.47,+21.277, +9.184,+0.945
1686623700,+3.47,+20.825, +8.422,+0.939
1686623760,+3.47,+19.752, +8.871,+0.942
1686623820,+3.47,+18.592, +9.253,+0.939
1686623880,+3.47,+17.485, +9.877,+0.940
1686623940,+3.47,+16.823, +9.740,+0.938
1686624000,+3.47,+16.159, +9.852,+0.939
1686624060,+3.47,+15.594,+10.134,+0.939
1686624120,+3.47,+15.345,+10.244,+0.939
1686624180,+3.47,+15.104,+10.327,+0.940
1686624240,+3.47,+15.044,+10.416,+0.940
1686624300,+3.47,+16.133,+10.332,+0.946
1686624360,+3.47,+17.697, +9.521,+0.944
1686624420,+3.47,+18.608, +9.446,+0.944
1686624480,+3.47,+19.130, +9.328,+0.943
1686624540,+3.47,+19.576, +9.337,+0.944
1686624600,+3.47,+19.827, +9.250,+0.944
1686624660,+3.47,+20.029, +9.199,+0.943
1686624720,+3.47,+20.280, +9.133,+0.944
1686624780,+3.47,+20.440, +9.040,+0.944
1686624840,+3.47,+20.515, +9.038,+0.945
1686624900,+3.47,+20.632, +8.907,+0.943
1686624960,+3.47,+18.499, +9.123,+0.939
1686625020,+3.47,+17.307, +9.523,+0.940
1686625080,+3.47,+17.163,+10.020,+0.944
1686625140,+3.47,+17.688, +9.580,+0.942
1686625200,+3.47,+18.069, +9.399,+0.942
1686625260,+3.47,+18.297, +9.236,+0.942
1686625320,+3.47,+18.246, +9.206,+0.941
1686625380,+3.47,+18.094, +9.215,+0.941
1686625440,+3.47,+18.077, +9.236,+0.941
1686625500,+3.47,+18.128, +9.231,+0.941
1686625560,+3.47,+18.356, +9.254,+0.942
1686625620,+3.47,+18.878, +9.205,+0.943
1686625680,+3.47,+19.256, +9.160,+0.943
1686625740,+3.47,+19.559, +9.095,+0.943
1686625800,+3.47,+19.718, +9.128,+0.943
1686625860,+3.47,+19.785, +9.154,+0.943
1686625920,+3.47,+19.995, +9.094,+0.943
1686625980,+3.47,+20.012, +9.088,+0.943
1686626040,+3.47,+20.054, +9.133,+0.943
1686626100,+3.47,+20.138, +9.147,+0.944
1686626160,+3.47,+20.146, +9.210,+0.944
1686626220,+3.47,+20.247, +9.175,+0.944
1686626280,+3.47,+20.289, +9.176,+0.944
1686626340,+3.47,+20.339, +9.245,+0.944
1686626400,+3.47,+20.373, +9.242,+0.943
1686626460,+3.47,+20.423, +9.195,+0.945
1686626520,+3.47,+20.431, +9.083,+0.944
1686626580,+3.47,+20.440, +8.979,+0.944
1686626640,+3.47,+20.448, +8.993,+0.944
1686626700,+3.47,+20.473, +8.980,+0.944
1686626760,+3.47,+20.532, +8.990,+0.944
1686626820,+3.47,+20.540, +9.012,+0.944
1686626880,+3.47,+20.599, +8.957,+0.943
1686626940,+3.47,+19.752, +9.156,+0.942
1686627000,+3.47,+19.634, +9.249,+0.943
1686627060,+3.47,+19.693, +9.201,+0.943
1686627120,+3.47,+19.433, +9.199,+0.942
1686627180,+3.47,+19.189, +9.322,+0.943
1686627240,+3.47,+19.181, +9.327,+0.943
1686627300,+3.47,+19.198, +9.335,+0.943
1686627360,+3.47,+19.282, +9.321,+0.943
1686627420,+3.47,+19.324, +9.347,+0.943
1686627480,+3.47,+19.458, +9.349,+0.943
1686627540,+3.47,+19.592, +9.331,+0.944
1686627600,+3.47,+19.811, +9.271,+0.944
1686627660,+3.47,+19.853, +9.255,+0.944
1686627720,+3.47,+20.029, +9.211,+0.944
1686627780,+3.47,+20.029, +9.213,+0.944
1686627840,+3.47,+20.020, +9.265,+0.943
1686627900,+3.47,+19.978, +9.253,+0.943
1686627960,+3.47,+18.558, +8.746,+0.936
1686628020,+3.47,+16.602, +8.921,+0.936
1686628080,+3.47,+15.534, +9.190,+0.937
1686628140,+3.47,+14.828, +9.361,+0.937
1686628200,+3.47,+14.422, +9.526,+0.938
1686628260,+3.47,+13.996, +9.588,+0.939
1686628320,+3.47,+13.804, +9.694,+0.939
1686628380,+3.47,+13.752, +9.814,+0.939
1686628440,+3.47,+13.761, +9.903,+0.939
1686628500,+3.47,+13.831, +9.944,+0.939
1686628560,+3.47,+13.953,+10.025,+0.939
1686628620,+3.47,+14.144,+10.130,+0.940
1686628680,+3.47,+14.422,+10.710,+0.945
1686628740,+3.47,+15.902,+10.387,+0.944
1686628800,+3.47,+16.900,+10.324,+0.945
1686628860,+3.47,+17.578,+10.208,+0.945
1686628920,+3.47,+18.102,+10.015,+0.944
1686628980,+3.47,+18.389,+10.061,+0.944
1686629040,+3.47,+18.600,+10.057,+0.944
1686629100,+3.47,+18.743,+10.027,+0.944
1686629160,+3.47,+18.052, +9.071,+0.937
1686629220,+3.47,+16.560, +9.141,+0.937
1686629280,+3.47,+15.620, +9.443,+0.938
1686629340,+3.47,+15.061, +9.619,+0.938
1686629400,+3.47,+14.612, +9.594,+0.938
1686629460,+3.47,+14.153, +9.533,+0.937
1686629520,+3.47,+13.770, +9.623,+0.938
1686629580,+3.47,+13.639, +9.640,+0.938
1686629640,+3.47,+13.534, +9.742,+0.939
1686629700,+3.47,+13.639, +9.790,+0.939
1686629760,+3.47,+13.691, +9.877,+0.940
1686629820,+3.47,+13.839, +9.900,+0.940
1686629880,+3.47,+14.057,+10.010,+0.940
1686629940,+3.47,+14.491,+10.047,+0.942
1686630000,+3.47,+15.104,+10.123,+0.943
1686630060,+3.47,+15.680, +9.968,+0.942
1686630120,+3.47,+15.954, +9.918,+0.942
1686630180,+3.47,+16.184, +9.825,+0.941
1686630240,+3.47,+15.722, +9.379,+0.938
1686630300,+3.47,+14.983, +9.485,+0.938
1686630360,+3.47,+14.352, +9.267,+0.937
1686630420,+3.47,+13.752, +9.236,+0.938
1686630480,+3.47,+13.289, +9.333,+0.938
1686630540,+3.47,+13.043, +9.373,+0.939
1686630600,+3.47,+12.964, +9.469,+0.939
1686630660,+3.47,+13.113, +9.627,+0.940
1686630720,+3.47,+13.403, +9.873,+0.940
1686630780,+3.47,+13.691, +9.982,+0.941
1686630840,+3.47,+14.552,+10.444,+0.945
1686630900,+3.47,+15.834,+10.204,+0.945
1686630960,+3.47,+16.730,+10.153,+0.946
1686631020,+3.47,+17.595,+10.070,+0.945
1686631080,+3.47,+18.094,+10.033,+0.945
1686631140,+3.47,+18.474, +9.373,+0.940
1686631200,+3.47,+17.502, +9.447,+0.941
1686631260,+3.47,+16.993, +9.444,+0.940
1686631320,+3.47,+16.798, +9.570,+0.941
1686631380,+3.47,+16.730, +9.500,+0.940
1686631440,+3.47,+16.440, +9.588,+0.940
1686631500,+3.47,+16.304, +9.681,+0.941
1686631560,+3.47,+16.594, +9.792,+0.942
1686631620,+3.47,+17.231, +9.849,+0.943
1686631680,+3.47,+17.857, +9.820,+0.943
1686631740,+3.47,+18.313, +9.800,+0.943
1686631800,+3.47,+18.684, +9.774,+0.943
1686631860,+3.47,+18.912, +9.752,+0.943
1686631920,+3.47,+19.122, +9.766,+0.944
1686631980,+3.47,+19.298, +9.747,+0.944
1686632040,+3.47,+19.391, +9.673,+0.944
1686632100,+3.47,+19.508, +9.535,+0.944
1686632160,+3.47,+19.643, +9.404,+0.944
1686632220,+3.47,+19.802, +9.351,+0.944
1686632280,+3.47,+19.886, +9.265,+0.943
1686632340,+3.47,+19.886, +9.481,+0.943
1686632400,+3.47,+19.802, +9.324,+0.943
1686632460,+3.47,+19.466, +9.406,+0.943
1686632520,+3.47,+19.408, +9.475,+0.943
1686632580,+3.47,+19.567, +9.453,+0.943
1686632640,+3.47,+19.391, +9.431,+0.943
1686632700,+3.47,+19.332, +9.461,+0.943
1686632760,+3.47,+19.240, +9.497,+0.943
1686632820,+3.47,+19.307, +9.518,+0.943
1686632880,+3.47,+19.332, +9.467,+0.943
1686632940,+3.47,+19.441, +9.396,+0.943
1686633000,+3.47,+19.500, +9.365,+0.943
1686633060,+3.47,+19.592, +9.333,+0.943
1686633120,+3.47,+19.601, +9.360,+0.943
1686633180,+3.47,+19.752, +9.371,+0.943
1686633240,+3.47,+19.819, +9.468,+0.944
1686633300,+3.47,+19.869, +9.493,+0.944
1686633360,+3.47,+19.895, +9.447,+0.944
1686633420,+3.47,+19.903, +9.453,+0.944
1686633480,+3.47,+19.937, +9.483,+0.944
1686633540,+3.47,+19.962, +9.482,+0.943
1686633600,+3.47,+19.962, +9.483,+0.943
1686633660,+3.47,+19.978, +9.479,+0.944
1686633720,+3.47,+20.004, +9.428,+0.944
1686633780,+3.47,+19.978, +9.455,+0.944
1686633840,+3.47,+19.987, +9.464,+0.943
1686633900,+3.47,+19.978, +9.500,+0.944
1686633960,+3.47,+20.046, +9.485,+0.944
1686634020,+3.47,+20.020, +9.474,+0.944
1686634080,+3.47,+20.012, +9.445,+0.943
1686634140,+3.47,+20.037, +9.436,+0.944
1686634200,+3.47,+20.062, +9.403,+0.944
1686634260,+3.47,+19.995, +9.364,+0.944
1686634320,+3.47,+20.029, +9.374,+0.944
1686634380,+3.47,+20.046, +9.396,+0.944
1686634440,+3.47,+20.096, +9.392,+0.943
1686634500,+3.47,+20.129, +9.338,+0.943
1686634560,+3.47,+20.054, +9.298,+0.944
1686634620,+3.47,+20.113, +9.184,+0.944
1686634680,+3.47,+20.146, +9.151,+0.944
1686634740,+3.47,+20.113, +9.150,+0.943
1686634800,+3.47,+20.104, +9.199,+0.943
1686634860,+3.47,+20.171, +9.226,+0.944
1686634920,+3.47,+20.146, +9.230,+0.944
1686634980,+3.47,+20.188, +9.209,+0.944
1686635040,+3.47,+20.104, +9.350,+0.944
1686635100,+3.47,+20.146, +9.368,+0.944
1686635160,+3.47,+20.163, +9.350,+0.943
1686635220,+3.47,+20.188, +9.341,+0.944
1686635280,+3.47,+20.155, +9.334,+0.944
1686635340,+3.47,+20.197, +9.305,+0.943
1686635400,+3.47,+20.180, +9.296,+0.944
1686635460,+3.47,+20.129, +9.249,+0.944
1686635520,+3.47,+20.163, +9.190,+0.944
1686635580,+3.47,+20.163, +9.172,+0.944
1686635640,+3.47,+20.138, +9.156,+0.943
1686635700,+3.47,+20.180, +9.137,+0.944
1686635760,+3.47,+20.180, +9.137,+0.944
1686635820,+3.47,+20.113, +9.015,+0.943
1686635880,+3.47,+19.995, +8.974,+0.943
1686635940,+3.47,+19.895, +9.003,+0.943
1686636000,+3.47,+19.911, +9.024,+0.943
1686636060,+3.47,+20.054, +9.025,+0.943
1686636120,+3.47,+20.088, +9.056,+0.943
1686636180,+3.47,+20.129, +9.090,+0.944
1686636240,+3.47,+20.171, +9.140,+0.944
1686636300,+3.47,+20.222, +9.167,+0.944
1686636360,+3.47,+20.205, +9.191,+0.943
1686636420,+3.47,+20.264, +9.162,+0.944
1686636480,+3.47,+20.280, +9.190,+0.944
1686636540,+3.47,+20.247, +9.214,+0.943
1686636600,+3.47,+20.289, +9.216,+0.944
1686636660,+3.47,+20.289, +9.188,+0.943
1686636720,+3.47,+20.331, +9.142,+0.943
1686636780,+3.47,+20.356, +9.095,+0.944
1686636840,+3.47,+20.339, +9.021,+0.943
1686636900,+3.47,+20.314, +9.025,+0.943
1686636960,+3.47,+19.542, +8.760,+0.940
1686637020,+3.47,+18.684, +8.805,+0.940
1686637080,+3.47,+17.764, +9.045,+0.940
1686637140,+3.47,+17.206, +9.289,+0.940
1686637200,+3.47,+17.350, +9.373,+0.942
1686637260,+3.47,+17.917, +9.300,+0.943
1686637320,+3.47,+18.457, +9.197,+0.943
1686637380,+3.47,+18.979, +9.259,+0.943
1686637440,+3.47,+19.282, +9.286,+0.943
1686637500,+3.47,+19.534, +9.314,+0.944
1686637560,+3.47,+19.702, +9.263,+0.943
1686637620,+3.47,+19.819, +9.228,+0.943
1686637680,+3.47,+19.920, +9.238,+0.943
1686637740,+3.47,+19.978, +9.197,+0.943
1686637800,+3.47,+20.104, +9.196,+0.944
1686637860,+3.47,+19.668, +8.823,+0.940
1686637920,+3.47,+19.029, +9.198,+0.942
1686637980,+3.47,+19.273, +9.228,+0.943
1686638040,+3.47,+19.324, +9.124,+0.942
1686638100,+3.47,+19.366, +9.051,+0.942
1686638160,+3.47,+19.542, +9.110,+0.944
1686638220,+3.47,+19.685, +9.125,+0.943
1686638280,+3.47,+19.710, +8.871,+0.942
1686638340,+3.47,+18.970, +9.247,+0.942
1686638400,+3.47,+19.307, +9.219,+0.943
1686638460,+3.47,+19.517, +9.117,+0.943
1686638520,+3.47,+19.609, +9.111,+0.943
1686638580,+3.47,+19.760, +9.115,+0.943
1686638640,+3.47,+19.819, +9.124,+0.944
1686638700,+3.47,+19.920, +9.110,+0.943
1686638760,+3.47,+19.953, +9.183,+0.944
1686638820,+3.47,+20.037, +9.202,+0.943
1686638880,+3.47,+20.054, +9.234,+0.943
1686638940,+3.47,+20.054, +9.250,+0.944
1686639000,+3.47,+20.071, +9.260,+0.944
1686639060,+3.47,+20.088, +9.270,+0.944
1686639120,+3.47,+19.878, +8.846,+0.942
1686639180,+3.47,+19.584, +8.750,+0.942
1686639240,+3.47,+19.475, +9.011,+0.943
1686639300,+3.47,+19.702, +9.153,+0.943
1686639360,+3.47,+19.903, +9.204,+0.944
1686639420,+3.47,+19.970, +9.165,+0.943
1686639480,+3.47,+20.012, +9.230,+0.944
1686639540,+3.47,+20.121, +9.281,+0.944
1686639600,+3.47,+20.129, +9.302,+0.944
1686639660,+3.47,+20.205, +9.318,+0.943
1686639720,+3.47,+20.197, +9.354,+0.944
1686639780,+3.47,+20.230, +9.354,+0.943
1686639840,+3.47,+20.230, +9.370,+0.944
1686639900,+3.47,+20.264, +9.341,+0.943
1686639960,+3.47,+20.247, +9.332,+0.944
1686640020,+3.47,+20.238, +9.265,+0.944
1686640080,+3.47,+20.238, +9.200,+0.944
1686640140,+3.47,+20.163, +9.162,+0.944
1686640200,+3.47,+20.280, +9.181,+0.944
1686640260,+3.47,+20.297, +9.251,+0.944
1686640320,+3.47,+20.331, +9.248,+0.944
1686640380,+3.47,+20.331, +9.236,+0.945
1686640440,+3.47,+20.406, +9.157,+0.944
1686640500,+3.47,+20.440, +9.139,+0.944
1686640560,+3.47,+20.423, +9.107,+0.944
1686640620,+3.47,+20.482, +9.091,+0.944
1686640680,+3.47,+20.448, +9.132,+0.945
1686640740,+3.47,+20.498, +9.134,+0.943
1686640800,+3.47,+20.540, +9.113,+0.943
1686640860,+3.47,+20.549, +9.129,+0.944
1686640920,+3.47,+20.523, +9.096,+0.944
1686640980,+3.47,+20.532, +9.050,+0.943
1686641040,+3.47,+20.540, +8.986,+0.944
1686641100,+3.47,+20.557, +8.899,+0.943
1686641160,+3.47,+20.473, +8.812,+0.943
1686641220,+3.47,+20.490, +8.738,+0.943
1686641280,+3.47,+20.440, +8.709,+0.944
1686641340,+3.47,+20.473, +8.639,+0.943
1686641400,+3.47,+20.540, +8.581,+0.943
1686641460,+3.47,+20.507, +8.593,+0.943
1686641520,+3.47,+20.532, +8.644,+0.943
1686641580,+3.47,+20.574, +8.745,+0.943
1686641640,+3.47,+20.624, +8.827,+0.944
1686641700,+3.47,+20.590, +8.981,+0.944
1686641760,+3.47,+20.641, +9.091,+0.944
1686641820,+3.47,+20.632, +9.144,+0.945
1686641880,+3.47,+20.549, +9.179,+0.945
1686641940,+3.47,+20.557, +9.144,+0.944
1686642000,+3.47,+20.607, +9.125,+0.944
1686642060,+3.47,+20.599, +9.155,+0.944
1686642120,+3.47,+20.565, +9.180,+0.944
1686642180,+3.47,+20.079, +8.648,+0.941
1686642240,+3.47,+19.769, +8.959,+0.944
1686642300,+3.47,+19.844, +8.915,+0.943
1686642360,+3.47,+19.970, +8.894,+0.944
1686642420,+3.47,+20.113, +8.865,+0.943
1686642480,+3.47,+20.197, +8.891,+0.943
1686642540,+3.47,+20.272, +8.951,+0.944
1686642600,+3.47,+20.322, +8.930,+0.944
1686642660,+3.47,+19.735, +8.638,+0.940
1686642720,+3.47,+18.768, +9.064,+0.942
1686642780,+3.47,+17.705, +9.234,+0.940
1686642840,+3.47,+17.129, +9.408,+0.940
1686642900,+3.48,+17.146, +9.730,+0.942
1686642960,+3.47,+18.069, +9.496,+0.944
1686643020,+3.47,+18.667, +9.363,+0.944
1686643080,+3.47,+19.080, +9.299,+0.944
1686643140,+3.47,+19.382, +9.227,+0.944
1686643200,+3.47,+19.592, +9.181,+0.944
1686643260,+3.47,+19.777, +9.111,+0.944
1686643320,+3.47,+19.928, +9.054,+0.944
1686643380,+3.47,+20.037, +9.080,+0.943
1686643440,+3.47,+20.121, +9.120,+0.944
1686643500,+3.47,+20.255, +9.071,+0.943
1686643560,+3.47,+20.297, +9.109,+0.944
1686643620,+3.47,+18.912, +8.767,+0.938
1686643680,+3.47,+17.688, +9.299,+0.940
1686643740,+3.48,+17.265, +9.608,+0.941
1686643800,+3.47,+17.502, +9.628,+0.942
1686643860,+3.47,+18.330, +9.409,+0.943
1686643920,+3.47,+18.827, +9.209,+0.943
1686643980,+3.47,+19.189, +9.148,+0.943
1686644040,+3.48,+19.441, +9.181,+0.944
1686644100,+3.47,+19.702, +9.148,+0.944
1686644160,+3.47,+19.869, +9.133,+0.944
1686644220,+3.47,+19.978, +9.130,+0.944
1686644280,+3.47,+20.079, +9.101,+0.944
1686644340,+3.47,+20.071, +9.122,+0.944
1686644400,+3.48,+20.146, +9.075,+0.944
1686644460,+3.47,+20.071, +8.808,+0.942
1686644520,+3.47,+19.676, +9.055,+0.943
1686644580,+3.47,+19.920, +9.061,+0.943
1686644640,+3.47,+19.953, +9.057,+0.944
1686644700,+3.47,+19.911, +9.005,+0.943
1686644760,+3.47,+19.903, +8.999,+0.944
1686644820,+3.47,+19.995, +8.954,+0.943
1686644880,+3.47,+19.945, +8.949,+0.943
1686644940,+3.47,+19.995, +8.978,+0.943
1686645000,+3.47,+19.475, +8.984,+0.942
1686645060,+3.47,+19.500, +9.095,+0.943
1686645120,+3.47,+19.634, +9.066,+0.943
1686645180,+3.47,+19.735, +9.033,+0.943
1686645240,+3.47,+19.819, +9.047,+0.943
1686645300,+3.47,+18.533, +9.144,+0.940
1686645360,+3.47,+18.356, +9.381,+0.942
1686645420,+3.48,+18.178, +9.381,+0.941
1686645480,+3.47,+18.465, +9.348,+0.943
1686645540,+3.47,+17.790, +9.395,+0.941
1686645600,+3.48,+17.172, +9.436,+0.940
1686645660,+3.47,+16.517, +9.596,+0.939
1686645720,+3.48,+16.116, +9.814,+0.940
1686645780,+3.48,+15.937, +9.978,+0.941
1686645840,+3.47,+16.636,+10.026,+0.944
1686645900,+3.48,+17.621, +9.660,+0.944
1686645960,+3.47,+18.246, +9.335,+0.942
1686646020,+3.48,+18.398, +8.986,+0.940
1686646080,+3.47,+17.655, +9.273,+0.939
1686646140,+3.48,+17.375, +9.617,+0.942
1686646200,+3.48,+17.299, +9.432,+0.940
1686646260,+3.48,+16.832, +9.664,+0.940
1686646320,+3.48,+16.432, +9.886,+0.940
1686646380,+3.47,+16.150,+10.026,+0.940
1686646440,+3.48,+15.954,+10.108,+0.941
1686646500,+3.48,+15.817,+10.156,+0.940
1686646560,+3.48,+15.671,+10.206,+0.940
1686646620,+3.48,+15.517,+10.264,+0.940
1686646680,+3.48,+15.431,+10.336,+0.940
1686646740,+3.47,+15.328,+10.386,+0.941
1686646800,+3.48,+15.173,+10.337,+0.940
1686646860,+3.48,+15.044,+10.447,+0.941
1686646920,+3.48,+15.242,+10.468,+0.941
1686646980,+3.48,+15.104,+10.342,+0.940
1686647040,+3.48,+14.966,+10.379,+0.940
1686647100,+3.48,+14.828,+10.267,+0.940
1686647160,+3.48,+14.742,+10.292,+0.940
1686647220,+3.48,+14.621,+10.359,+0.941
1686647280,+3.48,+14.603,+10.360,+0.940
1686647340,+3.48,+14.517,+10.371,+0.941
1686647400,+3.48,+14.500,+10.377,+0.941
1686647460,+3.48,+14.534,+10.398,+0.940
1686647520,+3.48,+14.673,+10.411,+0.941
1686647580,+3.48,+14.707,+10.455,+0.942
1686647640,+3.48,+14.716,+10.473,+0.941
1686647700,+3.48,+14.949,+10.519,+0.941
1686647760,+3.48,+14.975,+10.512,+0.942
1686647820,+3.48,+14.992,+10.479,+0.941
1686647880,+3.48,+15.026,+10.473,+0.941
1686647940,+3.48,+15.070,+10.498,+0.941
1686648000,+3.48,+15.242,+10.459,+0.941
1686648060,+3.48,+15.285,+10.449,+0.941
1686648120,+3.48,+15.353,+10.427,+0.942
1686648180,+3.48,+15.439,+10.367,+0.942
1686648240,+3.47,+15.551,+10.269,+0.942
1686648300,+3.48,+15.714,+10.205,+0.942
1686648360,+3.48,+15.868,+10.131,+0.943
1686648420,+3.48,+16.065,+10.031,+0.942
1686648480,+3.48,+16.125, +9.987,+0.942
1686648540,+3.48,+16.167, +9.969,+0.942
1686648600,+3.48,+16.219, +9.958,+0.942
1686648660,+3.48,+16.201, +9.956,+0.941
1686648720,+3.48,+16.201, +9.973,+0.941
1686648780,+3.48,+16.193, +9.977,+0.941
1686648840,+3.48,+16.133, +9.984,+0.941
1686648900,+3.48,+16.125, +9.966,+0.941
1686648960,+3.48,+16.099,+10.104,+0.941
1686649020,+3.48,+16.107,+10.187,+0.942
1686649080,+3.48,+16.116,+10.154,+0.941
1686649140,+3.48,+16.125,+10.137,+0.941
1686649200,+3.48,+16.150,+10.065,+0.941
1686649260,+3.48,+16.159,+10.040,+0.942
1686649320,+3.48,+16.236,+10.042,+0.942
1686649380,+3.48,+16.287,+10.077,+0.941
1686649440,+3.48,+16.321,+10.074,+0.941
1686649500,+3.48,+16.321,+10.031,+0.941
1686649560,+3.48,+16.278,+10.007,+0.941
1686649620,+3.48,+16.219,+10.087,+0.941
1686649680,+3.48,+16.159,+10.169,+0.941
1686649740,+3.48,+16.125,+10.149,+0.940
1686649800,+3.48,+16.090,+10.174,+0.941
1686649860,+3.48,+15.774,+10.181,+0.941
1686649920,+3.48,+15.620,+10.333,+0.941
1686649980,+3.48,+15.637,+10.324,+0.941
1686650040,+3.48,+15.637,+10.319,+0.941
1686650100,+3.47,+15.611,+10.325,+0.941
1686650160,+3.48,+15.602,+10.304,+0.941
1686650220,+3.48,+15.585,+10.304,+0.941
1686650280,+3.48,+15.560,+10.288,+0.941
1686650340,+3.48,+15.508,+10.278,+0.940
1686650400,+3.48,+15.491,+10.298,+0.941
1686650460,+3.47,+15.396,+10.331,+0.941
1686650520,+3.48,+15.457,+10.309,+0.941
1686650580,+3.48,+15.465,+10.319,+0.941
1686650640,+3.48,+15.508,+10.310,+0.941
1686650700,+3.48,+15.525,+10.227,+0.940
1686650760,+3.48,+15.448,+10.259,+0.941
1686650820,+3.48,+15.405,+10.336,+0.940
1686650880,+3.47,+15.302,+10.382,+0.941
1686650940,+3.48,+15.233,+10.442,+0.941
1686651000,+3.48,+15.181,+10.503,+0.942
1686651060,+3.48,+15.181,+10.504,+0.941
1686651120,+3.48,+15.328,+10.417,+0.941
1686651180,+3.48,+15.474,+10.548,+0.942
1686651240,+3.48,+15.671,+10.559,+0.942
1686651300,+3.48,+15.474,+10.345,+0.942
1686651360,+3.48,+15.379,+10.412,+0.940
1686651420,+3.48,+15.250,+10.496,+0.941
1686651480,+3.48,+15.276,+10.477,+0.941
1686651540,+3.48,+15.225,+10.472,+0.941
1686651600,+3.48,+15.181,+10.487,+0.941
1686651660,+3.48,+15.207,+10.517,+0.941
1686651720,+3.48,+15.207,+10.528,+0.942
1686651780,+3.48,+15.302,+10.485,+0.941
1686651840,+3.48,+15.285,+10.453,+0.941
1686651900,+3.48,+15.328,+10.457,+0.942
1686651960,+3.47,+15.379,+10.399,+0.941
1686652020,+3.48,+15.345,+10.437,+0.941
1686652080,+3.48,+15.371,+10.423,+0.941
1686652140,+3.47,+15.371,+10.416,+0.941
1686652200,+3.47,+15.362,+10.400,+0.942
1686652260,+3.48,+15.336,+10.391,+0.941
1686652320,+3.47,+15.379,+10.430,+0.941
1686652380,+3.47,+15.311,+10.441,+0.941
1686652440,+3.48,+15.173,+10.548,+0.941
1686652500,+3.48,+15.138,+10.574,+0.942
1686652560,+3.48,+15.164,+10.525,+0.940
1686652620,+3.48,+15.190,+10.518,+0.941
1686652680,+3.48,+15.207,+10.514,+0.942
1686652740,+3.48,+15.345,+10.489,+0.941
1686652800,+3.48,+15.499,+10.441,+0.942
1686652860,+3.48,+15.602,+10.344,+0.942
1686652920,+3.48,+15.791,+10.266,+0.942
1686652980,+3.48,+15.748,+10.260,+0.941
1686653040,+3.48,+15.697,+10.301,+0.942
1686653100,+3.48,+15.791,+10.479,+0.941
1686653160,+3.48,+15.714,+10.707,+0.942
1686653220,+3.48,+15.705,+10.723,+0.941
1686653280,+3.47,+15.671,+10.680,+0.941
1686653340,+3.47,+15.680,+10.659,+0.941
1686653400,+3.47,+15.688,+10.644,+0.941
1686653460,+3.48,+15.680,+10.625,+0.941
1686653520,+3.48,+15.722,+10.557,+0.941
1686653580,+3.48,+15.791,+10.462,+0.942
1686653640,+3.48,+15.842,+10.379,+0.942
1686653700,+3.48,+15.885,+10.317,+0.942
1686653760,+3.48,+15.919,+10.266,+0.941
1686653820,+3.48,+15.937,+10.268,+0.942
1686653880,+3.48,+15.962,+10.267,+0.941
1686653940,+3.48,+16.005,+10.265,+0.941
1686654000,+3.48,+15.962,+10.287,+0.941
1686654060,+3.48,+15.885,+10.160,+0.941
1686654120,+3.47,+15.757,+10.263,+0.941
1686654180,+3.47,+15.645,+10.343,+0.941
1686654240,+3.47,+15.585,+10.395,+0.941
1686654300,+3.47,+15.662,+10.423,+0.941
1686654360,+3.47,+15.645,+10.430,+0.941
1686654420,+3.47,+15.714,+10.421,+0.942
1686654480,+3.48,+15.774,+10.349,+0.941
1686654540,+3.48,+15.971,+10.329,+0.942
1686654600,+3.47,+16.193,+10.318,+0.943
1686654660,+3.48,+16.942,+10.123,+0.943
1686654720,+3.47,+17.375,+10.074,+0.944
1686654780,+3.47,+17.316, +9.775,+0.940
1686654840,+3.47,+16.687,+10.302,+0.941
1686654900,+3.47,+16.483,+10.123,+0.941
1686654960,+3.48,+16.210,+10.165,+0.941
1686655020,+3.48,+16.133,+10.315,+0.941
1686655080,+3.48,+15.979,+10.488,+0.941
1686655140,+3.48,+15.765,+10.412,+0.941
1686655200,+3.48,+15.568,+10.469,+0.941
1686655260,+3.48,+15.396,+10.474,+0.941
1686655320,+3.48,+15.345,+10.448,+0.940
1686655380,+3.48,+15.233,+10.486,+0.940
1686655440,+3.47,+15.095,+10.508,+0.940
1686655500,+3.48,+15.018,+10.543,+0.941
1686655560,+3.48,+14.932,+10.574,+0.941
1686655620,+3.48,+14.863,+10.605,+0.940
1686655680,+3.47,+14.923,+10.605,+0.941
1686655740,+3.48,+14.949,+10.620,+0.941
1686655800,+3.48,+15.044,+10.688,+0.941
1686655860,+3.48,+15.156,+10.742,+0.942
1686655920,+3.47,+15.328,+10.663,+0.941
1686655980,+3.47,+15.414,+10.632,+0.942
1686656040,+3.47,+15.525,+10.582,+0.942
1686656100,+3.47,+15.611,+10.535,+0.942
1686656160,+3.47,+15.628,+10.516,+0.941
1686656220,+3.47,+15.645,+10.530,+0.941
1686656280,+3.48,+15.714,+10.539,+0.942
1686656340,+3.48,+15.782,+10.532,+0.942
1686656400,+3.48,+15.800,+10.537,+0.942
1686656460,+3.48,+15.885,+10.514,+0.942
1686656520,+3.48,+15.945,+10.488,+0.942
1686656580,+3.48,+16.048,+10.429,+0.942
1686656640,+3.48,+16.065,+10.402,+0.942
1686656700,+3.48,+16.065,+10.487,+0.942
1686656760,+3.48,+16.082,+10.498,+0.942
1686656820,+3.48,+16.142,+10.460,+0.942
1686656880,+3.48,+16.039,+10.434,+0.942
1686656940,+3.48,+15.996,+10.387,+0.941
1686657000,+3.48,+15.868,+10.438,+0.941
1686657060,+3.48,+15.808,+10.462,+0.941
1686657120,+3.47,+15.722,+10.543,+0.941
1686657180,+3.47,+15.688,+10.564,+0.941
1686657240,+3.47,+15.645,+10.513,+0.941
1686657300,+3.47,+15.654,+10.494,+0.941
1686657360,+3.47,+15.722,+10.448,+0.942
1686657420,+3.48,+15.962,+10.338,+0.942
1686657480,+3.48,+16.125,+10.311,+0.942
1686657540,+3.48,+16.543,+10.205,+0.943
1686657600,+3.48,+16.806,+10.013,+0.942
1686657660,+3.48,+16.832, +9.974,+0.941
1686657720,+3.47,+16.747,+10.050,+0.941
1686657780,+3.47,+16.491,+10.014,+0.940
1686657840,+3.48,+15.825,+10.168,+0.940
1686657900,+3.47,+15.499,+10.295,+0.940
1686657960,+3.48,+15.311,+10.361,+0.941
1686658020,+3.48,+15.181,+10.402,+0.940
1686658080,+3.48,+15.164,+10.506,+0.940
1686658140,+3.48,+15.173,+10.620,+0.941
1686658200,+3.48,+15.181,+10.662,+0.941
1686658260,+3.47,+15.439,+10.642,+0.943
1686658320,+3.48,+15.705,+10.493,+0.942
1686658380,+3.48,+15.937,+10.354,+0.942
1686658440,+3.47,+16.013,+10.287,+0.941
1686658500,+3.48,+16.065,+10.263,+0.941
1686658560,+3.48,+16.048,+10.327,+0.942
1686658620,+3.48,+16.125,+10.330,+0.942
1686658680,+3.48,+16.159,+10.295,+0.942
1686658740,+3.47,+16.236,+10.344,+0.942
1686658800,+3.47,+16.193,+10.329,+0.942
1686658860,+3.48,+16.184,+10.333,+0.941
1686658920,+3.48,+16.167,+10.326,+0.942
1686658980,+3.48,+16.193,+10.308,+0.941
1686659040,+3.47,+16.287,+10.291,+0.942
1686659100,+3.47,+16.304,+10.325,+0.942
1686659160,+3.48,+16.244,+10.303,+0.941
1686659220,+3.47,+16.270,+10.295,+0.941
1686659280,+3.47,+16.193,+10.350,+0.941
1686659340,+3.47,+16.261,+10.377,+0.942
1686659400,+3.48,+16.287,+10.354,+0.942
1686659460,+3.47,+16.304,+10.357,+0.941
1686659520,+3.47,+16.270,+10.348,+0.941
1686659580,+3.47,+16.278,+10.335,+0.942
1686659640,+3.47,+16.287,+10.305,+0.941
1686659700,+3.47,+16.219,+10.322,+0.942
1686659760,+3.47,+16.244,+10.298,+0.941
1686659820,+3.48,+16.210,+10.349,+0.942
1686659880,+3.47,+16.253,+10.367,+0.942
1686659940,+3.47,+16.270,+10.351,+0.941
1686660000,+3.47,+16.321,+10.288,+0.941
1686660060,+3.48,+16.338,+10.342,+0.941
1686660120,+3.47,+16.312,+10.384,+0.941
1686660180,+3.47,+16.270,+10.415,+0.941
1686660240,+3.47,+16.253,+10.425,+0.941
1686660300,+3.48,+16.236,+10.438,+0.941
1686660360,+3.47,+16.219,+10.430,+0.942
1686660420,+3.47,+16.236,+10.441,+0.942
1686660480,+3.47,+16.236,+10.459,+0.942
1686660540,+3.47,+16.372,+10.438,+0.942
1686660600,+3.47,+16.721,+10.206,+0.943
1686660660,+3.48,+16.883,+10.138,+0.942
1686660720,+3.47,+17.222,+10.075,+0.942
1686660780,+3.47,+17.511, +9.850,+0.942
