7450-798456
OS REV: 1.03 Sensor Cal: 1539277937
Time (sec),  BV (Volts),  T (deg C),  DO (mg/l),  Q ()
1683377640,+3.46,+11.014,+10.833,+0.944
1683377700,+3.45,+11.032,+10.823,+0.945
1683377760,+3.45,+11.014,+10.815,+0.945
1683377820,+3.46,+10.996,+10.814,+0.945
1683377880,+3.46,+10.941,+10.820,+0.944
1683377940,+3.45,+11.023,+10.796,+0.944
1683378000,+3.46,+10.987,+10.814,+0.945
1683378060,+3.46,+10.987,+10.824,+0.945
1683378120,+3.45,+11.005,+10.825,+0.945
1683378180,+3.46,+11.023,+10.835,+0.945
1683378240,+3.46,+10.996,+10.857,+0.945
1683378300,+3.45,+10.978,+10.867,+0.945
1683378360,+3.45,+11.050,+10.844,+0.945
1683378420,+3.46,+11.041,+10.853,+0.945
1683378480,+3.45,+11.068,+10.845,+0.945
1683378540,+3.46,+11.059,+10.857,+0.945
1683378600,+3.46,+11.023,+10.877,+0.945
1683378660,+3.45,+11.059,+10.892,+0.945
1683378720,+3.46,+11.113,+10.883,+0.945
1683378780,+3.46,+11.158,+10.904,+0.945
1683378840,+3.45,+11.149,+10.917,+0.944
1683378900,+3.46,+11.140,+10.913,+0.945
1683378960,+3.46,+11.050,+10.890,+0.944
1683379020,+3.46,+10.978,+10.907,+0.944
1683379080,+3.46,+10.842,+10.971,+0.944
1683379140,+3.46,+10.788,+10.995,+0.944
1683379200,+3.46,+10.788,+10.990,+0.944
1683379260,+3.46,+10.752,+11.018,+0.945
1683379320,+3.46,+10.715,+11.020,+0.944
1683379380,+3.46,+10.697,+11.008,+0.944
1683379440,+3.46,+10.752,+11.013,+0.945
1683379500,+3.46,+10.806,+10.978,+0.944
1683379560,+3.46,+10.842,+10.989,+0.945
1683379620,+3.46,+10.914,+10.992,+0.945
1683379680,+3.45,+10.932,+11.033,+0.945
1683379740,+3.46,+11.104,+11.037,+0.945
1683379800,+3.46,+11.131,+11.058,+0.945
1683379860,+3.46,+11.221,+11.057,+0.945
1683379920,+3.46,+11.347,+11.037,+0.945
1683379980,+3.46,+11.383,+11.041,+0.945
1683380040,+3.46,+11.391,+11.052,+0.945
1683380100,+3.46,+11.490,+11.013,+0.945
1683380160,+3.46,+11.571,+10.977,+0.945
1683380220,+3.46,+11.580,+10.957,+0.945
1683380280,+3.46,+11.553,+10.972,+0.945
1683380340,+3.46,+11.598,+10.941,+0.945
1683380400,+3.46,+11.624,+10.907,+0.945
1683380460,+3.46,+11.580,+10.915,+0.944
1683380520,+3.46,+11.598,+10.903,+0.945
1683380580,+3.46,+11.544,+10.914,+0.945
1683380640,+3.46,+11.517,+10.915,+0.945
1683380700,+3.46,+11.624,+10.848,+0.945
1683380760,+3.46,+11.508,+10.876,+0.944
1683380820,+3.46,+11.418,+10.890,+0.944
1683380880,+3.46,+11.409,+10.889,+0.944
1683380940,+3.46,+11.409,+10.911,+0.944
1683381000,+3.46,+11.391,+10.930,+0.945
1683381060,+3.46,+11.463,+10.919,+0.945
1683381120,+3.46,+11.517,+10.907,+0.944
1683381180,+3.46,+11.499,+10.950,+0.945
1683381240,+3.46,+11.490,+10.900,+0.945
1683381300,+3.46,+11.400,+10.925,+0.945
1683381360,+3.46,+11.347,+10.950,+0.944
1683381420,+3.46,+11.257,+10.901,+0.944
1683381480,+3.45,+11.095,+10.964,+0.944
1683381540,+3.46,+11.023,+11.000,+0.944
1683381600,+3.46,+10.969,+11.048,+0.945
1683381660,+3.46,+10.960,+11.065,+0.944
1683381720,+3.46,+11.032,+11.078,+0.945
1683381780,+3.46,+11.158,+11.053,+0.945
1683381840,+3.46,+11.140,+11.069,+0.945
1683381900,+3.46,+11.257,+11.035,+0.945
1683381960,+3.46,+11.239,+11.066,+0.945
1683382020,+3.46,+11.320,+11.025,+0.945
1683382080,+3.46,+11.194,+10.975,+0.944
1683382140,+3.46,+11.113,+10.984,+0.944
1683382200,+3.46,+10.996,+11.013,+0.944
1683382260,+3.46,+10.987,+11.039,+0.945
1683382320,+3.46,+10.996,+10.984,+0.944
1683382380,+3.46,+10.914,+11.028,+0.944
1683382440,+3.46,+10.842,+11.072,+0.945
1683382500,+3.46,+10.860,+11.063,+0.945
1683382560,+3.46,+10.833,+11.123,+0.945
1683382620,+3.46,+10.932,+11.084,+0.945
1683382680,+3.46,+11.005,+11.094,+0.945
1683382740,+3.46,+11.158,+11.020,+0.945
1683382800,+3.46,+11.185,+10.977,+0.944
1683382860,+3.46,+11.248,+10.953,+0.945
1683382920,+3.46,+11.257,+10.938,+0.945
1683382980,+3.46,+11.338,+10.902,+0.945
1683383040,+3.46,+11.311,+10.920,+0.945
1683383100,+3.46,+11.320,+10.910,+0.945
1683383160,+3.46,+11.284,+10.920,+0.945
1683383220,+3.46,+11.275,+10.919,+0.945
1683383280,+3.46,+11.293,+10.916,+0.945
1683383340,+3.46,+11.302,+10.912,+0.945
1683383400,+3.46,+11.293,+10.917,+0.945
1683383460,+3.46,+11.293,+10.909,+0.944
1683383520,+3.46,+11.311,+10.909,+0.945
1683383580,+3.46,+11.266,+10.930,+0.945
1683383640,+3.46,+11.284,+10.921,+0.944
1683383700,+3.46,+11.320,+10.920,+0.945
1683383760,+3.46,+11.302,+10.934,+0.945
1683383820,+3.46,+11.230,+10.941,+0.944
1683383880,+3.46,+11.221,+10.956,+0.945
1683383940,+3.46,+11.230,+10.915,+0.945
1683384000,+3.46,+11.167,+10.898,+0.944
1683384060,+3.46,+11.122,+10.869,+0.944
1683384120,+3.46,+11.032,+10.897,+0.944
1683384180,+3.46,+10.905,+10.951,+0.944
1683384240,+3.46,+10.878,+10.968,+0.944
1683384300,+3.46,+10.896,+10.960,+0.944
1683384360,+3.46,+10.851,+10.968,+0.944
1683384420,+3.45,+10.905,+10.940,+0.944
1683384480,+3.46,+10.842,+10.972,+0.945
1683384540,+3.46,+10.860,+10.961,+0.945
1683384600,+3.46,+10.887,+10.943,+0.945
1683384660,+3.46,+10.869,+10.942,+0.945
1683384720,+3.46,+10.851,+10.946,+0.945
1683384780,+3.46,+10.869,+10.929,+0.945
1683384840,+3.46,+10.833,+10.913,+0.944
1683384900,+3.46,+10.806,+10.924,+0.944
1683384960,+3.46,+10.797,+10.936,+0.945
1683385020,+3.46,+10.734,+10.958,+0.945
1683385080,+3.46,+10.715,+10.958,+0.945
1683385140,+3.46,+10.652,+10.967,+0.944
1683385200,+3.46,+10.752,+10.924,+0.944
1683385260,+3.46,+10.679,+10.965,+0.944
1683385320,+3.46,+10.670,+10.988,+0.945
1683385380,+3.46,+10.724,+10.957,+0.944
1683385440,+3.46,+10.706,+10.960,+0.944
1683385500,+3.46,+10.652,+10.993,+0.945
1683385560,+3.46,+10.706,+10.956,+0.944
1683385620,+3.46,+10.724,+10.945,+0.944
1683385680,+3.46,+10.706,+10.950,+0.944
1683385740,+3.46,+10.734,+10.956,+0.945
1683385800,+3.46,+10.688,+10.968,+0.944
1683385860,+3.46,+10.661,+11.005,+0.945
1683385920,+3.46,+10.652,+11.014,+0.945
1683385980,+3.46,+10.661,+11.003,+0.945
1683386040,+3.46,+10.679,+10.981,+0.944
1683386100,+3.46,+10.652,+10.994,+0.945
1683386160,+3.46,+10.643,+10.987,+0.945
1683386220,+3.46,+10.743,+10.924,+0.944
1683386280,+3.46,+10.688,+10.949,+0.945
1683386340,+3.46,+10.670,+10.964,+0.944
1683386400,+3.46,+10.688,+10.968,+0.945
1683386460,+3.46,+10.806,+10.915,+0.945
1683386520,+3.46,+10.706,+10.950,+0.945
1683386580,+3.46,+10.715,+10.947,+0.945
1683386640,+3.46,+10.706,+10.948,+0.945
1683386700,+3.46,+10.697,+10.941,+0.944
1683386760,+3.46,+10.724,+10.934,+0.945
1683386820,+3.46,+10.697,+10.954,+0.945
1683386880,+3.46,+10.688,+10.946,+0.944
1683386940,+3.46,+10.625,+10.982,+0.944
1683387000,+3.46,+10.661,+10.964,+0.944
1683387060,+3.46,+10.634,+10.980,+0.944
1683387120,+3.46,+10.688,+10.959,+0.944
1683387180,+3.46,+10.661,+10.976,+0.945
1683387240,+3.46,+10.679,+10.971,+0.944
1683387300,+3.46,+10.715,+10.956,+0.945
1683387360,+3.46,+10.670,+10.964,+0.945
1683387420,+3.46,+10.661,+10.980,+0.945
1683387480,+3.46,+10.661,+10.980,+0.945
1683387540,+3.46,+10.661,+10.957,+0.944
1683387600,+3.46,+10.661,+10.973,+0.944
1683387660,+3.46,+10.634,+10.992,+0.945
1683387720,+3.46,+10.688,+10.979,+0.945
1683387780,+3.46,+10.697,+10.974,+0.945
1683387840,+3.46,+10.688,+10.969,+0.944
1683387900,+3.46,+10.715,+10.962,+0.945
1683387960,+3.46,+10.724,+10.963,+0.945
1683388020,+3.46,+10.652,+11.007,+0.945
1683388080,+3.46,+10.679,+10.991,+0.944
1683388140,+3.46,+10.670,+11.002,+0.945
1683388200,+3.46,+10.715,+10.983,+0.945
1683388260,+3.46,+10.643,+11.044,+0.945
1683388320,+3.46,+10.734,+11.025,+0.945
1683388380,+3.46,+10.706,+11.049,+0.945
1683388440,+3.46,+10.761,+11.032,+0.945
1683388500,+3.46,+10.679,+11.062,+0.944
1683388560,+3.46,+10.715,+11.068,+0.945
1683388620,+3.46,+10.697,+11.065,+0.944
1683388680,+3.46,+10.625,+11.101,+0.945
1683388740,+3.46,+10.697,+11.078,+0.945
1683388800,+3.46,+10.670,+11.084,+0.945
1683388860,+3.46,+10.706,+11.066,+0.944
1683388920,+3.46,+10.715,+11.076,+0.945
1683388980,+3.46,+10.688,+11.085,+0.945
1683389040,+3.46,+10.679,+11.061,+0.945
1683389100,+3.46,+10.598,+11.050,+0.945
1683389160,+3.46,+10.598,+11.030,+0.945
1683389220,+3.46,+10.543,+11.021,+0.944
1683389280,+3.46,+10.516,+11.033,+0.945
1683389340,+3.46,+10.498,+11.030,+0.945
1683389400,+3.46,+10.489,+11.025,+0.945
1683389460,+3.46,+10.489,+11.029,+0.945
1683389520,+3.46,+10.525,+11.037,+0.945
1683389580,+3.46,+10.579,+11.044,+0.945
1683389640,+3.46,+10.579,+11.038,+0.945
1683389700,+3.46,+10.589,+11.038,+0.945
1683389760,+3.46,+10.589,+11.034,+0.945
1683389820,+3.46,+10.616,+11.002,+0.944
1683389880,+3.46,+10.643,+10.998,+0.945
1683389940,+3.46,+10.570,+11.026,+0.945
1683390000,+3.46,+10.625,+10.993,+0.944
1683390060,+3.46,+10.634,+10.991,+0.945
1683390120,+3.46,+10.561,+11.007,+0.944
1683390180,+3.46,+10.489,+11.058,+0.945
1683390240,+3.46,+10.561,+11.024,+0.945
1683390300,+3.46,+10.525,+11.048,+0.945
1683390360,+3.46,+10.489,+11.062,+0.944
1683390420,+3.46,+10.525,+11.041,+0.945
1683390480,+3.46,+10.480,+11.017,+0.944
1683390540,+3.46,+10.552,+10.938,+0.945
1683390600,+3.46,+10.389,+10.943,+0.944
1683390660,+3.46,+10.370,+10.889,+0.944
1683390720,+3.46,+10.416,+10.843,+0.944
1683390780,+3.46,+10.361,+10.847,+0.945
1683390840,+3.46,+10.343,+10.843,+0.945
1683390900,+3.46,+10.361,+10.792,+0.944
1683390960,+3.46,+10.298,+10.753,+0.944
1683391020,+3.46,+10.197,+10.767,+0.944
1683391080,+3.46,+10.225,+10.730,+0.944
1683391140,+3.46,+10.270,+10.715,+0.944
1683391200,+3.46,+10.133,+10.770,+0.944
1683391260,+3.46,+10.206,+10.738,+0.944
1683391320,+3.46,+10.179,+10.755,+0.944
1683391380,+3.46,+10.216,+10.767,+0.944
1683391440,+3.46,+10.243,+10.782,+0.945
1683391500,+3.46,+10.325,+10.774,+0.945
1683391560,+3.46,+10.334,+10.863,+0.945
1683391620,+3.46,+10.288,+10.916,+0.944
1683391680,+3.46,+10.307,+10.918,+0.945
1683391740,+3.46,+10.325,+10.908,+0.945
1683391800,+3.46,+10.325,+10.902,+0.945
1683391860,+3.46,+10.270,+10.923,+0.944
1683391920,+3.46,+10.370,+10.894,+0.945
1683391980,+3.46,+10.425,+10.897,+0.944
1683392040,+3.46,+10.334,+10.938,+0.944
1683392100,+3.46,+10.279,+10.893,+0.945
1683392160,+3.46,+10.216,+10.837,+0.945
1683392220,+3.46,+10.197,+10.795,+0.945
1683392280,+3.46,+10.152,+10.777,+0.945
1683392340,+3.46,+10.124,+10.759,+0.944
1683392400,+3.46,+10.161,+10.740,+0.944
1683392460,+3.46,+10.106,+10.778,+0.945
1683392520,+3.46,+10.060,+10.797,+0.945
1683392580,+3.46,+10.143,+10.765,+0.945
1683392640,+3.46,+10.097,+10.777,+0.945
1683392700,+3.46,+10.115,+10.752,+0.944
1683392760,+3.46,+10.097,+10.780,+0.945
1683392820,+3.46,+10.115,+10.787,+0.945
1683392880,+3.46,+10.106,+10.775,+0.944
1683392940,+3.46,+10.069,+10.777,+0.944
1683393000,+3.46,+10.033,+10.789,+0.945
1683393060,+3.46,+10.069,+10.748,+0.945
1683393120,+3.46,+10.024,+10.768,+0.945
1683393180,+3.46,+10.042,+10.765,+0.945
1683393240,+3.46, +9.996,+10.785,+0.945
1683393300,+3.46,+10.069,+10.779,+0.945
1683393360,+3.46,+10.042,+10.862,+0.945
1683393420,+3.46,+10.051,+10.892,+0.944
1683393480,+3.46,+10.042,+10.910,+0.945
1683393540,+3.46,+10.069,+10.876,+0.944
1683393600,+3.46,+10.097,+10.867,+0.945
1683393660,+3.46,+10.088,+10.899,+0.944
1683393720,+3.46,+10.069,+10.912,+0.945
1683393780,+3.46,+10.097,+10.911,+0.945
1683393840,+3.46,+10.106,+10.913,+0.944
1683393900,+3.46,+10.143,+10.898,+0.944
1683393960,+3.46,+10.088,+10.929,+0.945
1683394020,+3.46,+10.079,+10.932,+0.945
1683394080,+3.46,+10.115,+10.908,+0.944
1683394140,+3.46,+10.069,+10.930,+0.944
1683394200,+3.46,+10.115,+10.908,+0.945
1683394260,+3.46,+10.124,+10.880,+0.944
1683394320,+3.46,+10.124,+10.851,+0.944
1683394380,+3.46,+10.124,+10.825,+0.945
1683394440,+3.46,+10.106,+10.820,+0.945
1683394500,+3.46,+10.115,+10.825,+0.945
1683394560,+3.46,+10.170,+10.827,+0.945
1683394620,+3.46,+10.133,+10.853,+0.945
1683394680,+3.46,+10.088,+10.873,+0.944
1683394740,+3.46,+10.179,+10.843,+0.945
1683394800,+3.46,+10.115,+10.863,+0.945
1683394860,+3.46,+10.115,+10.846,+0.945
1683394920,+3.46,+10.124,+10.808,+0.945
1683394980,+3.46,+10.124,+10.805,+0.945
1683395040,+3.46,+10.088,+10.809,+0.945
1683395100,+3.46,+10.088,+10.703,+0.945
1683395160,+3.46,+10.143,+10.597,+0.944
1683395220,+3.46,+10.051,+10.513,+0.944
1683395280,+3.46, +9.996,+10.505,+0.944
1683395340,+3.46, +9.960,+10.735,+0.944
1683395400,+3.46,+10.015,+10.798,+0.945
1683395460,+3.46,+10.015,+10.831,+0.944
1683395520,+3.46,+10.060,+10.825,+0.944
1683395580,+3.46, +9.996,+10.835,+0.944
1683395640,+3.46,+10.033,+10.791,+0.944
1683395700,+3.46, +9.914,+10.783,+0.945
1683395760,+3.46, +9.941,+10.696,+0.945
1683395820,+3.46, +9.895,+10.607,+0.944
1683395880,+3.46, +9.850,+10.567,+0.944
1683395940,+3.46, +9.868,+10.510,+0.944
1683396000,+3.46, +9.850,+10.511,+0.944
1683396060,+3.46, +9.859,+10.511,+0.945
1683396120,+3.46, +9.813,+10.522,+0.944
1683396180,+3.46, +9.905,+10.490,+0.945
1683396240,+3.46, +9.840,+10.499,+0.944
1683396300,+3.46, +9.859,+10.497,+0.945
1683396360,+3.46, +9.822,+10.494,+0.944
1683396420,+3.46, +9.840,+10.493,+0.945
1683396480,+3.46, +9.776,+10.452,+0.944
1683396540,+3.46, +9.749,+10.374,+0.944
1683396600,+3.46, +9.675,+10.366,+0.944
1683396660,+3.46, +9.675,+10.348,+0.944
1683396720,+3.46, +9.638,+10.381,+0.944
1683396780,+3.46, +9.620,+10.438,+0.944
1683396840,+3.46, +9.574,+10.515,+0.944
1683396900,+3.46, +9.638,+10.540,+0.944
1683396960,+3.46, +9.583,+10.626,+0.944
1683397020,+3.46, +9.629,+10.513,+0.944
1683397080,+3.46, +9.638,+10.457,+0.944
1683397140,+3.46, +9.611,+10.417,+0.944
1683397200,+3.46, +9.565,+10.441,+0.945
1683397260,+3.46, +9.592,+10.466,+0.945
1683397320,+3.46, +9.611,+10.447,+0.945
1683397380,+3.46, +9.620,+10.423,+0.944
1683397440,+3.46, +9.629,+10.417,+0.944
1683397500,+3.46, +9.611,+10.418,+0.944
1683397560,+3.46, +9.666,+10.401,+0.945
1683397620,+3.46, +9.638,+10.405,+0.944
1683397680,+3.46, +9.565,+10.491,+0.944
1683397740,+3.46, +9.638,+10.522,+0.945
1683397800,+3.46, +9.620,+10.557,+0.944
1683397860,+3.46, +9.528,+10.620,+0.945
1683397920,+3.46, +9.546,+10.616,+0.944
1683397980,+3.46, +9.592,+10.605,+0.945
1683398040,+3.46, +9.565,+10.621,+0.945
1683398100,+3.46, +9.574,+10.609,+0.945
1683398160,+3.46, +9.537,+10.626,+0.945
1683398220,+3.46, +9.537,+10.624,+0.945
1683398280,+3.46, +9.500,+10.619,+0.945
1683398340,+3.46, +9.602,+10.548,+0.945
1683398400,+3.46, +9.546,+10.554,+0.944
1683398460,+3.46, +9.592,+10.550,+0.944
1683398520,+3.46, +9.537,+10.593,+0.945
1683398580,+3.46, +9.519,+10.613,+0.945
1683398640,+3.46, +9.537,+10.616,+0.945
1683398700,+3.46, +9.537,+10.617,+0.945
1683398760,+3.46, +9.555,+10.590,+0.944
1683398820,+3.46, +9.491,+10.565,+0.945
1683398880,+3.46, +9.454,+10.513,+0.944
1683398940,+3.46, +9.399,+10.470,+0.944
1683399000,+3.46, +9.436,+10.414,+0.944
1683399060,+3.46, +9.445,+10.374,+0.944
1683399120,+3.46, +9.389,+10.380,+0.945
1683399180,+3.46, +9.399,+10.350,+0.944
1683399240,+3.46, +9.380,+10.339,+0.944
1683399300,+3.46, +9.343,+10.355,+0.945
1683399360,+3.46, +9.436,+10.300,+0.944
1683399420,+3.46, +9.408,+10.315,+0.945
1683399480,+3.46, +9.399,+10.306,+0.944
1683399540,+3.46, +9.463,+10.280,+0.945
1683399600,+3.46, +9.426,+10.272,+0.944
1683399660,+3.46, +9.445,+10.277,+0.944
1683399720,+3.46, +9.463,+10.282,+0.944
1683399780,+3.46, +9.454,+10.283,+0.944
1683399840,+3.46, +9.426,+10.299,+0.944
1683399900,+3.46, +9.417,+10.303,+0.945
1683399960,+3.46, +9.417,+10.325,+0.944
1683400020,+3.46, +9.445,+10.334,+0.945
1683400080,+3.46, +9.426,+10.338,+0.944
1683400140,+3.46, +9.473,+10.346,+0.945
1683400200,+3.46, +9.408,+10.375,+0.944
1683400260,+3.46, +9.445,+10.363,+0.945
1683400320,+3.46, +9.445,+10.351,+0.944
1683400380,+3.46, +9.454,+10.365,+0.944
1683400440,+3.46, +9.436,+10.389,+0.945
1683400500,+3.46, +9.436,+10.399,+0.945
1683400560,+3.46, +9.500,+10.379,+0.945
1683400620,+3.46, +9.491,+10.383,+0.944
1683400680,+3.46, +9.463,+10.407,+0.944
1683400740,+3.46, +9.436,+10.429,+0.944
1683400800,+3.46, +9.454,+10.424,+0.944
1683400860,+3.46, +9.445,+10.443,+0.945
1683400920,+3.46, +9.426,+10.391,+0.945
1683400980,+3.46, +9.454,+10.287,+0.945
1683401040,+3.46, +9.445,+10.252,+0.944
1683401100,+3.46, +9.325,+10.291,+0.944
1683401160,+3.46, +9.343,+10.305,+0.945
1683401220,+3.46, +9.343,+10.305,+0.945
1683401280,+3.46, +9.352,+10.303,+0.945
1683401340,+3.46, +9.362,+10.280,+0.944
1683401400,+3.46, +9.260,+10.292,+0.944
1683401460,+3.46, +9.232,+10.263,+0.944
1683401520,+3.46, +9.232,+10.219,+0.944
1683401580,+3.46, +9.195,+10.210,+0.944
1683401640,+3.46, +9.158,+10.202,+0.944
1683401700,+3.46, +9.223,+10.160,+0.944
1683401760,+3.46, +9.186,+10.153,+0.944
1683401820,+3.46, +9.186,+10.132,+0.944
1683401880,+3.46, +9.195,+10.112,+0.944
1683401940,+3.46, +9.186,+10.116,+0.944
1683402000,+3.46, +9.195,+10.112,+0.944
1683402060,+3.46, +9.186,+10.101,+0.944
1683402120,+3.46, +9.204,+10.068,+0.944
1683402180,+3.46, +9.186,+10.044,+0.944
1683402240,+3.46, +9.204,+10.027,+0.944
1683402300,+3.46, +9.167,+10.037,+0.944
1683402360,+3.46, +9.121,+10.036,+0.944
1683402420,+3.46, +9.140,+10.042,+0.944
1683402480,+3.46, +9.158,+10.033,+0.944
1683402540,+3.46, +9.130,+10.039,+0.944
1683402600,+3.46, +9.167,+10.024,+0.944
1683402660,+3.46, +9.102,+10.036,+0.944
1683402720,+3.46, +9.167,+10.025,+0.945
1683402780,+3.46, +9.195,+10.000,+0.944
1683402840,+3.46, +9.158,+10.008,+0.944
1683402900,+3.46, +9.130,+10.014,+0.944
1683402960,+3.46, +9.149,+10.003,+0.944
1683403020,+3.46, +9.158, +9.995,+0.944
1683403080,+3.46, +9.149, +9.993,+0.944
1683403140,+3.46, +9.186, +9.978,+0.944
1683403200,+3.46, +9.102, +9.997,+0.944
1683403260,+3.46, +9.204, +9.949,+0.944
1683403320,+3.46, +9.140, +9.976,+0.944
1683403380,+3.46, +9.186, +9.951,+0.944
1683403440,+3.46, +9.130, +9.971,+0.944
1683403500,+3.46, +9.121, +9.965,+0.944
1683403560,+3.46, +9.195, +9.927,+0.944
1683403620,+3.46, +9.204, +9.921,+0.944
1683403680,+3.46, +9.140, +9.950,+0.944
1683403740,+3.46, +9.186, +9.927,+0.944
1683403800,+3.46, +9.251, +9.907,+0.944
1683403860,+3.46, +9.260, +9.915,+0.944
1683403920,+3.46, +9.278, +9.946,+0.944
1683403980,+3.46, +9.278, +9.995,+0.944
1683404040,+3.46, +9.334,+10.013,+0.944
1683404100,+3.46, +9.371,+10.056,+0.944
1683404160,+3.46, +9.436,+10.089,+0.944
1683404220,+3.46, +9.473,+10.124,+0.945
1683404280,+3.46, +9.519,+10.139,+0.944
1683404340,+3.46, +9.500,+10.174,+0.945
1683404400,+3.45, +9.491,+10.200,+0.945
1683404460,+3.46, +9.565,+10.232,+0.945
1683404520,+3.45, +9.574,+10.281,+0.944
1683404580,+3.46, +9.555,+10.319,+0.945
1683404640,+3.46, +9.546,+10.340,+0.944
1683404700,+3.46, +9.583,+10.353,+0.945
1683404760,+3.46, +9.583,+10.383,+0.944
1683404820,+3.46, +9.611,+10.383,+0.945
1683404880,+3.46, +9.592,+10.383,+0.944
1683404940,+3.46, +9.546,+10.389,+0.944
1683405000,+3.46, +9.519,+10.351,+0.944
1683405060,+3.46, +9.611,+10.301,+0.944
1683405120,+3.46, +9.574,+10.310,+0.944
1683405180,+3.46, +9.592,+10.290,+0.944
1683405240,+3.46, +9.620,+10.282,+0.944
1683405300,+3.46, +9.611,+10.297,+0.944
1683405360,+3.46, +9.592,+10.306,+0.944
1683405420,+3.46, +9.629,+10.297,+0.945
1683405480,+3.46, +9.602,+10.278,+0.945
1683405540,+3.46, +9.565,+10.268,+0.944
1683405600,+3.46, +9.574,+10.231,+0.944
1683405660,+3.46, +9.602,+10.200,+0.944
1683405720,+3.46, +9.565,+10.178,+0.944
1683405780,+3.46, +9.519,+10.176,+0.944
1683405840,+3.46, +9.473,+10.171,+0.944
1683405900,+3.46, +9.491,+10.151,+0.945
1683405960,+3.46, +9.509,+10.116,+0.944
1683406020,+3.46, +9.519,+10.096,+0.944
1683406080,+3.46, +9.436,+10.106,+0.944
1683406140,+3.46, +9.436,+10.085,+0.944
1683406200,+3.46, +9.463,+10.066,+0.944
1683406260,+3.46, +9.463,+10.082,+0.945
1683406320,+3.46, +9.371,+10.133,+0.944
1683406380,+3.46, +9.426,+10.121,+0.944
1683406440,+3.46, +9.371,+10.142,+0.944
1683406500,+3.46, +9.454,+10.085,+0.944
1683406560,+3.46, +9.426,+10.086,+0.944
1683406620,+3.46, +9.389,+10.098,+0.944
1683406680,+3.46, +9.463,+10.058,+0.944
1683406740,+3.46, +9.454,+10.053,+0.944
1683406800,+3.46, +9.408,+10.093,+0.944
1683406860,+3.46, +9.371,+10.159,+0.944
1683406920,+3.46, +9.408,+10.173,+0.944
1683406980,+3.46, +9.371,+10.186,+0.944
1683407040,+3.46, +9.362,+10.181,+0.944
1683407100,+3.46, +9.408,+10.164,+0.945
1683407160,+3.46, +9.362,+10.168,+0.944
1683407220,+3.46, +9.389,+10.175,+0.944
1683407280,+3.46, +9.362,+10.198,+0.944
1683407340,+3.46, +9.325,+10.211,+0.944
1683407400,+3.46, +9.315,+10.230,+0.944
1683407460,+3.46, +9.362,+10.224,+0.944
1683407520,+3.46, +9.380,+10.214,+0.944
1683407580,+3.46, +9.362,+10.256,+0.945
1683407640,+3.46, +9.389,+10.245,+0.944
1683407700,+3.46, +9.445,+10.241,+0.944
1683407760,+3.46, +9.491,+10.211,+0.944
1683407820,+3.46, +9.537,+10.190,+0.945
1683407880,+3.45, +9.546,+10.198,+0.944
1683407940,+3.45, +9.638,+10.185,+0.945
1683408000,+3.46, +9.739,+10.147,+0.944
1683408060,+3.45, +9.767,+10.164,+0.945
1683408120,+3.45, +9.638,+10.206,+0.945
1683408180,+3.45, +9.767,+10.153,+0.944
1683408240,+3.45, +9.767,+10.156,+0.944
1683408300,+3.45, +9.785,+10.166,+0.945
1683408360,+3.45, +9.831,+10.165,+0.944
1683408420,+3.45, +9.895,+10.191,+0.945
1683408480,+3.45,+10.069,+10.189,+0.944
1683408540,+3.46,+10.133,+10.290,+0.945
1683408600,+3.46,+10.252,+10.388,+0.945
1683408660,+3.46,+10.343,+10.476,+0.945
1683408720,+3.46,+10.489,+10.538,+0.945
1683408780,+3.46,+10.634,+10.616,+0.945
1683408840,+3.45,+10.634,+10.672,+0.945
1683408900,+3.46,+10.679,+10.701,+0.945
1683408960,+3.45,+10.806,+10.704,+0.945
1683409020,+3.45,+10.896,+10.712,+0.945
1683409080,+3.46,+10.851,+10.783,+0.945
1683409140,+3.46,+10.969,+10.764,+0.944
1683409200,+3.45,+10.996,+10.790,+0.945
1683409260,+3.46,+10.652,+10.351,+0.944
1683409320,+3.46,+10.543,+10.177,+0.944
1683409380,+3.46,+10.370,+10.158,+0.944
1683409440,+3.46,+10.316,+10.209,+0.944
1683409500,+3.46,+10.197,+10.314,+0.944
1683409560,+3.46,+10.124,+10.378,+0.944
1683409620,+3.46,+10.097,+10.397,+0.944
1683409680,+3.46,+10.005,+10.454,+0.944
1683409740,+3.46,+10.069,+10.459,+0.944
1683409800,+3.46,+10.143,+10.449,+0.944
1683409860,+3.46,+10.179,+10.465,+0.944
1683409920,+3.46,+10.261,+10.465,+0.945
1683409980,+3.46,+10.380,+10.485,+0.944
1683410040,+3.46,+10.498,+10.555,+0.944
1683410100,+3.46,+10.461,+10.668,+0.945
1683410160,+3.46,+10.589,+10.661,+0.945
1683410220,+3.45,+10.643,+10.664,+0.944
1683410280,+3.46,+10.634,+10.692,+0.944
1683410340,+3.46,+10.688,+10.702,+0.944
1683410400,+3.45,+10.752,+10.716,+0.945
1683410460,+3.46,+10.806,+10.732,+0.945
1683410520,+3.45,+10.815,+10.761,+0.945
1683410580,+3.45,+10.914,+10.754,+0.945
1683410640,+3.46,+10.978,+10.732,+0.944
1683410700,+3.46,+10.960,+10.769,+0.945
1683410760,+3.45,+11.041,+10.785,+0.945
1683410820,+3.45,+10.996,+10.820,+0.945
1683410880,+3.45,+11.032,+10.838,+0.944
1683410940,+3.45,+11.023,+10.878,+0.945
1683411000,+3.45,+11.050,+10.869,+0.944
1683411060,+3.45,+11.086,+10.860,+0.944
1683411120,+3.45,+11.104,+10.873,+0.945
1683411180,+3.45,+11.104,+10.882,+0.945
1683411240,+3.45,+11.095,+10.892,+0.945
1683411300,+3.45,+11.122,+10.872,+0.945
1683411360,+3.45,+11.086,+10.893,+0.945
1683411420,+3.45,+11.158,+10.849,+0.945
1683411480,+3.45,+11.158,+10.829,+0.945
1683411540,+3.45,+11.176,+10.811,+0.944
1683411600,+3.46,+11.131,+10.829,+0.944
1683411660,+3.45,+11.077,+10.854,+0.944
1683411720,+3.45,+11.104,+10.846,+0.945
1683411780,+3.46,+11.104,+10.829,+0.944
1683411840,+3.45,+11.086,+10.821,+0.944
1683411900,+3.45,+11.122,+10.785,+0.944
1683411960,+3.45,+11.032,+10.815,+0.945
1683412020,+3.45,+11.041,+10.826,+0.944
1683412080,+3.45,+11.158,+10.801,+0.944
1683412140,+3.45,+11.113,+10.829,+0.944
1683412200,+3.45,+11.149,+10.830,+0.944
1683412260,+3.46,+11.248,+10.814,+0.944
1683412320,+3.46,+11.302,+10.797,+0.944
1683412380,+3.46,+11.293,+10.831,+0.945
1683412440,+3.46,+11.212,+10.871,+0.945
1683412500,+3.46,+11.221,+10.864,+0.945
1683412560,+3.45,+11.221,+10.860,+0.945
1683412620,+3.46,+11.167,+10.883,+0.945
1683412680,+3.45,+11.248,+10.838,+0.944
1683412740,+3.46,+11.257,+10.825,+0.944
1683412800,+3.46,+11.293,+10.819,+0.945
1683412860,+3.46,+11.338,+10.833,+0.945
1683412920,+3.46,+11.436,+10.811,+0.945
1683412980,+3.46,+11.436,+10.826,+0.945
1683413040,+3.46,+11.499,+10.805,+0.944
1683413100,+3.46,+11.553,+10.796,+0.945
1683413160,+3.46,+11.535,+10.817,+0.945
1683413220,+3.46,+11.463,+10.861,+0.945
1683413280,+3.46,+11.589,+10.808,+0.945
1683413340,+3.46,+11.598,+10.815,+0.944
1683413400,+3.46,+11.571,+10.830,+0.944
1683413460,+3.46,+11.651,+10.801,+0.944
1683413520,+3.46,+11.651,+10.811,+0.944
1683413580,+3.46,+11.669,+10.808,+0.944
1683413640,+3.46,+11.723,+10.804,+0.945
1683413700,+3.46,+11.750,+10.815,+0.945
1683413760,+3.45,+11.741,+10.821,+0.945
1683413820,+3.46,+11.812,+10.803,+0.944
1683413880,+3.46,+11.848,+10.796,+0.944
1683413940,+3.46,+11.848,+10.823,+0.945
1683414000,+3.46,+11.866,+10.827,+0.945
1683414060,+3.45,+11.937,+10.823,+0.945
1683414120,+3.46,+11.964,+10.827,+0.944
1683414180,+3.45,+11.981,+10.856,+0.945
1683414240,+3.45,+12.070,+10.808,+0.944
1683414300,+3.45,+11.839,+10.523,+0.944
1683414360,+3.46,+11.365,+10.106,+0.943
1683414420,+3.46,+11.194,+10.215,+0.943
1683414480,+3.45,+11.113,+10.377,+0.944
1683414540,+3.46,+11.230,+10.438,+0.944
1683414600,+3.46,+11.257,+10.538,+0.944
1683414660,+3.46,+11.347,+10.589,+0.944
1683414720,+3.46,+11.436,+10.618,+0.944
1683414780,+3.46,+11.535,+10.684,+0.944
1683414840,+3.46,+11.615,+10.741,+0.944
1683414900,+3.45,+11.678,+10.783,+0.945
1683414960,+3.46,+11.714,+10.795,+0.945
1683415020,+3.46,+11.696,+10.818,+0.945
1683415080,+3.46,+11.732,+10.808,+0.945
1683415140,+3.46,+11.741,+10.775,+0.944
1683415200,+3.46,+11.472,+10.448,+0.943
1683415260,+3.46,+10.941,+10.095,+0.942
1683415320,+3.46,+10.507,+10.029,+0.942
1683415380,+3.46,+10.179,+10.013,+0.942
1683415440,+3.46,+10.069, +9.995,+0.942
1683415500,+3.46, +9.923,+10.010,+0.943
1683415560,+3.46, +9.831,+10.017,+0.943
1683415620,+3.46, +9.712,+10.034,+0.943
1683415680,+3.46, +9.666,+10.097,+0.943
1683415740,+3.46, +9.638,+10.158,+0.943
1683415800,+3.46, +9.657,+10.152,+0.943
1683415860,+3.46, +9.666,+10.224,+0.943
1683415920,+3.46, +9.804,+10.228,+0.944
1683415980,+3.46, +9.822,+10.240,+0.944
1683416040,+3.45, +9.923,+10.228,+0.944
1683416100,+3.46,+10.042,+10.293,+0.944
1683416160,+3.46,+10.152,+10.352,+0.944
1683416220,+3.46,+10.252,+10.384,+0.944
1683416280,+3.46,+10.316,+10.415,+0.944
1683416340,+3.46,+10.425,+10.478,+0.945
1683416400,+3.46,+10.579,+10.518,+0.945
1683416460,+3.46,+10.724,+10.576,+0.945
1683416520,+3.46,+10.752,+10.641,+0.945
1683416580,+3.46,+10.842,+10.640,+0.945
1683416640,+3.45,+10.978,+10.626,+0.945
1683416700,+3.46,+11.086,+10.636,+0.945
1683416760,+3.46,+11.221,+10.620,+0.945
1683416820,+3.46,+11.347,+10.651,+0.945
1683416880,+3.46,+11.409,+10.622,+0.944
1683416940,+3.46,+11.329,+10.628,+0.945
1683417000,+3.46,+11.383,+10.609,+0.944
1683417060,+3.46,+11.383,+10.633,+0.945
1683417120,+3.46,+11.383,+10.654,+0.945
1683417180,+3.46,+11.454,+10.653,+0.944
1683417240,+3.46,+11.472,+10.727,+0.945
1683417300,+3.46,+11.589,+10.738,+0.945
1683417360,+3.46,+11.705,+10.751,+0.945
1683417420,+3.46,+11.687,+10.815,+0.945
1683417480,+3.46,+11.633,+10.728,+0.944
1683417540,+3.46,+11.508,+10.483,+0.943
1683417600,+3.46,+11.302,+10.670,+0.943
1683417660,+3.45,+10.914, +9.994,+0.943
1683417720,+3.46,+10.688, +9.968,+0.942
1683417780,+3.46,+10.461,+10.095,+0.943
1683417840,+3.46,+10.480,+10.148,+0.943
1683417900,+3.46,+10.470,+10.200,+0.944
1683417960,+3.46,+10.425,+10.276,+0.944
1683418020,+3.46,+10.452,+10.308,+0.944
1683418080,+3.46,+10.443,+10.356,+0.944
1683418140,+3.46,+10.561,+10.355,+0.944
1683418200,+3.46,+10.561,+10.420,+0.944
1683418260,+3.46,+10.679,+10.477,+0.944
1683418320,+3.46,+10.770,+10.566,+0.944
1683418380,+3.46,+10.815,+10.601,+0.944
1683418440,+3.46,+10.869,+10.637,+0.944
1683418500,+3.45,+10.923,+10.610,+0.944
1683418560,+3.46,+10.932,+10.609,+0.944
1683418620,+3.46,+10.960,+10.619,+0.945
1683418680,+3.46,+11.041,+10.591,+0.944
1683418740,+3.46,+10.932,+10.564,+0.944
1683418800,+3.46,+10.887,+10.685,+0.944
1683418860,+3.46,+10.724,+10.599,+0.944
1683418920,+3.46,+10.697,+10.494,+0.944
1683418980,+3.46,+10.652,+10.355,+0.944
1683419040,+3.46,+10.561,+10.339,+0.944
1683419100,+3.46,+10.516,+10.265,+0.944
1683419160,+3.46,+10.434,+10.237,+0.944
1683419220,+3.46,+10.416,+10.192,+0.944
1683419280,+3.46,+10.252,+10.142,+0.944
1683419340,+3.46,+10.152, +9.985,+0.943
1683419400,+3.46, +9.950, +9.868,+0.943
1683419460,+3.46, +9.813, +9.874,+0.943
1683419520,+3.46, +9.675, +9.961,+0.943
1683419580,+3.46, +9.592,+10.062,+0.943
1683419640,+3.46, +9.555,+10.078,+0.943
1683419700,+3.46, +9.482,+10.144,+0.944
1683419760,+3.46, +9.426,+10.176,+0.944
1683419820,+3.46, +9.417,+10.207,+0.944
1683419880,+3.46, +9.408,+10.203,+0.944
1683419940,+3.46, +9.408,+10.196,+0.944
1683420000,+3.46, +9.417,+10.172,+0.944
1683420060,+3.46, +9.389,+10.172,+0.944
1683420120,+3.46, +9.362,+10.184,+0.944
1683420180,+3.46, +9.380,+10.184,+0.944
1683420240,+3.46, +9.343,+10.205,+0.944
1683420300,+3.46, +9.362,+10.201,+0.944
1683420360,+3.46, +9.343,+10.224,+0.944
1683420420,+3.46, +9.343,+10.240,+0.944
1683420480,+3.46, +9.343,+10.275,+0.945
1683420540,+3.46, +9.297,+10.303,+0.944
1683420600,+3.46, +9.334,+10.307,+0.944
1683420660,+3.46, +9.362,+10.285,+0.944
1683420720,+3.46, +9.334,+10.300,+0.944
1683420780,+3.46, +9.315,+10.301,+0.944
1683420840,+3.46, +9.352,+10.270,+0.944
1683420900,+3.46, +9.362,+10.244,+0.945
1683420960,+3.46, +9.362,+10.207,+0.944
1683421020,+3.46, +9.436,+10.178,+0.944
1683421080,+3.46, +9.482,+10.150,+0.945
1683421140,+3.46, +9.426,+10.153,+0.945
1683421200,+3.46, +9.463,+10.121,+0.944
1683421260,+3.46, +9.537,+10.095,+0.944
1683421320,+3.46, +9.555,+10.086,+0.945
1683421380,+3.46, +9.620,+10.042,+0.944
1683421440,+3.46, +9.629,+10.054,+0.945
1683421500,+3.46, +9.675,+10.059,+0.944
1683421560,+3.46, +9.694,+10.058,+0.944
1683421620,+3.46, +9.749,+10.038,+0.944
1683421680,+3.45, +9.776,+10.053,+0.945
1683421740,+3.46, +9.804,+10.028,+0.944
1683421800,+3.46, +9.712, +9.974,+0.944
1683421860,+3.46, +9.555,+10.022,+0.944
1683421920,+3.46, +9.574,+10.030,+0.944
1683421980,+3.46, +9.500,+10.084,+0.944
1683422040,+3.46, +9.509,+10.084,+0.944
1683422100,+3.46, +9.500,+10.071,+0.943
1683422160,+3.46, +9.417,+10.115,+0.945
1683422220,+3.46, +9.362,+10.117,+0.944
1683422280,+3.46, +9.454,+10.061,+0.944
1683422340,+3.46, +9.389,+10.098,+0.944
1683422400,+3.46, +9.417,+10.095,+0.944
1683422460,+3.46, +9.426,+10.107,+0.944
1683422520,+3.46, +9.417,+10.113,+0.944
1683422580,+3.46, +9.408,+10.133,+0.944
1683422640,+3.46, +9.500,+10.121,+0.944
1683422700,+3.46, +9.546,+10.116,+0.944
1683422760,+3.46, +9.657,+10.098,+0.944
1683422820,+3.46, +9.675,+10.119,+0.945
1683422880,+3.46, +9.840,+10.091,+0.945
1683422940,+3.46, +9.868,+10.125,+0.945
1683423000,+3.45, +9.987,+10.116,+0.944
1683423060,+3.46,+10.024,+10.142,+0.945
1683423120,+3.46,+10.079,+10.157,+0.945
1683423180,+3.46,+10.143,+10.186,+0.944
1683423240,+3.46,+10.188,+10.240,+0.945
1683423300,+3.46,+10.234,+10.349,+0.945
1683423360,+3.46,+10.234,+10.441,+0.944
1683423420,+3.46,+10.361,+10.465,+0.945
1683423480,+3.46,+10.252,+10.486,+0.944
1683423540,+3.46,+10.225,+10.443,+0.944
1683423600,+3.46,+10.298,+10.349,+0.944
1683423660,+3.46,+10.288,+10.292,+0.944
1683423720,+3.46,+10.279,+10.329,+0.944
1683423780,+3.46,+10.307,+10.372,+0.944
1683423840,+3.46,+10.288,+10.417,+0.945
1683423900,+3.46,+10.261,+10.477,+0.944
1683423960,+3.46,+10.316,+10.522,+0.944
1683424020,+3.46,+10.288,+10.562,+0.945
1683424080,+3.46,+10.298,+10.548,+0.944
1683424140,+3.46,+10.234,+10.572,+0.945
1683424200,+3.46,+10.270,+10.533,+0.945
1683424260,+3.46,+10.270,+10.515,+0.944
1683424320,+3.46,+10.325,+10.509,+0.944
1683424380,+3.46,+10.316,+10.529,+0.944
1683424440,+3.46,+10.288,+10.566,+0.944
1683424500,+3.46,+10.288,+10.554,+0.944
1683424560,+3.46,+10.270,+10.555,+0.944
1683424620,+3.46,+10.243,+10.545,+0.944
1683424680,+3.46,+10.179,+10.519,+0.944
1683424740,+3.46,+10.225,+10.399,+0.944
1683424800,+3.46,+10.170,+10.370,+0.945
1683424860,+3.46,+10.216,+10.321,+0.944
1683424920,+3.46,+10.243,+10.321,+0.945
1683424980,+3.46,+10.225,+10.330,+0.944
1683425040,+3.46,+10.179,+10.339,+0.944
1683425100,+3.46,+10.152,+10.356,+0.944
1683425160,+3.46,+10.206,+10.331,+0.944
1683425220,+3.46,+10.170,+10.261,+0.943
1683425280,+3.46,+10.179,+10.184,+0.944
1683425340,+3.46,+10.106,+10.126,+0.944
1683425400,+3.46,+10.079,+10.041,+0.944
1683425460,+3.45, +9.950,+10.037,+0.944
1683425520,+3.45, +9.950,+10.077,+0.944
1683425580,+3.45, +9.960,+10.122,+0.944
1683425640,+3.46, +9.895,+10.146,+0.944
1683425700,+3.46, +9.868,+10.153,+0.944
1683425760,+3.46, +9.877,+10.139,+0.943
1683425820,+3.45, +9.850,+10.141,+0.944
1683425880,+3.46, +9.822,+10.136,+0.944
1683425940,+3.45, +9.840,+10.109,+0.944
1683426000,+3.46, +9.868,+10.076,+0.944
1683426060,+3.46, +9.850,+10.076,+0.944
1683426120,+3.46, +9.776,+10.095,+0.944
1683426180,+3.45, +9.795,+10.077,+0.944
1683426240,+3.46, +9.776,+10.095,+0.944
1683426300,+3.46, +9.795,+10.104,+0.944
1683426360,+3.45, +9.758,+10.147,+0.944
1683426420,+3.46, +9.795,+10.150,+0.944
1683426480,+3.46, +9.776,+10.175,+0.944
1683426540,+3.46, +9.850,+10.169,+0.944
1683426600,+3.46, +9.840,+10.189,+0.944
1683426660,+3.46, +9.850,+10.197,+0.944
1683426720,+3.46, +9.923,+10.168,+0.944
1683426780,+3.45, +9.950,+10.158,+0.944
1683426840,+3.45, +9.941,+10.168,+0.944
1683426900,+3.46, +9.886,+10.186,+0.944
1683426960,+3.46, +9.895,+10.184,+0.944
1683427020,+3.46, +9.905,+10.170,+0.944
1683427080,+3.45, +9.895,+10.191,+0.945
1683427140,+3.45, +9.877,+10.200,+0.945
1683427200,+3.45, +9.905,+10.177,+0.944
1683427260,+3.45, +9.886,+10.192,+0.944
1683427320,+3.46, +9.877,+10.208,+0.944
1683427380,+3.46, +9.932,+10.190,+0.944
1683427440,+3.45, +9.831,+10.219,+0.944
1683427500,+3.46, +9.840,+10.208,+0.944
1683427560,+3.46, +9.877,+10.199,+0.944
1683427620,+3.45, +9.905,+10.187,+0.944
1683427680,+3.46, +9.950,+10.184,+0.944
1683427740,+3.46, +9.960,+10.199,+0.944
1683427800,+3.46,+10.079,+10.194,+0.944
1683427860,+3.46,+10.060,+10.259,+0.945
1683427920,+3.46,+10.216,+10.259,+0.944
1683427980,+3.46,+10.234,+10.336,+0.945
1683428040,+3.46,+10.370,+10.349,+0.944
1683428100,+3.46,+10.452,+10.411,+0.945
1683428160,+3.46,+10.516,+10.469,+0.945
1683428220,+3.46,+10.661,+10.459,+0.945
1683428280,+3.46,+10.670,+10.483,+0.944
1683428340,+3.46,+10.752,+10.481,+0.944
1683428400,+3.46,+10.806,+10.499,+0.945
1683428460,+3.46,+10.887,+10.509,+0.944
1683428520,+3.46,+10.905,+10.564,+0.944
1683428580,+3.46,+10.923,+10.609,+0.945
1683428640,+3.45,+10.951,+10.621,+0.944
1683428700,+3.46,+10.951,+10.641,+0.945
1683428760,+3.45,+10.951,+10.724,+0.945
1683428820,+3.45,+11.014,+10.733,+0.945
1683428880,+3.46,+11.032,+10.723,+0.945
1683428940,+3.45,+10.996,+10.722,+0.945
1683429000,+3.46,+11.032,+10.697,+0.944
1683429060,+3.46,+10.987,+10.697,+0.944
1683429120,+3.46,+11.005,+10.665,+0.945
1683429180,+3.46,+10.951,+10.546,+0.944
1683429240,+3.45,+10.806,+10.473,+0.944
1683429300,+3.46,+10.679,+10.337,+0.944
1683429360,+3.46,+10.525,+10.285,+0.943
1683429420,+3.46,+10.461,+10.249,+0.943
1683429480,+3.46,+10.361,+10.283,+0.944
1683429540,+3.46,+10.316,+10.228,+0.943
1683429600,+3.46,+10.197,+10.187,+0.944
1683429660,+3.46,+10.106,+10.171,+0.943
1683429720,+3.46,+10.005,+10.228,+0.943
1683429780,+3.46, +9.932,+10.242,+0.944
1683429840,+3.45, +9.969,+10.226,+0.944
1683429900,+3.46, +9.932,+10.231,+0.943
1683429960,+3.46, +9.960,+10.228,+0.944
1683430020,+3.46, +9.969,+10.220,+0.944
1683430080,+3.46, +9.978,+10.223,+0.944
1683430140,+3.46, +9.987,+10.229,+0.944
1683430200,+3.46, +9.969,+10.238,+0.944
1683430260,+3.46, +9.941,+10.257,+0.944
1683430320,+3.46, +9.996,+10.248,+0.944
1683430380,+3.45, +9.923,+10.269,+0.944
1683430440,+3.46, +9.996,+10.236,+0.944
1683430500,+3.45, +9.987,+10.259,+0.944
1683430560,+3.46, +9.960,+10.265,+0.944
1683430620,+3.46,+10.042,+10.228,+0.944
1683430680,+3.46,+10.033,+10.255,+0.944
1683430740,+3.46,+10.088,+10.261,+0.944
1683430800,+3.46,+10.124,+10.282,+0.944
1683430860,+3.46,+10.161,+10.318,+0.945
1683430920,+3.46,+10.206,+10.327,+0.944
1683430980,+3.46,+10.298,+10.332,+0.945
1683431040,+3.46,+10.361,+10.330,+0.944
1683431100,+3.46,+10.416,+10.323,+0.944
1683431160,+3.46,+10.470,+10.334,+0.944
1683431220,+3.46,+10.489,+10.359,+0.945
1683431280,+3.46,+10.498,+10.383,+0.945
1683431340,+3.46,+10.589,+10.352,+0.944
1683431400,+3.46,+10.525,+10.423,+0.945
1683431460,+3.46,+10.643,+10.413,+0.945
1683431520,+3.46,+10.634,+10.432,+0.945
1683431580,+3.46,+10.634,+10.440,+0.944
1683431640,+3.46,+10.643,+10.457,+0.945
1683431700,+3.46,+10.625,+10.464,+0.944
1683431760,+3.45,+10.625,+10.455,+0.944
1683431820,+3.46,+10.561,+10.483,+0.944
1683431880,+3.45,+10.525,+10.497,+0.944
1683431940,+3.46,+10.589,+10.473,+0.944
1683432000,+3.46,+10.579,+10.481,+0.945
1683432060,+3.46,+10.579,+10.469,+0.945
1683432120,+3.46,+10.543,+10.475,+0.944
1683432180,+3.46,+10.579,+10.474,+0.945
1683432240,+3.46,+10.688,+10.414,+0.944
1683432300,+3.46,+10.607,+10.450,+0.944
1683432360,+3.46,+10.670,+10.425,+0.944
1683432420,+3.46,+10.652,+10.435,+0.944
1683432480,+3.46,+10.652,+10.452,+0.945
1683432540,+3.46,+10.616,+10.463,+0.945
1683432600,+3.46,+10.589,+10.457,+0.944
1683432660,+3.46,+10.579,+10.398,+0.944
1683432720,+3.46,+10.534,+10.378,+0.944
1683432780,+3.46,+10.552,+10.335,+0.944
1683432840,+3.46,+10.443,+10.289,+0.944
1683432900,+3.46,+10.334,+10.226,+0.944
1683432960,+3.46,+10.270,+10.177,+0.944
1683433020,+3.46,+10.216,+10.165,+0.944
1683433080,+3.46,+10.152,+10.167,+0.944
1683433140,+3.46,+10.143,+10.147,+0.944
1683433200,+3.46,+10.170,+10.129,+0.944
1683433260,+3.46,+10.170,+10.109,+0.944
1683433320,+3.46,+10.115,+10.121,+0.944
1683433380,+3.46,+10.115,+10.109,+0.944
1683433440,+3.46,+10.124,+10.126,+0.944
1683433500,+3.46,+10.225,+10.113,+0.944
1683433560,+3.46,+10.298,+10.126,+0.945
1683433620,+3.46,+10.316,+10.206,+0.944
1683433680,+3.46,+10.498,+10.249,+0.944
1683433740,+3.46,+10.607,+10.359,+0.945
1683433800,+3.46,+10.715,+10.394,+0.945
1683433860,+3.46,+10.869,+10.375,+0.944
1683433920,+3.46,+10.869,+10.342,+0.944
1683433980,+3.46,+10.715,+10.192,+0.944
1683434040,+3.46,+10.507,+10.085,+0.944
1683434100,+3.46,+10.380,+10.042,+0.943
1683434160,+3.46,+10.279,+10.081,+0.944
1683434220,+3.46,+10.389,+10.127,+0.944
1683434280,+3.46,+10.443,+10.211,+0.945
1683434340,+3.46,+10.579,+10.237,+0.945
1683434400,+3.45,+10.715,+10.271,+0.945
1683434460,+3.46,+10.788,+10.322,+0.945
1683434520,+3.45,+10.951,+10.328,+0.945
1683434580,+3.45,+11.059,+10.373,+0.944
1683434640,+3.45,+11.140,+10.413,+0.944
1683434700,+3.46,+11.221,+10.463,+0.945
1683434760,+3.46,+11.239,+10.443,+0.945
1683434820,+3.46,+10.734,+10.117,+0.943
1683434880,+3.46,+10.543,+10.031,+0.943
1683434940,+3.46,+10.225,+10.002,+0.943
1683435000,+3.46,+10.033,+10.008,+0.942
1683435060,+3.46, +9.886,+10.031,+0.943
1683435120,+3.46, +9.739,+10.131,+0.943
1683435180,+3.46, +9.602,+10.194,+0.943
1683435240,+3.46, +9.565,+10.340,+0.943
1683435300,+3.46, +9.574,+10.387,+0.943
1683435360,+3.46, +9.454,+10.535,+0.944
1683435420,+3.46, +9.473,+10.493,+0.944
1683435480,+3.46, +9.445,+10.473,+0.944
1683435540,+3.46, +9.473,+10.412,+0.944
1683435600,+3.46, +9.491,+10.419,+0.943
1683435660,+3.46, +9.482,+10.418,+0.944
1683435720,+3.46, +9.528,+10.401,+0.944
1683435780,+3.46, +9.638,+10.365,+0.945
1683435840,+3.46, +9.850,+10.350,+0.945
1683435900,+3.45, +9.996,+10.359,+0.945
1683435960,+3.46,+10.179,+10.355,+0.945
1683436020,+3.46,+10.279,+10.383,+0.945
1683436080,+3.46,+10.452,+10.404,+0.945
1683436140,+3.46,+10.661,+10.403,+0.945
1683436200,+3.45,+10.788,+10.429,+0.945
1683436260,+3.46,+10.724,+10.429,+0.944
1683436320,+3.46,+10.652,+10.267,+0.944
1683436380,+3.46,+10.407,+10.156,+0.944
1683436440,+3.46,+10.279,+10.205,+0.944
1683436500,+3.46,+10.307,+10.254,+0.944
1683436560,+3.46,+10.206,+10.206,+0.943
1683436620,+3.46, +9.941,+10.206,+0.944
1683436680,+3.45, +9.730,+10.223,+0.944
1683436740,+3.46, +9.739,+10.184,+0.943
1683436800,+3.46, +9.592,+10.220,+0.944
1683436860,+3.46, +9.546,+10.232,+0.944
1683436920,+3.46, +9.565,+10.210,+0.944
1683436980,+3.46, +9.528,+10.205,+0.944
1683437040,+3.46, +9.500,+10.205,+0.944
1683437100,+3.46, +9.417,+10.226,+0.944
1683437160,+3.46, +9.509,+10.184,+0.944
1683437220,+3.46, +9.473,+10.192,+0.944
1683437280,+3.45, +9.509,+10.172,+0.944
1683437340,+3.46, +9.491,+10.198,+0.944
1683437400,+3.46, +9.555,+10.202,+0.944
1683437460,+3.46, +9.611,+10.181,+0.944
1683437520,+3.46, +9.592,+10.216,+0.945
1683437580,+3.45, +9.638,+10.158,+0.944
1683437640,+3.46, +9.509,+10.193,+0.944
1683437700,+3.46, +9.555,+10.204,+0.944
1683437760,+3.46, +9.546,+10.233,+0.944
1683437820,+3.46, +9.473,+10.304,+0.944
1683437880,+3.46, +9.417,+10.328,+0.944
1683437940,+3.46, +9.491,+10.278,+0.944
1683438000,+3.46, +9.500,+10.260,+0.944
1683438060,+3.46, +9.454,+10.263,+0.944
1683438120,+3.46, +9.463,+10.239,+0.944
1683438180,+3.46, +9.436,+10.232,+0.944
1683438240,+3.46, +9.454,+10.185,+0.944
1683438300,+3.46, +9.352,+10.176,+0.944
1683438360,+3.46, +9.343,+10.079,+0.943
1683438420,+3.46, +9.269,+10.049,+0.944
1683438480,+3.46, +9.232,+10.009,+0.944
1683438540,+3.46, +9.167,+10.014,+0.944
1683438600,+3.46, +9.186,+10.029,+0.944
1683438660,+3.46, +9.177,+10.047,+0.944
1683438720,+3.46, +9.149,+10.060,+0.944
1683438780,+3.46, +9.140,+10.080,+0.944
1683438840,+3.46, +9.130,+10.097,+0.944
1683438900,+3.46, +9.112,+10.091,+0.944
1683438960,+3.46, +9.130,+10.076,+0.944
1683439020,+3.46, +9.158,+10.108,+0.944
1683439080,+3.46, +9.288,+10.127,+0.944
1683439140,+3.46, +9.417,+10.128,+0.944
1683439200,+3.45, +9.426,+10.167,+0.944
1683439260,+3.46, +9.638,+10.179,+0.945
1683439320,+3.46, +9.758,+10.227,+0.945
1683439380,+3.46, +9.840,+10.227,+0.944
1683439440,+3.46, +9.850,+10.255,+0.945
1683439500,+3.45, +9.987,+10.248,+0.945
1683439560,+3.46,+10.069,+10.258,+0.945
1683439620,+3.46,+10.024,+10.284,+0.945
1683439680,+3.45,+10.015,+10.273,+0.945
1683439740,+3.46, +9.950,+10.159,+0.944
1683439800,+3.46, +9.785,+10.155,+0.944
1683439860,+3.46, +9.694,+10.111,+0.944
1683439920,+3.45, +9.629,+10.118,+0.944
1683439980,+3.46, +9.592,+10.135,+0.944
1683440040,+3.45, +9.528,+10.165,+0.944
1683440100,+3.46, +9.555,+10.136,+0.944
1683440160,+3.46, +9.436,+10.187,+0.944
1683440220,+3.46, +9.408,+10.224,+0.944
1683440280,+3.46, +9.482,+10.205,+0.944
1683440340,+3.46, +9.417,+10.221,+0.944
1683440400,+3.46, +9.380,+10.227,+0.944
1683440460,+3.46, +9.500,+10.182,+0.944
1683440520,+3.46, +9.473,+10.195,+0.944
1683440580,+3.46, +9.445,+10.203,+0.944
1683440640,+3.45, +9.445,+10.188,+0.944
1683440700,+3.46, +9.436,+10.195,+0.944
1683440760,+3.46, +9.408,+10.217,+0.944
1683440820,+3.46, +9.436,+10.230,+0.944
1683440880,+3.46, +9.426,+10.241,+0.944
1683440940,+3.46, +9.519,+10.208,+0.944
1683441000,+3.46, +9.454,+10.218,+0.944
1683441060,+3.46, +9.454,+10.229,+0.944
1683441120,+3.46, +9.436,+10.233,+0.944
1683441180,+3.46, +9.445,+10.239,+0.944
1683441240,+3.46, +9.565,+10.204,+0.944
1683441300,+3.45, +9.565,+10.197,+0.944
1683441360,+3.45, +9.583,+10.176,+0.944
1683441420,+3.45, +9.555,+10.160,+0.944
1683441480,+3.46, +9.528,+10.150,+0.944
1683441540,+3.46, +9.528,+10.144,+0.944
1683441600,+3.46, +9.537,+10.150,+0.944
1683441660,+3.45, +9.500,+10.164,+0.944
1683441720,+3.46, +9.454,+10.180,+0.944
1683441780,+3.46, +9.436,+10.189,+0.944
1683441840,+3.46, +9.500,+10.189,+0.944
1683441900,+3.46, +9.565,+10.200,+0.944
1683441960,+3.45, +9.638,+10.197,+0.945
1683442020,+3.45, +9.712,+10.186,+0.944
1683442080,+3.45, +9.776,+10.216,+0.945
1683442140,+3.45, +9.950,+10.264,+0.945
1683442200,+3.46,+10.133,+10.331,+0.945
1683442260,+3.46,+10.197,+10.384,+0.945
1683442320,+3.46,+10.298,+10.408,+0.945
1683442380,+3.46,+10.407,+10.381,+0.945
1683442440,+3.46,+10.470,+10.427,+0.946
1683442500,+3.46,+10.625,+10.375,+0.945
1683442560,+3.45,+10.715,+10.363,+0.945
1683442620,+3.45,+10.851,+10.330,+0.945
1683442680,+3.45,+10.824,+10.346,+0.945
1683442740,+3.45,+10.788,+10.372,+0.944
1683442800,+3.45,+10.788,+10.370,+0.944
1683442860,+3.46,+10.715,+10.589,+0.944
1683442920,+3.45,+10.561,+10.332,+0.944
1683442980,+3.46,+10.389,+10.202,+0.944
1683443040,+3.46,+10.325,+10.197,+0.944
1683443100,+3.46,+10.234,+10.213,+0.944
1683443160,+3.46,+10.206,+10.224,+0.944
1683443220,+3.46,+10.206,+10.259,+0.944
1683443280,+3.46,+10.234,+10.285,+0.944
1683443340,+3.46,+10.206,+10.288,+0.944
1683443400,+3.46,+10.115,+10.280,+0.944
1683443460,+3.46,+10.124,+10.194,+0.944
1683443520,+3.45,+10.060,+10.174,+0.944
1683443580,+3.45, +9.978,+10.178,+0.944
1683443640,+3.45, +9.987,+10.169,+0.944
1683443700,+3.46,+10.005,+10.167,+0.944
1683443760,+3.45, +9.905,+10.222,+0.944
1683443820,+3.45, +9.905,+10.226,+0.944
1683443880,+3.45,+10.033,+10.185,+0.944
1683443940,+3.45,+10.005,+10.226,+0.944
1683444000,+3.45,+10.005,+10.240,+0.944
1683444060,+3.45,+10.079,+10.250,+0.944
1683444120,+3.46,+10.033,+10.316,+0.945
1683444180,+3.46,+10.106,+10.340,+0.945
1683444240,+3.46,+10.216,+10.384,+0.944
1683444300,+3.46,+10.152,+10.478,+0.945
1683444360,+3.46,+10.270,+10.488,+0.945
1683444420,+3.46,+10.352,+10.529,+0.944
1683444480,+3.45,+10.389,+10.605,+0.945
1683444540,+3.45,+10.434,+10.653,+0.944
1683444600,+3.46,+10.243,+10.378,+0.944
1683444660,+3.45,+10.124,+10.175,+0.944
1683444720,+3.45, +9.978,+10.137,+0.943
1683444780,+3.45, +9.941,+10.082,+0.943
1683444840,+3.45, +9.804,+10.087,+0.943
1683444900,+3.45, +9.813,+10.134,+0.944
1683444960,+3.45, +9.776,+10.168,+0.944
1683445020,+3.46, +9.795,+10.163,+0.944
1683445080,+3.46, +9.749,+10.183,+0.944
1683445140,+3.45, +9.840,+10.157,+0.944
1683445200,+3.45, +9.804,+10.187,+0.944
1683445260,+3.45, +9.969,+10.169,+0.944
1683445320,+3.46, +9.987,+10.300,+0.945
1683445380,+3.45,+10.115,+10.450,+0.945
1683445440,+3.46,+10.225,+10.537,+0.945
1683445500,+3.46,+10.325,+10.672,+0.945
1683445560,+3.46,+10.398,+10.730,+0.945
1683445620,+3.46,+10.470,+10.744,+0.944
1683445680,+3.46,+10.480,+10.787,+0.945
1683445740,+3.46,+10.607,+10.749,+0.944
1683445800,+3.45,+10.634,+10.763,+0.945
1683445860,+3.45,+10.715,+10.744,+0.945
1683445920,+3.45,+10.715,+10.748,+0.945
1683445980,+3.45,+10.752,+10.741,+0.945
1683446040,+3.45,+10.824,+10.709,+0.945
1683446100,+3.46,+10.851,+10.714,+0.945
1683446160,+3.46,+10.905,+10.714,+0.945
1683446220,+3.45,+10.978,+10.675,+0.944
1683446280,+3.45,+10.941,+10.655,+0.944
1683446340,+3.45,+10.923,+10.638,+0.944
1683446400,+3.45,+10.923,+10.702,+0.944
1683446460,+3.45,+10.779,+10.727,+0.944
1683446520,+3.46,+10.715,+10.658,+0.944
1683446580,+3.46,+10.607,+10.587,+0.943
1683446640,+3.46,+10.398,+10.578,+0.944
1683446700,+3.46,+10.288,+10.560,+0.944
1683446760,+3.46,+10.197,+10.544,+0.944
1683446820,+3.46,+10.170,+10.496,+0.944
1683446880,+3.45,+10.051,+10.491,+0.944
1683446940,+3.45,+10.088,+10.439,+0.944
1683447000,+3.45,+10.024,+10.460,+0.944
1683447060,+3.45, +9.978,+10.472,+0.944
1683447120,+3.45, +9.941,+10.515,+0.944
1683447180,+3.46, +9.886,+10.514,+0.944
1683447240,+3.46, +9.813,+10.408,+0.944
1683447300,+3.45, +9.804,+10.386,+0.944
1683447360,+3.45, +9.840,+10.370,+0.944
1683447420,+3.45, +9.804,+10.386,+0.944
1683447480,+3.45, +9.813,+10.402,+0.944
1683447540,+3.45, +9.813,+10.419,+0.944
1683447600,+3.45, +9.813,+10.463,+0.944
1683447660,+3.45, +9.840,+10.565,+0.944
1683447720,+3.45, +9.932,+10.684,+0.945
1683447780,+3.45,+10.042,+10.775,+0.945
1683447840,+3.46,+10.106,+10.844,+0.945
1683447900,+3.46,+10.307,+10.880,+0.945
1683447960,+3.45,+10.407,+10.916,+0.945
1683448020,+3.46,+10.552,+10.916,+0.945
1683448080,+3.46,+10.634,+10.824,+0.944
1683448140,+3.46,+10.398,+10.720,+0.944
1683448200,+3.46,+10.252,+10.673,+0.944
1683448260,+3.46,+10.197,+10.672,+0.944
1683448320,+3.46,+10.243,+10.657,+0.944
1683448380,+3.46,+10.298,+10.676,+0.945
1683448440,+3.45,+10.279,+10.664,+0.945
1683448500,+3.46,+10.270,+10.669,+0.944
1683448560,+3.46,+10.279,+10.653,+0.944
1683448620,+3.46,+10.252,+10.653,+0.944
1683448680,+3.46,+10.179,+10.667,+0.944
1683448740,+3.46,+10.170,+10.646,+0.944
1683448800,+3.46,+10.161,+10.621,+0.944
1683448860,+3.46,+10.161,+10.617,+0.944
1683448920,+3.46,+10.133,+10.618,+0.944
1683448980,+3.46,+10.133,+10.635,+0.945
1683449040,+3.46,+10.143,+10.643,+0.944
1683449100,+3.46,+10.206,+10.641,+0.945
1683449160,+3.46,+10.206,+10.727,+0.944
1683449220,+3.45,+10.234,+10.785,+0.945
1683449280,+3.46,+10.252,+10.810,+0.945
1683449340,+3.46,+10.279,+10.805,+0.945
1683449400,+3.46,+10.343,+10.809,+0.945
1683449460,+3.46,+10.334,+10.820,+0.944
1683449520,+3.46,+10.380,+10.798,+0.944
1683449580,+3.45,+10.325,+10.764,+0.944
1683449640,+3.45,+10.298,+10.693,+0.944
1683449700,+3.46,+10.152,+10.598,+0.944
1683449760,+3.45,+10.088,+10.531,+0.944
1683449820,+3.45, +9.950,+10.546,+0.944
1683449880,+3.45, +9.969,+10.528,+0.944
1683449940,+3.45, +9.905,+10.530,+0.944
1683450000,+3.45, +9.932,+10.500,+0.944
1683450060,+3.45, +9.914,+10.480,+0.944
1683450120,+3.45, +9.859,+10.502,+0.944
1683450180,+3.45, +9.923,+10.455,+0.944
1683450240,+3.45, +9.859,+10.467,+0.944
1683450300,+3.45, +9.822,+10.473,+0.944
1683450360,+3.45, +9.822,+10.463,+0.944
1683450420,+3.45, +9.822,+10.450,+0.944
1683450480,+3.45, +9.859,+10.434,+0.944
1683450540,+3.46, +9.822,+10.465,+0.944
1683450600,+3.45, +9.886,+10.451,+0.945
1683450660,+3.45, +9.868,+10.460,+0.944
1683450720,+3.45, +9.877,+10.456,+0.944
1683450780,+3.45, +9.895,+10.463,+0.944
1683450840,+3.45, +9.877,+10.492,+0.944
1683450900,+3.45, +9.877,+10.525,+0.944
1683450960,+3.45, +9.960,+10.561,+0.945
1683451020,+3.45,+10.069,+10.740,+0.945
1683451080,+3.46,+10.133,+10.841,+0.945
1683451140,+3.46,+10.261,+10.913,+0.945
1683451200,+3.46,+10.416,+10.971,+0.945
1683451260,+3.45,+10.561,+10.979,+0.945
1683451320,+3.45,+10.743,+11.073,+0.946
1683451380,+3.45,+10.896,+10.884,+0.944
1683451440,+3.45,+10.607,+10.764,+0.944
1683451500,+3.46,+10.398,+10.689,+0.944
1683451560,+3.45,+10.197,+10.572,+0.944
1683451620,+3.45,+10.042,+10.499,+0.944
1683451680,+3.45, +9.932,+10.490,+0.944
1683451740,+3.45, +9.813,+10.505,+0.944
1683451800,+3.45, +9.730,+10.515,+0.944
1683451860,+3.45, +9.684,+10.487,+0.943
1683451920,+3.45, +9.583,+10.495,+0.944
1683451980,+3.46, +9.491,+10.459,+0.944
1683452040,+3.46, +9.445,+10.435,+0.944
1683452100,+3.46, +9.380,+10.397,+0.943
1683452160,+3.46, +9.325,+10.391,+0.944
1683452220,+3.46, +9.297,+10.370,+0.944
1683452280,+3.46, +9.260,+10.366,+0.944
1683452340,+3.46, +9.195,+10.348,+0.944
1683452400,+3.46, +9.177,+10.335,+0.944
1683452460,+3.46, +9.158,+10.346,+0.944
1683452520,+3.45, +9.158,+10.331,+0.944
1683452580,+3.46, +9.130,+10.370,+0.944
1683452640,+3.46, +9.130,+10.375,+0.944
1683452700,+3.46, +9.214,+10.367,+0.944
1683452760,+3.46, +9.149,+10.416,+0.944
1683452820,+3.46, +9.195,+10.427,+0.945
1683452880,+3.46, +9.214,+10.408,+0.944
1683452940,+3.46, +9.167,+10.422,+0.945
1683453000,+3.46, +9.223,+10.396,+0.944
1683453060,+3.46, +9.121,+10.425,+0.944
1683453120,+3.45, +9.084,+10.421,+0.944
1683453180,+3.46, +9.204,+10.347,+0.944
1683453240,+3.45, +9.084,+10.369,+0.944
1683453300,+3.46, +9.084,+10.382,+0.944
1683453360,+3.46, +9.075,+10.374,+0.944
1683453420,+3.46, +9.130,+10.369,+0.944
1683453480,+3.46, +9.149,+10.372,+0.944
1683453540,+3.45, +9.102,+10.389,+0.944
1683453600,+3.46, +9.121,+10.382,+0.944
1683453660,+3.46, +9.177,+10.376,+0.945
1683453720,+3.46, +9.149,+10.378,+0.944
1683453780,+3.46, +9.158,+10.369,+0.944
1683453840,+3.46, +9.158,+10.379,+0.944
1683453900,+3.46, +9.130,+10.395,+0.945
1683453960,+3.45, +9.121,+10.395,+0.944
1683454020,+3.45, +9.167,+10.380,+0.944
1683454080,+3.45, +9.121,+10.437,+0.945
1683454140,+3.46, +9.149,+10.431,+0.944
1683454200,+3.45, +9.195,+10.404,+0.944
1683454260,+3.45, +9.195,+10.428,+0.944
1683454320,+3.46, +9.204,+10.421,+0.944
1683454380,+3.46, +9.177,+10.456,+0.944
1683454440,+3.46, +9.214,+10.442,+0.944
1683454500,+3.45, +9.241,+10.448,+0.944
1683454560,+3.46, +9.149,+10.477,+0.944
1683454620,+3.46, +9.149,+10.465,+0.945
1683454680,+3.46, +9.093,+10.461,+0.944
1683454740,+3.46, +9.065,+10.451,+0.944
1683454800,+3.45, +9.028,+10.460,+0.944
1683454860,+3.46, +9.112,+10.434,+0.944
1683454920,+3.45, +9.093,+10.440,+0.944
1683454980,+3.46, +9.102,+10.442,+0.944
1683455040,+3.46, +9.102,+10.455,+0.944
1683455100,+3.45, +9.047,+10.495,+0.944
1683455160,+3.46, +9.112,+10.471,+0.944
1683455220,+3.45, +9.121,+10.466,+0.944
1683455280,+3.46, +9.140,+10.461,+0.945
1683455340,+3.46, +9.130,+10.452,+0.944
1683455400,+3.45, +9.167,+10.439,+0.944
1683455460,+3.46, +9.121,+10.437,+0.944
1683455520,+3.46, +9.121,+10.422,+0.944
1683455580,+3.45, +9.065,+10.437,+0.944
1683455640,+3.46, +9.037,+10.452,+0.945
1683455700,+3.46, +9.037,+10.437,+0.944
1683455760,+3.45, +9.037,+10.437,+0.944
1683455820,+3.46, +9.010,+10.445,+0.944
1683455880,+3.45, +8.963,+10.457,+0.944
1683455940,+3.46, +9.010,+10.432,+0.944
1683456000,+3.46, +9.019,+10.412,+0.944
1683456060,+3.46, +8.963,+10.440,+0.944
1683456120,+3.45, +8.991,+10.435,+0.944
1683456180,+3.46, +9.010,+10.429,+0.944
1683456240,+3.46, +9.019,+10.436,+0.944
1683456300,+3.46, +9.010,+10.431,+0.944
1683456360,+3.45, +9.056,+10.416,+0.944
1683456420,+3.46, +9.056,+10.404,+0.944
1683456480,+3.46, +9.065,+10.396,+0.944
1683456540,+3.45, +9.065,+10.394,+0.944
1683456600,+3.45, +9.056,+10.416,+0.945
1683456660,+3.45, +9.010,+10.449,+0.945
1683456720,+3.46, +9.075,+10.406,+0.944
1683456780,+3.45, +9.000,+10.411,+0.944
1683456840,+3.46, +8.926,+10.421,+0.944
1683456900,+3.45, +8.851,+10.441,+0.944
1683456960,+3.45, +8.898,+10.407,+0.944
1683457020,+3.45, +8.870,+10.414,+0.944
1683457080,+3.45, +8.926,+10.382,+0.944
1683457140,+3.45, +8.917,+10.405,+0.945
1683457200,+3.45, +8.842,+10.436,+0.945
1683457260,+3.45, +8.842,+10.434,+0.944
1683457320,+3.46, +8.917,+10.411,+0.944
1683457380,+3.45, +8.898,+10.380,+0.944
1683457440,+3.45, +8.861,+10.366,+0.944
1683457500,+3.45, +8.786,+10.385,+0.944
1683457560,+3.45, +8.805,+10.373,+0.944
1683457620,+3.45, +8.833,+10.372,+0.944
1683457680,+3.45, +8.814,+10.355,+0.944
1683457740,+3.45, +8.823,+10.335,+0.944
1683457800,+3.45, +8.795,+10.341,+0.944
1683457860,+3.45, +8.823,+10.328,+0.944
1683457920,+3.45, +8.805,+10.306,+0.944
1683457980,+3.45, +8.777,+10.321,+0.944
1683458040,+3.45, +8.767,+10.348,+0.944
1683458100,+3.45, +8.758,+10.349,+0.944
1683458160,+3.45, +8.814,+10.350,+0.944
1683458220,+3.45, +8.767,+10.395,+0.945
1683458280,+3.45, +8.795,+10.396,+0.944
1683458340,+3.45, +8.795,+10.413,+0.944
1683458400,+3.45, +8.879,+10.378,+0.944
1683458460,+3.45, +8.814,+10.435,+0.944
1683458520,+3.45, +8.870,+10.413,+0.944
1683458580,+3.45, +8.851,+10.428,+0.944
1683458640,+3.45, +8.842,+10.443,+0.944
1683458700,+3.45, +8.898,+10.413,+0.944
1683458760,+3.45, +8.851,+10.441,+0.944
1683458820,+3.45, +8.861,+10.436,+0.944
1683458880,+3.45, +8.926,+10.422,+0.944
1683458940,+3.45, +8.917,+10.428,+0.944
1683459000,+3.45, +8.898,+10.445,+0.945
1683459060,+3.46, +8.954,+10.409,+0.944
1683459120,+3.45, +8.907,+10.430,+0.944
1683459180,+3.45, +8.917,+10.447,+0.945
1683459240,+3.45, +8.935,+10.439,+0.945
1683459300,+3.45, +8.907,+10.461,+0.945
1683459360,+3.45, +8.907,+10.456,+0.945
1683459420,+3.45, +8.926,+10.439,+0.944
1683459480,+3.45, +8.944,+10.437,+0.944
1683459540,+3.45, +8.935,+10.449,+0.945
1683459600,+3.45, +8.898,+10.465,+0.944
1683459660,+3.45, +8.861,+10.482,+0.944
1683459720,+3.45, +8.926,+10.460,+0.944
1683459780,+3.45, +8.898,+10.471,+0.944
1683459840,+3.45, +8.861,+10.489,+0.944
1683459900,+3.45, +8.879,+10.494,+0.945
1683459960,+3.45, +8.963,+10.474,+0.944
1683460020,+3.45, +8.972,+10.498,+0.945
1683460080,+3.45, +8.963,+10.561,+0.944
1683460140,+3.45, +9.037,+10.581,+0.944
1683460200,+3.46, +9.000,+10.626,+0.944
1683460260,+3.45, +9.028,+10.641,+0.945
1683460320,+3.45, +9.121,+10.629,+0.945
1683460380,+3.45, +9.158,+10.645,+0.945
1683460440,+3.45, +9.223,+10.633,+0.945
1683460500,+3.45, +9.241,+10.622,+0.945
1683460560,+3.45, +9.334,+10.651,+0.945
1683460620,+3.45, +9.269,+10.748,+0.945
1683460680,+3.45, +9.408,+10.790,+0.945
1683460740,+3.45, +9.611,+10.737,+0.945
1683460800,+3.45, +9.602,+10.735,+0.945
1683460860,+3.45, +9.565,+10.704,+0.945
1683460920,+3.45, +9.463,+10.633,+0.944
1683460980,+3.45, +9.352,+10.643,+0.944
1683461040,+3.45, +9.241,+10.670,+0.944
1683461100,+3.46, +9.214,+10.648,+0.944
1683461160,+3.46, +9.167,+10.635,+0.944
1683461220,+3.45, +9.112,+10.678,+0.945
1683461280,+3.46, +9.130,+10.655,+0.944
1683461340,+3.45, +9.121,+10.649,+0.944
1683461400,+3.45, +9.121,+10.645,+0.944
1683461460,+3.45, +9.121,+10.676,+0.944
1683461520,+3.45, +9.167,+10.651,+0.944
1683461580,+3.45, +9.158,+10.635,+0.945
1683461640,+3.45, +9.149,+10.609,+0.944
1683461700,+3.46, +9.130,+10.592,+0.944
1683461760,+3.45, +9.047,+10.615,+0.944
1683461820,+3.45, +9.019,+10.598,+0.944
1683461880,+3.45, +9.010,+10.576,+0.944
1683461940,+3.45, +8.991,+10.494,+0.944
1683462000,+3.45, +8.944,+10.494,+0.944
1683462060,+3.45, +8.935,+10.468,+0.944
1683462120,+3.45, +8.963,+10.459,+0.944
1683462180,+3.45, +8.879,+10.497,+0.944
1683462240,+3.45, +8.861,+10.505,+0.944
1683462300,+3.45, +8.861,+10.480,+0.944
1683462360,+3.45, +8.786,+10.467,+0.944
1683462420,+3.45, +8.749,+10.461,+0.945
1683462480,+3.45, +8.721,+10.447,+0.944
1683462540,+3.45, +8.711,+10.432,+0.944
1683462600,+3.45, +8.655,+10.439,+0.944
1683462660,+3.45, +8.674,+10.430,+0.944
1683462720,+3.45, +8.637,+10.435,+0.945
1683462780,+3.45, +8.590,+10.437,+0.944
1683462840,+3.45, +8.646,+10.412,+0.944
1683462900,+3.45, +8.674,+10.397,+0.944
1683462960,+3.45, +8.683,+10.400,+0.944
1683463020,+3.45, +8.655,+10.422,+0.945
1683463080,+3.45, +8.655,+10.425,+0.944
1683463140,+3.45, +8.683,+10.413,+0.944
1683463200,+3.45, +8.702,+10.416,+0.944
1683463260,+3.45, +8.702,+10.429,+0.944
1683463320,+3.45, +8.786,+10.410,+0.945
1683463380,+3.45, +8.758,+10.419,+0.945
1683463440,+3.45, +8.721,+10.448,+0.945
1683463500,+3.45, +8.711,+10.446,+0.944
1683463560,+3.45, +8.749,+10.422,+0.944
1683463620,+3.45, +8.739,+10.412,+0.944
1683463680,+3.45, +8.749,+10.409,+0.944
1683463740,+3.45, +8.749,+10.424,+0.944
1683463800,+3.45, +8.739,+10.453,+0.944
1683463860,+3.45, +8.777,+10.459,+0.945
1683463920,+3.45, +8.758,+10.488,+0.945
1683463980,+3.45, +8.786,+10.491,+0.945
