7450-798456
OS REV: 1.03 Sensor Cal: 1539277937
Time (sec),  BV (Volts),  T (deg C),  DO (mg/l),  Q ()
1686142440,+3.47,+14.569,+10.026,+0.940
1686142500,+3.47,+14.552,+10.041,+0.940
1686142560,+3.47,+14.491,+10.059,+0.941
1686142620,+3.47,+14.456,+10.070,+0.940
1686142680,+3.47,+14.474,+10.075,+0.941
1686142740,+3.47,+14.552,+10.136,+0.941
1686142800,+3.47,+14.577,+10.224,+0.941
1686142860,+3.47,+14.647,+10.334,+0.942
1686142920,+3.47,+14.716,+10.173,+0.941
1686142980,+3.47,+14.750,+10.170,+0.942
1686143040,+3.47,+14.794,+10.132,+0.941
1686143100,+3.47,+14.802,+10.098,+0.941
1686143160,+3.47,+14.716,+10.110,+0.941
1686143220,+3.47,+14.699,+10.076,+0.941
1686143280,+3.47,+14.465, +9.911,+0.940
1686143340,+3.47,+14.318, +9.969,+0.940
1686143400,+3.47,+14.248, +9.974,+0.940
1686143460,+3.47,+14.092, +9.998,+0.940
1686143520,+3.47,+14.109,+10.066,+0.941
1686143580,+3.47,+14.239,+10.046,+0.941
1686143640,+3.47,+14.170,+10.049,+0.941
1686143700,+3.47,+14.100,+10.019,+0.940
1686143760,+3.47,+14.040, +9.961,+0.940
1686143820,+3.47,+14.040, +9.992,+0.940
1686143880,+3.47,+14.031,+10.024,+0.940
1686143940,+3.47,+14.014,+10.047,+0.940
1686144000,+3.47,+14.066,+10.085,+0.941
1686144060,+3.47,+14.179,+10.086,+0.941
1686144120,+3.47,+14.335,+10.181,+0.941
1686144180,+3.47,+14.500,+10.246,+0.942
1686144240,+3.47,+14.845,+10.216,+0.942
1686144300,+3.47,+15.457,+10.440,+0.944
1686144360,+3.47,+15.911,+10.353,+0.943
1686144420,+3.47,+16.227,+10.319,+0.943
1686144480,+3.47,+16.449,+10.311,+0.943
1686144540,+3.47,+16.679,+10.257,+0.942
1686144600,+3.47,+16.653,+10.264,+0.943
1686144660,+3.47,+16.713,+10.254,+0.943
1686144720,+3.47,+16.525, +9.828,+0.940
1686144780,+3.47,+15.937, +9.917,+0.940
1686144840,+3.47,+15.560,+10.195,+0.940
1686144900,+3.47,+15.457,+10.315,+0.941
1686144960,+3.47,+15.311,+10.362,+0.941
1686145020,+3.47,+15.250,+10.350,+0.941
1686145080,+3.47,+15.130,+10.281,+0.941
1686145140,+3.47,+14.983,+10.174,+0.940
1686145200,+3.47,+14.759,+10.065,+0.940
1686145260,+3.47,+14.586,+10.015,+0.940
1686145320,+3.47,+14.404,+10.057,+0.940
1686145380,+3.47,+14.318,+10.077,+0.940
1686145440,+3.47,+14.248,+10.125,+0.941
1686145500,+3.47,+14.231,+10.099,+0.940
1686145560,+3.47,+14.231,+10.094,+0.940
1686145620,+3.47,+14.179,+10.049,+0.940
1686145680,+3.47,+14.135,+10.058,+0.940
1686145740,+3.47,+14.057,+10.050,+0.940
1686145800,+3.47,+14.057,+10.045,+0.940
1686145860,+3.47,+14.031,+10.073,+0.941
1686145920,+3.47,+14.092,+10.048,+0.940
1686145980,+3.47,+14.022,+10.090,+0.941
1686146040,+3.47,+14.100,+10.094,+0.941
1686146100,+3.47,+14.092,+10.144,+0.941
1686146160,+3.47,+14.196,+10.156,+0.940
1686146220,+3.47,+14.257,+10.196,+0.941
1686146280,+3.47,+14.396,+10.199,+0.941
1686146340,+3.47,+14.413,+10.221,+0.941
1686146400,+3.47,+14.413,+10.239,+0.941
1686146460,+3.47,+14.422,+10.189,+0.941
1686146520,+3.47,+14.335,+10.216,+0.941
1686146580,+3.47,+14.335,+10.203,+0.941
1686146640,+3.47,+14.335,+10.236,+0.941
1686146700,+3.47,+14.352,+10.219,+0.941
1686146760,+3.47,+14.387,+10.187,+0.940
1686146820,+3.47,+14.326,+10.220,+0.941
1686146880,+3.47,+14.378,+10.241,+0.941
1686146940,+3.47,+14.361,+10.292,+0.941
1686147000,+3.47,+14.387,+10.323,+0.941
1686147060,+3.47,+14.344,+10.399,+0.941
1686147120,+3.47,+14.335,+10.504,+0.942
1686147180,+3.47,+14.448,+10.485,+0.941
1686147240,+3.47,+14.404,+10.523,+0.942
1686147300,+3.47,+14.413,+10.521,+0.942
1686147360,+3.47,+14.448,+10.533,+0.941
1686147420,+3.47,+14.422,+10.560,+0.942
1686147480,+3.47,+14.439,+10.559,+0.941
1686147540,+3.47,+14.448,+10.606,+0.942
1686147600,+3.47,+14.526,+10.647,+0.942
1686147660,+3.47,+14.526,+10.608,+0.942
1686147720,+3.47,+14.534,+10.505,+0.942
1686147780,+3.47,+14.612,+10.416,+0.941
1686147840,+3.47,+14.586,+10.382,+0.941
1686147900,+3.47,+14.647,+10.324,+0.941
1686147960,+3.47,+14.716,+10.323,+0.942
1686148020,+3.47,+14.724,+10.322,+0.941
1686148080,+3.47,+14.724,+10.390,+0.941
1686148140,+3.47,+14.733,+10.536,+0.942
1686148200,+3.47,+14.724,+10.823,+0.942
1686148260,+3.47,+14.699,+10.914,+0.942
1686148320,+3.47,+14.750,+10.862,+0.941
1686148380,+3.47,+14.655,+10.825,+0.942
1686148440,+3.47,+14.629,+10.777,+0.942
1686148500,+3.47,+14.655,+10.742,+0.942
1686148560,+3.47,+14.595,+10.758,+0.942
1686148620,+3.47,+14.664,+10.758,+0.941
1686148680,+3.47,+14.612,+10.843,+0.942
1686148740,+3.47,+14.638,+10.824,+0.941
1686148800,+3.47,+14.586,+10.851,+0.942
1686148860,+3.47,+14.655,+10.824,+0.942
1686148920,+3.47,+14.655,+10.795,+0.941
1686148980,+3.47,+14.673,+10.763,+0.942
1686149040,+3.47,+14.707,+10.762,+0.941
1686149100,+3.47,+14.638,+10.809,+0.941
1686149160,+3.47,+14.673,+10.723,+0.941
1686149220,+3.47,+14.621,+10.697,+0.941
1686149280,+3.47,+14.629,+10.728,+0.941
1686149340,+3.47,+14.638,+10.631,+0.941
1686149400,+3.47,+14.508,+10.494,+0.941
1686149460,+3.47,+14.448,+10.460,+0.941
1686149520,+3.47,+14.309,+10.219,+0.940
1686149580,+3.47,+14.127,+10.108,+0.940
1686149640,+3.47,+13.935,+10.143,+0.940
1686149700,+3.47,+13.874,+10.112,+0.940
1686149760,+3.47,+13.796,+10.043,+0.940
1686149820,+3.47,+13.700,+10.044,+0.940
1686149880,+3.47,+13.595,+10.054,+0.940
1686149940,+3.47,+13.551, +9.949,+0.940
1686150000,+3.47,+13.446, +9.933,+0.940
1686150060,+3.47,+13.359, +9.973,+0.940
1686150120,+3.47,+13.341,+10.011,+0.940
1686150180,+3.47,+13.341, +9.983,+0.940
1686150240,+3.47,+13.262, +9.999,+0.940
1686150300,+3.47,+13.271, +9.998,+0.940
1686150360,+3.47,+13.236,+10.010,+0.941
1686150420,+3.47,+13.245,+10.002,+0.940
1686150480,+3.47,+13.219,+10.002,+0.940
1686150540,+3.47,+13.245,+10.021,+0.940
1686150600,+3.47,+13.262,+10.024,+0.941
1686150660,+3.47,+13.236,+10.035,+0.941
1686150720,+3.47,+13.297,+10.005,+0.940
1686150780,+3.47,+13.271,+10.028,+0.941
1686150840,+3.47,+13.219,+10.044,+0.941
1686150900,+3.47,+13.262,+10.019,+0.941
1686150960,+3.47,+13.219,+10.011,+0.941
1686151020,+3.47,+13.183, +9.988,+0.940
1686151080,+3.47,+13.140, +9.979,+0.940
1686151140,+3.47,+13.096, +9.977,+0.941
1686151200,+3.47,+13.060, +9.950,+0.940
1686151260,+3.47,+13.025,+10.017,+0.940
1686151320,+3.47,+12.964,+10.021,+0.940
1686151380,+3.47,+12.920,+10.043,+0.941
1686151440,+3.47,+12.893,+10.045,+0.941
1686151500,+3.47,+12.893,+10.046,+0.941
1686151560,+3.47,+12.893,+10.047,+0.941
1686151620,+3.47,+12.885,+10.028,+0.941
1686151680,+3.47,+12.911,+10.009,+0.940
1686151740,+3.47,+12.911,+10.014,+0.941
1686151800,+3.47,+12.981,+10.038,+0.941
1686151860,+3.47,+13.157,+10.043,+0.941
1686151920,+3.47,+13.473,+10.121,+0.941
1686151980,+3.47,+13.455, +9.865,+0.940
1686152040,+3.47,+13.148, +9.859,+0.939
1686152100,+3.47,+12.920, +9.969,+0.940
1686152160,+3.47,+12.752,+10.032,+0.940
1686152220,+3.47,+12.788,+10.001,+0.940
1686152280,+3.47,+12.717,+10.041,+0.941
1686152340,+3.47,+12.638,+10.060,+0.941
1686152400,+3.47,+12.646,+10.048,+0.941
1686152460,+3.47,+12.655,+10.054,+0.941
1686152520,+3.47,+12.717,+10.040,+0.941
1686152580,+3.47,+12.735,+10.081,+0.941
1686152640,+3.47,+12.999,+10.340,+0.943
1686152700,+3.47,+13.560,+10.469,+0.943
1686152760,+3.47,+13.987,+10.590,+0.943
1686152820,+3.47,+14.239,+10.703,+0.943
1686152880,+3.47,+14.474,+10.705,+0.943
1686152940,+3.47,+14.586,+10.750,+0.943
1686153000,+3.47,+14.716,+10.795,+0.943
1686153060,+3.47,+14.802,+10.820,+0.943
1686153120,+3.47,+14.923,+10.893,+0.943
1686153180,+3.47,+14.612,+10.489,+0.941
1686153240,+3.47,+14.309,+10.304,+0.940
1686153300,+3.47,+13.883,+10.059,+0.939
1686153360,+3.47,+13.516,+10.039,+0.940
1686153420,+3.47,+13.403, +9.993,+0.939
1686153480,+3.47,+13.271, +9.972,+0.940
1686153540,+3.47,+13.113, +9.996,+0.940
1686153600,+3.47,+13.227,+10.059,+0.941
1686153660,+3.47,+13.306,+10.001,+0.940
1686153720,+3.47,+13.236, +9.877,+0.940
1686153780,+3.47,+13.034, +9.851,+0.939
1686153840,+3.47,+12.858, +9.962,+0.940
1686153900,+3.47,+12.770,+10.028,+0.940
1686153960,+3.47,+12.620,+10.099,+0.940
1686154020,+3.47,+12.593,+10.109,+0.940
1686154080,+3.47,+12.514,+10.158,+0.941
1686154140,+3.47,+12.478,+10.153,+0.940
1686154200,+3.47,+12.381,+10.152,+0.940
1686154260,+3.47,+12.284,+10.193,+0.941
1686154320,+3.47,+12.284,+10.186,+0.940
1686154380,+3.47,+12.239,+10.224,+0.941
1686154440,+3.47,+12.204,+10.247,+0.940
1686154500,+3.47,+12.230,+10.258,+0.941
1686154560,+3.47,+12.275,+10.295,+0.941
1686154620,+3.47,+12.328,+10.300,+0.941
1686154680,+3.47,+12.221,+10.293,+0.941
1686154740,+3.47,+12.275,+10.226,+0.941
1686154800,+3.47,+12.204,+10.226,+0.941
1686154860,+3.47,+12.248,+10.234,+0.941
1686154920,+3.47,+12.213,+10.263,+0.941
1686154980,+3.47,+12.204,+10.271,+0.941
1686155040,+3.47,+12.257,+10.249,+0.941
1686155100,+3.47,+12.257,+10.246,+0.941
1686155160,+3.47,+12.266,+10.239,+0.941
1686155220,+3.47,+12.319,+10.186,+0.941
1686155280,+3.47,+12.478,+10.136,+0.941
1686155340,+3.47,+12.691,+10.169,+0.942
1686155400,+3.47,+12.849,+10.099,+0.942
1686155460,+3.47,+12.858,+10.087,+0.942
1686155520,+3.47,+13.008,+10.063,+0.941
1686155580,+3.47,+13.140,+10.044,+0.941
1686155640,+3.47,+13.236, +9.955,+0.941
1686155700,+3.47,+12.876, +9.972,+0.940
1686155760,+3.47,+12.682,+10.006,+0.940
1686155820,+3.47,+12.478,+10.042,+0.940
1686155880,+3.47,+12.399,+10.045,+0.940
1686155940,+3.47,+12.284,+10.125,+0.940
1686156000,+3.47,+12.266,+10.198,+0.940
1686156060,+3.47,+12.204,+10.261,+0.941
1686156120,+3.47,+12.257,+10.240,+0.941
1686156180,+3.47,+12.195,+10.256,+0.941
1686156240,+3.47,+12.150,+10.235,+0.940
1686156300,+3.47,+12.204,+10.189,+0.941
1686156360,+3.47,+12.141,+10.205,+0.941
1686156420,+3.47,+12.159,+10.171,+0.940
1686156480,+3.47,+12.150,+10.170,+0.940
1686156540,+3.47,+12.177,+10.164,+0.941
1686156600,+3.47,+12.141,+10.177,+0.941
1686156660,+3.47,+12.177,+10.151,+0.940
1686156720,+3.47,+12.186,+10.153,+0.941
1686156780,+3.47,+12.168,+10.148,+0.940
1686156840,+3.47,+12.186,+10.150,+0.941
1686156900,+3.47,+12.195,+10.152,+0.941
1686156960,+3.47,+12.159,+10.198,+0.941
1686157020,+3.47,+12.195,+10.256,+0.941
1686157080,+3.47,+12.230,+10.374,+0.942
1686157140,+3.47,+12.213,+10.376,+0.941
1686157200,+3.47,+12.159,+10.364,+0.941
1686157260,+3.47,+12.186,+10.375,+0.941
1686157320,+3.47,+12.195,+10.385,+0.941
1686157380,+3.47,+12.239,+10.353,+0.941
1686157440,+3.47,+12.115,+10.365,+0.941
1686157500,+3.47,+12.186,+10.251,+0.941
1686157560,+3.47,+12.115,+10.177,+0.941
1686157620,+3.47,+12.124,+10.099,+0.941
1686157680,+3.47,+12.088,+10.094,+0.941
1686157740,+3.47,+12.070,+10.104,+0.941
1686157800,+3.47,+12.079,+10.032,+0.941
1686157860,+3.47,+12.124,+10.027,+0.941
1686157920,+3.47,+12.106,+10.012,+0.941
1686157980,+3.47,+12.061,+10.006,+0.940
1686158040,+3.47,+12.070,+10.025,+0.941
1686158100,+3.47,+12.079,+10.034,+0.941
1686158160,+3.47,+12.070,+10.061,+0.941
1686158220,+3.47,+12.115,+10.155,+0.941
1686158280,+3.47,+12.159,+10.225,+0.941
1686158340,+3.47,+12.159,+10.260,+0.941
1686158400,+3.47,+12.150,+10.190,+0.940
1686158460,+3.47,+12.159,+10.267,+0.941
1686158520,+3.47,+12.159,+10.333,+0.942
1686158580,+3.47,+12.141,+10.216,+0.942
1686158640,+3.47,+12.150,+10.079,+0.940
1686158700,+3.47,+12.044,+10.079,+0.941
1686158760,+3.47,+12.017,+10.087,+0.941
1686158820,+3.47,+12.026,+10.066,+0.941
1686158880,+3.47,+12.026,+10.053,+0.941
1686158940,+3.47,+12.053,+10.039,+0.941
1686159000,+3.47,+11.964,+10.064,+0.941
1686159060,+3.47,+12.008,+10.070,+0.941
1686159120,+3.47,+12.115,+10.075,+0.941
1686159180,+3.47,+12.796,+10.585,+0.944
1686159240,+3.47,+13.551,+10.802,+0.944
1686159300,+3.47,+13.979,+10.814,+0.944
1686159360,+3.47,+14.257,+10.807,+0.944
1686159420,+3.47,+13.595, +9.597,+0.939
1686159480,+3.47,+12.885, +9.594,+0.939
1686159540,+3.47,+12.567, +9.717,+0.940
1686159600,+3.47,+12.390, +9.801,+0.940
1686159660,+3.47,+12.319, +9.849,+0.940
1686159720,+3.47,+12.186, +9.881,+0.940
1686159780,+3.47,+12.115, +9.899,+0.941
1686159840,+3.47,+12.213,+10.082,+0.941
1686159900,+3.47,+13.236,+10.719,+0.944
1686159960,+3.47,+13.857,+10.867,+0.944
1686160020,+3.47,+14.231,+10.838,+0.944
1686160080,+3.47,+14.465,+10.751,+0.944
1686160140,+3.47,+14.681,+10.673,+0.943
1686160200,+3.47,+14.854,+10.566,+0.943
1686160260,+3.47,+14.975,+10.517,+0.943
1686160320,+3.47,+15.113,+10.459,+0.943
1686160380,+3.47,+14.992, +9.677,+0.938
1686160440,+3.47,+14.057,+10.083,+0.942
1686160500,+3.47,+14.118,+10.076,+0.941
1686160560,+3.47,+14.318,+10.258,+0.942
1686160620,+3.47,+14.586,+10.249,+0.942
1686160680,+3.47,+14.794,+10.232,+0.942
1686160740,+3.47,+14.889,+10.267,+0.942
1686160800,+3.47,+14.958, +9.550,+0.937
1686160860,+3.47,+13.822, +9.409,+0.937
1686160920,+3.47,+13.069, +9.446,+0.937
1686160980,+3.47,+12.602, +9.568,+0.938
1686161040,+3.47,+12.292, +9.742,+0.939
1686161100,+3.47,+12.159, +9.760,+0.939
1686161160,+3.47,+12.017, +9.790,+0.939
1686161220,+3.47,+12.035, +9.915,+0.941
1686161280,+3.47,+12.682,+10.262,+0.942
1686161340,+3.47,+13.569,+10.586,+0.943
1686161400,+3.47,+14.092,+10.626,+0.943
1686161460,+3.47,+14.448,+10.668,+0.943
1686161520,+3.47,+14.681,+10.721,+0.943
1686161580,+3.47,+14.880,+10.734,+0.942
1686161640,+3.47,+14.992,+10.724,+0.943
1686161700,+3.47,+14.595, +9.431,+0.936
1686161760,+3.47,+13.368, +9.421,+0.938
1686161820,+3.47,+12.823, +9.633,+0.939
1686161880,+3.47,+12.540, +9.660,+0.939
1686161940,+3.47,+12.372, +9.715,+0.939
1686162000,+3.47,+12.805, +9.991,+0.941
1686162060,+3.47,+13.516,+10.038,+0.942
1686162120,+3.47,+13.909,+10.060,+0.942
1686162180,+3.47,+14.318,+10.167,+0.943
1686162240,+3.47,+13.525, +9.281,+0.938
1686162300,+3.47,+12.735, +9.531,+0.939
1686162360,+3.47,+12.682, +9.777,+0.940
1686162420,+3.47,+12.638, +9.798,+0.939
1686162480,+3.47,+12.425, +9.795,+0.940
1686162540,+3.47,+12.443, +9.825,+0.940
1686162600,+3.47,+12.416, +9.902,+0.941
1686162660,+3.47,+12.523, +9.874,+0.940
1686162720,+3.47,+12.602, +9.839,+0.941
1686162780,+3.47,+12.664, +9.851,+0.941
1686162840,+3.47,+12.867, +9.794,+0.940
1686162900,+3.47,+12.876, +9.799,+0.940
1686162960,+3.47,+12.858, +9.812,+0.941
1686163020,+3.47,+12.849, +9.840,+0.941
1686163080,+3.47,+12.929, +9.845,+0.941
1686163140,+3.47,+13.043, +9.879,+0.941
1686163200,+3.47,+13.201, +9.903,+0.941
1686163260,+3.47,+13.385, +9.888,+0.941
1686163320,+3.47,+13.350, +9.807,+0.941
1686163380,+3.47,+13.280, +9.795,+0.941
1686163440,+3.47,+13.289, +9.794,+0.940
1686163500,+3.47,+13.262, +9.813,+0.941
1686163560,+3.47,+13.280, +9.787,+0.940
1686163620,+3.47,+13.289, +9.789,+0.941
1686163680,+3.47,+13.271, +9.774,+0.941
1686163740,+3.47,+13.297, +9.735,+0.940
1686163800,+3.47,+13.254, +9.758,+0.940
1686163860,+3.47,+13.254, +9.836,+0.941
1686163920,+3.47,+13.227, +9.841,+0.941
1686163980,+3.47,+13.219, +9.858,+0.941
1686164040,+3.47,+13.315, +9.866,+0.941
1686164100,+3.47,+13.455, +9.840,+0.941
1686164160,+3.47,+13.420, +9.723,+0.941
1686164220,+3.47,+13.385, +9.847,+0.940
1686164280,+3.47,+13.341, +9.902,+0.940
1686164340,+3.47,+13.236, +9.947,+0.941
1686164400,+3.47,+13.210, +9.945,+0.941
1686164460,+3.47,+13.140, +9.959,+0.941
1686164520,+3.47,+13.122, +9.941,+0.940
1686164580,+3.47,+13.166, +9.909,+0.941
1686164640,+3.47,+13.096, +9.918,+0.940
1686164700,+3.47,+13.104, +9.894,+0.941
1686164760,+3.47,+13.034, +9.901,+0.940
1686164820,+3.47,+13.017, +9.836,+0.940
1686164880,+3.47,+12.920,+10.055,+0.941
1686164940,+3.47,+12.849, +9.969,+0.940
1686165000,+3.47,+12.805,+10.041,+0.940
1686165060,+3.47,+12.805,+10.193,+0.940
1686165120,+3.47,+12.770,+10.223,+0.941
1686165180,+3.47,+12.743,+10.221,+0.941
1686165240,+3.47,+12.717,+10.198,+0.941
1686165300,+3.47,+12.682,+10.174,+0.940
1686165360,+3.47,+12.743,+10.090,+0.941
1686165420,+3.47,+12.805, +9.982,+0.941
1686165480,+3.47,+12.779, +9.943,+0.940
1686165540,+3.47,+12.779, +9.997,+0.941
1686165600,+3.47,+12.708, +9.984,+0.941
1686165660,+3.47,+12.664, +9.974,+0.941
1686165720,+3.47,+12.743, +9.940,+0.941
1686165780,+3.47,+12.735, +9.940,+0.941
1686165840,+3.47,+12.796, +9.930,+0.941
1686165900,+3.47,+12.973,+10.005,+0.942
1686165960,+3.47,+13.227,+10.018,+0.942
1686166020,+3.47,+13.315, +9.875,+0.941
1686166080,+3.47,+13.096, +9.783,+0.940
1686166140,+3.47,+12.973, +9.724,+0.941
1686166200,+3.47,+12.876, +9.737,+0.940
1686166260,+3.47,+12.849, +9.747,+0.940
1686166320,+3.47,+12.735, +9.873,+0.941
1686166380,+3.47,+12.664, +9.920,+0.941
1686166440,+3.47,+12.638, +9.913,+0.940
1686166500,+3.47,+12.664, +9.866,+0.940
1686166560,+3.47,+12.735, +9.840,+0.941
1686166620,+3.47,+12.638, +9.864,+0.941
1686166680,+3.47,+12.673, +9.824,+0.940
1686166740,+3.47,+12.699, +9.860,+0.941
1686166800,+3.47,+12.726, +9.860,+0.941
1686166860,+3.47,+12.743, +9.875,+0.941
1686166920,+3.47,+12.779, +9.890,+0.941
1686166980,+3.47,+12.646, +9.932,+0.940
1686167040,+3.47,+12.638, +9.991,+0.941
1686167100,+3.47,+12.691,+10.066,+0.941
1686167160,+3.47,+12.602,+10.111,+0.940
1686167220,+3.47,+12.602,+10.095,+0.940
1686167280,+3.47,+12.611,+10.078,+0.941
1686167340,+3.47,+12.585,+10.058,+0.941
1686167400,+3.47,+12.576,+10.039,+0.941
1686167460,+3.47,+12.664, +9.995,+0.940
1686167520,+3.47,+12.611,+10.019,+0.941
1686167580,+3.47,+12.682, +9.990,+0.941
1686167640,+3.47,+12.735, +9.976,+0.941
1686167700,+3.47,+12.743, +9.958,+0.941
1686167760,+3.47,+12.743, +9.947,+0.941
1686167820,+3.47,+12.779, +9.946,+0.941
1686167880,+3.47,+12.761, +9.989,+0.941
1686167940,+3.47,+12.752,+10.006,+0.941
1686168000,+3.47,+12.770,+10.110,+0.941
1686168060,+3.47,+12.788,+10.240,+0.941
1686168120,+3.47,+12.788,+10.264,+0.941
1686168180,+3.47,+12.796,+10.256,+0.940
1686168240,+3.47,+12.770,+10.237,+0.941
1686168300,+3.47,+12.779,+10.168,+0.941
1686168360,+3.47,+12.699,+10.164,+0.941
1686168420,+3.47,+12.682,+10.185,+0.941
1686168480,+3.47,+12.664,+10.179,+0.940
1686168540,+3.47,+12.699,+10.187,+0.942
1686168600,+3.47,+12.699,+10.188,+0.941
1686168660,+3.47,+12.691,+10.186,+0.941
1686168720,+3.47,+12.691,+10.162,+0.941
1686168780,+3.47,+12.735,+10.118,+0.941
1686168840,+3.47,+12.691,+10.142,+0.941
1686168900,+3.47,+12.682,+10.164,+0.941
1686168960,+3.47,+12.664,+10.211,+0.941
1686169020,+3.47,+12.691,+10.201,+0.941
1686169080,+3.47,+12.743,+10.195,+0.941
1686169140,+3.47,+12.726,+10.243,+0.941
1686169200,+3.47,+12.796,+10.225,+0.941
1686169260,+3.47,+12.779,+10.180,+0.941
1686169320,+3.47,+12.840,+10.180,+0.941
1686169380,+3.47,+12.911,+10.121,+0.941
1686169440,+3.47,+13.017,+10.054,+0.941
1686169500,+3.47,+13.113,+10.088,+0.942
1686169560,+3.47,+13.333,+10.045,+0.941
1686169620,+3.47,+13.639,+10.086,+0.942
1686169680,+3.47,+13.961,+10.111,+0.942
1686169740,+3.47,+14.309,+10.118,+0.942
1686169800,+3.47,+14.629,+10.196,+0.942
1686169860,+3.47,+14.845,+10.184,+0.943
1686169920,+3.47,+14.923,+10.255,+0.942
1686169980,+3.47,+15.078,+10.257,+0.942
1686170040,+3.47,+15.302,+10.187,+0.943
1686170100,+3.47,+15.396,+10.182,+0.942
1686170160,+3.47,+15.474,+10.313,+0.942
1686170220,+3.47,+15.508,+10.355,+0.942
1686170280,+3.47,+15.534,+10.276,+0.942
1686170340,+3.47,+15.551,+10.236,+0.941
1686170400,+3.47,+15.560,+10.137,+0.942
1686170460,+3.47,+15.645,+10.008,+0.942
1686170520,+3.47,+15.808, +9.857,+0.942
1686170580,+3.47,+16.056, +9.782,+0.942
1686170640,+3.47,+16.355, +9.865,+0.943
1686170700,+3.47,+16.585, +9.782,+0.942
1686170760,+3.47,+16.738, +9.716,+0.942
1686170820,+3.47,+16.934, +9.831,+0.942
1686170880,+3.47,+16.423, +9.453,+0.939
1686170940,+3.47,+15.637, +9.556,+0.938
1686171000,+3.47,+14.983, +9.476,+0.939
1686171060,+3.47,+14.500, +9.643,+0.938
1686171120,+3.47,+14.127, +9.714,+0.939
1686171180,+3.47,+13.918, +9.869,+0.939
1686171240,+3.47,+13.770, +9.965,+0.939
1686171300,+3.47,+13.665, +9.968,+0.939
1686171360,+3.47,+13.543,+10.024,+0.939
1686171420,+3.47,+13.411,+10.119,+0.939
1686171480,+3.47,+13.350,+10.252,+0.940
1686171540,+3.47,+13.394,+10.313,+0.940
1686171600,+3.47,+13.385,+10.359,+0.941
1686171660,+3.47,+13.534,+10.270,+0.941
1686171720,+3.47,+13.682,+10.198,+0.941
1686171780,+3.47,+13.857,+10.183,+0.941
1686171840,+3.47,+14.100,+10.168,+0.942
1686171900,+3.47,+14.482,+10.251,+0.942
1686171960,+3.47,+14.923,+10.217,+0.942
1686172020,+3.47,+15.345,+10.215,+0.943
1686172080,+3.47,+15.765,+10.103,+0.943
1686172140,+3.47,+16.142,+10.061,+0.943
1686172200,+3.47,+16.389, +9.927,+0.942
1686172260,+3.47,+16.457, +9.969,+0.942
1686172320,+3.47,+16.594, +9.927,+0.942
1686172380,+3.47,+16.602, +9.823,+0.941
1686172440,+3.47,+16.551, +9.722,+0.941
1686172500,+3.47,+16.099, +9.583,+0.939
1686172560,+3.47,+15.439, +9.724,+0.938
1686172620,+3.47,+14.906, +9.695,+0.938
1686172680,+3.47,+14.482, +9.897,+0.939
1686172740,+3.47,+14.266, +9.925,+0.939
1686172800,+3.47,+14.048, +9.983,+0.939
1686172860,+3.47,+13.866,+10.000,+0.939
1686172920,+3.47,+13.726,+10.089,+0.940
1686172980,+3.47,+13.612,+10.127,+0.940
1686173040,+3.47,+13.595,+10.121,+0.940
1686173100,+3.47,+13.429,+10.123,+0.940
1686173160,+3.47,+13.315,+10.153,+0.940
1686173220,+3.47,+13.192,+10.198,+0.939
1686173280,+3.47,+13.104,+10.238,+0.940
1686173340,+3.47,+13.052,+10.255,+0.940
1686173400,+3.47,+12.999,+10.269,+0.940
1686173460,+3.47,+12.990,+10.264,+0.941
1686173520,+3.47,+12.981,+10.260,+0.941
1686173580,+3.47,+12.937,+10.257,+0.941
1686173640,+3.47,+12.937,+10.254,+0.941
1686173700,+3.47,+13.025,+10.220,+0.940
1686173760,+3.47,+12.999,+10.222,+0.940
1686173820,+3.47,+12.990,+10.247,+0.941
1686173880,+3.47,+12.964,+10.241,+0.941
1686173940,+3.47,+13.060,+10.190,+0.940
1686174000,+3.47,+13.069,+10.202,+0.941
1686174060,+3.47,+13.148,+10.196,+0.941
1686174120,+3.47,+13.148,+10.269,+0.941
1686174180,+3.47,+13.227,+10.315,+0.941
1686174240,+3.47,+13.420,+10.325,+0.941
1686174300,+3.47,+13.420,+10.346,+0.941
1686174360,+3.47,+13.420,+10.353,+0.940
1686174420,+3.47,+13.385,+10.370,+0.941
1686174480,+3.47,+13.376,+10.357,+0.941
1686174540,+3.47,+13.403,+10.399,+0.941
1686174600,+3.47,+13.324,+10.417,+0.941
1686174660,+3.47,+13.254,+10.504,+0.941
1686174720,+3.47,+13.280,+10.543,+0.941
1686174780,+3.47,+13.297,+10.491,+0.941
1686174840,+3.47,+13.236,+10.462,+0.940
1686174900,+3.47,+13.245,+10.485,+0.942
1686174960,+3.47,+13.210,+10.487,+0.941
1686175020,+3.47,+13.219,+10.360,+0.940
1686175080,+3.47,+13.034,+10.368,+0.941
1686175140,+3.47,+13.052,+10.381,+0.941
1686175200,+3.47,+13.025,+10.336,+0.941
1686175260,+3.47,+12.999,+10.422,+0.941
1686175320,+3.47,+13.052,+10.419,+0.942
1686175380,+3.47,+13.008,+10.406,+0.941
1686175440,+3.47,+12.990,+10.393,+0.941
1686175500,+3.47,+13.069,+10.377,+0.941
1686175560,+3.47,+12.955,+10.365,+0.941
1686175620,+3.47,+12.955,+10.362,+0.941
1686175680,+3.47,+12.893,+10.409,+0.941
1686175740,+3.47,+12.990,+10.376,+0.941
1686175800,+3.47,+13.008,+10.387,+0.942
1686175860,+3.47,+13.052,+10.413,+0.941
1686175920,+3.47,+13.078,+10.442,+0.941
1686175980,+3.47,+13.113,+10.446,+0.942
1686176040,+3.47,+13.122,+10.451,+0.942
1686176100,+3.47,+13.201,+10.432,+0.941
1686176160,+3.47,+13.183,+10.430,+0.941
1686176220,+3.47,+13.192,+10.497,+0.941
1686176280,+3.47,+13.122,+10.497,+0.941
1686176340,+3.47,+13.043,+10.477,+0.941
1686176400,+3.47,+13.017,+10.348,+0.941
1686176460,+3.47,+12.902,+10.323,+0.941
1686176520,+3.47,+12.840,+10.331,+0.941
1686176580,+3.47,+12.814,+10.339,+0.941
1686176640,+3.47,+12.805,+10.345,+0.941
1686176700,+3.47,+12.832,+10.307,+0.941
1686176760,+3.47,+12.796,+10.275,+0.941
1686176820,+3.47,+12.761,+10.283,+0.941
1686176880,+3.47,+12.726,+10.273,+0.941
1686176940,+3.47,+12.673,+10.300,+0.941
1686177000,+3.47,+12.699,+10.296,+0.940
1686177060,+3.47,+12.664,+10.307,+0.941
1686177120,+3.47,+12.664,+10.291,+0.941
1686177180,+3.47,+12.664,+10.295,+0.941
1686177240,+3.47,+12.735,+10.295,+0.941
1686177300,+3.47,+12.717,+10.326,+0.941
1686177360,+3.47,+12.788,+10.307,+0.941
1686177420,+3.47,+12.796,+10.326,+0.941
1686177480,+3.47,+12.885,+10.309,+0.941
1686177540,+3.47,+12.885,+10.335,+0.941
1686177600,+3.47,+12.920,+10.339,+0.941
1686177660,+3.47,+12.973,+10.338,+0.941
1686177720,+3.47,+13.043,+10.335,+0.942
1686177780,+3.47,+13.087,+10.315,+0.941
1686177840,+3.47,+13.157,+10.455,+0.941
1686177900,+3.47,+13.183,+10.534,+0.942
1686177960,+3.47,+13.201,+10.599,+0.942
1686178020,+3.47,+13.262,+10.623,+0.942
1686178080,+3.47,+13.271,+10.640,+0.942
1686178140,+3.47,+13.271,+10.710,+0.942
1686178200,+3.47,+13.315,+10.737,+0.942
1686178260,+3.47,+13.324,+10.730,+0.942
1686178320,+3.47,+13.297,+10.709,+0.941
1686178380,+3.47,+13.297,+10.701,+0.942
1686178440,+3.47,+13.315,+10.633,+0.942
1686178500,+3.47,+13.376,+10.594,+0.942
1686178560,+3.47,+13.394,+10.600,+0.942
1686178620,+3.47,+13.376,+10.611,+0.941
1686178680,+3.47,+13.289,+10.375,+0.941
1686178740,+3.47,+13.060,+10.301,+0.940
1686178800,+3.47,+13.043,+10.267,+0.940
1686178860,+3.47,+12.823,+10.180,+0.940
1686178920,+3.47,+12.699,+10.179,+0.940
1686178980,+3.47,+12.664,+10.195,+0.940
1686179040,+3.47,+12.646,+10.193,+0.941
1686179100,+3.47,+12.558,+10.201,+0.941
1686179160,+3.47,+12.532,+10.164,+0.940
1686179220,+3.47,+12.487,+10.121,+0.940
1686179280,+3.47,+12.452,+10.138,+0.941
1686179340,+3.47,+12.434,+10.160,+0.940
1686179400,+3.47,+12.363,+10.190,+0.941
1686179460,+3.47,+12.301,+10.215,+0.941
1686179520,+3.47,+12.292,+10.197,+0.940
1686179580,+3.47,+12.319,+10.171,+0.941
1686179640,+3.47,+12.266,+10.184,+0.941
1686179700,+3.47,+12.266,+10.166,+0.941
1686179760,+3.47,+12.319,+10.153,+0.941
1686179820,+3.47,+12.372,+10.175,+0.941
1686179880,+3.47,+12.478,+10.153,+0.941
1686179940,+3.47,+12.549,+10.163,+0.942
1686180000,+3.47,+12.602,+10.165,+0.941
1686180060,+3.47,+12.638,+10.172,+0.941
1686180120,+3.47,+12.646,+10.207,+0.941
1686180180,+3.47,+12.646,+10.216,+0.941
1686180240,+3.47,+12.699,+10.202,+0.941
1686180300,+3.47,+12.752,+10.190,+0.941
1686180360,+3.47,+12.761,+10.218,+0.941
1686180420,+3.47,+12.840,+10.226,+0.941
1686180480,+3.47,+12.867,+10.257,+0.941
1686180540,+3.47,+12.867,+10.318,+0.941
1686180600,+3.47,+12.885,+10.451,+0.941
1686180660,+3.47,+12.893,+10.471,+0.941
1686180720,+3.47,+12.805,+10.067,+0.940
1686180780,+3.47,+12.611,+10.032,+0.941
1686180840,+3.47,+12.549, +9.991,+0.941
1686180900,+3.47,+12.496,+10.040,+0.941
1686180960,+3.47,+12.496,+10.072,+0.941
1686181020,+3.47,+12.470,+10.119,+0.941
1686181080,+3.47,+12.434,+10.197,+0.941
1686181140,+3.47,+12.354,+10.251,+0.940
1686181200,+3.47,+12.381,+10.332,+0.940
1686181260,+3.47,+12.354,+10.380,+0.941
1686181320,+3.47,+12.372,+10.392,+0.941
1686181380,+3.47,+12.354,+10.421,+0.941
1686181440,+3.47,+12.354,+10.412,+0.941
1686181500,+3.47,+12.328,+10.417,+0.941
1686181560,+3.47,+12.301,+10.388,+0.941
1686181620,+3.47,+12.328,+10.338,+0.941
1686181680,+3.47,+12.328,+10.321,+0.941
1686181740,+3.47,+12.310,+10.300,+0.940
1686181800,+3.47,+12.354,+10.277,+0.941
1686181860,+3.47,+12.319,+10.286,+0.941
1686181920,+3.47,+12.328,+10.278,+0.941
1686181980,+3.47,+12.292,+10.277,+0.941
1686182040,+3.47,+12.319,+10.259,+0.941
1686182100,+3.47,+12.257,+10.291,+0.941
1686182160,+3.47,+12.346,+10.258,+0.941
1686182220,+3.47,+12.301,+10.268,+0.941
1686182280,+3.47,+12.319,+10.251,+0.941
1686182340,+3.47,+12.328,+10.241,+0.942
1686182400,+3.47,+12.346,+10.268,+0.941
1686182460,+3.47,+12.337,+10.290,+0.941
1686182520,+3.47,+12.354,+10.286,+0.941
1686182580,+3.47,+12.346,+10.290,+0.941
1686182640,+3.47,+12.328,+10.203,+0.941
1686182700,+3.47,+12.213,+10.223,+0.941
1686182760,+3.47,+12.230,+10.208,+0.941
1686182820,+3.47,+12.204,+10.056,+0.940
1686182880,+3.47,+11.892, +9.695,+0.940
1686182940,+3.47,+11.705, +9.786,+0.941
1686183000,+3.47,+11.687, +9.809,+0.941
1686183060,+3.47,+11.669, +9.802,+0.941
1686183120,+3.47,+11.624, +9.801,+0.940
1686183180,+3.47,+11.633, +9.808,+0.940
1686183240,+3.47,+11.615, +9.861,+0.940
1686183300,+3.47,+11.696, +9.928,+0.941
1686183360,+3.47,+11.705, +9.973,+0.942
1686183420,+3.47,+11.785,+10.033,+0.942
1686183480,+3.47,+11.901,+10.063,+0.941
1686183540,+3.47,+11.883,+10.073,+0.941
1686183600,+3.47,+11.883,+10.064,+0.941
1686183660,+3.47,+11.910,+10.052,+0.941
1686183720,+3.47,+11.937,+10.039,+0.941
1686183780,+3.47,+11.937,+10.059,+0.941
1686183840,+3.47,+12.008,+10.066,+0.941
1686183900,+3.47,+12.061,+10.083,+0.941
1686183960,+3.47,+12.141,+10.127,+0.941
1686184020,+3.47,+12.204,+10.162,+0.941
1686184080,+3.47,+12.168,+10.184,+0.941
1686184140,+3.47,+12.133,+10.241,+0.941
1686184200,+3.47,+12.150,+10.243,+0.941
1686184260,+3.47,+12.088,+10.275,+0.941
1686184320,+3.47,+12.141,+10.262,+0.941
1686184380,+3.47,+12.124,+10.274,+0.942
1686184440,+3.47,+12.150,+10.261,+0.941
1686184500,+3.47,+12.186,+10.256,+0.941
1686184560,+3.47,+12.213,+10.246,+0.941
1686184620,+3.47,+12.186,+10.265,+0.941
1686184680,+3.47,+12.177,+10.291,+0.941
1686184740,+3.47,+12.221,+10.234,+0.941
1686184800,+3.47,+12.168,+10.207,+0.941
1686184860,+3.47,+12.186,+10.183,+0.941
1686184920,+3.47,+12.115,+10.194,+0.941
1686184980,+3.47,+12.141,+10.160,+0.941
1686185040,+3.47,+12.177,+10.150,+0.941
1686185100,+3.47,+12.177,+10.142,+0.940
1686185160,+3.47,+12.186,+10.135,+0.941
1686185220,+3.47,+12.213,+10.109,+0.941
1686185280,+3.47,+12.150,+10.105,+0.941
1686185340,+3.47,+12.177,+10.083,+0.941
1686185400,+3.47,+12.204,+10.070,+0.941
1686185460,+3.47,+12.204,+10.071,+0.941
1686185520,+3.47,+12.204,+10.057,+0.941
1686185580,+3.47,+12.124,+10.090,+0.941
1686185640,+3.47,+12.141,+10.071,+0.941
1686185700,+3.47,+12.168,+10.154,+0.941
1686185760,+3.47,+12.168,+10.168,+0.941
1686185820,+3.47,+12.177,+10.179,+0.941
1686185880,+3.47,+12.141,+10.177,+0.940
1686185940,+3.47,+12.150,+10.181,+0.941
1686186000,+3.47,+12.097,+10.198,+0.941
1686186060,+3.47,+12.115,+10.188,+0.941
1686186120,+3.47,+12.133,+10.128,+0.940
1686186180,+3.47,+12.115,+10.135,+0.941
1686186240,+3.47,+12.124,+10.105,+0.941
1686186300,+3.47,+12.070,+10.125,+0.941
1686186360,+3.47,+12.079,+10.106,+0.941
1686186420,+3.47,+12.079,+10.110,+0.941
1686186480,+3.47,+12.088,+10.126,+0.941
1686186540,+3.47,+12.106,+10.119,+0.941
1686186600,+3.47,+12.097,+10.137,+0.941
1686186660,+3.47,+12.150,+10.150,+0.941
1686186720,+3.47,+12.150,+10.138,+0.941
1686186780,+3.47,+12.106,+10.101,+0.941
1686186840,+3.47,+12.141,+10.063,+0.941
1686186900,+3.47,+12.124,+10.069,+0.941
1686186960,+3.47,+12.124,+10.070,+0.941
1686187020,+3.47,+12.097,+10.080,+0.941
1686187080,+3.47,+12.133,+10.029,+0.941
1686187140,+3.47,+12.133,+10.000,+0.941
1686187200,+3.47,+12.044,+10.025,+0.941
1686187260,+3.47,+12.070,+10.007,+0.940
1686187320,+3.47,+12.106, +9.999,+0.941
1686187380,+3.47,+12.053,+10.010,+0.941
1686187440,+3.47,+12.088, +9.992,+0.941
1686187500,+3.47,+12.133, +9.965,+0.940
1686187560,+3.47,+12.115, +9.967,+0.941
1686187620,+3.47,+12.106, +9.981,+0.941
1686187680,+3.47,+12.150, +9.964,+0.941
1686187740,+3.47,+12.124, +9.977,+0.941
1686187800,+3.47,+12.133,+10.000,+0.941
1686187860,+3.47,+12.204, +9.989,+0.941
1686187920,+3.47,+12.221, +9.999,+0.942
1686187980,+3.47,+12.177,+10.003,+0.941
1686188040,+3.47,+12.239, +9.976,+0.941
1686188100,+3.47,+12.213, +9.968,+0.941
1686188160,+3.47,+12.186, +9.963,+0.941
1686188220,+3.47,+12.124,+10.002,+0.941
1686188280,+3.47,+12.204,+10.001,+0.941
1686188340,+3.47,+12.150, +9.987,+0.941
1686188400,+3.47,+12.150,+10.010,+0.941
1686188460,+3.47,+12.106,+10.099,+0.941
1686188520,+3.47,+12.133,+10.142,+0.941
1686188580,+3.47,+12.186,+10.109,+0.940
1686188640,+3.47,+12.150,+10.135,+0.941
1686188700,+3.47,+12.150,+10.142,+0.941
1686188760,+3.47,+12.186,+10.101,+0.941
1686188820,+3.47,+12.124,+10.123,+0.941
1686188880,+3.47,+12.195,+10.104,+0.941
1686188940,+3.47,+12.195,+10.089,+0.941
1686189000,+3.47,+12.257,+10.066,+0.941
1686189060,+3.47,+12.399,+10.034,+0.941
1686189120,+3.47,+12.363,+10.071,+0.942
1686189180,+3.47,+12.505,+10.019,+0.941
1686189240,+3.47,+12.611, +9.943,+0.941
1686189300,+3.47,+12.611, +9.963,+0.941
1686189360,+3.47,+12.629,+10.004,+0.941
1686189420,+3.47,+12.682,+10.031,+0.941
1686189480,+3.47,+12.770,+10.055,+0.941
1686189540,+3.47,+13.008,+10.236,+0.942
1686189600,+3.47,+13.333,+10.186,+0.941
1686189660,+3.47,+13.227,+10.149,+0.941
1686189720,+3.47,+13.166, +9.998,+0.941
1686189780,+3.47,+13.122,+10.017,+0.941
1686189840,+3.47,+13.096,+10.040,+0.941
1686189900,+3.47,+13.140,+10.011,+0.941
1686189960,+3.47,+13.025, +9.999,+0.941
1686190020,+3.47,+13.017,+10.091,+0.941
1686190080,+3.47,+12.990,+10.121,+0.941
1686190140,+3.47,+13.017,+10.125,+0.941
1686190200,+3.47,+12.929,+10.018,+0.940
1686190260,+3.47,+12.761, +9.675,+0.940
1686190320,+3.47,+12.620, +9.697,+0.940
1686190380,+3.47,+12.558, +9.742,+0.941
1686190440,+3.47,+12.549, +9.769,+0.941
1686190500,+3.47,+12.540, +9.871,+0.941
1686190560,+3.47,+12.585, +9.891,+0.941
1686190620,+3.47,+12.708, +9.880,+0.941
1686190680,+3.47,+12.664, +9.945,+0.941
1686190740,+3.47,+12.699,+10.052,+0.941
1686190800,+3.47,+12.805,+10.084,+0.941
1686190860,+3.47,+12.849,+10.119,+0.941
1686190920,+3.47,+12.981,+10.133,+0.941
1686190980,+3.47,+13.025,+10.205,+0.941
1686191040,+3.47,+13.175,+10.246,+0.942
1686191100,+3.47,+13.262,+10.166,+0.941
1686191160,+3.47,+13.368,+10.061,+0.941
1686191220,+3.47,+13.306,+10.091,+0.941
1686191280,+3.47,+13.297,+10.181,+0.941
1686191340,+3.47,+13.183,+10.135,+0.941
1686191400,+3.47,+13.087,+10.049,+0.941
1686191460,+3.47,+12.990,+10.163,+0.941
1686191520,+3.47,+12.955,+10.149,+0.940
1686191580,+3.47,+12.920,+10.104,+0.941
1686191640,+3.47,+12.902,+10.012,+0.941
1686191700,+3.47,+12.911, +9.975,+0.940
1686191760,+3.47,+12.902, +9.987,+0.941
1686191820,+3.47,+12.867,+10.019,+0.941
1686191880,+3.47,+12.867,+10.058,+0.941
1686191940,+3.47,+12.893,+10.100,+0.941
1686192000,+3.47,+12.946,+10.167,+0.940
1686192060,+3.47,+12.920,+10.234,+0.941
1686192120,+3.47,+12.893,+10.271,+0.941
1686192180,+3.47,+12.876,+10.297,+0.941
1686192240,+3.47,+12.946,+10.270,+0.941
1686192300,+3.47,+12.973,+10.261,+0.941
1686192360,+3.47,+13.008,+10.347,+0.942
1686192420,+3.47,+13.245,+10.286,+0.941
1686192480,+3.47,+13.271,+10.410,+0.942
1686192540,+3.47,+13.245,+10.486,+0.942
1686192600,+3.47,+13.306,+10.458,+0.941
1686192660,+3.47,+13.464,+10.411,+0.942
1686192720,+3.47,+13.709,+10.208,+0.942
1686192780,+3.47,+14.040, +9.994,+0.941
1686192840,+3.47,+13.918, +9.930,+0.941
1686192900,+3.47,+13.709,+10.117,+0.941
1686192960,+3.47,+13.621,+10.220,+0.941
1686193020,+3.47,+13.604,+10.221,+0.941
1686193080,+3.47,+13.525,+10.218,+0.941
1686193140,+3.47,+13.429,+10.267,+0.941
1686193200,+3.47,+13.481,+10.279,+0.941
1686193260,+3.47,+13.525,+10.265,+0.941
1686193320,+3.47,+13.621,+10.211,+0.941
1686193380,+3.47,+13.735,+10.140,+0.942
1686193440,+3.47,+13.944, +9.923,+0.941
1686193500,+3.47,+13.866,+10.009,+0.941
1686193560,+3.47,+13.892,+10.028,+0.941
1686193620,+3.47,+13.892, +9.978,+0.941
1686193680,+3.47,+13.682,+10.091,+0.940
1686193740,+3.47,+13.455,+10.206,+0.941
1686193800,+3.47,+13.341,+10.259,+0.940
1686193860,+3.47,+13.271,+10.271,+0.940
1686193920,+3.47,+13.280,+10.279,+0.941
1686193980,+3.47,+13.262,+10.327,+0.940
1686194040,+3.47,+13.210,+10.356,+0.941
1686194100,+3.47,+13.192,+10.199,+0.941
1686194160,+3.47,+13.078,+10.101,+0.940
1686194220,+3.47,+13.025,+10.106,+0.940
1686194280,+3.47,+13.008,+10.097,+0.940
1686194340,+3.47,+13.008,+10.092,+0.941
1686194400,+3.47,+12.973,+10.093,+0.941
1686194460,+3.47,+13.060,+10.057,+0.940
1686194520,+3.47,+13.043,+10.091,+0.940
1686194580,+3.47,+13.060,+10.105,+0.941
1686194640,+3.47,+13.104,+10.108,+0.941
1686194700,+3.47,+13.104,+10.128,+0.941
1686194760,+3.47,+13.113,+10.184,+0.941
1686194820,+3.47,+13.175,+10.300,+0.941
1686194880,+3.47,+13.148,+10.324,+0.941
1686194940,+3.47,+13.104,+10.340,+0.941
1686195000,+3.47,+13.175,+10.299,+0.941
1686195060,+3.47,+13.069,+10.322,+0.941
1686195120,+3.47,+13.140,+10.261,+0.941
1686195180,+3.47,+13.122,+10.241,+0.941
1686195240,+3.47,+13.087,+10.254,+0.941
1686195300,+3.47,+13.157,+10.211,+0.941
1686195360,+3.47,+13.122,+10.219,+0.941
1686195420,+3.47,+13.113,+10.224,+0.941
1686195480,+3.47,+13.140,+10.285,+0.942
1686195540,+3.47,+13.157,+10.302,+0.941
1686195600,+3.47,+13.219,+10.287,+0.941
1686195660,+3.47,+13.236,+10.244,+0.941
1686195720,+3.47,+13.245,+10.166,+0.940
1686195780,+3.47,+13.227,+10.153,+0.941
1686195840,+3.47,+13.219,+10.156,+0.941
1686195900,+3.47,+12.937, +9.674,+0.939
1686195960,+3.47,+12.805, +9.731,+0.940
1686196020,+3.47,+12.770, +9.750,+0.940
1686196080,+3.47,+12.752, +9.823,+0.941
1686196140,+3.47,+12.858, +9.842,+0.941
1686196200,+3.47,+12.840, +9.901,+0.941
1686196260,+3.47,+12.911, +9.840,+0.940
1686196320,+3.47,+12.779, +9.671,+0.940
1686196380,+3.47,+12.638, +9.663,+0.940
1686196440,+3.47,+12.487, +9.943,+0.940
1686196500,+3.47,+12.434,+10.041,+0.940
1686196560,+3.47,+12.443,+10.038,+0.940
1686196620,+3.47,+12.354,+10.076,+0.940
1686196680,+3.47,+12.354,+10.048,+0.941
1686196740,+3.47,+12.381,+10.120,+0.941
1686196800,+3.47,+12.319,+10.181,+0.941
1686196860,+3.47,+12.310,+10.172,+0.940
1686196920,+3.47,+12.328,+10.199,+0.941
1686196980,+3.47,+12.292,+10.224,+0.940
1686197040,+3.47,+12.310,+10.221,+0.941
1686197100,+3.47,+12.319,+10.209,+0.941
1686197160,+3.47,+12.141, +9.771,+0.940
1686197220,+3.47,+12.017, +9.694,+0.940
1686197280,+3.47,+12.017, +9.689,+0.941
1686197340,+3.47,+12.026, +9.662,+0.940
1686197400,+3.47,+11.874, +9.667,+0.940
1686197460,+3.47,+11.883, +9.624,+0.941
1686197520,+3.47,+11.839, +9.612,+0.941
1686197580,+3.47,+11.812, +9.618,+0.941
1686197640,+3.47,+11.857, +9.607,+0.941
1686197700,+3.47,+11.821, +9.630,+0.941
1686197760,+3.47,+11.839, +9.602,+0.940
1686197820,+3.47,+11.901, +9.598,+0.941
1686197880,+3.47,+11.901, +9.606,+0.941
1686197940,+3.47,+11.910, +9.606,+0.941
1686198000,+3.47,+11.839, +9.575,+0.940
1686198060,+3.47,+11.830, +9.601,+0.940
1686198120,+3.47,+11.758, +9.658,+0.941
1686198180,+3.47,+11.732, +9.726,+0.941
1686198240,+3.47,+11.741, +9.751,+0.941
1686198300,+3.47,+11.714, +9.773,+0.941
1686198360,+3.47,+11.687, +9.792,+0.941
1686198420,+3.47,+11.705, +9.799,+0.941
1686198480,+3.47,+11.660, +9.817,+0.941
1686198540,+3.47,+11.705, +9.799,+0.941
1686198600,+3.47,+11.669, +9.830,+0.941
1686198660,+3.47,+11.732, +9.814,+0.941
1686198720,+3.47,+11.705, +9.816,+0.941
1686198780,+3.47,+11.750, +9.806,+0.941
1686198840,+3.47,+11.750, +9.806,+0.941
1686198900,+3.47,+11.785, +9.794,+0.941
1686198960,+3.47,+11.776, +9.800,+0.941
1686199020,+3.47,+11.785, +9.798,+0.941
1686199080,+3.47,+11.785, +9.780,+0.941
1686199140,+3.47,+11.776, +9.769,+0.941
1686199200,+3.47,+11.758, +9.767,+0.941
1686199260,+3.47,+11.794, +9.752,+0.941
1686199320,+3.47,+11.785, +9.777,+0.941
1686199380,+3.47,+11.839, +9.777,+0.941
1686199440,+3.47,+11.892, +9.767,+0.941
1686199500,+3.47,+11.830, +9.779,+0.941
1686199560,+3.47,+11.937, +9.738,+0.941
1686199620,+3.47,+11.892, +9.757,+0.941
1686199680,+3.47,+11.928, +9.757,+0.941
1686199740,+3.47,+11.874, +9.808,+0.941
1686199800,+3.47,+11.839, +9.845,+0.941
1686199860,+3.47,+11.803, +9.908,+0.941
1686199920,+3.47,+11.839, +9.890,+0.941
1686199980,+3.47,+11.821, +9.896,+0.941
1686200040,+3.47,+11.839, +9.940,+0.941
1686200100,+3.47,+11.794, +9.976,+0.941
1686200160,+3.47,+11.767, +9.776,+0.941
1686200220,+3.47,+11.758, +9.674,+0.941
1686200280,+3.47,+11.642, +9.707,+0.941
1686200340,+3.47,+11.678, +9.734,+0.941
1686200400,+3.47,+11.651, +9.792,+0.941
1686200460,+3.47,+11.598, +9.769,+0.941
1686200520,+3.47,+11.598, +9.752,+0.941
1686200580,+3.47,+11.571, +9.757,+0.941
1686200640,+3.47,+11.535, +9.752,+0.941
1686200700,+3.47,+11.544, +9.740,+0.941
1686200760,+3.47,+11.580, +9.717,+0.941
1686200820,+3.47,+11.562, +9.711,+0.941
1686200880,+3.47,+11.598, +9.691,+0.941
1686200940,+3.47,+11.562, +9.701,+0.941
1686201000,+3.47,+11.615, +9.691,+0.941
1686201060,+3.47,+11.598, +9.720,+0.941
1686201120,+3.47,+11.642, +9.698,+0.941
1686201180,+3.47,+11.624, +9.709,+0.941
1686201240,+3.47,+11.678, +9.676,+0.941
1686201300,+3.47,+11.607, +9.702,+0.941
1686201360,+3.47,+11.696, +9.649,+0.941
1686201420,+3.47,+11.705, +9.639,+0.941
1686201480,+3.47,+11.776, +9.607,+0.941
1686201540,+3.47,+11.874, +9.578,+0.941
1686201600,+3.47,+11.937, +9.640,+0.941
1686201660,+3.47,+11.910, +9.605,+0.941
1686201720,+3.47,+11.928, +9.624,+0.941
1686201780,+3.47,+11.946, +9.666,+0.941
1686201840,+3.47,+11.901, +9.721,+0.941
1686201900,+3.47,+11.892, +9.772,+0.941
1686201960,+3.47,+11.892, +9.794,+0.941
1686202020,+3.47,+11.910, +9.839,+0.941
1686202080,+3.47,+11.883, +9.915,+0.941
1686202140,+3.47,+11.910, +9.931,+0.941
1686202200,+3.47,+11.830, +9.926,+0.941
1686202260,+3.47,+11.901, +9.836,+0.941
1686202320,+3.47,+11.803, +9.783,+0.940
1686202380,+3.47,+11.812, +9.732,+0.941
1686202440,+3.47,+11.848, +9.680,+0.941
1686202500,+3.47,+11.803, +9.694,+0.941
1686202560,+3.47,+11.866, +9.667,+0.941
1686202620,+3.47,+11.803, +9.735,+0.941
1686202680,+3.47,+11.821, +9.706,+0.941
1686202740,+3.47,+11.633, +9.467,+0.940
1686202800,+3.47,+11.607, +9.409,+0.940
1686202860,+3.47,+11.481, +9.473,+0.941
1686202920,+3.47,+11.535, +9.471,+0.941
1686202980,+3.47,+11.436, +9.523,+0.941
1686203040,+3.47,+11.607, +9.486,+0.940
1686203100,+3.47,+11.696, +9.485,+0.941
1686203160,+3.47,+11.669, +9.526,+0.941
1686203220,+3.47,+11.705, +9.583,+0.941
1686203280,+3.47,+11.750, +9.702,+0.941
1686203340,+3.47,+11.758, +9.747,+0.941
1686203400,+3.47,+11.732, +9.762,+0.941
1686203460,+3.47,+11.714, +9.797,+0.941
1686203520,+3.47,+11.624, +9.841,+0.941
1686203580,+3.47,+11.687, +9.812,+0.941
1686203640,+3.47,+11.687, +9.820,+0.941
1686203700,+3.47,+11.750, +9.782,+0.941
1686203760,+3.47,+11.758, +9.766,+0.941
1686203820,+3.47,+11.714, +9.780,+0.941
1686203880,+3.47,+11.821, +9.757,+0.941
1686203940,+3.47,+11.821, +9.754,+0.941
1686204000,+3.47,+11.866, +9.748,+0.941
1686204060,+3.47,+11.937, +9.773,+0.941
1686204120,+3.47,+12.133, +9.782,+0.941
1686204180,+3.47,+12.221, +9.833,+0.942
1686204240,+3.47,+12.399, +9.886,+0.942
1686204300,+3.47,+12.363, +9.797,+0.941
1686204360,+3.47,+12.328, +9.845,+0.941
1686204420,+3.47,+12.266, +9.861,+0.940
1686204480,+3.47,+12.133, +9.737,+0.941
1686204540,+3.47,+12.106, +9.719,+0.941
1686204600,+3.47,+12.053, +9.702,+0.941
1686204660,+3.47,+12.017, +9.706,+0.941
1686204720,+3.47,+11.999, +9.699,+0.941
1686204780,+3.47,+11.981, +9.705,+0.941
1686204840,+3.47,+12.017, +9.687,+0.941
1686204900,+3.47,+11.919, +9.627,+0.941
1686204960,+3.47,+11.910, +9.617,+0.940
1686205020,+3.47,+11.874, +9.596,+0.940
1686205080,+3.47,+11.812, +9.589,+0.941
1686205140,+3.47,+11.741, +9.600,+0.941
1686205200,+3.47,+11.767, +9.567,+0.941
1686205260,+3.47,+11.821, +9.582,+0.941
1686205320,+3.47,+12.053, +9.685,+0.942
1686205380,+3.47,+12.372, +9.799,+0.942
1686205440,+3.47,+12.752, +9.867,+0.942
1686205500,+3.47,+13.034, +9.920,+0.942
1686205560,+3.47,+13.289,+10.073,+0.943
1686205620,+3.47,+13.508,+10.245,+0.942
1686205680,+3.47,+13.647,+10.331,+0.943
1686205740,+3.47,+13.700,+10.362,+0.942
1686205800,+3.47,+13.778,+10.378,+0.942
1686205860,+3.47,+13.866,+10.384,+0.942
1686205920,+3.47,+13.953,+10.360,+0.942
1686205980,+3.47,+13.961,+10.366,+0.942
1686206040,+3.47,+14.092,+10.319,+0.942
1686206100,+3.47,+14.014,+10.371,+0.942
1686206160,+3.47,+14.135,+10.295,+0.941
1686206220,+3.47,+14.074,+10.441,+0.942
1686206280,+3.47,+14.066,+10.597,+0.942
1686206340,+3.47,+14.118,+10.611,+0.942
1686206400,+3.47,+14.092,+10.577,+0.942
1686206460,+3.47,+14.083,+10.529,+0.941
1686206520,+3.47,+14.153,+10.449,+0.942
1686206580,+3.47,+14.161,+10.414,+0.942
1686206640,+3.47,+14.266,+10.399,+0.942
1686206700,+3.47,+14.370,+10.233,+0.942
1686206760,+3.47,+14.482,+10.097,+0.942
1686206820,+3.47,+14.543, +9.898,+0.941
1686206880,+3.47,+14.396, +9.919,+0.941
1686206940,+3.47,+14.205,+10.271,+0.941
1686207000,+3.47,+14.231,+10.375,+0.941
1686207060,+3.47,+14.222,+10.388,+0.941
1686207120,+3.47,+14.205,+10.402,+0.941
1686207180,+3.47,+14.179,+10.373,+0.941
1686207240,+3.47,+14.205,+10.467,+0.941
1686207300,+3.47,+14.213,+10.460,+0.941
1686207360,+3.47,+14.161,+10.457,+0.941
1686207420,+3.47,+14.170,+10.404,+0.941
1686207480,+3.47,+14.144,+10.442,+0.941
1686207540,+3.47,+14.205,+10.437,+0.941
1686207600,+3.47,+14.248,+10.407,+0.941
1686207660,+3.47,+14.257,+10.289,+0.941
1686207720,+3.47,+14.292,+10.201,+0.942
1686207780,+3.47,+14.326,+10.120,+0.941
1686207840,+3.47,+14.318,+10.090,+0.941
1686207900,+3.47,+14.387,+10.011,+0.941
1686207960,+3.47,+14.387, +9.976,+0.941
1686208020,+3.47,+14.448, +9.909,+0.941
1686208080,+3.47,+14.396, +9.916,+0.941
1686208140,+3.47,+14.474, +9.895,+0.941
1686208200,+3.47,+14.474, +9.900,+0.940
1686208260,+3.47,+14.422,+10.013,+0.941
1686208320,+3.47,+14.422,+10.053,+0.941
1686208380,+3.47,+14.422,+10.091,+0.941
1686208440,+3.47,+14.474,+10.132,+0.941
1686208500,+3.47,+14.560,+10.135,+0.941
1686208560,+3.47,+14.707,+10.112,+0.941
1686208620,+3.47,+14.733,+10.210,+0.942
1686208680,+3.47,+14.923,+10.229,+0.942
1686208740,+3.47,+15.026,+10.208,+0.942
1686208800,+3.47,+15.078,+10.202,+0.941
1686208860,+3.47,+15.147,+10.212,+0.942
1686208920,+3.47,+15.121,+10.240,+0.942
1686208980,+3.47,+15.199,+10.224,+0.941
1686209040,+3.47,+15.242,+10.205,+0.941
1686209100,+3.47,+15.233,+10.228,+0.941
1686209160,+3.47,+15.302,+10.210,+0.941
1686209220,+3.47,+15.345,+10.211,+0.942
1686209280,+3.47,+15.345,+10.200,+0.941
1686209340,+3.47,+15.448,+10.148,+0.941
1686209400,+3.47,+15.448,+10.126,+0.941
1686209460,+3.47,+15.491,+10.038,+0.941
1686209520,+3.47,+15.551, +9.965,+0.941
1686209580,+3.47,+15.560, +9.902,+0.941
1686209640,+3.47,+15.637, +9.823,+0.941
1686209700,+3.47,+15.705, +9.729,+0.941
1686209760,+3.47,+15.782, +9.632,+0.940
1686209820,+3.47,+15.782, +9.628,+0.940
1686209880,+3.47,+15.868, +9.581,+0.941
1686209940,+3.47,+15.800, +9.674,+0.941
1686210000,+3.47,+15.774, +9.670,+0.940
1686210060,+3.47,+15.791, +9.739,+0.941
1686210120,+3.47,+15.748, +9.858,+0.941
1686210180,+3.47,+15.474, +9.847,+0.939
1686210240,+3.47,+15.302,+10.009,+0.940
1686210300,+3.47,+15.190,+10.079,+0.941
1686210360,+3.47,+15.078,+10.119,+0.940
1686210420,+3.47,+15.164,+10.105,+0.941
1686210480,+3.47,+15.181,+10.146,+0.941
1686210540,+3.47,+15.233,+10.171,+0.941
1686210600,+3.47,+15.285,+10.143,+0.940
1686210660,+3.47,+15.293,+10.152,+0.941
1686210720,+3.47,+15.345,+10.143,+0.941
1686210780,+3.47,+15.362,+10.127,+0.942
1686210840,+3.47,+15.414,+10.062,+0.941
1686210900,+3.47,+15.517, +9.975,+0.941
1686210960,+3.47,+15.551, +9.960,+0.941
1686211020,+3.47,+15.602, +9.942,+0.941
1686211080,+3.47,+15.577, +9.914,+0.941
1686211140,+3.47,+15.560, +9.912,+0.941
1686211200,+3.47,+15.611, +9.944,+0.941
1686211260,+3.47,+15.654, +9.939,+0.941
1686211320,+3.47,+15.671, +9.982,+0.942
1686211380,+3.47,+15.680,+10.025,+0.941
1686211440,+3.47,+15.731,+10.055,+0.941
1686211500,+3.47,+15.714,+10.045,+0.940
1686211560,+3.47,+15.680,+10.045,+0.941
1686211620,+3.47,+15.671,+10.025,+0.941
1686211680,+3.47,+15.620,+10.033,+0.941
1686211740,+3.47,+15.620,+10.010,+0.941
1686211800,+3.47,+15.645, +9.990,+0.941
1686211860,+3.47,+15.568,+10.027,+0.941
1686211920,+3.47,+15.594,+10.070,+0.941
1686211980,+3.47,+15.628,+10.089,+0.941
1686212040,+3.47,+15.611,+10.082,+0.940
1686212100,+3.47,+15.611,+10.159,+0.941
1686212160,+3.47,+15.611,+10.161,+0.941
1686212220,+3.47,+15.628,+10.221,+0.941
1686212280,+3.47,+15.671,+10.185,+0.941
1686212340,+3.47,+15.654,+10.194,+0.941
1686212400,+3.47,+15.645,+10.197,+0.941
1686212460,+3.47,+15.654,+10.163,+0.941
1686212520,+3.47,+15.671,+10.147,+0.941
1686212580,+3.47,+15.680,+10.125,+0.941
1686212640,+3.47,+15.654,+10.109,+0.941
1686212700,+3.47,+15.697,+10.051,+0.941
1686212760,+3.47,+15.705,+10.005,+0.940
1686212820,+3.47,+15.748, +9.942,+0.940
1686212880,+3.47,+15.714,+10.056,+0.941
1686212940,+3.47,+15.662,+10.150,+0.941
1686213000,+3.47,+15.705,+10.192,+0.940
1686213060,+3.47,+15.585,+10.294,+0.941
1686213120,+3.47,+15.147,+10.015,+0.939
1686213180,+3.47,+15.173,+10.171,+0.940
1686213240,+3.47,+15.104,+10.312,+0.941
1686213300,+3.47,+15.250,+10.449,+0.941
1686213360,+3.47,+14.707, +9.934,+0.939
1686213420,+3.47,+14.430, +9.891,+0.939
1686213480,+3.47,+14.231, +9.847,+0.939
1686213540,+3.47,+14.057, +9.927,+0.940
1686213600,+3.47,+14.040, +9.941,+0.939
1686213660,+3.47,+14.135,+10.030,+0.940
1686213720,+3.47,+14.266,+10.057,+0.940
1686213780,+3.47,+14.335,+10.077,+0.941
1686213840,+3.47,+14.508,+10.100,+0.941
1686213900,+3.47,+14.724,+10.223,+0.941
1686213960,+3.47,+14.906,+10.288,+0.942
1686214020,+3.47,+15.035,+10.362,+0.941
1686214080,+3.47,+15.113,+10.420,+0.941
1686214140,+3.47,+15.242,+10.443,+0.942
1686214200,+3.47,+15.216,+10.593,+0.942
1686214260,+3.47,+15.250,+10.617,+0.942
1686214320,+3.47,+15.242,+10.615,+0.942
1686214380,+3.47,+15.225,+10.615,+0.942
1686214440,+3.47,+15.319,+10.567,+0.941
1686214500,+3.47,+15.268,+10.572,+0.941
1686214560,+3.47,+15.285,+10.562,+0.942
1686214620,+3.47,+15.302,+10.548,+0.941
1686214680,+3.47,+15.285,+10.575,+0.941
1686214740,+3.47,+15.285,+10.551,+0.941
1686214800,+3.47,+15.147, +9.976,+0.938
1686214860,+3.47,+14.560, +9.716,+0.938
1686214920,+3.47,+14.179, +9.648,+0.938
1686214980,+3.47,+13.743, +9.579,+0.938
1686215040,+3.47,+13.403, +9.335,+0.937
1686215100,+3.47,+12.885, +9.483,+0.938
1686215160,+3.47,+12.638, +9.587,+0.938
1686215220,+3.47,+12.390, +9.652,+0.939
1686215280,+3.47,+12.310, +9.650,+0.938
1686215340,+3.47,+12.097, +9.743,+0.939
1686215400,+3.47,+12.106, +9.704,+0.939
1686215460,+3.47,+11.990, +9.778,+0.940
1686215520,+3.47,+12.079, +9.736,+0.940
1686215580,+3.47,+12.097, +9.733,+0.940
1686215640,+3.47,+12.133, +9.745,+0.941
1686215700,+3.47,+12.124, +9.741,+0.940
1686215760,+3.47,+12.141, +9.759,+0.940
1686215820,+3.47,+12.150, +9.785,+0.940
1686215880,+3.47,+12.257, +9.817,+0.941
1686215940,+3.47,+12.523, +9.918,+0.941
1686216000,+3.47,+12.867,+10.059,+0.942
1686216060,+3.47,+13.192,+10.115,+0.942
1686216120,+3.47,+13.420,+10.199,+0.942
1686216180,+3.47,+13.534,+10.281,+0.942
1686216240,+3.47,+13.254, +9.741,+0.940
1686216300,+3.47,+12.796, +9.518,+0.939
1686216360,+3.47,+12.487, +9.584,+0.940
1686216420,+3.47,+12.266, +9.650,+0.940
1686216480,+3.47,+12.230, +9.754,+0.940
1686216540,+3.47,+12.195, +9.750,+0.940
1686216600,+3.47,+11.946, +9.705,+0.940
1686216660,+3.47,+11.866, +9.547,+0.940
1686216720,+3.47,+11.705, +9.497,+0.940
1686216780,+3.47,+11.490, +9.518,+0.940
1686216840,+3.47,+11.454, +9.506,+0.940
1686216900,+3.47,+11.427, +9.489,+0.940
1686216960,+3.47,+11.436, +9.534,+0.941
1686217020,+3.47,+11.526, +9.592,+0.941
1686217080,+3.47,+11.544, +9.647,+0.941
1686217140,+3.47,+11.651, +9.645,+0.941
1686217200,+3.47,+11.651, +9.678,+0.941
1686217260,+3.47,+11.723, +9.691,+0.941
1686217320,+3.47,+11.705, +9.733,+0.941
1686217380,+3.47,+11.830, +9.753,+0.941
1686217440,+3.47,+11.937, +9.714,+0.941
1686217500,+3.47,+11.821, +9.680,+0.941
1686217560,+3.47,+11.750, +9.724,+0.941
1686217620,+3.47,+11.758, +9.763,+0.941
1686217680,+3.47,+11.678, +9.824,+0.941
1686217740,+3.47,+11.758, +9.820,+0.941
1686217800,+3.47,+11.767, +9.828,+0.941
1686217860,+3.47,+11.758, +9.831,+0.941
1686217920,+3.47,+11.758, +9.802,+0.941
1686217980,+3.47,+11.767, +9.788,+0.941
1686218040,+3.47,+11.732, +9.795,+0.941
1686218100,+3.47,+11.741, +9.719,+0.940
1686218160,+3.47,+11.598, +9.572,+0.940
1686218220,+3.47,+11.499, +9.530,+0.940
1686218280,+3.47,+11.365, +9.483,+0.940
1686218340,+3.47,+11.167, +9.416,+0.940
1686218400,+3.47,+11.077, +9.385,+0.940
1686218460,+3.47,+10.941, +9.358,+0.940
1686218520,+3.47,+10.815, +9.386,+0.940
1686218580,+3.47,+10.743, +9.398,+0.940
1686218640,+3.47,+10.761, +9.404,+0.940
1686218700,+3.47,+10.761, +9.414,+0.940
1686218760,+3.47,+10.761, +9.464,+0.941
1686218820,+3.47,+10.860, +9.592,+0.942
1686218880,+3.47,+11.095, +9.711,+0.942
1686218940,+3.47,+11.400, +9.858,+0.941
1686219000,+3.47,+11.490, +9.834,+0.942
1686219060,+3.47,+11.535, +9.913,+0.941
1686219120,+3.47,+11.445, +9.655,+0.941
1686219180,+3.47,+11.418, +9.608,+0.941
1686219240,+3.47,+11.391, +9.540,+0.940
1686219300,+3.47,+11.239, +9.561,+0.941
1686219360,+3.47,+11.221, +9.508,+0.941
1686219420,+3.47,+11.131, +9.519,+0.941
1686219480,+3.47,+11.113, +9.541,+0.941
1686219540,+3.47,+11.194, +9.554,+0.941
1686219600,+3.47,+11.212, +9.593,+0.941
1686219660,+3.47,+11.248, +9.638,+0.941
1686219720,+3.47,+11.248, +9.677,+0.941
1686219780,+3.47,+11.293, +9.688,+0.941
1686219840,+3.47,+11.356, +9.699,+0.941
1686219900,+3.47,+11.320, +9.737,+0.941
1686219960,+3.47,+11.338, +9.746,+0.941
1686220020,+3.47,+11.347, +9.672,+0.941
1686220080,+3.47,+11.248, +9.526,+0.940
1686220140,+3.47,+10.914, +9.341,+0.940
1686220200,+3.47,+10.743, +9.293,+0.940
1686220260,+3.47,+10.616, +9.323,+0.940
1686220320,+3.47,+10.452, +9.360,+0.940
1686220380,+3.47,+10.389, +9.376,+0.940
1686220440,+3.47,+10.407, +9.378,+0.940
1686220500,+3.47,+10.352, +9.428,+0.940
1686220560,+3.47,+10.443, +9.425,+0.940
1686220620,+3.47,+10.525, +9.435,+0.940
1686220680,+3.47,+10.598, +9.479,+0.941
1686220740,+3.47,+10.661, +9.517,+0.941
1686220800,+3.47,+10.788, +9.507,+0.941
1686220860,+3.47,+10.788, +9.549,+0.941
1686220920,+3.47,+10.869, +9.559,+0.941
1686220980,+3.47,+10.914, +9.560,+0.941
1686221040,+3.47,+10.951, +9.599,+0.941
1686221100,+3.47,+11.050, +9.609,+0.941
1686221160,+3.47,+11.122, +9.609,+0.941
1686221220,+3.47,+11.059, +9.666,+0.941
1686221280,+3.47,+11.167, +9.645,+0.941
1686221340,+3.47,+11.329, +9.723,+0.942
1686221400,+3.47,+11.445, +9.787,+0.941
1686221460,+3.47,+11.571, +9.860,+0.942
1686221520,+3.47,+11.678, +9.977,+0.942
1686221580,+3.47,+11.857, +9.983,+0.942
1686221640,+3.47,+11.874,+10.022,+0.942
1686221700,+3.47,+12.017, +9.979,+0.941
1686221760,+3.47,+12.070, +9.987,+0.942
1686221820,+3.47,+12.124, +9.974,+0.941
1686221880,+3.47,+12.195, +9.964,+0.941
1686221940,+3.47,+12.257, +9.966,+0.941
1686222000,+3.47,+12.301, +9.981,+0.941
1686222060,+3.47,+12.337, +9.988,+0.941
1686222120,+3.47,+12.337, +9.984,+0.941
1686222180,+3.47,+12.478, +9.940,+0.941
1686222240,+3.47,+12.381, +9.989,+0.941
1686222300,+3.47,+12.443, +9.983,+0.941
1686222360,+3.47,+12.416, +9.985,+0.941
1686222420,+3.47,+12.470, +9.978,+0.941
1686222480,+3.47,+12.478, +9.983,+0.941
1686222540,+3.47,+12.523, +9.939,+0.941
1686222600,+3.47,+12.514, +9.923,+0.941
1686222660,+3.47,+12.425, +9.950,+0.941
1686222720,+3.47,+12.470, +9.944,+0.941
1686222780,+3.47,+12.425, +9.986,+0.941
1686222840,+3.47,+12.514, +9.960,+0.941
1686222900,+3.47,+12.496, +9.991,+0.941
1686222960,+3.47,+12.549,+10.001,+0.941
1686223020,+3.47,+12.638,+10.040,+0.941
1686223080,+3.47,+12.796,+10.103,+0.942
1686223140,+3.47,+12.946,+10.193,+0.942
1686223200,+3.47,+13.166,+10.322,+0.942
1686223260,+3.47,+13.341,+10.392,+0.942
1686223320,+3.47,+13.420,+10.382,+0.942
1686223380,+3.47,+13.473,+10.340,+0.941
1686223440,+3.47,+13.490,+10.345,+0.941
1686223500,+3.47,+13.473,+10.365,+0.942
1686223560,+3.47,+13.604,+10.318,+0.942
1686223620,+3.47,+13.411,+10.180,+0.941
1686223680,+3.47,+13.254, +9.951,+0.940
1686223740,+3.47,+13.008, +9.845,+0.940
1686223800,+3.47,+12.664, +9.883,+0.939
1686223860,+3.47,+12.576, +9.953,+0.940
1686223920,+3.47,+12.549, +9.958,+0.940
1686223980,+3.47,+12.487, +9.982,+0.940
1686224040,+3.47,+12.434, +9.974,+0.940
1686224100,+3.47,+12.381,+10.004,+0.940
1686224160,+3.47,+12.292,+10.034,+0.940
1686224220,+3.47,+12.301,+10.032,+0.941
1686224280,+3.47,+12.257,+10.035,+0.941
1686224340,+3.47,+12.213,+10.043,+0.940
1686224400,+3.47,+12.248,+10.067,+0.941
1686224460,+3.47,+12.186,+10.104,+0.941
1686224520,+3.47,+12.204,+10.117,+0.941
1686224580,+3.47,+12.310,+10.142,+0.941
1686224640,+3.47,+12.452,+10.187,+0.942
1686224700,+3.47,+12.708,+10.274,+0.941
1686224760,+3.47,+13.104,+10.454,+0.942
1686224820,+3.47,+13.464,+10.556,+0.943
1686224880,+3.47,+13.770,+10.681,+0.944
1686224940,+3.47,+14.083,+10.601,+0.943
1686225000,+3.47,+14.239,+10.571,+0.943
1686225060,+3.47,+14.309,+10.556,+0.942
1686225120,+3.47,+14.378,+10.582,+0.942
1686225180,+3.47,+14.422,+10.596,+0.942
1686225240,+3.47,+13.743, +9.985,+0.939
1686225300,+3.47,+13.665,+10.243,+0.941
1686225360,+3.47,+13.560, +9.937,+0.939
1686225420,+3.47,+13.069,+10.017,+0.939
1686225480,+3.47,+12.849,+10.028,+0.939
1686225540,+3.47,+12.708,+10.043,+0.940
1686225600,+3.47,+12.549,+10.091,+0.940
1686225660,+3.47,+12.585,+10.227,+0.941
1686225720,+3.47,+12.823,+10.306,+0.941
1686225780,+3.47,+13.069,+10.319,+0.941
1686225840,+3.47,+13.254,+10.276,+0.942
1686225900,+3.47,+13.210,+10.290,+0.941
1686225960,+3.47,+13.245,+10.291,+0.941
1686226020,+3.47,+13.368,+10.319,+0.941
1686226080,+3.47,+13.516,+10.368,+0.941
1686226140,+3.47,+13.647,+10.353,+0.941
1686226200,+3.47,+13.709,+10.341,+0.942
1686226260,+3.47,+13.822,+10.286,+0.941
1686226320,+3.47,+13.543,+10.216,+0.941
1686226380,+3.47,+13.368, +9.968,+0.939
1686226440,+3.47,+12.840, +9.948,+0.939
1686226500,+3.47,+12.638, +9.975,+0.940
1686226560,+3.47,+12.452,+10.027,+0.940
1686226620,+3.47,+12.292,+10.067,+0.940
1686226680,+3.47,+12.213,+10.069,+0.939
1686226740,+3.47,+12.159,+10.120,+0.940
1686226800,+3.47,+12.204,+10.115,+0.940
1686226860,+3.47,+12.177,+10.136,+0.940
1686226920,+3.47,+12.159,+10.127,+0.940
1686226980,+3.47,+12.186,+10.118,+0.940
1686227040,+3.47,+12.159,+10.127,+0.940
1686227100,+3.47,+12.319,+10.235,+0.941
1686227160,+3.47,+12.911,+10.476,+0.943
1686227220,+3.47,+13.289,+10.544,+0.943
1686227280,+3.47,+13.551,+10.512,+0.942
1686227340,+3.47,+13.735,+10.450,+0.942
1686227400,+3.47,+13.804,+10.466,+0.942
1686227460,+3.47,+13.970,+10.466,+0.942
1686227520,+3.47,+14.100,+10.440,+0.942
1686227580,+3.47,+14.083,+10.487,+0.942
1686227640,+3.47,+14.196,+10.496,+0.942
1686227700,+3.47,+14.292,+10.523,+0.942
1686227760,+3.47,+14.179,+10.329,+0.941
1686227820,+3.47,+14.005,+10.094,+0.940
1686227880,+3.47,+13.778,+10.089,+0.941
1686227940,+3.47,+13.595,+10.105,+0.941
1686228000,+3.47,+13.551,+10.071,+0.940
1686228060,+3.47,+13.508,+10.081,+0.940
1686228120,+3.47,+13.385,+10.121,+0.940
1686228180,+3.47,+13.420,+10.133,+0.940
1686228240,+3.47,+13.446,+10.180,+0.941
1686228300,+3.47,+13.586,+10.166,+0.941
1686228360,+3.47,+13.691,+10.254,+0.941
1686228420,+3.47,+13.761,+10.299,+0.941
1686228480,+3.47,+13.874,+10.349,+0.942
1686228540,+3.47,+14.048,+10.344,+0.941
1686228600,+3.47,+14.118,+10.364,+0.941
1686228660,+3.47,+14.179,+10.435,+0.942
1686228720,+3.47,+14.292,+10.468,+0.942
1686228780,+3.47,+14.318,+10.506,+0.941
