7450-798456
OS REV: 1.03 Sensor Cal: 1539277937
Time (sec),  BV (Volts),  T (deg C),  DO (mg/l),  Q ()
1683723240,+3.45, +7.969,+10.061,+0.944
1683723300,+3.45, +7.960,+10.047,+0.943
1683723360,+3.45, +7.979,+10.039,+0.943
1683723420,+3.45, +7.950,+10.043,+0.943
1683723480,+3.45, +7.988,+10.029,+0.943
1683723540,+3.45, +7.941,+10.043,+0.943
1683723600,+3.45, +7.988,+10.028,+0.943
1683723660,+3.45, +7.922,+10.065,+0.944
1683723720,+3.45, +7.950,+10.077,+0.943
1683723780,+3.45, +8.026,+10.086,+0.944
1683723840,+3.45, +8.045,+10.123,+0.944
1683723900,+3.45, +8.064,+10.167,+0.944
1683723960,+3.45, +8.083,+10.188,+0.944
1683724020,+3.45, +8.073,+10.238,+0.944
1683724080,+3.45, +8.196,+10.247,+0.944
1683724140,+3.45, +8.271,+10.303,+0.944
1683724200,+3.45, +8.384,+10.368,+0.945
1683724260,+3.45, +8.515,+10.417,+0.944
1683724320,+3.45, +8.646,+10.450,+0.945
1683724380,+3.45, +8.721,+10.451,+0.944
1683724440,+3.45, +8.823,+10.436,+0.944
1683724500,+3.45, +8.842,+10.469,+0.944
1683724560,+3.45, +8.889,+10.504,+0.944
1683724620,+3.45, +8.982,+10.568,+0.944
1683724680,+3.45, +8.991,+10.620,+0.944
1683724740,+3.45, +9.019,+10.653,+0.945
1683724800,+3.45, +9.075,+10.649,+0.945
1683724860,+3.45, +9.102,+10.643,+0.945
1683724920,+3.45, +9.121,+10.611,+0.944
1683724980,+3.45, +9.075,+10.600,+0.944
1683725040,+3.45, +9.075,+10.570,+0.944
1683725100,+3.45, +9.019,+10.590,+0.944
1683725160,+3.45, +8.991,+10.589,+0.944
1683725220,+3.45, +8.991,+10.590,+0.944
1683725280,+3.45, +9.056,+10.565,+0.944
1683725340,+3.45, +9.000,+10.583,+0.944
1683725400,+3.45, +9.028,+10.634,+0.944
1683725460,+3.45, +9.000,+10.684,+0.944
1683725520,+3.45, +9.065,+10.691,+0.944
1683725580,+3.45, +9.065,+10.728,+0.945
1683725640,+3.45, +9.112,+10.707,+0.944
1683725700,+3.45, +9.121,+10.676,+0.944
1683725760,+3.45, +9.102,+10.676,+0.944
1683725820,+3.45, +9.084,+10.660,+0.944
1683725880,+3.45, +9.102,+10.562,+0.943
1683725940,+3.45, +8.954,+10.449,+0.943
1683726000,+3.45, +8.795,+10.370,+0.943
1683726060,+3.45, +8.711,+10.359,+0.944
1683726120,+3.45, +8.711,+10.333,+0.944
1683726180,+3.45, +8.646,+10.340,+0.943
1683726240,+3.45, +8.581,+10.348,+0.943
1683726300,+3.45, +8.562,+10.320,+0.943
1683726360,+3.45, +8.571,+10.265,+0.943
1683726420,+3.45, +8.478,+10.288,+0.944
1683726480,+3.45, +8.440,+10.268,+0.943
1683726540,+3.45, +8.468,+10.244,+0.943
1683726600,+3.45, +8.393,+10.253,+0.943
1683726660,+3.45, +8.402,+10.214,+0.943
1683726720,+3.45, +8.431,+10.221,+0.944
1683726780,+3.45, +8.478,+10.238,+0.944
1683726840,+3.45, +8.599,+10.347,+0.944
1683726900,+3.45, +8.646,+10.412,+0.943
1683726960,+3.45, +8.739,+10.477,+0.944
1683727020,+3.45, +8.851,+10.541,+0.944
1683727080,+3.45, +8.935,+10.613,+0.944
1683727140,+3.45, +9.010,+10.699,+0.944
1683727200,+3.45, +9.140,+10.774,+0.945
1683727260,+3.45, +9.288,+10.854,+0.945
1683727320,+3.45, +9.445,+10.828,+0.945
1683727380,+3.45, +9.251,+10.783,+0.944
1683727440,+3.45, +9.121,+10.766,+0.944
1683727500,+3.45, +9.352,+10.743,+0.944
1683727560,+3.45, +9.620,+10.707,+0.945
1683727620,+3.45, +9.804,+10.748,+0.944
1683727680,+3.45,+10.005,+10.787,+0.945
1683727740,+3.45,+10.161,+10.873,+0.945
1683727800,+3.45,+10.179,+10.868,+0.944
1683727860,+3.45, +9.822,+10.687,+0.943
1683727920,+3.45, +9.703,+10.706,+0.944
1683727980,+3.45, +9.666,+10.787,+0.944
1683728040,+3.45, +9.923,+10.867,+0.944
1683728100,+3.45,+10.106,+10.928,+0.944
1683728160,+3.45,+10.206,+10.971,+0.945
1683728220,+3.45,+10.298,+10.992,+0.944
1683728280,+3.45,+10.434,+10.993,+0.944
1683728340,+3.45,+10.480,+11.024,+0.945
1683728400,+3.45,+10.543,+11.014,+0.944
1683728460,+3.45,+10.607,+11.014,+0.944
1683728520,+3.45,+10.534,+11.079,+0.945
1683728580,+3.45,+10.652,+11.070,+0.944
1683728640,+3.45,+10.661,+11.137,+0.944
1683728700,+3.45,+10.688,+11.174,+0.944
1683728760,+3.45,+10.661,+11.257,+0.945
1683728820,+3.45,+10.770,+11.267,+0.945
1683728880,+3.45,+10.779,+11.261,+0.945
1683728940,+3.45,+10.851,+11.225,+0.944
1683729000,+3.45,+10.905,+11.209,+0.945
1683729060,+3.45,+10.941,+11.212,+0.944
1683729120,+3.45,+10.932,+11.248,+0.945
1683729180,+3.45,+11.014,+11.210,+0.944
1683729240,+3.45,+10.969,+11.237,+0.945
1683729300,+3.45,+11.086,+11.194,+0.944
1683729360,+3.45,+11.068,+11.207,+0.945
1683729420,+3.45,+11.041,+11.194,+0.944
1683729480,+3.45,+11.068,+11.141,+0.944
1683729540,+3.45,+10.996,+11.141,+0.944
1683729600,+3.45,+10.896,+11.137,+0.944
1683729660,+3.45,+10.851,+11.149,+0.944
1683729720,+3.45,+10.887,+11.125,+0.944
1683729780,+3.45,+10.860,+11.082,+0.944
1683729840,+3.45,+10.806,+11.076,+0.944
1683729900,+3.45,+10.779,+11.028,+0.944
1683729960,+3.45,+10.670,+11.052,+0.944
1683730020,+3.45,+10.616,+11.074,+0.944
1683730080,+3.45,+10.643,+11.056,+0.944
1683730140,+3.45,+10.661,+11.059,+0.944
1683730200,+3.45,+10.715,+11.077,+0.944
1683730260,+3.45,+10.797,+11.076,+0.945
1683730320,+3.45,+10.824,+11.075,+0.944
1683730380,+3.45,+10.896,+11.063,+0.944
1683730440,+3.45,+10.932,+11.069,+0.944
1683730500,+3.45,+10.941,+11.092,+0.944
1683730560,+3.45,+10.960,+11.132,+0.944
1683730620,+3.45,+11.077,+11.129,+0.945
1683730680,+3.45,+11.113,+11.162,+0.944
1683730740,+3.45,+11.158,+11.199,+0.944
1683730800,+3.45,+11.185,+11.210,+0.944
1683730860,+3.45,+11.176,+11.237,+0.944
1683730920,+3.45,+11.194,+11.254,+0.944
1683730980,+3.45,+11.230,+11.260,+0.944
1683731040,+3.45,+11.257,+11.257,+0.945
1683731100,+3.45,+11.176,+11.295,+0.945
1683731160,+3.45,+11.266,+11.253,+0.944
1683731220,+3.45,+11.248,+11.265,+0.944
1683731280,+3.45,+11.230,+11.291,+0.944
1683731340,+3.45,+11.275,+11.277,+0.944
1683731400,+3.45,+11.302,+11.307,+0.945
1683731460,+3.45,+11.302,+11.328,+0.944
1683731520,+3.45,+11.365,+11.292,+0.944
1683731580,+3.45,+11.383,+11.274,+0.944
1683731640,+3.45,+11.230,+11.199,+0.944
1683731700,+3.45,+11.158,+11.134,+0.943
1683731760,+3.45,+11.149,+11.087,+0.944
1683731820,+3.45,+11.158,+11.095,+0.944
1683731880,+3.45,+11.113,+11.144,+0.944
1683731940,+3.45,+11.131,+11.152,+0.944
1683732000,+3.45,+11.113,+11.209,+0.944
1683732060,+3.45,+11.095,+11.153,+0.943
1683732120,+3.45,+10.905,+10.940,+0.943
1683732180,+3.45,+10.743,+10.927,+0.943
1683732240,+3.45,+10.643,+10.902,+0.942
1683732300,+3.45,+10.561,+10.919,+0.943
1683732360,+3.45,+10.498,+10.927,+0.943
1683732420,+3.45,+10.480,+10.878,+0.943
1683732480,+3.45,+10.425,+10.907,+0.943
1683732540,+3.45,+10.343,+10.959,+0.943
1683732600,+3.45,+10.380,+10.954,+0.944
1683732660,+3.45,+10.398,+10.939,+0.943
1683732720,+3.45,+10.352,+10.982,+0.944
1683732780,+3.45,+10.416,+10.937,+0.943
1683732840,+3.45,+10.398,+10.917,+0.943
1683732900,+3.45,+10.334,+10.932,+0.944
1683732960,+3.45,+10.361,+10.908,+0.944
1683733020,+3.45,+10.380,+10.867,+0.944
1683733080,+3.45,+10.279,+10.924,+0.944
1683733140,+3.45,+10.252,+10.930,+0.944
1683733200,+3.45,+10.261,+10.930,+0.944
1683733260,+3.45,+10.334,+10.873,+0.943
1683733320,+3.45,+10.279,+10.911,+0.944
1683733380,+3.45,+10.261,+10.899,+0.944
1683733440,+3.45,+10.225,+10.915,+0.944
1683733500,+3.45,+10.270,+10.884,+0.943
1683733560,+3.45,+10.252,+10.903,+0.944
1683733620,+3.45,+10.234,+10.918,+0.944
1683733680,+3.45,+10.307,+10.899,+0.944
1683733740,+3.45,+10.288,+10.911,+0.944
1683733800,+3.45,+10.325,+10.906,+0.944
1683733860,+3.45,+10.270,+10.949,+0.944
1683733920,+3.45,+10.288,+10.947,+0.944
1683733980,+3.45,+10.270,+10.944,+0.944
1683734040,+3.45,+10.270,+10.931,+0.944
1683734100,+3.45,+10.334,+10.896,+0.944
1683734160,+3.45,+10.316,+10.896,+0.944
1683734220,+3.45,+10.270,+10.897,+0.943
1683734280,+3.45,+10.307,+10.886,+0.944
1683734340,+3.45,+10.307,+10.891,+0.944
1683734400,+3.45,+10.298,+10.882,+0.943
1683734460,+3.45,+10.316,+10.891,+0.944
1683734520,+3.45,+10.325,+10.903,+0.944
1683734580,+3.45,+10.389,+10.914,+0.944
1683734640,+3.45,+10.434,+10.903,+0.944
1683734700,+3.45,+10.425,+10.908,+0.944
1683734760,+3.45,+10.461,+10.881,+0.944
1683734820,+3.45,+10.452,+10.887,+0.944
1683734880,+3.45,+10.470,+10.873,+0.944
1683734940,+3.45,+10.489,+10.892,+0.944
1683735000,+3.45,+10.516,+10.907,+0.945
1683735060,+3.45,+10.570,+10.862,+0.944
1683735120,+3.45,+10.552,+10.864,+0.944
1683735180,+3.45,+10.579,+10.855,+0.944
1683735240,+3.45,+10.607,+10.848,+0.943
1683735300,+3.45,+10.607,+10.866,+0.944
1683735360,+3.45,+10.561,+10.887,+0.944
1683735420,+3.45,+10.579,+10.842,+0.944
1683735480,+3.45,+10.434,+10.886,+0.943
1683735540,+3.45,+10.380,+10.885,+0.944
1683735600,+3.45,+10.316,+10.929,+0.943
1683735660,+3.45,+10.252,+10.976,+0.943
1683735720,+3.45,+10.133,+11.013,+0.944
1683735780,+3.45,+10.115,+11.013,+0.944
1683735840,+3.45,+10.143,+10.987,+0.944
1683735900,+3.45,+10.124,+10.969,+0.943
1683735960,+3.45,+10.088,+10.979,+0.944
1683736020,+3.45,+10.069,+10.987,+0.944
1683736080,+3.45,+10.097,+10.963,+0.944
1683736140,+3.45,+10.088,+10.959,+0.944
1683736200,+3.45,+10.069,+10.955,+0.944
1683736260,+3.45,+10.015,+10.978,+0.944
1683736320,+3.45,+10.051,+10.941,+0.943
1683736380,+3.45,+10.024,+10.967,+0.944
1683736440,+3.45,+10.088,+10.917,+0.943
1683736500,+3.45,+10.015,+10.959,+0.944
1683736560,+3.45,+10.024,+10.947,+0.944
1683736620,+3.45, +9.996,+10.970,+0.944
1683736680,+3.45,+10.042,+10.965,+0.944
1683736740,+3.45,+10.015,+11.005,+0.944
1683736800,+3.45,+10.060,+10.999,+0.944
1683736860,+3.45,+10.042,+10.999,+0.944
1683736920,+3.45,+10.051,+10.987,+0.944
1683736980,+3.45,+10.079,+10.960,+0.943
1683737040,+3.45,+10.170,+10.927,+0.944
1683737100,+3.45,+10.115,+10.941,+0.944
1683737160,+3.45,+10.152,+10.921,+0.944
1683737220,+3.45,+10.243,+10.874,+0.944
1683737280,+3.45,+10.234,+10.867,+0.944
1683737340,+3.45,+10.243,+10.856,+0.944
1683737400,+3.45,+10.270,+10.835,+0.945
1683737460,+3.45,+10.288,+10.823,+0.944
1683737520,+3.45,+10.334,+10.815,+0.944
1683737580,+3.45,+10.352,+10.825,+0.944
1683737640,+3.45,+10.452,+10.832,+0.944
1683737700,+3.45,+10.334,+10.800,+0.944
1683737760,+3.45,+10.179,+10.764,+0.944
1683737820,+3.45,+10.088,+10.762,+0.943
1683737880,+3.45,+10.005,+10.747,+0.943
1683737940,+3.45, +9.941,+10.752,+0.943
1683738000,+3.45, +9.850,+10.791,+0.943
1683738060,+3.45, +9.877,+10.753,+0.943
1683738120,+3.45, +9.831,+10.768,+0.944
1683738180,+3.45, +9.739,+10.803,+0.943
1683738240,+3.45, +9.776,+10.788,+0.943
1683738300,+3.45, +9.767,+10.806,+0.944
1683738360,+3.45, +9.730,+10.810,+0.944
1683738420,+3.45, +9.758,+10.795,+0.944
1683738480,+3.45, +9.767,+10.781,+0.944
1683738540,+3.45, +9.730,+10.791,+0.944
1683738600,+3.45, +9.758,+10.758,+0.943
1683738660,+3.45, +9.703,+10.774,+0.944
1683738720,+3.45, +9.749,+10.759,+0.944
1683738780,+3.45, +9.758,+10.752,+0.944
1683738840,+3.45, +9.767,+10.751,+0.943
1683738900,+3.45, +9.721,+10.768,+0.944
1683738960,+3.45, +9.684,+10.764,+0.944
1683739020,+3.45, +9.620,+10.789,+0.944
1683739080,+3.45, +9.620,+10.818,+0.944
1683739140,+3.45, +9.592,+10.835,+0.944
1683739200,+3.45, +9.620,+10.822,+0.944
1683739260,+3.45, +9.565,+10.825,+0.943
1683739320,+3.45, +9.555,+10.829,+0.944
1683739380,+3.45, +9.583,+10.819,+0.944
1683739440,+3.45, +9.555,+10.826,+0.944
1683739500,+3.45, +9.537,+10.828,+0.944
1683739560,+3.45, +9.555,+10.806,+0.944
1683739620,+3.45, +9.528,+10.806,+0.944
1683739680,+3.45, +9.574,+10.803,+0.944
1683739740,+3.45, +9.555,+10.813,+0.944
1683739800,+3.45, +9.546,+10.808,+0.944
1683739860,+3.45, +9.546,+10.785,+0.944
1683739920,+3.45, +9.555,+10.772,+0.944
1683739980,+3.45, +9.574,+10.717,+0.943
1683740040,+3.45, +9.473,+10.765,+0.944
1683740100,+3.45, +9.445,+10.753,+0.943
1683740160,+3.45, +9.473,+10.731,+0.944
1683740220,+3.45, +9.343,+10.762,+0.944
1683740280,+3.45, +9.334,+10.780,+0.945
1683740340,+3.45, +9.352,+10.746,+0.943
1683740400,+3.45, +9.343,+10.744,+0.944
1683740460,+3.45, +9.297,+10.754,+0.944
1683740520,+3.45, +9.223,+10.758,+0.943
1683740580,+3.45, +9.260,+10.736,+0.944
1683740640,+3.45, +9.278,+10.710,+0.944
1683740700,+3.45, +9.260,+10.685,+0.944
1683740760,+3.45, +9.251,+10.688,+0.944
1683740820,+3.45, +9.232,+10.684,+0.944
1683740880,+3.45, +9.195,+10.695,+0.944
1683740940,+3.45, +9.214,+10.671,+0.944
1683741000,+3.45, +9.158,+10.677,+0.944
1683741060,+3.45, +9.186,+10.666,+0.944
1683741120,+3.45, +9.121,+10.702,+0.944
1683741180,+3.45, +9.130,+10.683,+0.944
1683741240,+3.45, +9.223,+10.636,+0.944
1683741300,+3.45, +9.112,+10.672,+0.944
1683741360,+3.45, +9.102,+10.679,+0.944
1683741420,+3.45, +9.075,+10.692,+0.944
1683741480,+3.45, +9.065,+10.672,+0.944
1683741540,+3.45, +9.065,+10.662,+0.944
1683741600,+3.45, +9.065,+10.635,+0.943
1683741660,+3.45, +9.075,+10.603,+0.944
1683741720,+3.45, +9.056,+10.582,+0.944
1683741780,+3.45, +9.019,+10.573,+0.944
1683741840,+3.45, +9.000,+10.552,+0.944
1683741900,+3.45, +9.010,+10.519,+0.943
1683741960,+3.45, +8.982,+10.516,+0.943
1683742020,+3.45, +9.010,+10.503,+0.943
1683742080,+3.45, +9.028,+10.501,+0.944
1683742140,+3.45, +8.926,+10.540,+0.945
1683742200,+3.45, +8.982,+10.499,+0.944
1683742260,+3.45, +8.954,+10.484,+0.943
1683742320,+3.45, +9.000,+10.471,+0.944
1683742380,+3.45, +8.944,+10.482,+0.944
1683742440,+3.45, +8.917,+10.504,+0.944
1683742500,+3.45, +8.907,+10.501,+0.944
1683742560,+3.45, +8.963,+10.474,+0.944
1683742620,+3.45, +8.944,+10.486,+0.944
1683742680,+3.45, +8.954,+10.478,+0.944
1683742740,+3.45, +8.870,+10.495,+0.944
1683742800,+3.45, +8.833,+10.500,+0.944
1683742860,+3.45, +8.907,+10.459,+0.944
1683742920,+3.45, +8.917,+10.472,+0.944
1683742980,+3.45, +8.879,+10.485,+0.944
1683743040,+3.45, +8.851,+10.516,+0.944
1683743100,+3.45, +8.898,+10.485,+0.944
1683743160,+3.45, +8.851,+10.501,+0.944
1683743220,+3.45, +8.879,+10.467,+0.944
1683743280,+3.45, +8.898,+10.451,+0.944
1683743340,+3.45, +8.851,+10.483,+0.944
1683743400,+3.45, +8.917,+10.445,+0.944
1683743460,+3.45, +8.889,+10.438,+0.944
1683743520,+3.45, +8.926,+10.409,+0.944
1683743580,+3.45, +8.851,+10.406,+0.944
1683743640,+3.45, +8.842,+10.379,+0.944
1683743700,+3.45, +8.823,+10.364,+0.944
1683743760,+3.45, +8.786,+10.363,+0.944
1683743820,+3.45, +8.739,+10.361,+0.944
1683743880,+3.45, +8.795,+10.311,+0.944
1683743940,+3.45, +8.805,+10.280,+0.943
1683744000,+3.45, +8.702,+10.286,+0.944
1683744060,+3.45, +8.702,+10.255,+0.944
1683744120,+3.45, +8.646,+10.250,+0.943
1683744180,+3.45, +8.683,+10.233,+0.944
1683744240,+3.45, +8.683,+10.218,+0.943
1683744300,+3.45, +8.646,+10.222,+0.944
1683744360,+3.45, +8.618,+10.215,+0.943
1683744420,+3.45, +8.637,+10.203,+0.943
1683744480,+3.45, +8.609,+10.215,+0.943
1683744540,+3.45, +8.665,+10.188,+0.943
1683744600,+3.45, +8.674,+10.173,+0.943
1683744660,+3.45, +8.665,+10.185,+0.943
1683744720,+3.45, +8.665,+10.170,+0.943
1683744780,+3.45, +8.702,+10.143,+0.943
1683744840,+3.45, +8.693,+10.146,+0.943
1683744900,+3.45, +8.683,+10.153,+0.943
1683744960,+3.45, +8.702,+10.156,+0.943
1683745020,+3.45, +8.683,+10.169,+0.944
1683745080,+3.45, +8.674,+10.163,+0.944
1683745140,+3.45, +8.646,+10.166,+0.943
1683745200,+3.45, +8.665,+10.171,+0.944
1683745260,+3.45, +8.702,+10.156,+0.943
1683745320,+3.45, +8.693,+10.159,+0.944
1683745380,+3.45, +8.627,+10.176,+0.943
1683745440,+3.45, +8.655,+10.171,+0.944
1683745500,+3.45, +8.702,+10.156,+0.943
1683745560,+3.45, +8.674,+10.223,+0.944
1683745620,+3.45, +8.711,+10.232,+0.944
1683745680,+3.45, +8.683,+10.239,+0.944
1683745740,+3.45, +8.609,+10.259,+0.944
1683745800,+3.45, +8.683,+10.214,+0.943
1683745860,+3.45, +8.665,+10.193,+0.943
1683745920,+3.45, +8.665,+10.177,+0.944
1683745980,+3.45, +8.683,+10.154,+0.943
1683746040,+3.45, +8.637,+10.160,+0.944
1683746100,+3.45, +8.665,+10.133,+0.944
1683746160,+3.45, +8.674,+10.113,+0.943
1683746220,+3.45, +8.655,+10.117,+0.943
1683746280,+3.45, +8.655,+10.115,+0.944
1683746340,+3.45, +8.674,+10.095,+0.944
1683746400,+3.45, +8.655,+10.096,+0.944
1683746460,+3.45, +8.721,+10.072,+0.943
1683746520,+3.45, +8.758,+10.061,+0.943
1683746580,+3.45, +8.730,+10.125,+0.944
1683746640,+3.45, +8.879,+10.134,+0.944
1683746700,+3.45, +9.241,+10.449,+0.945
1683746760,+3.45, +9.694,+10.499,+0.945
1683746820,+3.45,+10.051,+10.645,+0.945
1683746880,+3.45,+10.334,+10.825,+0.945
1683746940,+3.45,+10.634,+10.971,+0.946
1683747000,+3.45,+10.878,+11.089,+0.946
1683747060,+3.45,+11.041,+11.223,+0.946
1683747120,+3.45,+11.221,+11.266,+0.946
1683747180,+3.45,+11.383,+11.306,+0.946
1683747240,+3.45,+11.544,+11.262,+0.945
1683747300,+3.45,+11.589,+11.261,+0.945
1683747360,+3.45,+11.266,+10.275,+0.940
1683747420,+3.45,+10.389,+10.187,+0.943
1683747480,+3.45,+10.261,+10.233,+0.943
1683747540,+3.45,+10.170,+10.219,+0.943
1683747600,+3.45,+10.005,+10.251,+0.942
1683747660,+3.45,+10.097,+10.356,+0.943
1683747720,+3.45,+10.298,+10.553,+0.944
1683747780,+3.45,+10.561,+10.730,+0.944
1683747840,+3.45,+10.706,+10.856,+0.944
1683747900,+3.45,+10.869,+10.864,+0.944
1683747960,+3.45,+10.960,+10.884,+0.945
1683748020,+3.45,+11.041,+10.881,+0.944
1683748080,+3.45,+11.050,+10.769,+0.943
1683748140,+3.45,+10.607,+10.833,+0.944
1683748200,+3.45,+10.869,+10.847,+0.945
1683748260,+3.45,+10.969,+10.962,+0.944
1683748320,+3.45,+11.059,+11.114,+0.945
1683748380,+3.45,+11.194,+11.175,+0.945
1683748440,+3.45,+11.257,+11.209,+0.944
1683748500,+3.45,+11.284,+11.243,+0.945
1683748560,+3.45,+11.266,+11.064,+0.944
1683748620,+3.45,+10.869,+11.172,+0.944
1683748680,+3.45,+11.050,+11.191,+0.944
1683748740,+3.45,+11.122,+11.207,+0.944
1683748800,+3.45,+11.203,+11.157,+0.944
1683748860,+3.45,+11.266,+11.126,+0.944
1683748920,+3.45,+11.284,+11.167,+0.944
1683748980,+3.45,+11.293,+11.168,+0.944
1683749040,+3.45,+11.338,+11.148,+0.944
1683749100,+3.45,+11.320,+11.145,+0.944
1683749160,+3.45,+11.329,+11.120,+0.944
1683749220,+3.45,+11.329,+11.120,+0.944
1683749280,+3.45,+11.374,+11.113,+0.944
1683749340,+3.45,+11.338,+11.203,+0.944
1683749400,+3.45,+11.338,+11.230,+0.944
1683749460,+3.45,+11.329,+11.264,+0.944
1683749520,+3.45,+11.338,+11.288,+0.944
1683749580,+3.45,+11.284,+11.337,+0.945
1683749640,+3.45,+11.356,+11.321,+0.944
1683749700,+3.45,+11.266,+11.201,+0.944
1683749760,+3.45,+11.149,+10.903,+0.943
1683749820,+3.45,+10.978,+10.767,+0.943
1683749880,+3.45,+10.833,+10.764,+0.943
1683749940,+3.45,+10.797,+10.737,+0.943
1683750000,+3.45,+10.715,+10.768,+0.943
1683750060,+3.45,+10.679,+10.813,+0.944
1683750120,+3.45,+10.788,+10.781,+0.944
1683750180,+3.45,+10.815,+10.783,+0.943
1683750240,+3.45,+10.887,+10.810,+0.944
1683750300,+3.45,+10.851,+10.844,+0.944
1683750360,+3.45,+10.960,+10.820,+0.944
1683750420,+3.45,+11.014,+10.804,+0.944
1683750480,+3.45,+10.996,+10.828,+0.944
1683750540,+3.45,+11.023,+10.863,+0.944
1683750600,+3.45,+11.032,+10.721,+0.942
1683750660,+3.45,+10.661,+10.319,+0.943
1683750720,+3.45,+10.370,+10.320,+0.942
1683750780,+3.45,+10.170,+10.409,+0.942
1683750840,+3.45,+10.060,+10.454,+0.943
1683750900,+3.45,+10.079,+10.456,+0.943
1683750960,+3.45, +9.978,+10.530,+0.943
1683751020,+3.45,+10.033,+10.540,+0.944
1683751080,+3.45,+10.143,+10.552,+0.943
1683751140,+3.45,+10.234,+10.559,+0.944
1683751200,+3.45,+10.334,+10.604,+0.944
1683751260,+3.45,+10.489,+10.598,+0.944
1683751320,+3.45,+10.516,+10.611,+0.944
1683751380,+3.45,+10.543,+10.622,+0.944
1683751440,+3.45,+10.598,+10.609,+0.943
1683751500,+3.45,+10.470,+10.665,+0.944
1683751560,+3.45,+10.425,+10.640,+0.944
1683751620,+3.45,+10.443,+10.646,+0.944
1683751680,+3.45,+10.361,+10.647,+0.943
1683751740,+3.45,+10.261,+10.544,+0.943
1683751800,+3.45,+10.179,+10.476,+0.943
1683751860,+3.45,+10.115,+10.508,+0.943
1683751920,+3.45,+10.115,+10.516,+0.943
1683751980,+3.45,+10.143,+10.534,+0.944
1683752040,+3.45,+10.188,+10.504,+0.943
1683752100,+3.45,+10.216,+10.496,+0.943
1683752160,+3.45,+10.170,+10.421,+0.943
1683752220,+3.45,+10.060,+10.434,+0.943
1683752280,+3.45,+10.051,+10.464,+0.944
1683752340,+3.45,+10.225,+10.501,+0.944
1683752400,+3.45,+10.161,+10.477,+0.944
1683752460,+3.45,+10.097,+10.398,+0.943
1683752520,+3.45, +9.996,+10.408,+0.943
1683752580,+3.45,+10.069,+10.485,+0.944
1683752640,+3.45,+10.343,+10.527,+0.944
1683752700,+3.45,+10.552,+10.579,+0.944
1683752760,+3.45,+10.752,+10.556,+0.944
1683752820,+3.45,+10.416,+10.340,+0.943
1683752880,+3.45,+10.097,+10.415,+0.943
1683752940,+3.45,+10.024,+10.401,+0.943
1683753000,+3.45, +9.941,+10.393,+0.943
1683753060,+3.45, +9.969,+10.391,+0.943
1683753120,+3.45,+10.069,+10.444,+0.944
1683753180,+3.45,+10.334,+10.430,+0.944
1683753240,+3.45,+10.389,+10.361,+0.943
1683753300,+3.45,+10.079,+10.238,+0.942
1683753360,+3.45, +9.804,+10.171,+0.942
1683753420,+3.45, +9.574,+10.254,+0.943
1683753480,+3.45, +9.482,+10.328,+0.943
1683753540,+3.45, +9.500,+10.398,+0.943
1683753600,+3.45, +9.482,+10.422,+0.943
1683753660,+3.45, +9.509,+10.409,+0.943
1683753720,+3.45, +9.463,+10.413,+0.943
1683753780,+3.45, +9.509,+10.407,+0.943
1683753840,+3.45, +9.574,+10.373,+0.943
1683753900,+3.45, +9.509,+10.372,+0.943
1683753960,+3.45, +9.473,+10.374,+0.944
1683754020,+3.45, +9.473,+10.371,+0.943
1683754080,+3.45, +9.389,+10.416,+0.944
1683754140,+3.45, +9.417,+10.376,+0.943
1683754200,+3.45, +9.399,+10.339,+0.943
1683754260,+3.45, +9.362,+10.327,+0.943
1683754320,+3.45, +9.325,+10.346,+0.943
1683754380,+3.45, +9.251,+10.368,+0.943
1683754440,+3.45, +9.288,+10.355,+0.943
1683754500,+3.45, +9.315,+10.360,+0.943
1683754560,+3.45, +9.278,+10.371,+0.944
1683754620,+3.45, +9.297,+10.353,+0.944
1683754680,+3.45, +9.343,+10.328,+0.943
1683754740,+3.45, +9.352,+10.323,+0.944
1683754800,+3.45, +9.408,+10.308,+0.944
1683754860,+3.45, +9.389,+10.303,+0.944
1683754920,+3.45, +9.463,+10.281,+0.944
1683754980,+3.45, +9.491,+10.288,+0.944
1683755040,+3.45, +9.555,+10.284,+0.944
1683755100,+3.45, +9.592,+10.248,+0.943
1683755160,+3.45, +9.666,+10.260,+0.944
1683755220,+3.45, +9.850,+10.219,+0.944
1683755280,+3.45, +9.932,+10.092,+0.943
1683755340,+3.45, +9.629,+10.050,+0.943
1683755400,+3.45, +9.399,+10.074,+0.943
1683755460,+3.45, +9.325,+10.068,+0.943
1683755520,+3.45, +9.288,+10.060,+0.943
1683755580,+3.45, +9.260,+10.013,+0.943
1683755640,+3.45, +9.195, +9.989,+0.943
1683755700,+3.45, +9.102, +9.992,+0.943
1683755760,+3.45, +9.102, +9.982,+0.943
1683755820,+3.45, +9.047, +9.977,+0.943
1683755880,+3.45, +9.084, +9.953,+0.943
1683755940,+3.45, +9.065, +9.950,+0.943
1683756000,+3.45, +9.075, +9.931,+0.943
1683756060,+3.45, +9.084, +9.927,+0.943
1683756120,+3.45, +9.065, +9.946,+0.943
1683756180,+3.45, +9.084, +9.973,+0.944
1683756240,+3.45, +9.047,+10.007,+0.944
1683756300,+3.45, +9.140, +9.977,+0.943
1683756360,+3.45, +9.121,+10.003,+0.943
1683756420,+3.45, +9.075,+10.037,+0.943
1683756480,+3.45, +9.149,+10.015,+0.943
1683756540,+3.45, +9.167,+10.016,+0.943
1683756600,+3.45, +9.167,+10.018,+0.943
1683756660,+3.45, +9.149,+10.033,+0.943
1683756720,+3.45, +9.251,+10.019,+0.943
1683756780,+3.45, +9.251,+10.079,+0.944
1683756840,+3.45, +9.278,+10.082,+0.943
1683756900,+3.45, +9.251,+10.115,+0.944
1683756960,+3.45, +9.241,+10.148,+0.943
1683757020,+3.45, +9.223,+10.213,+0.944
1683757080,+3.45, +9.232,+10.220,+0.943
1683757140,+3.45, +9.214,+10.235,+0.944
1683757200,+3.45, +9.195,+10.241,+0.944
1683757260,+3.45, +9.186,+10.211,+0.943
1683757320,+3.45, +9.186,+10.196,+0.943
1683757380,+3.45, +9.140,+10.202,+0.944
1683757440,+3.45, +9.121,+10.175,+0.943
1683757500,+3.45, +9.093,+10.172,+0.944
1683757560,+3.45, +9.112,+10.112,+0.944
1683757620,+3.45, +9.037,+10.106,+0.943
1683757680,+3.45, +9.047,+10.054,+0.943
1683757740,+3.45, +9.028,+10.027,+0.943
1683757800,+3.45, +8.991, +9.988,+0.943
1683757860,+3.45, +9.028, +9.943,+0.943
1683757920,+3.45, +9.028, +9.921,+0.943
1683757980,+3.45, +9.056, +9.896,+0.943
1683758040,+3.45, +9.037, +9.897,+0.943
1683758100,+3.45, +9.093, +9.873,+0.943
1683758160,+3.45, +9.121, +9.859,+0.943
1683758220,+3.45, +9.065, +9.880,+0.943
1683758280,+3.45, +9.056, +9.925,+0.943
1683758340,+3.45, +9.075,+10.026,+0.943
1683758400,+3.45, +9.084,+10.184,+0.943
1683758460,+3.45, +9.121,+10.288,+0.944
1683758520,+3.45, +9.140,+10.321,+0.943
1683758580,+3.45, +9.112,+10.385,+0.944
1683758640,+3.45, +9.167,+10.360,+0.944
1683758700,+3.45, +9.140,+10.355,+0.944
1683758760,+3.45, +9.130,+10.370,+0.944
1683758820,+3.45, +9.121,+10.384,+0.944
1683758880,+3.45, +9.130,+10.366,+0.943
1683758940,+3.45, +9.056,+10.379,+0.944
1683759000,+3.45, +9.149,+10.330,+0.944
1683759060,+3.45, +9.204,+10.275,+0.943
1683759120,+3.45, +9.102,+10.258,+0.943
1683759180,+3.45, +9.075, +9.959,+0.943
1683759240,+3.45, +8.944, +9.754,+0.943
1683759300,+3.45, +8.786, +9.721,+0.943
1683759360,+3.45, +8.786, +9.708,+0.942
1683759420,+3.45, +8.739, +9.736,+0.943
1683759480,+3.45, +8.683, +9.755,+0.943
1683759540,+3.45, +8.599, +9.775,+0.943
1683759600,+3.45, +8.637, +9.765,+0.943
1683759660,+3.45, +8.730, +9.762,+0.943
1683759720,+3.45, +8.739, +9.778,+0.943
1683759780,+3.45, +8.777, +9.816,+0.943
1683759840,+3.45, +8.739, +9.837,+0.943
1683759900,+3.45, +8.702, +9.835,+0.944
1683759960,+3.45, +8.795, +9.778,+0.943
1683760020,+3.45, +8.786, +9.780,+0.943
1683760080,+3.45, +8.814, +9.765,+0.943
1683760140,+3.45, +8.823, +9.758,+0.943
1683760200,+3.45, +8.833, +9.744,+0.943
1683760260,+3.45, +8.861, +9.748,+0.943
1683760320,+3.45, +8.889, +9.746,+0.943
1683760380,+3.45, +8.898, +9.746,+0.943
1683760440,+3.45, +8.935, +9.755,+0.943
1683760500,+3.45, +8.954, +9.778,+0.943
1683760560,+3.45, +8.982, +9.855,+0.943
1683760620,+3.45, +8.972, +9.954,+0.943
1683760680,+3.45, +8.963,+10.027,+0.943
1683760740,+3.45, +8.963,+10.067,+0.943
1683760800,+3.45, +9.000,+10.071,+0.943
1683760860,+3.45, +8.982,+10.103,+0.944
1683760920,+3.45, +8.972,+10.112,+0.944
1683760980,+3.45, +8.889,+10.158,+0.944
1683761040,+3.45, +8.972,+10.114,+0.943
1683761100,+3.45, +8.963,+10.112,+0.943
1683761160,+3.45, +8.991,+10.095,+0.943
1683761220,+3.45, +8.917,+10.112,+0.943
1683761280,+3.45, +8.954,+10.096,+0.944
1683761340,+3.45, +8.944,+10.076,+0.943
1683761400,+3.45, +8.898,+10.071,+0.943
1683761460,+3.45, +8.954,+10.015,+0.943
1683761520,+3.45, +8.954, +9.998,+0.943
1683761580,+3.45, +8.879,+10.010,+0.944
1683761640,+3.45, +8.879, +9.988,+0.943
1683761700,+3.45, +8.907, +9.964,+0.943
1683761760,+3.45, +8.907, +9.953,+0.943
1683761820,+3.45, +8.879, +9.977,+0.944
1683761880,+3.45, +8.944, +9.950,+0.943
1683761940,+3.45, +8.954, +9.975,+0.943
1683762000,+3.45, +8.935,+10.025,+0.943
1683762060,+3.45, +8.982,+10.037,+0.943
1683762120,+3.45, +8.972,+10.090,+0.944
1683762180,+3.45, +8.954,+10.152,+0.944
1683762240,+3.45, +8.991,+10.168,+0.944
1683762300,+3.45, +8.972,+10.204,+0.944
1683762360,+3.45, +8.944,+10.221,+0.944
1683762420,+3.45, +8.963,+10.212,+0.944
1683762480,+3.45, +9.019,+10.166,+0.943
1683762540,+3.45, +8.954,+10.181,+0.944
1683762600,+3.45, +8.991,+10.169,+0.944
1683762660,+3.45, +9.047,+10.142,+0.944
1683762720,+3.45, +8.991,+10.172,+0.944
1683762780,+3.45, +9.019,+10.167,+0.944
1683762840,+3.45, +9.019,+10.169,+0.943
1683762900,+3.45, +9.056,+10.162,+0.943
1683762960,+3.45, +9.000,+10.201,+0.944
1683763020,+3.45, +9.037,+10.193,+0.944
1683763080,+3.45, +9.047,+10.204,+0.944
1683763140,+3.45, +9.093,+10.198,+0.944
1683763200,+3.45, +9.056,+10.225,+0.943
1683763260,+3.45, +9.056,+10.230,+0.944
1683763320,+3.45, +9.075,+10.222,+0.944
1683763380,+3.45, +9.065,+10.220,+0.944
1683763440,+3.45, +9.075,+10.224,+0.944
1683763500,+3.45, +9.112,+10.227,+0.944
1683763560,+3.45, +9.084,+10.273,+0.944
1683763620,+3.45, +9.037,+10.327,+0.943
1683763680,+3.45, +9.093,+10.320,+0.944
1683763740,+3.45, +9.102,+10.328,+0.944
1683763800,+3.45, +9.121,+10.334,+0.944
1683763860,+3.45, +9.102,+10.340,+0.944
1683763920,+3.45, +9.140,+10.340,+0.944
1683763980,+3.45, +9.084,+10.376,+0.943
1683764040,+3.45, +9.140,+10.370,+0.944
1683764100,+3.45, +9.130,+10.393,+0.944
1683764160,+3.45, +9.158,+10.399,+0.944
1683764220,+3.45, +9.158,+10.427,+0.944
1683764280,+3.45, +9.149,+10.442,+0.944
1683764340,+3.45, +9.140,+10.460,+0.944
1683764400,+3.45, +9.214,+10.428,+0.944
1683764460,+3.45, +9.195,+10.432,+0.944
1683764520,+3.45, +9.195,+10.412,+0.943
1683764580,+3.45, +9.158,+10.415,+0.944
1683764640,+3.45, +9.177,+10.393,+0.944
1683764700,+3.45, +9.204,+10.351,+0.943
1683764760,+3.45, +9.214,+10.341,+0.944
1683764820,+3.45, +9.232,+10.314,+0.944
1683764880,+3.45, +9.278,+10.270,+0.943
1683764940,+3.45, +9.241,+10.282,+0.944
1683765000,+3.45, +9.269,+10.259,+0.944
1683765060,+3.45, +9.297,+10.256,+0.944
1683765120,+3.45, +9.251,+10.267,+0.944
1683765180,+3.45, +9.325,+10.233,+0.944
1683765240,+3.45, +9.260,+10.269,+0.944
1683765300,+3.45, +9.315,+10.254,+0.944
1683765360,+3.45, +9.325,+10.262,+0.944
1683765420,+3.45, +9.325,+10.281,+0.944
1683765480,+3.45, +9.334,+10.296,+0.944
1683765540,+3.45, +9.334,+10.320,+0.944
1683765600,+3.45, +9.352,+10.349,+0.943
1683765660,+3.45, +9.371,+10.369,+0.944
1683765720,+3.45, +9.371,+10.381,+0.944
1683765780,+3.45, +9.334,+10.405,+0.944
1683765840,+3.45, +9.399,+10.376,+0.943
1683765900,+3.45, +9.362,+10.400,+0.944
1683765960,+3.45, +9.343,+10.414,+0.944
1683766020,+3.45, +9.343,+10.421,+0.944
1683766080,+3.45, +9.325,+10.427,+0.944
1683766140,+3.45, +9.343,+10.436,+0.944
1683766200,+3.45, +9.389,+10.414,+0.944
1683766260,+3.45, +9.380,+10.423,+0.944
1683766320,+3.45, +9.380,+10.451,+0.944
1683766380,+3.45, +9.399,+10.447,+0.943
1683766440,+3.45, +9.399,+10.476,+0.944
1683766500,+3.45, +9.389,+10.486,+0.944
1683766560,+3.45, +9.417,+10.456,+0.943
1683766620,+3.45, +9.380,+10.469,+0.944
1683766680,+3.45, +9.426,+10.439,+0.943
1683766740,+3.45, +9.408,+10.450,+0.944
1683766800,+3.45, +9.362,+10.458,+0.943
1683766860,+3.45, +9.417,+10.440,+0.944
1683766920,+3.45, +9.371,+10.446,+0.944
1683766980,+3.45, +9.426,+10.420,+0.944
1683767040,+3.45, +9.408,+10.418,+0.944
1683767100,+3.45, +9.473,+10.382,+0.943
1683767160,+3.45, +9.482,+10.374,+0.943
1683767220,+3.45, +9.399,+10.407,+0.944
1683767280,+3.45, +9.454,+10.386,+0.944
1683767340,+3.45, +9.426,+10.418,+0.944
1683767400,+3.45, +9.454,+10.399,+0.944
1683767460,+3.45, +9.426,+10.434,+0.944
1683767520,+3.45, +9.426,+10.478,+0.944
1683767580,+3.45, +9.463,+10.528,+0.944
1683767640,+3.45, +9.473,+10.575,+0.944
1683767700,+3.45, +9.473,+10.603,+0.944
1683767760,+3.45, +9.436,+10.655,+0.944
1683767820,+3.45, +9.509,+10.628,+0.944
1683767880,+3.45, +9.482,+10.655,+0.944
1683767940,+3.45, +9.555,+10.599,+0.943
1683768000,+3.45, +9.491,+10.640,+0.944
1683768060,+3.45, +9.638,+10.573,+0.943
1683768120,+3.45, +9.638,+10.590,+0.944
1683768180,+3.45, +9.712,+10.573,+0.944
1683768240,+3.45, +9.712,+10.576,+0.944
1683768300,+3.45, +9.767,+10.561,+0.944
1683768360,+3.45, +9.767,+10.569,+0.944
1683768420,+3.45, +9.804,+10.555,+0.944
1683768480,+3.45, +9.831,+10.576,+0.944
1683768540,+3.45, +9.886,+10.589,+0.944
1683768600,+3.45, +9.822,+10.644,+0.944
1683768660,+3.45, +9.822,+10.658,+0.944
1683768720,+3.45, +9.822,+10.656,+0.944
1683768780,+3.45, +9.795,+10.656,+0.944
1683768840,+3.45, +9.850,+10.641,+0.944
1683768900,+3.45, +9.850,+10.623,+0.944
1683768960,+3.45, +9.840,+10.632,+0.944
1683769020,+3.45, +9.804,+10.651,+0.944
1683769080,+3.45, +9.813,+10.664,+0.944
1683769140,+3.45, +9.840,+10.652,+0.944
1683769200,+3.45, +9.859,+10.649,+0.944
1683769260,+3.45, +9.905,+10.640,+0.944
1683769320,+3.45, +9.831,+10.665,+0.944
1683769380,+3.45, +9.905,+10.640,+0.944
1683769440,+3.45, +9.785,+10.677,+0.944
1683769500,+3.45, +9.840,+10.647,+0.944
1683769560,+3.45, +9.831,+10.633,+0.944
1683769620,+3.45, +9.859,+10.625,+0.944
1683769680,+3.45, +9.850,+10.630,+0.944
1683769740,+3.45, +9.895,+10.602,+0.944
1683769800,+3.45, +9.905,+10.617,+0.944
1683769860,+3.45, +9.868,+10.630,+0.944
1683769920,+3.45, +9.859,+10.640,+0.944
1683769980,+3.45, +9.914,+10.614,+0.944
1683770040,+3.45, +9.914,+10.632,+0.944
1683770100,+3.45, +9.868,+10.659,+0.944
1683770160,+3.45, +9.850,+10.708,+0.944
1683770220,+3.45, +9.840,+10.714,+0.944
1683770280,+3.45, +9.850,+10.710,+0.944
1683770340,+3.45, +9.840,+10.712,+0.944
1683770400,+3.45, +9.831,+10.733,+0.944
1683770460,+3.45, +9.822,+10.757,+0.944
1683770520,+3.45, +9.804,+10.742,+0.944
1683770580,+3.45, +9.822,+10.672,+0.943
1683770640,+3.45, +9.758,+10.659,+0.944
1683770700,+3.45, +9.758,+10.636,+0.943
1683770760,+3.45, +9.795,+10.631,+0.944
1683770820,+3.45, +9.776,+10.614,+0.943
1683770880,+3.45, +9.767,+10.612,+0.944
1683770940,+3.45, +9.721,+10.631,+0.944
1683771000,+3.45, +9.739,+10.610,+0.944
1683771060,+3.45, +9.684,+10.634,+0.944
1683771120,+3.45, +9.758,+10.614,+0.944
1683771180,+3.45, +9.730,+10.608,+0.944
1683771240,+3.45, +9.739,+10.596,+0.944
1683771300,+3.45, +9.730,+10.589,+0.944
1683771360,+3.45, +9.712,+10.594,+0.944
1683771420,+3.45, +9.739,+10.598,+0.944
1683771480,+3.45, +9.675,+10.620,+0.944
1683771540,+3.45, +9.703,+10.601,+0.943
1683771600,+3.45, +9.739,+10.598,+0.944
1683771660,+3.45, +9.657,+10.633,+0.944
1683771720,+3.45, +9.675,+10.628,+0.944
1683771780,+3.45, +9.648,+10.647,+0.944
1683771840,+3.45, +9.648,+10.653,+0.944
1683771900,+3.45, +9.629,+10.659,+0.944
1683771960,+3.45, +9.629,+10.650,+0.944
1683772020,+3.45, +9.657,+10.631,+0.944
1683772080,+3.45, +9.666,+10.614,+0.944
1683772140,+3.45, +9.611,+10.619,+0.943
1683772200,+3.45, +9.602,+10.626,+0.944
1683772260,+3.45, +9.583,+10.628,+0.943
1683772320,+3.45, +9.565,+10.640,+0.944
1683772380,+3.45, +9.519,+10.637,+0.944
1683772440,+3.45, +9.583,+10.615,+0.944
1683772500,+3.45, +9.565,+10.629,+0.944
1683772560,+3.45, +9.537,+10.621,+0.944
1683772620,+3.45, +9.565,+10.612,+0.944
1683772680,+3.45, +9.519,+10.613,+0.944
1683772740,+3.45, +9.491,+10.621,+0.944
1683772800,+3.45, +9.565,+10.598,+0.944
1683772860,+3.45, +9.528,+10.620,+0.944
1683772920,+3.45, +9.482,+10.656,+0.944
1683772980,+3.45, +9.500,+10.651,+0.944
1683773040,+3.45, +9.537,+10.638,+0.944
1683773100,+3.45, +9.500,+10.668,+0.944
1683773160,+3.45, +9.537,+10.648,+0.943
1683773220,+3.45, +9.611,+10.624,+0.944
1683773280,+3.45, +9.491,+10.663,+0.944
1683773340,+3.45, +9.491,+10.646,+0.944
1683773400,+3.45, +9.519,+10.626,+0.943
1683773460,+3.45, +9.482,+10.641,+0.944
1683773520,+3.45, +9.500,+10.630,+0.944
1683773580,+3.45, +9.491,+10.641,+0.944
1683773640,+3.45, +9.528,+10.620,+0.944
1683773700,+3.45, +9.528,+10.617,+0.944
1683773760,+3.45, +9.546,+10.589,+0.944
1683773820,+3.45, +9.491,+10.612,+0.944
1683773880,+3.45, +9.555,+10.574,+0.944
1683773940,+3.45, +9.509,+10.573,+0.944
1683774000,+3.45, +9.509,+10.551,+0.944
1683774060,+3.45, +9.500,+10.525,+0.943
1683774120,+3.45, +9.473,+10.514,+0.943
1683774180,+3.45, +9.482,+10.483,+0.943
1683774240,+3.45, +9.408,+10.468,+0.943
1683774300,+3.45, +9.408,+10.409,+0.943
1683774360,+3.45, +9.334,+10.402,+0.943
1683774420,+3.45, +9.315,+10.382,+0.944
1683774480,+3.45, +9.232,+10.378,+0.943
1683774540,+3.45, +9.177,+10.373,+0.943
1683774600,+3.45, +9.214,+10.348,+0.944
1683774660,+3.45, +9.204,+10.331,+0.943
1683774720,+3.45, +9.167,+10.334,+0.943
1683774780,+3.45, +9.214,+10.299,+0.943
1683774840,+3.45, +9.241,+10.277,+0.943
1683774900,+3.45, +9.158,+10.304,+0.944
1683774960,+3.45, +9.177,+10.270,+0.944
1683775020,+3.45, +9.130,+10.275,+0.944
1683775080,+3.45, +9.093,+10.272,+0.943
1683775140,+3.45, +9.121,+10.259,+0.944
1683775200,+3.45, +9.093,+10.258,+0.944
1683775260,+3.45, +9.093,+10.235,+0.943
1683775320,+3.45, +9.084,+10.226,+0.943
1683775380,+3.45, +9.093,+10.216,+0.943
1683775440,+3.45, +9.065,+10.213,+0.943
1683775500,+3.45, +9.065,+10.203,+0.944
1683775560,+3.45, +9.056,+10.192,+0.943
1683775620,+3.45, +9.065,+10.183,+0.943
1683775680,+3.45, +9.065,+10.170,+0.943
1683775740,+3.45, +9.000,+10.196,+0.943
1683775800,+3.45, +9.028,+10.189,+0.944
1683775860,+3.45, +9.019,+10.191,+0.944
1683775920,+3.45, +9.019,+10.176,+0.943
1683775980,+3.45, +9.010,+10.185,+0.944
1683776040,+3.45, +9.037,+10.160,+0.943
1683776100,+3.45, +9.019,+10.168,+0.943
1683776160,+3.45, +9.028,+10.155,+0.943
1683776220,+3.45, +9.010,+10.175,+0.944
1683776280,+3.45, +9.010,+10.182,+0.944
1683776340,+3.45, +9.019,+10.178,+0.943
1683776400,+3.45, +9.028,+10.170,+0.943
1683776460,+3.45, +9.028,+10.185,+0.944
1683776520,+3.45, +9.000,+10.197,+0.944
1683776580,+3.45, +9.010,+10.205,+0.944
1683776640,+3.45, +8.972,+10.204,+0.943
1683776700,+3.45, +8.982,+10.200,+0.943
1683776760,+3.45, +9.010,+10.199,+0.944
1683776820,+3.45, +9.075,+10.165,+0.943
1683776880,+3.45, +9.010,+10.197,+0.944
1683776940,+3.45, +9.000,+10.196,+0.943
1683777000,+3.45, +9.019,+10.199,+0.944
1683777060,+3.45, +9.028,+10.198,+0.944
1683777120,+3.45, +8.954,+10.216,+0.943
1683777180,+3.45, +8.991,+10.199,+0.943
1683777240,+3.45, +9.010,+10.184,+0.943
1683777300,+3.45, +9.056,+10.176,+0.944
1683777360,+3.45, +8.991,+10.181,+0.943
1683777420,+3.45, +9.028,+10.166,+0.944
1683777480,+3.45, +9.047,+10.146,+0.943
1683777540,+3.45, +9.037,+10.164,+0.944
1683777600,+3.45, +9.047,+10.159,+0.944
1683777660,+3.45, +9.010,+10.161,+0.943
1683777720,+3.45, +9.028,+10.147,+0.943
1683777780,+3.45, +8.982,+10.174,+0.944
1683777840,+3.45, +9.028,+10.152,+0.944
1683777900,+3.45, +9.019,+10.133,+0.944
1683777960,+3.45, +9.000,+10.121,+0.944
1683778020,+3.45, +9.028,+10.111,+0.944
1683778080,+3.45, +9.084,+10.085,+0.944
1683778140,+3.45, +9.140,+10.094,+0.944
1683778200,+3.45, +9.177,+10.092,+0.943
1683778260,+3.45, +9.214,+10.147,+0.943
1683778320,+3.45, +9.269,+10.153,+0.943
1683778380,+3.45, +9.232,+10.232,+0.944
1683778440,+3.45, +9.269,+10.268,+0.944
1683778500,+3.45, +9.334,+10.262,+0.944
1683778560,+3.45, +9.334,+10.272,+0.944
1683778620,+3.45, +9.306,+10.285,+0.944
1683778680,+3.45, +9.343,+10.277,+0.944
1683778740,+3.45, +9.380,+10.247,+0.943
1683778800,+3.45, +9.362,+10.262,+0.944
1683778860,+3.45, +9.389,+10.248,+0.943
1683778920,+3.45, +9.380,+10.262,+0.944
1683778980,+3.45, +9.371,+10.259,+0.943
1683779040,+3.45, +9.417,+10.248,+0.944
1683779100,+3.45, +9.399,+10.285,+0.944
1683779160,+3.45, +9.445,+10.279,+0.944
1683779220,+3.45, +9.399,+10.303,+0.944
1683779280,+3.45, +9.426,+10.293,+0.944
1683779340,+3.45, +9.445,+10.274,+0.944
1683779400,+3.45, +9.426,+10.267,+0.943
1683779460,+3.45, +9.380,+10.284,+0.944
1683779520,+3.45, +9.426,+10.264,+0.944
1683779580,+3.45, +9.408,+10.266,+0.944
1683779640,+3.45, +9.445,+10.238,+0.943
1683779700,+3.45, +9.436,+10.256,+0.944
1683779760,+3.45, +9.426,+10.268,+0.944
1683779820,+3.45, +9.426,+10.282,+0.944
1683779880,+3.45, +9.436,+10.274,+0.943
1683779940,+3.45, +9.454,+10.264,+0.943
1683780000,+3.45, +9.436,+10.295,+0.943
1683780060,+3.45, +9.380,+10.326,+0.943
1683780120,+3.45, +9.371,+10.312,+0.944
1683780180,+3.45, +9.380,+10.295,+0.943
1683780240,+3.45, +9.362,+10.248,+0.944
1683780300,+3.45, +9.352,+10.198,+0.943
1683780360,+3.45, +9.352,+10.184,+0.943
1683780420,+3.45, +9.315,+10.185,+0.944
1683780480,+3.45, +9.306,+10.148,+0.943
1683780540,+3.45, +9.306,+10.096,+0.943
1683780600,+3.45, +9.232,+10.074,+0.943
1683780660,+3.45, +9.241,+10.043,+0.943
1683780720,+3.45, +9.130,+10.052,+0.943
1683780780,+3.45, +9.158,+10.033,+0.943
1683780840,+3.45, +9.121,+10.030,+0.943
1683780900,+3.45, +9.130,+10.026,+0.943
1683780960,+3.45, +9.112,+10.052,+0.943
1683781020,+3.45, +9.093,+10.060,+0.943
1683781080,+3.45, +9.102,+10.076,+0.943
1683781140,+3.45, +9.075,+10.125,+0.943
1683781200,+3.45, +9.084,+10.115,+0.943
1683781260,+3.45, +9.075,+10.112,+0.943
1683781320,+3.45, +9.093,+10.092,+0.943
1683781380,+3.45, +9.019,+10.106,+0.943
1683781440,+3.45, +9.112,+10.071,+0.943
1683781500,+3.45, +9.093,+10.065,+0.943
1683781560,+3.45, +9.093,+10.061,+0.943
1683781620,+3.45, +9.047,+10.097,+0.943
1683781680,+3.45, +9.065,+10.093,+0.943
1683781740,+3.45, +9.075,+10.093,+0.943
1683781800,+3.45, +9.065,+10.129,+0.944
1683781860,+3.45, +9.065,+10.139,+0.944
1683781920,+3.45, +9.019,+10.167,+0.944
1683781980,+3.45, +9.047,+10.180,+0.943
1683782040,+3.45, +9.084,+10.165,+0.943
1683782100,+3.45, +9.037,+10.189,+0.944
1683782160,+3.45, +9.075,+10.129,+0.943
1683782220,+3.45, +9.037,+10.136,+0.944
1683782280,+3.45, +9.019,+10.147,+0.943
1683782340,+3.45, +9.010,+10.201,+0.944
1683782400,+3.45, +9.028,+10.223,+0.944
1683782460,+3.45, +9.047,+10.243,+0.944
1683782520,+3.45, +9.028,+10.298,+0.944
1683782580,+3.45, +9.019,+10.343,+0.944
1683782640,+3.45, +9.019,+10.371,+0.944
1683782700,+3.45, +9.047,+10.390,+0.943
1683782760,+3.45, +9.010,+10.441,+0.944
1683782820,+3.45, +9.047,+10.453,+0.944
1683782880,+3.45, +8.991,+10.473,+0.943
1683782940,+3.45, +8.991,+10.487,+0.944
1683783000,+3.45, +9.010,+10.456,+0.944
1683783060,+3.45, +8.991,+10.425,+0.943
1683783120,+3.45, +9.019,+10.406,+0.944
1683783180,+3.45, +8.991,+10.406,+0.944
1683783240,+3.45, +8.972,+10.403,+0.944
1683783300,+3.45, +8.917,+10.423,+0.944
1683783360,+3.45, +8.954,+10.378,+0.943
1683783420,+3.45, +8.982,+10.366,+0.944
1683783480,+3.45, +9.037,+10.340,+0.943
1683783540,+3.45, +8.972,+10.373,+0.944
1683783600,+3.45, +8.982,+10.377,+0.944
1683783660,+3.45, +8.917,+10.393,+0.944
1683783720,+3.45, +8.963,+10.362,+0.944
1683783780,+3.45, +8.944,+10.360,+0.944
1683783840,+3.45, +9.000,+10.326,+0.944
1683783900,+3.45, +8.963,+10.341,+0.944
1683783960,+3.45, +8.991,+10.313,+0.943
1683784020,+3.45, +8.935,+10.337,+0.944
1683784080,+3.45, +8.972,+10.304,+0.943
1683784140,+3.45, +8.944,+10.313,+0.944
1683784200,+3.45, +8.944,+10.304,+0.944
1683784260,+3.45, +8.917,+10.306,+0.943
1683784320,+3.45, +8.954,+10.285,+0.943
1683784380,+3.45, +8.963,+10.268,+0.943
1683784440,+3.45, +8.954,+10.278,+0.944
1683784500,+3.45, +8.907,+10.286,+0.943
1683784560,+3.45, +8.972,+10.258,+0.943
1683784620,+3.45, +8.944,+10.279,+0.944
1683784680,+3.45, +8.935,+10.281,+0.943
1683784740,+3.45, +8.907,+10.290,+0.943
1683784800,+3.45, +8.963,+10.268,+0.943
1683784860,+3.45, +8.944,+10.276,+0.943
1683784920,+3.45, +8.982,+10.278,+0.944
1683784980,+3.45, +8.982,+10.279,+0.944
1683785040,+3.45, +8.926,+10.293,+0.943
1683785100,+3.45, +8.991,+10.276,+0.944
1683785160,+3.45, +9.000,+10.276,+0.944
1683785220,+3.45, +8.944,+10.300,+0.943
1683785280,+3.45, +8.898,+10.326,+0.944
1683785340,+3.45, +8.926,+10.304,+0.944
1683785400,+3.45, +8.898,+10.309,+0.944
1683785460,+3.45, +9.000,+10.268,+0.944
1683785520,+3.45, +8.935,+10.299,+0.944
1683785580,+3.45, +8.972,+10.279,+0.944
1683785640,+3.45, +8.982,+10.274,+0.944
1683785700,+3.45, +8.963,+10.309,+0.943
1683785760,+3.45, +8.944,+10.315,+0.943
1683785820,+3.45, +9.010,+10.294,+0.944
1683785880,+3.45, +8.982,+10.309,+0.944
1683785940,+3.45, +8.991,+10.318,+0.944
1683786000,+3.45, +8.982,+10.317,+0.944
1683786060,+3.45, +9.028,+10.272,+0.943
1683786120,+3.45, +9.028,+10.261,+0.944
1683786180,+3.45, +9.037,+10.245,+0.944
1683786240,+3.45, +9.037,+10.210,+0.944
1683786300,+3.45, +9.056,+10.165,+0.943
1683786360,+3.45, +9.065,+10.152,+0.944
1683786420,+3.45, +9.102,+10.133,+0.944
1683786480,+3.45, +9.084,+10.198,+0.944
1683786540,+3.45, +9.214,+10.224,+0.944
1683786600,+3.45, +9.186,+10.323,+0.944
1683786660,+3.45, +9.315,+10.345,+0.944
1683786720,+3.45, +9.352,+10.407,+0.944
1683786780,+3.45, +9.445,+10.484,+0.944
1683786840,+3.45, +9.463,+10.589,+0.944
1683786900,+3.45, +9.583,+10.564,+0.944
1683786960,+3.45, +9.565,+10.624,+0.945
1683787020,+3.45, +9.694,+10.648,+0.944
1683787080,+3.45, +9.767,+10.714,+0.945
1683787140,+3.45, +9.840,+10.792,+0.944
1683787200,+3.45, +9.941,+10.807,+0.945
1683787260,+3.45, +9.996,+10.801,+0.944
1683787320,+3.45, +9.932,+10.853,+0.944
1683787380,+3.45,+10.033,+10.874,+0.945
1683787440,+3.45,+10.170,+10.920,+0.945
1683787500,+3.45,+10.243,+11.034,+0.945
1683787560,+3.45,+10.361,+11.059,+0.944
1683787620,+3.45,+10.425,+11.074,+0.944
1683787680,+3.45,+10.416,+11.109,+0.945
1683787740,+3.45,+10.525,+11.041,+0.944
1683787800,+3.45,+10.516,+11.064,+0.944
1683787860,+3.45,+10.534,+11.103,+0.944
1683787920,+3.45,+10.598,+11.105,+0.945
1683787980,+3.45,+10.652,+11.133,+0.944
1683788040,+3.45,+10.706,+11.163,+0.944
1683788100,+3.45,+10.724,+11.190,+0.945
1683788160,+3.45,+10.833,+11.148,+0.944
1683788220,+3.45,+10.833,+11.190,+0.944
1683788280,+3.45,+10.914,+11.190,+0.944
1683788340,+3.45,+10.932,+11.189,+0.944
1683788400,+3.45,+10.923,+11.172,+0.944
1683788460,+3.45,+10.914,+11.208,+0.944
1683788520,+3.45,+10.960,+11.181,+0.944
1683788580,+3.45,+10.996,+11.155,+0.944
1683788640,+3.45,+10.951,+11.151,+0.944
1683788700,+3.45,+10.960,+11.124,+0.944
1683788760,+3.45,+11.023,+11.083,+0.944
1683788820,+3.45,+10.969,+11.107,+0.944
1683788880,+3.45,+11.050,+11.058,+0.944
1683788940,+3.45,+11.050,+11.079,+0.945
1683789000,+3.45,+11.059,+11.067,+0.944
1683789060,+3.45,+11.077,+11.061,+0.944
1683789120,+3.45,+11.059,+11.113,+0.944
1683789180,+3.45,+11.113,+11.107,+0.944
1683789240,+3.45,+11.077,+11.087,+0.944
1683789300,+3.45,+10.932,+11.035,+0.943
1683789360,+3.45,+10.869,+11.042,+0.944
1683789420,+3.45,+10.878,+11.017,+0.944
1683789480,+3.45,+10.743,+11.062,+0.944
1683789540,+3.45,+10.743,+11.031,+0.943
1683789600,+3.45,+10.734,+11.030,+0.944
1683789660,+3.45,+10.679,+11.039,+0.944
1683789720,+3.45,+10.706,+11.017,+0.944
1683789780,+3.45,+10.688,+11.052,+0.944
1683789840,+3.45,+10.661,+11.084,+0.944
1683789900,+3.45,+10.697,+11.093,+0.943
1683789960,+3.45,+10.734,+11.068,+0.944
1683790020,+3.45,+10.715,+11.065,+0.944
1683790080,+3.45,+10.670,+11.084,+0.944
1683790140,+3.45,+10.661,+11.073,+0.944
1683790200,+3.45,+10.688,+11.045,+0.944
1683790260,+3.45,+10.643,+11.061,+0.944
1683790320,+3.45,+10.697,+11.029,+0.944
1683790380,+3.45,+10.697,+11.018,+0.944
1683790440,+3.45,+10.670,+11.012,+0.944
1683790500,+3.45,+10.697,+10.995,+0.944
1683790560,+3.45,+10.734,+10.980,+0.944
1683790620,+3.45,+10.706,+10.993,+0.944
1683790680,+3.45,+10.715,+10.985,+0.944
1683790740,+3.45,+10.697,+10.972,+0.943
1683790800,+3.45,+10.652,+10.876,+0.943
1683790860,+3.45,+10.489,+10.744,+0.943
1683790920,+3.45,+10.316,+10.786,+0.943
1683790980,+3.45,+10.288,+10.895,+0.944
1683791040,+3.45,+10.461,+10.933,+0.944
1683791100,+3.45,+10.525,+10.960,+0.944
1683791160,+3.45,+10.470,+10.968,+0.944
1683791220,+3.45,+10.352,+10.914,+0.943
1683791280,+3.45,+10.197,+10.867,+0.943
1683791340,+3.45,+10.188,+10.757,+0.943
1683791400,+3.45,+10.069,+10.741,+0.943
1683791460,+3.45,+10.042,+10.723,+0.943
1683791520,+3.45,+10.033,+10.707,+0.943
1683791580,+3.45, +9.996,+10.704,+0.943
1683791640,+3.45,+10.015,+10.698,+0.943
1683791700,+3.45,+10.005,+10.696,+0.943
1683791760,+3.45,+10.060,+10.678,+0.944
1683791820,+3.45,+10.015,+10.695,+0.944
1683791880,+3.45, +9.996,+10.699,+0.944
1683791940,+3.45, +9.969,+10.688,+0.944
1683792000,+3.45, +9.960,+10.670,+0.943
1683792060,+3.45,+10.005,+10.651,+0.943
1683792120,+3.45, +9.978,+10.680,+0.943
1683792180,+3.45,+10.179,+10.759,+0.944
1683792240,+3.45,+10.270,+10.817,+0.944
1683792300,+3.45,+10.316,+10.885,+0.945
1683792360,+3.45,+10.416,+10.894,+0.944
1683792420,+3.45,+10.634,+10.936,+0.944
1683792480,+3.45,+10.724,+10.939,+0.944
1683792540,+3.45,+10.770,+10.954,+0.944
1683792600,+3.45,+10.896,+10.948,+0.944
1683792660,+3.45,+10.996,+10.956,+0.944
1683792720,+3.45,+11.050,+10.989,+0.944
1683792780,+3.45,+11.185,+11.078,+0.945
1683792840,+3.45,+11.347,+11.188,+0.945
1683792900,+3.45,+11.427,+11.161,+0.945
1683792960,+3.45,+11.481,+11.168,+0.945
1683793020,+3.45,+11.580,+11.184,+0.944
1683793080,+3.45,+11.544,+11.194,+0.945
1683793140,+3.45,+11.571,+11.190,+0.945
1683793200,+3.45,+11.615,+11.159,+0.945
1683793260,+3.45,+11.678,+11.115,+0.944
1683793320,+3.45,+11.660,+11.140,+0.944
1683793380,+3.45,+11.750,+11.125,+0.945
1683793440,+3.45,+11.767,+11.112,+0.945
1683793500,+3.45,+11.794,+11.092,+0.944
1683793560,+3.45,+11.812,+11.066,+0.944
1683793620,+3.45,+11.830,+11.050,+0.944
1683793680,+3.45,+11.696,+10.675,+0.942
1683793740,+3.45,+11.068,+10.667,+0.942
1683793800,+3.45,+10.815,+10.696,+0.942
1683793860,+3.45,+10.634,+10.742,+0.942
1683793920,+3.45,+10.480,+10.762,+0.942
1683793980,+3.45,+10.270,+10.615,+0.943
1683794040,+3.45,+10.033,+10.654,+0.943
1683794100,+3.45, +9.960,+10.507,+0.943
1683794160,+3.45, +9.758,+10.493,+0.943
1683794220,+3.45, +9.795,+10.450,+0.943
1683794280,+3.45, +9.638,+10.525,+0.943
1683794340,+3.45, +9.602,+10.517,+0.943
1683794400,+3.45, +9.629,+10.508,+0.942
1683794460,+3.45, +9.629,+10.522,+0.943
1683794520,+3.45, +9.602,+10.552,+0.943
1683794580,+3.45, +9.583,+10.575,+0.944
1683794640,+3.45, +9.592,+10.576,+0.944
1683794700,+3.45, +9.629,+10.558,+0.943
1683794760,+3.45, +9.555,+10.576,+0.943
1683794820,+3.45, +9.546,+10.588,+0.944
1683794880,+3.45, +9.565,+10.554,+0.943
1683794940,+3.45, +9.519,+10.556,+0.943
1683795000,+3.45, +9.546,+10.542,+0.944
1683795060,+3.45, +9.509,+10.537,+0.944
1683795120,+3.45, +9.519,+10.522,+0.944
1683795180,+3.45, +9.555,+10.485,+0.943
1683795240,+3.45, +9.509,+10.516,+0.944
1683795300,+3.45, +9.565,+10.507,+0.944
1683795360,+3.45, +9.574,+10.506,+0.943
1683795420,+3.45, +9.565,+10.519,+0.943
1683795480,+3.45, +9.555,+10.527,+0.944
1683795540,+3.45, +9.583,+10.511,+0.943
1683795600,+3.45, +9.537,+10.538,+0.943
1683795660,+3.45, +9.555,+10.599,+0.944
1683795720,+3.45, +9.546,+10.692,+0.944
1683795780,+3.45, +9.592,+10.714,+0.944
1683795840,+3.45, +9.565,+10.740,+0.944
1683795900,+3.45, +9.592,+10.756,+0.944
1683795960,+3.45, +9.565,+10.772,+0.944
1683796020,+3.45, +9.638,+10.729,+0.944
1683796080,+3.45, +9.583,+10.743,+0.944
1683796140,+3.45, +9.611,+10.701,+0.944
1683796200,+3.45, +9.482,+10.650,+0.944
1683796260,+3.45, +9.399,+10.522,+0.943
1683796320,+3.45, +9.371,+10.437,+0.943
1683796380,+3.45, +9.278,+10.391,+0.944
1683796440,+3.45, +9.251,+10.348,+0.943
1683796500,+3.45, +9.204,+10.334,+0.943
1683796560,+3.45, +9.167,+10.315,+0.943
1683796620,+3.45, +9.130,+10.303,+0.943
1683796680,+3.45, +9.084,+10.300,+0.943
1683796740,+3.45, +9.056,+10.311,+0.943
1683796800,+3.45, +9.084,+10.284,+0.943
1683796860,+3.45, +9.065,+10.260,+0.943
1683796920,+3.45, +9.075,+10.254,+0.943
1683796980,+3.45, +9.065,+10.263,+0.944
1683797040,+3.45, +9.037,+10.262,+0.943
1683797100,+3.45, +9.000,+10.267,+0.943
1683797160,+3.45, +9.037,+10.244,+0.943
1683797220,+3.45, +9.010,+10.255,+0.943
1683797280,+3.45, +9.047,+10.233,+0.944
1683797340,+3.45, +9.000,+10.273,+0.944
1683797400,+3.45, +8.991,+10.263,+0.943
1683797460,+3.45, +9.019,+10.257,+0.944
1683797520,+3.45, +9.047,+10.242,+0.943
1683797580,+3.45, +9.019,+10.265,+0.943
1683797640,+3.45, +9.037,+10.256,+0.944
1683797700,+3.45, +9.047,+10.242,+0.943
1683797760,+3.45, +9.093,+10.234,+0.944
1683797820,+3.45, +9.037,+10.255,+0.943
1683797880,+3.45, +9.065,+10.274,+0.944
1683797940,+3.45, +9.112,+10.292,+0.944
1683798000,+3.45, +9.121,+10.312,+0.944
1683798060,+3.45, +9.195,+10.323,+0.944
1683798120,+3.45, +9.315,+10.320,+0.944
1683798180,+3.45, +9.214,+10.375,+0.944
1683798240,+3.45, +9.297,+10.354,+0.944
1683798300,+3.45, +9.315,+10.360,+0.944
1683798360,+3.45, +9.389,+10.358,+0.944
1683798420,+3.45, +9.399,+10.367,+0.944
1683798480,+3.45, +9.454,+10.361,+0.943
1683798540,+3.45, +9.482,+10.382,+0.944
1683798600,+3.45, +9.463,+10.424,+0.944
1683798660,+3.45, +9.436,+10.442,+0.944
1683798720,+3.45, +9.473,+10.459,+0.944
1683798780,+3.45, +9.555,+10.445,+0.944
1683798840,+3.45, +9.528,+10.485,+0.944
1683798900,+3.45, +9.574,+10.512,+0.943
1683798960,+3.45, +9.620,+10.575,+0.944
1683799020,+3.45, +9.703,+10.604,+0.944
1683799080,+3.45, +9.730,+10.613,+0.944
1683799140,+3.45, +9.758,+10.632,+0.944
1683799200,+3.45, +9.592,+10.648,+0.944
1683799260,+3.45, +9.592,+10.621,+0.944
1683799320,+3.45, +9.537,+10.628,+0.944
1683799380,+3.45, +9.574,+10.604,+0.944
1683799440,+3.45, +9.574,+10.577,+0.944
1683799500,+3.45, +9.574,+10.594,+0.944
1683799560,+3.45, +9.611,+10.600,+0.944
1683799620,+3.45, +9.675,+10.601,+0.944
1683799680,+3.45, +9.730,+10.600,+0.944
1683799740,+3.45, +9.776,+10.607,+0.944
1683799800,+3.45, +9.776,+10.652,+0.944
1683799860,+3.45, +9.758,+10.667,+0.944
1683799920,+3.45, +9.822,+10.663,+0.944
1683799980,+3.45, +9.831,+10.694,+0.944
1683800040,+3.45, +9.850,+10.732,+0.944
1683800100,+3.45, +9.941,+10.770,+0.944
1683800160,+3.45, +9.941,+10.845,+0.944
1683800220,+3.45, +9.941,+10.893,+0.944
1683800280,+3.45,+10.015,+10.876,+0.944
1683800340,+3.45,+10.005,+10.885,+0.944
1683800400,+3.45,+10.024,+10.901,+0.944
1683800460,+3.45, +9.996,+10.932,+0.944
1683800520,+3.45,+10.051,+10.911,+0.944
1683800580,+3.45,+10.005,+10.940,+0.944
1683800640,+3.45,+10.005,+10.944,+0.944
1683800700,+3.45, +9.978,+10.932,+0.944
1683800760,+3.45, +9.969,+10.927,+0.944
1683800820,+3.45, +9.969,+10.929,+0.944
1683800880,+3.45,+10.015,+10.898,+0.943
1683800940,+3.45,+10.024,+10.899,+0.944
1683801000,+3.45,+10.033,+10.895,+0.944
1683801060,+3.45, +9.987,+10.903,+0.943
1683801120,+3.45, +9.895,+10.940,+0.944
1683801180,+3.45, +9.950,+10.919,+0.944
1683801240,+3.45,+10.033,+10.892,+0.944
1683801300,+3.45, +9.941,+10.906,+0.944
1683801360,+3.45, +9.886,+10.897,+0.943
1683801420,+3.45, +9.895,+10.879,+0.944
1683801480,+3.45, +9.868,+10.837,+0.944
1683801540,+3.45, +9.767,+10.815,+0.944
1683801600,+3.45, +9.675,+10.787,+0.943
1683801660,+3.45, +9.666,+10.757,+0.944
1683801720,+3.45, +9.675,+10.719,+0.943
1683801780,+3.45, +9.657,+10.730,+0.944
1683801840,+3.45, +9.675,+10.724,+0.944
1683801900,+3.45, +9.657,+10.721,+0.944
1683801960,+3.45, +9.648,+10.752,+0.944
1683802020,+3.45, +9.703,+10.762,+0.944
1683802080,+3.45, +9.767,+10.762,+0.944
1683802140,+3.45, +9.758,+10.763,+0.944
1683802200,+3.45, +9.684,+10.779,+0.944
1683802260,+3.45, +9.620,+10.785,+0.944
1683802320,+3.45, +9.666,+10.741,+0.943
1683802380,+3.45, +9.648,+10.737,+0.944
1683802440,+3.45, +9.602,+10.740,+0.944
1683802500,+3.45, +9.592,+10.720,+0.943
1683802560,+3.45, +9.592,+10.711,+0.944
1683802620,+3.45, +9.620,+10.677,+0.944
1683802680,+3.45, +9.592,+10.687,+0.944
1683802740,+3.45, +9.602,+10.693,+0.944
1683802800,+3.45, +9.620,+10.713,+0.944
1683802860,+3.45, +9.730,+10.880,+0.945
1683802920,+3.45, +9.813,+11.006,+0.945
1683802980,+3.45, +9.960,+11.048,+0.944
1683803040,+3.45,+10.115,+11.023,+0.944
1683803100,+3.45,+10.298,+11.143,+0.945
1683803160,+3.45,+10.643,+10.966,+0.945
1683803220,+3.45,+10.470,+10.899,+0.944
1683803280,+3.45,+10.307,+10.885,+0.944
1683803340,+3.45,+10.170,+10.879,+0.943
1683803400,+3.45,+10.042,+10.861,+0.943
1683803460,+3.45, +9.895,+10.781,+0.943
1683803520,+3.45, +9.776,+10.651,+0.943
1683803580,+3.45, +9.758,+10.617,+0.943
1683803640,+3.45, +9.657,+10.649,+0.943
1683803700,+3.45, +9.565,+10.645,+0.943
1683803760,+3.45, +9.583,+10.627,+0.943
1683803820,+3.45, +9.491,+10.666,+0.943
1683803880,+3.45, +9.592,+10.654,+0.944
1683803940,+3.45, +9.519,+10.713,+0.944
1683804000,+3.45, +9.611,+10.698,+0.944
1683804060,+3.45, +9.666,+10.759,+0.944
1683804120,+3.45, +9.675,+10.790,+0.944
1683804180,+3.45, +9.620,+10.782,+0.944
1683804240,+3.45, +9.657,+10.746,+0.944
1683804300,+3.45, +9.592,+10.748,+0.944
1683804360,+3.45, +9.648,+10.790,+0.944
1683804420,+3.45, +9.895,+11.050,+0.945
1683804480,+3.45,+10.033,+11.075,+0.944
1683804540,+3.45,+10.079,+11.068,+0.944
1683804600,+3.45,+10.079,+11.051,+0.944
1683804660,+3.45,+10.024,+11.057,+0.944
1683804720,+3.45,+10.060,+11.044,+0.944
1683804780,+3.45,+10.024,+11.097,+0.945
1683804840,+3.45,+10.079,+11.066,+0.944
1683804900,+3.45,+10.106,+11.047,+0.944
1683804960,+3.45,+10.143,+11.039,+0.944
1683805020,+3.45,+10.179,+11.056,+0.944
1683805080,+3.45,+10.124,+11.092,+0.944
1683805140,+3.45,+10.243,+11.093,+0.945
1683805200,+3.45,+10.270,+11.080,+0.944
1683805260,+3.45,+10.307,+11.079,+0.944
1683805320,+3.45,+10.288,+11.060,+0.944
1683805380,+3.45,+10.307,+11.013,+0.944
1683805440,+3.45,+10.206,+10.988,+0.943
1683805500,+3.45, +9.969,+10.758,+0.943
1683805560,+3.45, +9.813,+10.751,+0.944
1683805620,+3.45, +9.895,+10.798,+0.944
1683805680,+3.45,+10.005,+10.864,+0.944
1683805740,+3.45,+10.069,+10.923,+0.944
1683805800,+3.45,+10.060,+10.959,+0.944
1683805860,+3.45,+10.234,+11.068,+0.945
1683805920,+3.45,+10.534,+11.061,+0.945
1683805980,+3.45,+10.833,+10.990,+0.945
1683806040,+3.45,+10.878,+10.901,+0.944
1683806100,+3.45,+10.734,+10.681,+0.943
1683806160,+3.45,+10.434,+10.817,+0.943
1683806220,+3.45,+10.270,+10.801,+0.943
1683806280,+3.45,+10.179,+10.747,+0.943
1683806340,+3.45,+10.024,+10.822,+0.944
1683806400,+3.45, +9.996,+10.866,+0.943
1683806460,+3.45, +9.987,+10.850,+0.943
1683806520,+3.45, +9.941,+10.898,+0.944
1683806580,+3.45,+10.024,+10.866,+0.943
1683806640,+3.45, +9.969,+10.899,+0.944
1683806700,+3.45,+10.024,+10.898,+0.944
1683806760,+3.45, +9.978,+10.925,+0.944
1683806820,+3.45,+10.005,+10.941,+0.944
1683806880,+3.45,+10.060,+10.961,+0.944
1683806940,+3.45,+10.088,+10.977,+0.944
1683807000,+3.45,+10.206,+10.969,+0.944
1683807060,+3.45,+10.370,+10.993,+0.944
1683807120,+3.45,+10.534,+11.011,+0.945
1683807180,+3.45,+10.770,+10.978,+0.944
1683807240,+3.45,+10.960,+11.009,+0.945
1683807300,+3.45,+11.203,+11.046,+0.946
1683807360,+3.45,+11.472,+11.067,+0.946
1683807420,+3.45,+11.696,+11.043,+0.945
1683807480,+3.45,+11.839,+11.010,+0.945
1683807540,+3.45,+11.830,+10.798,+0.944
1683807600,+3.45,+11.490,+10.797,+0.943
1683807660,+3.45,+11.311,+10.794,+0.943
1683807720,+3.45,+11.113,+10.894,+0.944
1683807780,+3.45,+11.050,+10.942,+0.944
1683807840,+3.45,+11.041,+10.938,+0.944
1683807900,+3.45,+10.960,+10.957,+0.944
1683807960,+3.45,+10.914,+10.976,+0.944
1683808020,+3.45,+10.905,+10.979,+0.944
1683808080,+3.45,+10.896,+10.966,+0.944
1683808140,+3.45,+10.951,+10.937,+0.943
1683808200,+3.45,+10.951,+10.940,+0.944
1683808260,+3.45,+11.005,+10.930,+0.944
1683808320,+3.45,+11.050,+10.936,+0.944
1683808380,+3.45,+11.113,+10.915,+0.944
1683808440,+3.45,+11.104,+10.851,+0.944
1683808500,+3.45,+11.041,+10.826,+0.944
1683808560,+3.45,+10.923,+10.802,+0.943
1683808620,+3.45,+10.833,+10.815,+0.943
1683808680,+3.45,+10.815,+10.811,+0.944
1683808740,+3.45,+10.715,+10.837,+0.943
1683808800,+3.45,+10.788,+10.808,+0.943
1683808860,+3.45,+10.734,+10.821,+0.943
1683808920,+3.45,+10.697,+10.812,+0.943
1683808980,+3.45,+10.761,+10.780,+0.943
1683809040,+3.45,+10.842,+10.776,+0.943
1683809100,+3.45,+10.914,+10.828,+0.944
1683809160,+3.45,+11.041,+10.811,+0.944
1683809220,+3.45,+11.104,+10.730,+0.944
1683809280,+3.45,+11.014,+10.670,+0.943
1683809340,+3.45,+10.887,+10.706,+0.943
1683809400,+3.45,+10.978,+10.684,+0.944
1683809460,+3.45,+10.987,+10.654,+0.943
1683809520,+3.45,+11.005,+10.653,+0.943
1683809580,+3.45,+11.023,+10.655,+0.943
