7450-798456
OS REV: 1.03 Sensor Cal: 1539277937
Time (sec),  BV (Volts),  T (deg C),  DO (mg/l),  Q ()
1686488040,+3.47,+15.680,+10.737,+0.941
1686488100,+3.47,+15.722,+10.729,+0.942
1686488160,+3.47,+15.757,+10.737,+0.941
1686488220,+3.47,+15.748,+10.777,+0.942
1686488280,+3.47,+15.800,+10.785,+0.942
1686488340,+3.47,+15.808,+10.823,+0.942
1686488400,+3.47,+15.842,+10.827,+0.942
1686488460,+3.47,+15.851,+10.813,+0.941
1686488520,+3.47,+15.782,+10.853,+0.942
1686488580,+3.47,+15.808,+10.831,+0.941
1686488640,+3.47,+15.808,+10.827,+0.941
1686488700,+3.47,+15.851,+10.830,+0.941
1686488760,+3.47,+15.859,+10.791,+0.942
1686488820,+3.47,+15.697,+10.570,+0.941
1686488880,+3.47,+15.431,+10.492,+0.940
1686488940,+3.47,+15.061,+10.776,+0.940
1686489000,+3.47,+14.845,+10.900,+0.940
1686489060,+3.47,+14.690,+11.015,+0.941
1686489120,+3.47,+14.560,+11.054,+0.941
1686489180,+3.47,+14.569,+11.052,+0.941
1686489240,+3.47,+14.569,+11.034,+0.941
1686489300,+3.47,+14.526,+11.054,+0.941
1686489360,+3.47,+14.595,+11.020,+0.941
1686489420,+3.47,+14.621,+11.003,+0.941
1686489480,+3.47,+14.638,+11.008,+0.942
1686489540,+3.47,+14.716,+11.004,+0.942
1686489600,+3.47,+14.854,+11.015,+0.942
1686489660,+3.47,+14.914,+11.100,+0.942
1686489720,+3.47,+14.923,+11.096,+0.942
1686489780,+3.47,+15.061,+10.987,+0.942
1686489840,+3.47,+15.190,+10.897,+0.942
1686489900,+3.47,+15.268,+10.858,+0.942
1686489960,+3.47,+15.173,+10.739,+0.940
1686490020,+3.47,+14.897,+10.897,+0.940
1686490080,+3.47,+14.958,+11.062,+0.942
1686490140,+3.47,+15.052,+10.930,+0.942
1686490200,+3.47,+15.035,+10.957,+0.942
1686490260,+3.47,+15.216,+10.886,+0.942
1686490320,+3.47,+15.311,+10.878,+0.942
1686490380,+3.47,+15.517,+10.875,+0.942
1686490440,+3.47,+15.680,+10.946,+0.943
1686490500,+3.47,+15.782,+10.955,+0.942
1686490560,+3.47,+15.911,+10.899,+0.942
1686490620,+3.47,+16.090,+10.846,+0.942
1686490680,+3.47,+16.176,+10.833,+0.943
1686490740,+3.47,+16.219,+10.805,+0.942
1686490800,+3.47,+16.244,+10.745,+0.942
1686490860,+3.47,+15.971,+10.633,+0.941
1686490920,+3.47,+15.800,+10.641,+0.941
1686490980,+3.47,+15.577,+10.827,+0.940
1686491040,+3.47,+15.422,+10.941,+0.941
1686491100,+3.47,+15.293,+10.957,+0.941
1686491160,+3.47,+15.216,+10.961,+0.941
1686491220,+3.47,+15.181,+10.945,+0.941
1686491280,+3.47,+15.138,+10.945,+0.941
1686491340,+3.47,+15.138,+10.977,+0.941
1686491400,+3.47,+15.130,+11.014,+0.942
1686491460,+3.47,+15.147,+11.024,+0.941
1686491520,+3.47,+15.207,+11.019,+0.942
1686491580,+3.47,+15.328,+11.023,+0.942
1686491640,+3.47,+15.508,+10.934,+0.941
1686491700,+3.47,+15.620,+10.928,+0.943
1686491760,+3.47,+15.782,+10.901,+0.942
1686491820,+3.47,+15.988,+10.860,+0.941
1686491880,+3.47,+16.065,+10.892,+0.942
1686491940,+3.47,+16.201,+10.866,+0.942
1686492000,+3.47,+16.278,+10.854,+0.942
1686492060,+3.47,+16.338,+10.860,+0.943
1686492120,+3.47,+16.406,+10.844,+0.942
1686492180,+3.47,+16.415,+10.872,+0.942
1686492240,+3.47,+16.508,+10.849,+0.942
1686492300,+3.47,+16.500,+10.843,+0.942
1686492360,+3.47,+16.525,+10.843,+0.942
1686492420,+3.47,+16.568,+10.860,+0.942
1686492480,+3.47,+16.645,+10.850,+0.941
1686492540,+3.47,+16.619,+10.923,+0.942
1686492600,+3.47,+16.619,+10.926,+0.942
1686492660,+3.47,+16.611,+10.912,+0.942
1686492720,+3.47,+16.696,+10.957,+0.942
1686492780,+3.47,+16.696,+10.964,+0.943
1686492840,+3.47,+16.730,+10.942,+0.942
1686492900,+3.47,+16.798,+10.942,+0.942
1686492960,+3.47,+16.730,+10.925,+0.942
1686493020,+3.47,+16.849,+10.809,+0.941
1686493080,+3.47,+16.781,+10.854,+0.942
1686493140,+3.47,+16.823,+10.868,+0.942
1686493200,+3.47,+16.823,+10.886,+0.942
1686493260,+3.47,+16.755,+10.791,+0.941
1686493320,+3.47,+16.704,+10.763,+0.941
1686493380,+3.47,+16.755,+10.730,+0.942
1686493440,+3.47,+16.730,+10.738,+0.942
1686493500,+3.47,+16.764,+10.730,+0.941
1686493560,+3.47,+16.798,+10.743,+0.942
1686493620,+3.47,+16.781,+10.787,+0.942
1686493680,+3.47,+16.874,+10.622,+0.941
1686493740,+3.47,+16.764,+10.741,+0.941
1686493800,+3.47,+16.636,+10.770,+0.941
1686493860,+3.47,+16.653,+10.780,+0.942
1686493920,+3.47,+16.474,+10.739,+0.941
1686493980,+3.47,+16.457,+10.691,+0.941
1686494040,+3.47,+16.406,+10.696,+0.941
1686494100,+3.47,+16.381,+10.702,+0.941
1686494160,+3.47,+16.355,+10.747,+0.941
1686494220,+3.47,+16.287,+10.726,+0.941
1686494280,+3.47,+16.270,+10.732,+0.942
1686494340,+3.47,+16.295,+10.709,+0.941
1686494400,+3.47,+16.210,+10.709,+0.941
1686494460,+3.47,+16.236,+10.683,+0.942
1686494520,+3.47,+16.227,+10.673,+0.941
1686494580,+3.47,+16.244,+10.682,+0.941
1686494640,+3.47,+16.210,+10.729,+0.941
1686494700,+3.47,+16.253,+10.759,+0.942
1686494760,+3.47,+16.346,+10.739,+0.941
1686494820,+3.47,+16.312,+10.798,+0.942
1686494880,+3.47,+16.355,+10.785,+0.941
1686494940,+3.47,+16.355,+10.822,+0.942
1686495000,+3.47,+16.312,+10.862,+0.941
1686495060,+3.47,+16.304,+10.851,+0.942
1686495120,+3.47,+16.244,+10.871,+0.942
1686495180,+3.47,+16.244,+10.758,+0.942
1686495240,+3.47,+16.107,+10.659,+0.941
1686495300,+3.47,+16.056,+10.663,+0.941
1686495360,+3.47,+16.082,+10.687,+0.942
1686495420,+3.47,+16.082,+10.692,+0.941
1686495480,+3.47,+16.039,+10.727,+0.941
1686495540,+3.47,+15.979,+10.716,+0.941
1686495600,+3.47,+15.902,+10.730,+0.941
1686495660,+3.47,+15.877,+10.723,+0.941
1686495720,+3.47,+15.868,+10.724,+0.941
1686495780,+3.47,+15.851,+10.720,+0.941
1686495840,+3.47,+15.842,+10.703,+0.941
1686495900,+3.47,+15.748,+10.679,+0.941
1686495960,+3.47,+15.774,+10.633,+0.941
1686496020,+3.47,+15.671,+10.661,+0.941
1686496080,+3.47,+15.671,+10.587,+0.941
1686496140,+3.47,+15.422,+10.635,+0.940
1686496200,+3.47,+15.250,+10.702,+0.940
1686496260,+3.47,+15.121,+10.751,+0.940
1686496320,+3.47,+14.966,+10.822,+0.940
1686496380,+3.47,+14.923,+10.877,+0.941
1686496440,+3.47,+14.958,+10.871,+0.941
1686496500,+3.47,+14.958,+10.882,+0.941
1686496560,+3.47,+15.009,+10.885,+0.941
1686496620,+3.47,+14.983,+10.922,+0.941
1686496680,+3.47,+15.061,+10.938,+0.941
1686496740,+3.47,+15.061,+10.933,+0.940
1686496800,+3.47,+15.087,+10.888,+0.941
1686496860,+3.47,+15.156,+10.799,+0.942
1686496920,+3.47,+15.250,+10.735,+0.942
1686496980,+3.47,+15.345,+10.680,+0.942
1686497040,+3.47,+15.371,+10.667,+0.942
1686497100,+3.47,+15.465,+10.646,+0.942
1686497160,+3.47,+15.568,+10.657,+0.942
1686497220,+3.47,+15.654,+10.664,+0.942
1686497280,+3.47,+15.662,+10.690,+0.942
1686497340,+3.47,+15.714,+10.719,+0.942
1686497400,+3.47,+15.791,+10.734,+0.942
1686497460,+3.47,+15.834,+10.731,+0.942
1686497520,+3.47,+15.834,+10.720,+0.941
1686497580,+3.47,+15.842,+10.710,+0.942
1686497640,+3.47,+15.680,+10.557,+0.941
1686497700,+3.47,+15.534,+10.764,+0.941
1686497760,+3.47,+15.379,+10.896,+0.941
1686497820,+3.47,+15.336,+10.968,+0.941
1686497880,+3.47,+15.276,+10.950,+0.941
1686497940,+3.47,+15.250,+10.928,+0.941
1686498000,+3.47,+15.190,+10.926,+0.941
1686498060,+3.47,+15.164,+10.947,+0.941
1686498120,+3.47,+15.190,+10.976,+0.941
1686498180,+3.47,+15.147,+11.007,+0.941
1686498240,+3.47,+15.173,+11.028,+0.942
1686498300,+3.47,+15.181,+10.978,+0.941
1686498360,+3.47,+15.121,+10.973,+0.941
1686498420,+3.47,+15.130,+10.990,+0.942
1686498480,+3.47,+15.156,+10.975,+0.941
1686498540,+3.47,+15.130,+10.988,+0.942
1686498600,+3.47,+15.104,+10.919,+0.941
1686498660,+3.47,+15.035,+10.846,+0.941
1686498720,+3.47,+14.966,+10.762,+0.941
1686498780,+3.47,+14.699,+10.714,+0.941
1686498840,+3.47,+14.543,+10.763,+0.940
1686498900,+3.47,+14.465,+10.831,+0.941
1686498960,+3.47,+14.396,+10.854,+0.941
1686499020,+3.47,+14.491,+10.830,+0.941
1686499080,+3.47,+14.621,+10.787,+0.942
1686499140,+3.47,+14.690,+10.765,+0.942
1686499200,+3.47,+14.802,+10.770,+0.942
1686499260,+3.47,+14.949,+10.774,+0.942
1686499320,+3.47,+14.940,+10.788,+0.942
1686499380,+3.47,+15.035,+10.769,+0.942
1686499440,+3.47,+15.095,+10.779,+0.942
1686499500,+3.47,+15.181,+10.686,+0.942
1686499560,+3.47,+15.276,+10.603,+0.941
1686499620,+3.47,+15.353,+10.576,+0.942
1686499680,+3.47,+15.396,+10.537,+0.941
1686499740,+3.47,+15.336,+10.619,+0.941
1686499800,+3.47,+15.293,+10.754,+0.942
1686499860,+3.47,+15.173,+10.761,+0.942
1686499920,+3.47,+15.113,+10.577,+0.940
1686499980,+3.47,+14.794,+10.536,+0.940
1686500040,+3.47,+14.612,+10.631,+0.940
1686500100,+3.47,+14.422,+10.878,+0.941
1686500160,+3.47,+14.378,+10.975,+0.941
1686500220,+3.47,+14.344,+11.009,+0.942
1686500280,+3.47,+14.231,+10.988,+0.941
1686500340,+3.47,+14.283,+10.895,+0.941
1686500400,+3.47,+14.326,+10.834,+0.942
1686500460,+3.47,+14.309,+10.842,+0.941
1686500520,+3.47,+14.239,+10.974,+0.941
1686500580,+3.47,+14.239,+11.042,+0.942
1686500640,+3.47,+14.222,+11.030,+0.941
1686500700,+3.47,+14.239,+11.006,+0.942
1686500760,+3.47,+14.222,+10.935,+0.941
1686500820,+3.47,+14.231,+10.894,+0.941
1686500880,+3.47,+14.283,+10.854,+0.941
1686500940,+3.47,+14.344,+10.920,+0.942
1686501000,+3.47,+14.413,+10.825,+0.942
1686501060,+3.47,+14.474,+10.805,+0.942
1686501120,+3.47,+14.465,+10.702,+0.941
1686501180,+3.47,+14.404,+10.734,+0.941
1686501240,+3.47,+14.413,+10.755,+0.941
1686501300,+3.47,+14.361,+10.733,+0.941
1686501360,+3.47,+14.300,+10.795,+0.942
1686501420,+3.47,+14.309,+10.800,+0.941
1686501480,+3.47,+14.318,+10.793,+0.941
1686501540,+3.47,+14.352,+10.807,+0.941
1686501600,+3.47,+14.577,+10.774,+0.941
1686501660,+3.47,+14.681,+10.741,+0.941
1686501720,+3.47,+14.552,+10.640,+0.941
1686501780,+3.47,+14.448,+10.708,+0.941
1686501840,+3.47,+14.326,+10.820,+0.941
1686501900,+3.47,+14.231,+10.933,+0.941
1686501960,+3.47,+14.231,+10.911,+0.941
1686502020,+3.47,+14.153,+10.855,+0.942
1686502080,+3.47,+14.083,+10.744,+0.941
1686502140,+3.47,+14.083,+10.726,+0.941
1686502200,+3.47,+14.031,+10.756,+0.941
1686502260,+3.47,+14.057,+10.751,+0.941
1686502320,+3.47,+13.987,+10.748,+0.941
1686502380,+3.47,+13.996,+10.717,+0.941
1686502440,+3.47,+14.057,+10.790,+0.941
1686502500,+3.47,+14.092,+10.916,+0.942
1686502560,+3.47,+14.092,+10.980,+0.941
1686502620,+3.47,+14.144,+11.005,+0.941
1686502680,+3.47,+14.048,+11.033,+0.941
1686502740,+3.47,+14.109,+11.033,+0.941
1686502800,+3.47,+14.161,+11.030,+0.942
1686502860,+3.47,+14.127,+11.087,+0.942
1686502920,+3.47,+14.118,+11.100,+0.941
1686502980,+3.47,+14.109,+11.012,+0.942
1686503040,+3.47,+14.022,+10.931,+0.941
1686503100,+3.47,+13.987,+10.932,+0.941
1686503160,+3.47,+13.996,+10.872,+0.941
1686503220,+3.47,+13.979,+10.791,+0.941
1686503280,+3.47,+13.944,+10.761,+0.941
1686503340,+3.47,+13.926,+10.758,+0.942
1686503400,+3.47,+13.909,+10.768,+0.941
1686503460,+3.47,+13.970,+10.757,+0.941
1686503520,+3.47,+13.996,+10.821,+0.942
1686503580,+3.47,+14.022,+10.858,+0.941
1686503640,+3.47,+13.839,+10.491,+0.940
1686503700,+3.47,+13.665,+10.852,+0.941
1686503760,+3.47,+13.543,+10.971,+0.941
1686503820,+3.47,+13.543,+10.994,+0.941
1686503880,+3.47,+13.525,+10.918,+0.941
1686503940,+3.47,+13.499,+10.861,+0.941
1686504000,+3.47,+13.420,+10.812,+0.941
1686504060,+3.47,+13.411,+10.791,+0.941
1686504120,+3.47,+13.411,+10.738,+0.941
1686504180,+3.47,+13.350,+10.745,+0.941
1686504240,+3.47,+13.350,+10.642,+0.940
1686504300,+3.47,+13.376,+10.567,+0.940
1686504360,+3.47,+13.315,+10.625,+0.941
1686504420,+3.47,+13.227,+10.632,+0.941
1686504480,+3.47,+13.192,+10.649,+0.941
1686504540,+3.47,+13.131,+10.641,+0.941
1686504600,+3.47,+13.122,+10.698,+0.941
1686504660,+3.47,+13.131,+10.741,+0.941
1686504720,+3.47,+13.052,+10.796,+0.941
1686504780,+3.47,+13.078,+10.803,+0.941
1686504840,+3.47,+13.087,+10.794,+0.941
1686504900,+3.47,+13.096,+10.781,+0.942
1686504960,+3.47,+13.025,+10.785,+0.941
1686505020,+3.47,+13.087,+10.764,+0.941
1686505080,+3.47,+13.034,+10.790,+0.941
1686505140,+3.47,+13.060,+10.799,+0.941
1686505200,+3.47,+13.034,+10.807,+0.941
1686505260,+3.47,+13.008,+10.805,+0.941
1686505320,+3.47,+13.008,+10.748,+0.942
1686505380,+3.47,+13.078,+10.678,+0.941
1686505440,+3.47,+13.017,+10.685,+0.942
1686505500,+3.47,+13.017,+10.674,+0.942
1686505560,+3.47,+12.990,+10.686,+0.941
1686505620,+3.47,+13.096,+10.647,+0.942
1686505680,+3.47,+13.140,+10.567,+0.941
1686505740,+3.47,+13.087,+10.572,+0.941
1686505800,+3.47,+13.060,+10.579,+0.941
1686505860,+3.47,+13.034,+10.601,+0.941
1686505920,+3.47,+13.043,+10.573,+0.941
1686505980,+3.47,+13.008,+10.579,+0.941
1686506040,+3.47,+13.060,+10.558,+0.941
1686506100,+3.47,+12.973,+10.620,+0.941
1686506160,+3.47,+13.025,+10.620,+0.941
1686506220,+3.47,+12.973,+10.698,+0.941
1686506280,+3.47,+12.999,+10.662,+0.941
1686506340,+3.47,+12.981,+10.703,+0.941
1686506400,+3.47,+12.937,+10.755,+0.941
1686506460,+3.47,+12.964,+10.778,+0.942
1686506520,+3.47,+13.025,+10.732,+0.941
1686506580,+3.47,+12.937,+10.783,+0.941
1686506640,+3.47,+12.981,+10.785,+0.941
1686506700,+3.47,+12.920,+10.836,+0.941
1686506760,+3.47,+12.955,+10.833,+0.941
1686506820,+3.47,+12.955,+10.823,+0.941
1686506880,+3.47,+12.973,+10.809,+0.941
1686506940,+3.47,+12.999,+10.776,+0.941
1686507000,+3.47,+12.990,+10.765,+0.941
1686507060,+3.47,+12.973,+10.797,+0.941
1686507120,+3.47,+12.946,+10.889,+0.942
1686507180,+3.47,+12.946,+10.850,+0.941
1686507240,+3.47,+12.955,+10.832,+0.941
1686507300,+3.47,+12.981,+10.831,+0.941
1686507360,+3.47,+12.920,+10.880,+0.942
1686507420,+3.47,+12.990,+10.864,+0.941
1686507480,+3.47,+12.973,+10.862,+0.941
1686507540,+3.47,+12.937,+10.874,+0.942
1686507600,+3.47,+12.946,+10.836,+0.941
1686507660,+3.47,+12.964,+10.797,+0.941
1686507720,+3.47,+12.964,+10.799,+0.942
1686507780,+3.47,+12.981,+10.777,+0.941
1686507840,+3.47,+12.981,+10.783,+0.941
1686507900,+3.47,+12.946,+10.797,+0.942
1686507960,+3.47,+12.946,+10.793,+0.942
1686508020,+3.47,+13.025,+10.761,+0.942
1686508080,+3.47,+12.999,+10.752,+0.942
1686508140,+3.47,+12.990,+10.745,+0.942
1686508200,+3.47,+12.964,+10.718,+0.942
1686508260,+3.47,+13.017,+10.675,+0.941
1686508320,+3.47,+12.964,+10.673,+0.941
1686508380,+3.47,+13.052,+10.628,+0.941
1686508440,+3.47,+12.937,+10.691,+0.942
1686508500,+3.47,+12.937,+10.667,+0.941
1686508560,+3.47,+12.911,+10.646,+0.941
1686508620,+3.47,+12.920,+10.626,+0.941
1686508680,+3.47,+12.929,+10.623,+0.941
1686508740,+3.47,+12.902,+10.647,+0.941
1686508800,+3.47,+12.920,+10.659,+0.941
1686508860,+3.47,+12.902,+10.647,+0.941
1686508920,+3.47,+12.911,+10.626,+0.941
1686508980,+3.47,+12.876,+10.633,+0.941
1686509040,+3.47,+12.876,+10.604,+0.940
1686509100,+3.47,+12.788,+10.542,+0.941
1686509160,+3.47,+12.805,+10.349,+0.941
1686509220,+3.47,+12.726,+10.312,+0.941
1686509280,+3.47,+12.673,+10.496,+0.941
1686509340,+3.47,+12.655,+10.560,+0.941
1686509400,+3.47,+12.638,+10.596,+0.941
1686509460,+3.47,+12.646,+10.585,+0.941
1686509520,+3.47,+12.620,+10.597,+0.941
1686509580,+3.47,+12.655,+10.563,+0.941
1686509640,+3.47,+12.567,+10.572,+0.941
1686509700,+3.47,+12.611,+10.504,+0.941
1686509760,+3.47,+12.593,+10.133,+0.940
1686509820,+3.47,+12.408, +9.788,+0.940
1686509880,+3.47,+12.381, +9.752,+0.940
1686509940,+3.47,+12.416, +9.744,+0.940
1686510000,+3.47,+12.390, +9.765,+0.940
1686510060,+3.47,+12.363, +9.803,+0.940
1686510120,+3.47,+12.372, +9.828,+0.941
1686510180,+3.47,+12.372, +9.866,+0.941
1686510240,+3.47,+12.390, +9.920,+0.940
1686510300,+3.47,+12.399, +9.929,+0.940
1686510360,+3.47,+12.310, +9.932,+0.941
1686510420,+3.47,+12.372, +9.859,+0.941
1686510480,+3.47,+12.346, +9.865,+0.941
1686510540,+3.47,+12.390, +9.890,+0.941
1686510600,+3.47,+12.399, +9.947,+0.941
1686510660,+3.47,+12.399, +9.986,+0.941
1686510720,+3.47,+12.408, +9.994,+0.941
1686510780,+3.47,+12.443, +9.982,+0.941
1686510840,+3.47,+12.399,+10.003,+0.941
1686510900,+3.47,+12.487, +9.974,+0.940
1686510960,+3.47,+12.390,+10.072,+0.941
1686511020,+3.47,+12.416,+10.041,+0.941
1686511080,+3.47,+12.399, +9.989,+0.940
1686511140,+3.47,+12.390, +9.946,+0.940
1686511200,+3.47,+12.319, +9.966,+0.941
1686511260,+3.47,+12.292, +9.882,+0.940
1686511320,+3.47,+12.204, +9.778,+0.940
1686511380,+3.47,+12.106, +9.702,+0.940
1686511440,+3.47,+12.115, +9.602,+0.940
1686511500,+3.47,+12.141, +9.565,+0.940
1686511560,+3.47,+12.097, +9.573,+0.940
1686511620,+3.47,+12.115, +9.555,+0.941
1686511680,+3.47,+12.035, +9.507,+0.940
1686511740,+3.47,+12.026, +9.506,+0.940
1686511800,+3.47,+11.866, +9.549,+0.941
1686511860,+3.47,+11.857, +9.547,+0.940
1686511920,+3.47,+11.910, +9.514,+0.940
1686511980,+3.47,+11.839, +9.542,+0.940
1686512040,+3.47,+11.785, +9.563,+0.940
1686512100,+3.47,+11.803, +9.548,+0.940
1686512160,+3.47,+11.794, +9.571,+0.940
1686512220,+3.47,+11.758, +9.612,+0.941
1686512280,+3.47,+11.830, +9.587,+0.940
1686512340,+3.47,+11.812, +9.598,+0.941
1686512400,+3.47,+11.705, +9.635,+0.941
1686512460,+3.47,+11.696, +9.636,+0.940
1686512520,+3.47,+11.732, +9.638,+0.941
1686512580,+3.47,+11.741, +9.651,+0.940
1686512640,+3.47,+11.714, +9.732,+0.941
1686512700,+3.47,+11.678, +9.778,+0.941
1686512760,+3.47,+11.732, +9.785,+0.940
1686512820,+3.47,+11.678, +9.844,+0.940
1686512880,+3.47,+11.598, +9.913,+0.941
1686512940,+3.47,+11.651, +9.906,+0.941
1686513000,+3.47,+11.607, +9.904,+0.941
1686513060,+3.47,+11.598, +9.902,+0.940
1686513120,+3.47,+11.535, +9.914,+0.940
1686513180,+3.47,+11.535, +9.909,+0.941
1686513240,+3.47,+11.535, +9.890,+0.941
1686513300,+3.47,+11.544, +9.881,+0.941
1686513360,+3.47,+11.562, +9.831,+0.941
1686513420,+3.47,+11.517, +9.813,+0.941
1686513480,+3.47,+11.472, +9.798,+0.941
1686513540,+3.47,+11.508, +9.773,+0.941
1686513600,+3.47,+11.445, +9.787,+0.941
1686513660,+3.47,+11.490, +9.760,+0.940
1686513720,+3.47,+11.508, +9.746,+0.941
1686513780,+3.47,+11.454, +9.725,+0.941
1686513840,+3.47,+11.454, +9.715,+0.941
1686513900,+3.47,+11.400, +9.759,+0.940
1686513960,+3.47,+11.356, +9.864,+0.941
1686514020,+3.47,+11.383, +9.937,+0.941
1686514080,+3.47,+11.338,+10.062,+0.941
1686514140,+3.47,+11.365,+10.077,+0.941
1686514200,+3.47,+11.391,+10.054,+0.941
1686514260,+3.47,+11.365,+10.059,+0.941
1686514320,+3.47,+11.374,+10.036,+0.941
1686514380,+3.47,+11.400,+10.024,+0.941
1686514440,+3.47,+11.383,+10.023,+0.941
1686514500,+3.47,+11.409,+10.040,+0.941
1686514560,+3.47,+11.400,+10.051,+0.941
1686514620,+3.47,+11.320,+10.091,+0.941
1686514680,+3.47,+11.338,+10.081,+0.941
1686514740,+3.47,+11.365,+10.066,+0.941
1686514800,+3.47,+11.329,+10.003,+0.941
1686514860,+3.47,+11.329, +9.951,+0.940
1686514920,+3.47,+11.266, +9.957,+0.941
1686514980,+3.47,+11.275, +9.922,+0.941
1686515040,+3.47,+11.266, +9.909,+0.941
1686515100,+3.47,+11.275, +9.886,+0.941
1686515160,+3.47,+11.257, +9.859,+0.941
1686515220,+3.47,+11.266, +9.855,+0.941
1686515280,+3.47,+11.194, +9.863,+0.941
1686515340,+3.47,+11.239, +9.815,+0.940
1686515400,+3.47,+11.248, +9.814,+0.941
1686515460,+3.47,+11.185, +9.828,+0.941
1686515520,+3.47,+11.221, +9.816,+0.941
1686515580,+3.47,+11.185, +9.815,+0.941
1686515640,+3.47,+11.212, +9.801,+0.940
1686515700,+3.47,+11.185, +9.817,+0.941
1686515760,+3.47,+11.167, +9.837,+0.941
1686515820,+3.47,+11.221, +9.827,+0.941
1686515880,+3.47,+11.140, +9.840,+0.941
1686515940,+3.47,+11.167, +9.826,+0.941
1686516000,+3.47,+11.131, +9.829,+0.941
1686516060,+3.47,+11.176, +9.807,+0.941
1686516120,+3.47,+11.167, +9.810,+0.941
1686516180,+3.47,+11.140, +9.810,+0.941
1686516240,+3.47,+11.113, +9.808,+0.941
1686516300,+3.47,+11.176, +9.771,+0.940
1686516360,+3.47,+11.176, +9.787,+0.941
1686516420,+3.47,+11.257, +9.762,+0.941
1686516480,+3.47,+11.221, +9.787,+0.941
1686516540,+3.47,+11.284, +9.777,+0.941
1686516600,+3.47,+11.365, +9.757,+0.941
1686516660,+3.47,+11.356, +9.765,+0.941
1686516720,+3.47,+11.347, +9.754,+0.941
1686516780,+3.47,+11.409, +9.715,+0.941
1686516840,+3.47,+11.490, +9.689,+0.941
1686516900,+3.47,+11.526, +9.690,+0.941
1686516960,+3.47,+11.624, +9.653,+0.941
1686517020,+3.47,+11.651, +9.590,+0.940
1686517080,+3.47,+11.633, +9.549,+0.940
1686517140,+3.47,+11.705, +9.497,+0.941
1686517200,+3.47,+11.678, +9.512,+0.941
1686517260,+3.47,+11.767, +9.487,+0.941
1686517320,+3.47,+11.794, +9.489,+0.940
1686517380,+3.47,+11.741, +9.583,+0.941
1686517440,+3.47,+11.839, +9.679,+0.941
1686517500,+3.47,+11.794, +9.719,+0.941
1686517560,+3.47,+11.750, +9.843,+0.941
1686517620,+3.47,+11.696, +9.844,+0.941
1686517680,+3.47,+11.642, +9.680,+0.940
1686517740,+3.47,+11.598, +9.736,+0.941
1686517800,+3.47,+11.562, +9.870,+0.940
1686517860,+3.47,+11.562, +9.961,+0.941
1686517920,+3.47,+11.535, +9.979,+0.941
1686517980,+3.47,+11.499, +9.971,+0.941
1686518040,+3.47,+11.490, +9.968,+0.941
1686518100,+3.47,+11.454, +9.941,+0.941
1686518160,+3.47,+11.472, +9.897,+0.941
1686518220,+3.47,+11.400, +9.895,+0.940
1686518280,+3.47,+11.391, +9.902,+0.941
1686518340,+3.47,+11.472, +9.882,+0.941
1686518400,+3.47,+11.400, +9.880,+0.941
1686518460,+3.47,+11.400, +9.850,+0.941
1686518520,+3.47,+11.418, +9.784,+0.941
1686518580,+3.47,+11.302, +9.677,+0.940
1686518640,+3.47,+11.302, +9.554,+0.940
1686518700,+3.47,+11.248, +9.502,+0.940
1686518760,+3.47,+11.230, +9.480,+0.940
1686518820,+3.47,+11.185, +9.483,+0.940
1686518880,+3.47,+11.140, +9.495,+0.940
1686518940,+3.47,+11.167, +9.490,+0.940
1686519000,+3.47,+11.212, +9.483,+0.940
1686519060,+3.47,+11.203, +9.510,+0.940
1686519120,+3.47,+11.176, +9.529,+0.940
1686519180,+3.47,+11.176, +9.530,+0.940
1686519240,+3.47,+11.230, +9.529,+0.941
1686519300,+3.47,+11.203, +9.540,+0.941
1686519360,+3.47,+11.284, +9.510,+0.941
1686519420,+3.47,+11.248, +9.533,+0.941
1686519480,+3.47,+11.257, +9.550,+0.941
1686519540,+3.47,+11.329, +9.583,+0.941
1686519600,+3.47,+11.320, +9.583,+0.940
1686519660,+3.47,+11.176, +9.562,+0.941
1686519720,+3.47,+11.185, +9.539,+0.941
1686519780,+3.47,+11.194, +9.522,+0.941
1686519840,+3.47,+11.203, +9.506,+0.941
1686519900,+3.47,+11.149, +9.542,+0.941
1686519960,+3.47,+11.176, +9.601,+0.940
1686520020,+3.47,+11.203, +9.625,+0.941
1686520080,+3.47,+11.221, +9.611,+0.940
1686520140,+3.47,+11.212, +9.614,+0.940
1686520200,+3.47,+11.230, +9.614,+0.941
1686520260,+3.47,+11.149, +9.650,+0.941
1686520320,+3.47,+11.185, +9.639,+0.941
1686520380,+3.47,+11.185, +9.621,+0.941
1686520440,+3.47,+11.167, +9.625,+0.941
1686520500,+3.47,+11.230, +9.589,+0.941
1686520560,+3.47,+11.212, +9.582,+0.940
1686520620,+3.47,+11.203, +9.599,+0.941
1686520680,+3.47,+11.275, +9.625,+0.941
1686520740,+3.47,+11.275, +9.720,+0.941
1686520800,+3.47,+11.320, +9.733,+0.941
1686520860,+3.47,+11.293, +9.719,+0.941
1686520920,+3.47,+11.347, +9.656,+0.941
1686520980,+3.47,+11.365, +9.617,+0.941
1686521040,+3.47,+11.391, +9.618,+0.940
1686521100,+3.47,+11.391, +9.608,+0.941
1686521160,+3.47,+11.499, +9.604,+0.941
1686521220,+3.47,+11.607, +9.625,+0.941
1686521280,+3.47,+11.767, +9.644,+0.941
1686521340,+3.47,+11.830, +9.717,+0.941
1686521400,+3.47,+11.972, +9.847,+0.941
1686521460,+3.47,+11.990, +9.925,+0.942
1686521520,+3.47,+11.964, +9.816,+0.941
1686521580,+3.47,+11.821, +9.498,+0.940
1686521640,+3.47,+11.758, +9.441,+0.940
1686521700,+3.47,+11.696, +9.499,+0.940
1686521760,+3.47,+11.705, +9.513,+0.940
1686521820,+3.47,+11.705, +9.521,+0.940
1686521880,+3.47,+11.669, +9.558,+0.940
1686521940,+3.47,+11.651, +9.525,+0.940
1686522000,+3.47,+11.598, +9.657,+0.940
1686522060,+3.47,+11.589, +9.925,+0.941
1686522120,+3.47,+11.535, +9.967,+0.941
1686522180,+3.47,+11.553, +9.968,+0.941
1686522240,+3.47,+11.553, +9.971,+0.940
1686522300,+3.47,+11.589, +9.982,+0.941
1686522360,+3.47,+11.544,+10.001,+0.941
1686522420,+3.47,+11.571, +9.967,+0.940
1686522480,+3.47,+11.535, +9.938,+0.941
1686522540,+3.47,+11.427, +9.924,+0.941
1686522600,+3.47,+11.481, +9.881,+0.941
1686522660,+3.47,+11.436, +9.862,+0.941
1686522720,+3.47,+11.490, +9.823,+0.940
1686522780,+3.47,+11.490, +9.809,+0.940
1686522840,+3.47,+11.472, +9.834,+0.941
1686522900,+3.47,+11.436, +9.861,+0.941
1686522960,+3.47,+11.463, +9.860,+0.941
1686523020,+3.47,+11.481, +9.838,+0.941
1686523080,+3.47,+11.454, +9.855,+0.941
1686523140,+3.47,+11.463, +9.832,+0.940
1686523200,+3.47,+11.427, +9.745,+0.941
1686523260,+3.47,+11.391, +9.640,+0.940
1686523320,+3.47,+11.463, +9.600,+0.941
1686523380,+3.47,+11.400, +9.616,+0.940
1686523440,+3.47,+11.383, +9.630,+0.941
1686523500,+3.47,+11.418, +9.612,+0.941
1686523560,+3.47,+11.391, +9.621,+0.941
1686523620,+3.47,+11.365, +9.625,+0.940
1686523680,+3.47,+11.400, +9.591,+0.941
1686523740,+3.47,+11.383, +9.601,+0.941
1686523800,+3.47,+11.356, +9.629,+0.941
1686523860,+3.47,+11.320, +9.681,+0.941
1686523920,+3.47,+11.338, +9.718,+0.941
1686523980,+3.47,+11.311, +9.791,+0.941
1686524040,+3.47,+11.320, +9.874,+0.940
1686524100,+3.47,+11.338, +9.960,+0.941
1686524160,+3.47,+11.248,+10.118,+0.941
1686524220,+3.47,+11.311,+10.203,+0.941
1686524280,+3.47,+11.311,+10.241,+0.941
1686524340,+3.47,+11.311,+10.204,+0.941
1686524400,+3.47,+11.320,+10.189,+0.941
1686524460,+3.47,+11.293,+10.058,+0.941
1686524520,+3.47,+11.176, +9.824,+0.941
1686524580,+3.47,+11.176, +9.743,+0.940
1686524640,+3.47,+11.095, +9.728,+0.941
1686524700,+3.47,+11.068, +9.705,+0.941
1686524760,+3.47,+11.068, +9.742,+0.940
1686524820,+3.47,+10.951, +9.820,+0.940
1686524880,+3.47,+10.932, +9.877,+0.940
1686524940,+3.47,+10.914, +9.908,+0.941
1686525000,+3.47,+10.951, +9.865,+0.941
1686525060,+3.47,+10.860, +9.954,+0.941
1686525120,+3.47,+10.869, +9.951,+0.941
1686525180,+3.47,+10.824, +9.949,+0.940
1686525240,+3.47,+10.797, +9.970,+0.941
1686525300,+3.47,+10.833, +9.947,+0.940
1686525360,+3.47,+10.824, +9.963,+0.941
1686525420,+3.47,+10.833, +9.952,+0.941
1686525480,+3.47,+10.779, +9.958,+0.941
1686525540,+3.47,+10.788, +9.932,+0.941
1686525600,+3.47,+10.797, +9.914,+0.941
1686525660,+3.47,+10.779, +9.914,+0.941
1686525720,+3.47,+10.842, +9.878,+0.941
1686525780,+3.47,+10.842, +9.855,+0.940
1686525840,+3.47,+10.824, +9.860,+0.941
1686525900,+3.47,+10.851, +9.831,+0.941
1686525960,+3.47,+10.887, +9.817,+0.941
1686526020,+3.47,+10.833, +9.836,+0.941
1686526080,+3.47,+10.932, +9.781,+0.941
1686526140,+3.47,+10.969, +9.776,+0.941
1686526200,+3.47,+11.023, +9.771,+0.941
1686526260,+3.47,+11.050, +9.784,+0.941
1686526320,+3.47,+11.131, +9.763,+0.941
1686526380,+3.47,+11.149, +9.766,+0.941
1686526440,+3.47,+11.203, +9.743,+0.941
1686526500,+3.47,+11.275, +9.708,+0.941
1686526560,+3.47,+11.248, +9.687,+0.941
1686526620,+3.47,+11.347, +9.660,+0.941
1686526680,+3.47,+11.400, +9.669,+0.941
1686526740,+3.47,+11.463, +9.643,+0.941
1686526800,+3.47,+11.499, +9.634,+0.941
1686526860,+3.47,+11.508, +9.624,+0.941
1686526920,+3.47,+11.499, +9.631,+0.941
1686526980,+3.47,+11.517, +9.616,+0.941
1686527040,+3.47,+11.607, +9.619,+0.941
1686527100,+3.47,+11.553, +9.677,+0.941
1686527160,+3.47,+11.598, +9.661,+0.941
1686527220,+3.47,+11.589, +9.690,+0.941
1686527280,+3.47,+11.535, +9.765,+0.941
1686527340,+3.47,+11.580, +9.784,+0.941
1686527400,+3.47,+11.562, +9.825,+0.941
1686527460,+3.47,+11.571, +9.831,+0.941
1686527520,+3.47,+11.562, +9.819,+0.940
1686527580,+3.47,+11.526, +9.832,+0.941
1686527640,+3.47,+11.562, +9.758,+0.941
1686527700,+3.47,+11.544, +9.738,+0.941
1686527760,+3.47,+11.598, +9.671,+0.941
1686527820,+3.47,+11.651, +9.610,+0.941
1686527880,+3.47,+11.651, +9.562,+0.940
1686527940,+3.47,+11.615, +9.579,+0.941
1686528000,+3.47,+11.678, +9.559,+0.941
1686528060,+3.47,+11.696, +9.602,+0.940
1686528120,+3.47,+11.687, +9.651,+0.941
1686528180,+3.47,+11.642, +9.713,+0.941
1686528240,+3.47,+11.615, +9.777,+0.941
1686528300,+3.47,+11.624, +9.948,+0.941
1686528360,+3.47,+11.499, +9.651,+0.940
1686528420,+3.47,+11.409, +9.565,+0.940
1686528480,+3.47,+11.320, +9.476,+0.939
1686528540,+3.47,+11.149, +9.509,+0.940
1686528600,+3.47,+11.158, +9.542,+0.940
1686528660,+3.47,+11.095, +9.583,+0.940
1686528720,+3.47,+11.050, +9.576,+0.940
1686528780,+3.47,+10.978, +9.600,+0.940
1686528840,+3.47,+11.005, +9.583,+0.940
1686528900,+3.47,+11.032, +9.554,+0.940
1686528960,+3.47,+11.032, +9.530,+0.940
1686529020,+3.47,+10.932, +9.566,+0.941
1686529080,+3.47,+10.960, +9.570,+0.941
1686529140,+3.47,+10.996, +9.568,+0.940
1686529200,+3.47,+11.032, +9.583,+0.941
1686529260,+3.47,+11.077, +9.568,+0.941
1686529320,+3.47,+11.077, +9.595,+0.941
1686529380,+3.47,+11.230, +9.580,+0.941
1686529440,+3.47,+11.275, +9.590,+0.941
1686529500,+3.47,+11.391, +9.587,+0.941
1686529560,+3.47,+11.508, +9.605,+0.941
1686529620,+3.47,+11.615, +9.608,+0.941
1686529680,+3.47,+11.750, +9.630,+0.941
1686529740,+3.47,+11.937, +9.810,+0.942
1686529800,+3.47,+12.150,+10.056,+0.942
1686529860,+3.47,+12.266,+10.063,+0.941
1686529920,+3.47,+12.416,+10.220,+0.942
1686529980,+3.47,+12.514,+10.242,+0.941
1686530040,+3.47,+12.638,+10.209,+0.941
1686530100,+3.47,+12.664,+10.303,+0.942
1686530160,+3.47,+12.708,+10.464,+0.942
1686530220,+3.47,+12.840,+10.339,+0.941
1686530280,+3.47,+12.867,+10.270,+0.941
1686530340,+3.47,+12.779,+10.290,+0.941
1686530400,+3.47,+12.788,+10.246,+0.941
1686530460,+3.47,+12.779,+10.220,+0.941
1686530520,+3.47,+12.770,+10.196,+0.941
1686530580,+3.47,+12.743,+10.173,+0.941
1686530640,+3.47,+12.761,+10.134,+0.941
1686530700,+3.47,+12.770,+10.123,+0.941
1686530760,+3.47,+12.770,+10.123,+0.941
1686530820,+3.47,+12.726,+10.161,+0.941
1686530880,+3.47,+12.779,+10.153,+0.940
1686530940,+3.47,+12.770,+10.177,+0.941
1686531000,+3.47,+12.805,+10.089,+0.941
1686531060,+3.47,+12.805,+10.037,+0.941
1686531120,+3.47,+12.761,+10.031,+0.941
1686531180,+3.47,+12.743, +9.959,+0.940
1686531240,+3.47,+12.664,+10.003,+0.940
1686531300,+3.47,+12.638,+10.073,+0.940
1686531360,+3.47,+12.691,+10.075,+0.941
1686531420,+3.47,+12.629,+10.115,+0.941
1686531480,+3.47,+12.691,+10.136,+0.941
1686531540,+3.47,+12.691,+10.121,+0.941
1686531600,+3.47,+12.743,+10.133,+0.940
1686531660,+3.47,+12.735,+10.135,+0.941
1686531720,+3.47,+12.726,+10.117,+0.941
1686531780,+3.47,+12.743,+10.088,+0.940
1686531840,+3.47,+12.752,+10.095,+0.941
1686531900,+3.47,+12.735,+10.092,+0.941
1686531960,+3.47,+12.699,+10.100,+0.940
1686532020,+3.47,+12.717,+10.041,+0.940
1686532080,+3.47,+12.717, +9.941,+0.940
1686532140,+3.47,+12.540, +9.771,+0.940
1686532200,+3.47,+12.505, +9.717,+0.940
1686532260,+3.47,+12.354, +9.449,+0.940
1686532320,+3.47,+12.195, +9.293,+0.939
1686532380,+3.47,+12.008, +9.328,+0.940
1686532440,+3.47,+11.901, +9.370,+0.940
1686532500,+3.47,+11.892, +9.350,+0.940
1686532560,+3.47,+11.776, +9.349,+0.940
1686532620,+3.47,+11.741, +9.313,+0.940
1686532680,+3.47,+11.785, +9.293,+0.940
1686532740,+3.47,+11.830, +9.328,+0.940
1686532800,+3.47,+11.999, +9.359,+0.940
1686532860,+3.47,+12.150, +9.389,+0.941
1686532920,+3.47,+12.248, +9.434,+0.940
1686532980,+3.47,+12.292, +9.480,+0.940
1686533040,+3.47,+12.301, +9.457,+0.940
1686533100,+3.47,+12.204, +9.492,+0.941
1686533160,+3.47,+12.248, +9.454,+0.940
1686533220,+3.47,+12.275, +9.495,+0.941
1686533280,+3.47,+12.390, +9.567,+0.941
1686533340,+3.47,+12.399, +9.602,+0.940
1686533400,+3.47,+12.408, +9.570,+0.940
1686533460,+3.47,+12.390, +9.579,+0.940
1686533520,+3.47,+12.478, +9.646,+0.941
1686533580,+3.47,+12.699, +9.758,+0.941
1686533640,+3.47,+13.017, +9.991,+0.942
1686533700,+3.47,+13.508, +9.917,+0.942
1686533760,+3.47,+13.918, +9.891,+0.942
1686533820,+3.47,+14.083, +9.871,+0.942
1686533880,+3.47,+14.266, +9.890,+0.942
1686533940,+3.47,+14.482, +9.894,+0.942
1686534000,+3.47,+14.768, +9.884,+0.941
1686534060,+3.47,+14.966, +9.959,+0.942
1686534120,+3.47,+15.156,+10.029,+0.942
1686534180,+3.47,+15.268,+10.153,+0.942
1686534240,+3.47,+15.362,+10.285,+0.942
1686534300,+3.47,+15.422,+10.408,+0.942
1686534360,+3.47,+15.534,+10.445,+0.942
1686534420,+3.47,+15.611,+10.464,+0.942
1686534480,+3.47,+15.671,+10.464,+0.941
1686534540,+3.47,+15.791,+10.459,+0.942
1686534600,+3.47,+15.851,+10.455,+0.941
1686534660,+3.47,+15.834,+10.496,+0.941
1686534720,+3.47,+15.902,+10.504,+0.941
1686534780,+3.47,+15.919,+10.503,+0.942
1686534840,+3.47,+15.979,+10.415,+0.941
1686534900,+3.47,+16.013,+10.404,+0.942
1686534960,+3.47,+16.031,+10.413,+0.941
1686535020,+3.47,+15.757, +9.723,+0.938
1686535080,+3.47,+15.181, +9.753,+0.940
1686535140,+3.47,+15.044, +9.808,+0.939
1686535200,+3.47,+14.889, +9.897,+0.940
1686535260,+3.47,+14.456, +9.511,+0.938
1686535320,+3.47,+14.161, +9.653,+0.939
1686535380,+3.47,+14.005, +9.582,+0.938
1686535440,+3.47,+13.359, +9.037,+0.937
1686535500,+3.47,+12.752, +9.158,+0.938
1686535560,+3.47,+12.478, +9.005,+0.937
1686535620,+3.47,+11.955, +9.121,+0.937
1686535680,+3.47,+11.669, +9.291,+0.937
1686535740,+3.47,+11.490, +9.417,+0.938
1686535800,+3.47,+11.356, +9.485,+0.938
1686535860,+3.47,+11.203, +9.549,+0.938
1686535920,+3.47,+11.131, +9.571,+0.939
1686535980,+3.47,+11.068, +9.571,+0.939
1686536040,+3.47,+11.167, +9.501,+0.940
1686536100,+3.47,+11.964,+10.100,+0.943
1686536160,+3.47,+12.973,+10.069,+0.943
1686536220,+3.47,+13.804,+10.383,+0.944
1686536280,+3.47,+14.300,+10.373,+0.943
1686536340,+3.47,+14.603,+10.379,+0.943
1686536400,+3.47,+14.906,+10.362,+0.943
1686536460,+3.47,+15.061,+10.375,+0.942
1686536520,+3.47,+15.259,+10.344,+0.942
1686536580,+3.47,+15.302,+10.390,+0.943
1686536640,+3.47,+15.525,+10.374,+0.942
1686536700,+3.47,+15.551,+10.659,+0.943
1686536760,+3.47,+14.187, +9.002,+0.936
1686536820,+3.47,+13.227, +9.058,+0.937
1686536880,+3.47,+12.726, +9.227,+0.938
1686536940,+3.47,+12.372, +9.271,+0.938
1686537000,+3.47,+12.177, +9.302,+0.939
1686537060,+3.47,+12.070, +9.348,+0.939
1686537120,+3.47,+11.999, +9.325,+0.939
1686537180,+3.47,+11.946, +9.306,+0.939
1686537240,+3.47,+11.794, +9.250,+0.939
1686537300,+3.47,+11.615, +9.307,+0.939
1686537360,+3.47,+11.508, +9.316,+0.939
1686537420,+3.47,+11.445, +9.351,+0.939
1686537480,+3.47,+11.436, +9.349,+0.939
1686537540,+3.47,+11.463, +9.364,+0.940
1686537600,+3.47,+11.472, +9.368,+0.940
1686537660,+3.47,+11.598, +9.366,+0.940
1686537720,+3.47,+11.785, +9.352,+0.940
1686537780,+3.47,+11.714, +9.353,+0.940
1686537840,+3.47,+11.696, +9.285,+0.940
1686537900,+3.47,+11.633, +9.287,+0.940
1686537960,+3.47,+11.678, +9.260,+0.940
1686538020,+3.47,+11.660, +9.260,+0.940
1686538080,+3.47,+11.544, +9.279,+0.940
1686538140,+3.47,+11.696, +9.281,+0.940
1686538200,+3.47,+12.124, +9.870,+0.943
1686538260,+3.47,+13.324,+10.444,+0.944
1686538320,+3.47,+13.935,+10.678,+0.945
1686538380,+3.47,+14.352,+10.750,+0.944
1686538440,+3.47,+14.673,+10.727,+0.943
1686538500,+3.47,+14.914,+10.714,+0.943
1686538560,+3.47,+14.664,+10.411,+0.941
1686538620,+3.47,+14.508,+10.497,+0.942
1686538680,+3.47,+14.629,+10.396,+0.942
1686538740,+3.47,+14.430, +9.919,+0.939
1686538800,+3.47,+13.726, +9.435,+0.938
1686538860,+3.47,+13.140, +9.153,+0.938
1686538920,+3.47,+12.646, +9.111,+0.938
1686538980,+3.47,+12.292, +9.165,+0.938
1686539040,+3.47,+12.088, +9.254,+0.939
1686539100,+3.47,+11.928, +9.277,+0.939
1686539160,+3.47,+11.919, +9.278,+0.939
1686539220,+3.47,+11.883, +9.315,+0.940
1686539280,+3.47,+12.328, +9.534,+0.941
1686539340,+3.47,+12.779, +9.403,+0.940
1686539400,+3.47,+12.354, +9.274,+0.940
1686539460,+3.47,+12.390, +9.367,+0.940
1686539520,+3.47,+12.399, +9.368,+0.940
1686539580,+3.47,+12.301, +9.400,+0.940
1686539640,+3.47,+12.567, +9.463,+0.941
1686539700,+3.47,+13.122, +9.800,+0.942
1686539760,+3.47,+13.892,+10.386,+0.943
1686539820,+3.47,+14.448,+10.611,+0.943
1686539880,+3.47,+14.802,+10.712,+0.943
1686539940,+3.47,+14.949,+10.834,+0.943
1686540000,+3.47,+15.181,+10.827,+0.943
1686540060,+3.47,+15.259,+10.877,+0.943
1686540120,+3.47,+15.422,+10.867,+0.943
1686540180,+3.47,+15.491,+10.879,+0.943
1686540240,+3.47,+15.568,+10.874,+0.943
1686540300,+3.47,+15.637,+10.881,+0.943
1686540360,+3.47,+15.671,+10.923,+0.943
1686540420,+3.47,+15.688,+10.929,+0.942
1686540480,+3.47,+15.697,+10.937,+0.943
1686540540,+3.47,+15.439,+10.438,+0.941
1686540600,+3.47,+15.276,+10.321,+0.940
1686540660,+3.47,+15.268,+10.305,+0.941
1686540720,+3.47,+15.379,+10.374,+0.942
1686540780,+3.47,+15.482,+10.451,+0.942
1686540840,+3.47,+15.628,+10.670,+0.942
1686540900,+3.47,+15.697,+10.841,+0.942
1686540960,+3.47,+15.740,+10.841,+0.942
1686541020,+3.47,+15.714,+10.881,+0.942
1686541080,+3.47,+15.834,+10.846,+0.942
1686541140,+3.47,+15.782,+10.850,+0.941
1686541200,+3.47,+15.782,+10.892,+0.942
1686541260,+3.47,+15.774,+10.929,+0.942
1686541320,+3.47,+15.791,+10.761,+0.941
1686541380,+3.47,+15.705,+10.686,+0.941
1686541440,+3.47,+15.620,+10.746,+0.941
1686541500,+3.47,+15.620,+10.624,+0.941
1686541560,+3.47,+14.837, +9.867,+0.939
1686541620,+3.47,+14.707, +9.946,+0.939
1686541680,+3.47,+14.439, +9.981,+0.939
1686541740,+3.47,+14.448,+10.427,+0.941
1686541800,+3.47,+14.871,+10.720,+0.942
1686541860,+3.47,+15.104,+10.716,+0.941
1686541920,+3.47,+15.207,+10.729,+0.942
1686541980,+3.47,+15.362,+10.694,+0.942
1686542040,+3.47,+15.414,+10.679,+0.941
1686542100,+3.47,+15.482,+10.671,+0.942
1686542160,+3.47,+15.577,+10.662,+0.941
1686542220,+3.47,+15.620,+10.696,+0.942
1686542280,+3.47,+15.680,+10.729,+0.941
1686542340,+3.47,+15.688,+10.807,+0.941
1686542400,+3.47,+15.748,+10.774,+0.942
1686542460,+3.47,+15.748,+10.751,+0.942
1686542520,+3.47,+15.757,+10.737,+0.941
1686542580,+3.47,+15.748,+10.739,+0.941
1686542640,+3.47,+15.757,+10.732,+0.941
1686542700,+3.47,+15.774,+10.720,+0.941
1686542760,+3.47,+15.714,+10.771,+0.942
1686542820,+3.47,+15.722,+10.766,+0.942
1686542880,+3.47,+15.731,+10.845,+0.941
1686542940,+3.47,+15.740,+10.906,+0.941
1686543000,+3.47,+15.740,+10.924,+0.941
1686543060,+3.47,+15.731,+10.925,+0.942
1686543120,+3.47,+15.714,+10.925,+0.941
1686543180,+3.47,+15.688,+10.926,+0.942
1686543240,+3.47,+15.654,+10.889,+0.941
1686543300,+3.47,+15.688,+10.848,+0.941
1686543360,+3.47,+15.662,+10.833,+0.941
1686543420,+3.47,+15.680,+10.819,+0.941
1686543480,+3.47,+15.697,+10.801,+0.941
1686543540,+3.47,+15.611,+10.787,+0.941
1686543600,+3.47,+15.620,+10.738,+0.941
1686543660,+3.47,+15.680,+10.758,+0.941
1686543720,+3.47,+15.645,+10.791,+0.941
1686543780,+3.47,+15.637,+10.806,+0.941
1686543840,+3.47,+15.620,+10.842,+0.942
1686543900,+3.47,+15.611,+10.834,+0.941
1686543960,+3.47,+15.671,+10.833,+0.941
1686544020,+3.47,+15.611,+10.855,+0.942
1686544080,+3.47,+15.637,+10.819,+0.941
1686544140,+3.47,+15.628,+10.794,+0.941
1686544200,+3.47,+15.594,+10.850,+0.941
1686544260,+3.47,+15.645,+10.821,+0.941
1686544320,+3.47,+15.620,+10.819,+0.941
1686544380,+3.47,+15.611,+10.802,+0.941
1686544440,+3.47,+15.594,+10.807,+0.942
1686544500,+3.47,+15.602,+10.529,+0.940
1686544560,+3.47,+15.207, +9.900,+0.939
1686544620,+3.47,+14.914, +9.737,+0.939
1686544680,+3.47,+14.699, +9.702,+0.938
1686544740,+3.47,+14.335, +9.617,+0.938
1686544800,+3.47,+14.213, +9.637,+0.939
1686544860,+3.47,+14.031, +9.700,+0.939
1686544920,+3.47,+14.005, +9.692,+0.939
1686544980,+3.47,+13.935, +9.715,+0.939
1686545040,+3.47,+13.935, +9.724,+0.939
1686545100,+3.47,+13.979, +9.829,+0.940
1686545160,+3.47,+14.179, +9.915,+0.940
1686545220,+3.47,+14.335, +9.976,+0.941
1686545280,+3.47,+14.448, +9.957,+0.941
1686545340,+3.47,+14.491, +9.947,+0.941
1686545400,+3.47,+14.500,+10.000,+0.940
1686545460,+3.47,+14.534, +9.998,+0.941
1686545520,+3.47,+14.448, +9.906,+0.940
1686545580,+3.47,+14.361, +9.829,+0.940
1686545640,+3.47,+14.344, +9.831,+0.940
1686545700,+3.47,+14.430, +9.869,+0.940
1686545760,+3.47,+14.508,+10.001,+0.941
1686545820,+3.47,+14.647,+10.079,+0.941
1686545880,+3.47,+14.871,+10.268,+0.941
1686545940,+3.47,+14.897,+10.325,+0.941
1686546000,+3.47,+15.018,+10.326,+0.941
1686546060,+3.47,+15.052,+10.349,+0.941
1686546120,+3.47,+15.138,+10.345,+0.941
1686546180,+3.47,+15.113,+10.418,+0.941
1686546240,+3.47,+15.164,+10.396,+0.941
1686546300,+3.47,+15.181,+10.431,+0.941
1686546360,+3.47,+15.225,+10.476,+0.941
1686546420,+3.47,+15.302,+10.510,+0.941
1686546480,+3.47,+15.328,+10.539,+0.942
1686546540,+3.47,+15.414,+10.566,+0.941
1686546600,+3.47,+15.465,+10.630,+0.941
1686546660,+3.47,+15.517,+10.695,+0.942
1686546720,+3.47,+15.508,+10.759,+0.941
1686546780,+3.47,+15.482,+10.685,+0.942
1686546840,+3.47,+15.414,+10.645,+0.941
1686546900,+3.47,+15.431,+10.640,+0.941
1686546960,+3.47,+15.371,+10.655,+0.941
1686547020,+3.47,+15.422,+10.663,+0.941
1686547080,+3.47,+15.396,+10.723,+0.942
1686547140,+3.47,+15.525,+10.690,+0.942
1686547200,+3.47,+15.551,+10.679,+0.941
1686547260,+3.47,+15.560,+10.633,+0.941
1686547320,+3.47,+15.542,+10.582,+0.941
1686547380,+3.47,+15.396,+10.222,+0.940
1686547440,+3.47,+15.233,+10.030,+0.940
1686547500,+3.47,+14.845, +9.615,+0.938
1686547560,+3.47,+14.629, +9.710,+0.939
1686547620,+3.47,+14.707, +9.759,+0.940
1686547680,+3.47,+14.759, +9.807,+0.940
1686547740,+3.47,+14.482, +9.652,+0.939
1686547800,+3.47,+14.222, +9.685,+0.939
1686547860,+3.47,+14.170, +9.724,+0.939
1686547920,+3.47,+14.118, +9.754,+0.940
1686547980,+3.47,+14.100, +9.832,+0.940
1686548040,+3.47,+14.239, +9.893,+0.940
1686548100,+3.47,+14.292, +9.925,+0.940
1686548160,+3.47,+14.370, +9.946,+0.940
1686548220,+3.47,+14.439, +9.977,+0.941
1686548280,+3.47,+14.439, +9.996,+0.940
1686548340,+3.47,+14.595,+10.034,+0.940
1686548400,+3.47,+14.326, +9.884,+0.940
1686548460,+3.47,+14.300, +9.850,+0.940
1686548520,+3.47,+13.822, +9.771,+0.938
1686548580,+3.47,+13.508, +9.934,+0.940
1686548640,+3.47,+13.359,+10.016,+0.940
1686548700,+3.47,+13.368,+10.040,+0.940
1686548760,+3.47,+13.481,+10.003,+0.940
1686548820,+3.47,+13.682,+10.063,+0.941
1686548880,+3.47,+13.883,+10.041,+0.940
1686548940,+3.47,+13.996,+10.034,+0.941
1686549000,+3.47,+14.161,+10.009,+0.940
1686549060,+3.47,+14.231,+10.005,+0.941
1686549120,+3.47,+14.239,+10.084,+0.941
1686549180,+3.47,+14.396,+10.108,+0.941
1686549240,+3.47,+14.465,+10.129,+0.941
1686549300,+3.47,+14.482,+10.171,+0.941
1686549360,+3.47,+14.526,+10.167,+0.941
1686549420,+3.47,+14.629,+10.159,+0.941
1686549480,+3.47,+14.612,+10.191,+0.942
1686549540,+3.47,+14.673,+10.026,+0.940
1686549600,+3.47,+14.361, +9.981,+0.940
1686549660,+3.47,+14.387, +9.950,+0.940
1686549720,+3.47,+14.526, +9.991,+0.940
1686549780,+3.47,+14.222, +9.679,+0.939
1686549840,+3.47,+13.778, +9.759,+0.938
1686549900,+3.47,+13.333, +9.732,+0.938
1686549960,+3.47,+13.025, +9.641,+0.938
1686550020,+3.47,+12.823, +9.660,+0.939
1686550080,+3.47,+12.752, +9.678,+0.939
1686550140,+3.47,+12.620, +9.689,+0.939
1686550200,+3.47,+12.443, +9.681,+0.939
1686550260,+3.47,+12.478, +9.579,+0.939
1686550320,+3.47,+12.319, +9.450,+0.939
1686550380,+3.47,+12.186, +9.309,+0.939
1686550440,+3.47,+11.964, +9.300,+0.939
1686550500,+3.47,+11.883, +9.288,+0.939
1686550560,+3.47,+11.767, +9.296,+0.939
1686550620,+3.47,+11.732, +9.298,+0.939
1686550680,+3.47,+11.633, +9.329,+0.939
1686550740,+3.47,+11.651, +9.313,+0.939
1686550800,+3.47,+11.607, +9.334,+0.939
1686550860,+3.47,+11.633, +9.341,+0.940
1686550920,+3.47,+11.750, +9.370,+0.940
1686550980,+3.47,+11.874, +9.474,+0.941
1686551040,+3.47,+12.044, +9.495,+0.941
1686551100,+3.47,+12.079, +9.545,+0.940
1686551160,+3.47,+12.141, +9.591,+0.941
1686551220,+3.47,+12.284, +9.642,+0.941
1686551280,+3.47,+12.239, +9.543,+0.940
1686551340,+3.47,+12.070, +9.276,+0.939
1686551400,+3.47,+11.839, +9.242,+0.940
1686551460,+3.47,+11.696, +9.274,+0.940
1686551520,+3.47,+11.678, +9.297,+0.940
1686551580,+3.47,+11.687, +9.235,+0.940
1686551640,+3.47,+11.624, +9.207,+0.940
1686551700,+3.47,+11.535, +9.215,+0.939
1686551760,+3.47,+11.490, +9.234,+0.940
1686551820,+3.47,+11.400, +9.251,+0.940
1686551880,+3.47,+11.374, +9.256,+0.940
1686551940,+3.47,+11.418, +9.212,+0.940
1686552000,+3.47,+11.356, +9.206,+0.939
1686552060,+3.47,+11.383, +9.196,+0.940
1686552120,+3.47,+11.400, +9.175,+0.939
1686552180,+3.47,+11.391, +9.185,+0.940
1686552240,+3.47,+11.409, +9.171,+0.940
1686552300,+3.47,+11.436, +9.203,+0.940
1686552360,+3.47,+11.562, +9.216,+0.941
1686552420,+3.47,+11.598, +9.246,+0.940
1686552480,+3.47,+11.705, +9.261,+0.941
1686552540,+3.47,+11.598, +9.228,+0.940
1686552600,+3.47,+11.553, +9.136,+0.940
1686552660,+3.47,+11.490, +9.116,+0.940
1686552720,+3.47,+11.409, +9.138,+0.940
1686552780,+3.47,+11.365, +9.152,+0.940
1686552840,+3.47,+11.347, +9.158,+0.940
1686552900,+3.47,+11.383, +9.191,+0.940
1686552960,+3.47,+11.356, +9.149,+0.940
1686553020,+3.47,+11.284, +9.158,+0.940
1686553080,+3.47,+11.266, +9.162,+0.940
1686553140,+3.47,+11.230, +9.180,+0.940
1686553200,+3.47,+11.176, +9.208,+0.940
1686553260,+3.47,+11.176, +9.204,+0.940
1686553320,+3.47,+11.185, +9.212,+0.940
1686553380,+3.47,+11.212, +9.213,+0.940
1686553440,+3.47,+11.203, +9.207,+0.940
1686553500,+3.47,+11.131, +9.201,+0.940
1686553560,+3.47,+11.041, +9.258,+0.940
1686553620,+3.47,+10.960, +9.359,+0.939
1686553680,+3.47,+10.923, +9.405,+0.940
1686553740,+3.47,+10.833, +9.452,+0.940
1686553800,+3.47,+10.770, +9.475,+0.940
1686553860,+3.47,+10.770, +9.487,+0.941
1686553920,+3.47,+10.770, +9.487,+0.940
1686553980,+3.47,+10.779, +9.494,+0.941
1686554040,+3.47,+10.797, +9.513,+0.940
1686554100,+3.47,+10.761, +9.546,+0.941
1686554160,+3.47,+10.752, +9.545,+0.940
1686554220,+3.47,+10.770, +9.566,+0.940
1686554280,+3.47,+10.734, +9.577,+0.940
1686554340,+3.47,+10.706, +9.593,+0.940
1686554400,+3.47,+10.688, +9.606,+0.941
1686554460,+3.47,+10.715, +9.603,+0.941
1686554520,+3.47,+10.679, +9.618,+0.941
1686554580,+3.47,+10.670, +9.624,+0.941
1686554640,+3.47,+10.697, +9.615,+0.941
1686554700,+3.47,+10.724, +9.600,+0.941
1686554760,+3.47,+10.706, +9.603,+0.941
1686554820,+3.47,+10.688, +9.606,+0.941
1686554880,+3.47,+10.706, +9.600,+0.941
1686554940,+3.47,+10.715, +9.595,+0.941
1686555000,+3.47,+10.697, +9.590,+0.941
1686555060,+3.47,+10.688, +9.576,+0.940
1686555120,+3.47,+10.761, +9.552,+0.941
1686555180,+3.47,+10.743, +9.547,+0.941
1686555240,+3.47,+10.779, +9.540,+0.941
1686555300,+3.47,+10.815, +9.533,+0.941
1686555360,+3.47,+10.869, +9.458,+0.940
1686555420,+3.47,+10.905, +9.401,+0.941
1686555480,+3.47,+10.896, +9.378,+0.940
1686555540,+3.47,+10.860, +9.377,+0.940
1686555600,+3.47,+10.860, +9.379,+0.940
1686555660,+3.47,+10.969, +9.372,+0.941
1686555720,+3.47,+10.996, +9.372,+0.941
1686555780,+3.47,+11.032, +9.348,+0.941
1686555840,+3.47,+11.068, +9.330,+0.940
1686555900,+3.47,+11.059, +9.346,+0.941
1686555960,+3.47,+11.077, +9.346,+0.940
1686556020,+3.47,+11.158, +9.374,+0.941
1686556080,+3.47,+11.347, +9.342,+0.941
1686556140,+3.47,+11.651, +9.292,+0.941
1686556200,+3.47,+11.723, +9.308,+0.941
1686556260,+3.47,+11.892, +9.276,+0.941
1686556320,+3.47,+11.964, +9.256,+0.941
1686556380,+3.47,+12.053, +9.279,+0.941
1686556440,+3.47,+12.097, +9.341,+0.941
1686556500,+3.47,+12.266, +9.355,+0.941
1686556560,+3.47,+12.275, +9.419,+0.941
1686556620,+3.47,+12.399, +9.432,+0.941
1686556680,+3.47,+12.416, +9.452,+0.941
1686556740,+3.47,+12.381, +9.293,+0.940
1686556800,+3.47,+12.221, +9.247,+0.940
1686556860,+3.47,+12.248, +9.227,+0.941
1686556920,+3.47,+12.239, +9.269,+0.941
1686556980,+3.47,+12.399, +9.314,+0.941
1686557040,+3.47,+12.540, +9.363,+0.941
1686557100,+3.47,+12.691, +9.427,+0.941
1686557160,+3.47,+12.726, +9.565,+0.941
1686557220,+3.47,+12.673, +9.477,+0.940
1686557280,+3.47,+12.576, +9.272,+0.940
1686557340,+3.47,+12.425, +9.208,+0.940
1686557400,+3.47,+12.275, +9.213,+0.939
1686557460,+3.47,+12.150, +9.245,+0.940
1686557520,+3.47,+12.141, +9.203,+0.940
1686557580,+3.47,+11.999, +9.181,+0.940
1686557640,+3.47,+11.937, +9.176,+0.940
1686557700,+3.47,+11.839, +9.215,+0.940
1686557760,+3.47,+11.892, +9.185,+0.940
1686557820,+3.47,+11.892, +9.197,+0.940
1686557880,+3.47,+11.883, +9.183,+0.940
1686557940,+3.47,+11.892, +9.191,+0.940
1686558000,+3.47,+11.901, +9.185,+0.940
1686558060,+3.47,+11.928, +9.206,+0.940
1686558120,+3.47,+11.946, +9.231,+0.940
1686558180,+3.47,+12.070, +9.372,+0.941
1686558240,+3.47,+12.549, +9.622,+0.942
1686558300,+3.47,+13.183,+10.081,+0.943
1686558360,+3.47,+13.630,+10.643,+0.943
1686558420,+3.47,+13.892,+10.853,+0.943
1686558480,+3.47,+14.118,+11.098,+0.944
1686558540,+3.47,+14.352,+11.157,+0.943
1686558600,+3.47,+14.413,+11.155,+0.943
1686558660,+3.47,+14.560,+11.106,+0.942
1686558720,+3.47,+14.638,+11.043,+0.942
1686558780,+3.47,+14.603,+10.991,+0.942
1686558840,+3.47,+14.500,+10.866,+0.942
1686558900,+3.47,+14.560,+10.729,+0.942
1686558960,+3.47,+14.673,+10.688,+0.942
1686559020,+3.47,+14.664,+10.773,+0.942
1686559080,+3.47,+14.750,+10.885,+0.942
1686559140,+3.47,+14.828,+10.993,+0.943
1686559200,+3.47,+14.828,+11.001,+0.942
1686559260,+3.47,+14.837,+11.008,+0.942
1686559320,+3.47,+14.880,+10.936,+0.942
1686559380,+3.47,+14.794,+10.922,+0.942
1686559440,+3.47,+14.863,+10.966,+0.942
1686559500,+3.47,+14.889,+10.963,+0.941
1686559560,+3.47,+14.811,+10.896,+0.941
1686559620,+3.47,+14.828,+10.884,+0.942
1686559680,+3.47,+14.819,+10.872,+0.941
1686559740,+3.47,+14.863,+10.843,+0.941
1686559800,+3.47,+14.889,+10.861,+0.942
1686559860,+3.47,+14.742,+10.292,+0.940
1686559920,+3.47,+14.612,+10.279,+0.941
1686559980,+3.47,+14.750,+10.572,+0.941
1686560040,+3.47,+14.768,+10.692,+0.941
1686560100,+3.47,+14.811,+10.702,+0.941
1686560160,+3.47,+14.733,+10.726,+0.941
1686560220,+3.47,+14.768,+10.782,+0.941
1686560280,+3.47,+14.880,+10.839,+0.941
1686560340,+3.47,+14.966,+10.828,+0.942
1686560400,+3.47,+15.190,+10.849,+0.942
1686560460,+3.47,+15.422,+10.835,+0.942
1686560520,+3.47,+15.525,+10.806,+0.942
1686560580,+3.47,+15.525,+10.616,+0.940
1686560640,+3.47,+15.259,+10.771,+0.941
1686560700,+3.47,+15.026,+10.590,+0.941
1686560760,+3.47,+14.923,+10.496,+0.940
1686560820,+3.47,+14.880,+10.549,+0.941
1686560880,+3.47,+14.819,+10.581,+0.941
1686560940,+3.47,+14.716,+10.463,+0.940
1686561000,+3.47,+14.707,+10.485,+0.941
1686561060,+3.47,+14.776,+10.544,+0.941
1686561120,+3.47,+14.837,+10.684,+0.941
1686561180,+3.47,+14.958,+10.725,+0.941
1686561240,+3.47,+15.001,+10.752,+0.941
1686561300,+3.47,+14.673,+10.067,+0.939
1686561360,+3.47,+14.335, +9.919,+0.940
1686561420,+3.47,+14.274, +9.935,+0.939
1686561480,+3.47,+14.387,+10.408,+0.941
1686561540,+3.47,+14.647,+10.558,+0.941
1686561600,+3.47,+14.811,+10.618,+0.941
1686561660,+3.47,+14.914,+10.665,+0.941
1686561720,+3.47,+15.104,+10.675,+0.942
1686561780,+3.47,+15.250,+10.668,+0.941
1686561840,+3.47,+15.319,+10.667,+0.941
1686561900,+3.47,+15.439,+10.650,+0.942
1686561960,+3.47,+15.448,+10.632,+0.942
1686562020,+3.47,+15.517,+10.657,+0.942
1686562080,+3.47,+15.551,+10.639,+0.942
1686562140,+3.47,+15.422,+10.707,+0.941
1686562200,+3.47,+15.439,+10.701,+0.941
1686562260,+3.47,+15.422,+10.718,+0.942
1686562320,+3.47,+15.448,+10.698,+0.942
1686562380,+3.47,+15.525,+10.683,+0.941
1686562440,+3.47,+15.808,+10.753,+0.942
1686562500,+3.47,+15.902,+10.620,+0.942
1686562560,+3.47,+15.911,+10.660,+0.942
1686562620,+3.47,+15.680,+10.570,+0.940
1686562680,+3.47,+15.465,+10.702,+0.940
1686562740,+3.47,+15.465,+10.763,+0.941
1686562800,+3.47,+15.525,+10.776,+0.942
1686562860,+3.47,+15.842,+10.686,+0.942
1686562920,+3.47,+16.423,+10.618,+0.943
1686562980,+3.47,+16.755,+10.685,+0.944
1686563040,+3.47,+17.587,+10.313,+0.944
1686563100,+3.47,+18.136,+10.202,+0.945
1686563160,+3.47,+18.693,+10.009,+0.944
1686563220,+3.47,+19.088, +9.898,+0.945
1686563280,+3.47,+19.357, +9.768,+0.944
1686563340,+3.47,+19.567, +9.723,+0.944
1686563400,+3.47,+19.710, +9.672,+0.944
1686563460,+3.47,+19.853, +9.604,+0.944
1686563520,+3.47,+19.609, +9.624,+0.943
1686563580,+3.47,+19.785, +9.263,+0.941
1686563640,+3.47,+19.080, +9.942,+0.944
1686563700,+3.47,+18.575, +9.924,+0.942
1686563760,+3.47,+18.389,+10.060,+0.942
1686563820,+3.47,+18.566, +9.953,+0.943
1686563880,+3.47,+18.844, +9.877,+0.943
1686563940,+3.47,+19.214, +9.756,+0.944
1686564000,+3.47,+19.399, +9.366,+0.940
1686564060,+3.47,+18.415,+10.010,+0.941
1686564120,+3.47,+18.482,+10.111,+0.943
1686564180,+3.47,+18.836, +9.955,+0.943
1686564240,+3.47,+19.156, +9.766,+0.943
1686564300,+3.47,+19.391, +9.707,+0.944
1686564360,+3.47,+19.618, +9.603,+0.944
1686564420,+3.47,+19.811, +9.564,+0.943
1686564480,+3.47,+19.273, +9.543,+0.941
1686564540,+3.47,+18.701, +9.711,+0.940
1686564600,+3.47,+18.221, +9.987,+0.942
1686564660,+3.47,+18.010,+10.081,+0.942
1686564720,+3.47,+18.162,+10.061,+0.943
1686564780,+3.47,+18.482, +9.924,+0.943
1686564840,+3.47,+18.667, +9.833,+0.943
1686564900,+3.47,+18.659, +9.709,+0.942
1686564960,+3.47,+18.474, +9.880,+0.942
1686565020,+3.47,+18.482, +9.960,+0.943
1686565080,+3.47,+18.912, +9.870,+0.944
1686565140,+3.47,+19.332, +9.665,+0.944
1686565200,+3.47,+19.416, +9.190,+0.939
1686565260,+3.47,+18.440,+10.011,+0.942
1686565320,+3.47,+18.052, +9.968,+0.941
1686565380,+3.47,+17.392,+10.137,+0.940
1686565440,+3.47,+17.104,+10.333,+0.941
1686565500,+3.47,+16.832,+10.360,+0.940
1686565560,+3.47,+16.585,+10.462,+0.941
1686565620,+3.47,+16.721,+10.582,+0.942
1686565680,+3.47,+17.350,+10.312,+0.944
1686565740,+3.47,+18.102,+10.003,+0.944
1686565800,+3.47,+18.102, +9.740,+0.940
1686565860,+3.47,+17.638,+10.346,+0.943
1686565920,+3.47,+18.060,+10.142,+0.943
1686565980,+3.47,+18.431,+10.002,+0.944
1686566040,+3.47,+18.743, +9.807,+0.943
1686566100,+3.47,+19.071, +9.707,+0.944
1686566160,+3.47,+19.374, +9.622,+0.943
1686566220,+3.47,+19.307, +9.334,+0.940
1686566280,+3.47,+18.094,+10.034,+0.941
1686566340,+3.47,+17.697,+10.227,+0.941
1686566400,+3.47,+17.764,+10.103,+0.940
1686566460,+3.47,+17.841,+10.235,+0.942
1686566520,+3.47,+18.322,+10.034,+0.944
1686566580,+3.47,+18.718, +9.566,+0.942
1686566640,+3.47,+18.018, +9.998,+0.941
1686566700,+3.47,+17.655,+10.118,+0.941
1686566760,+3.47,+17.333,+10.226,+0.941
1686566820,+3.47,+17.214,+10.073,+0.940
1686566880,+3.47,+16.619,+10.275,+0.940
1686566940,+3.47,+16.364,+10.436,+0.941
1686567000,+3.47,+16.142,+10.477,+0.941
1686567060,+3.47,+16.005,+10.578,+0.941
1686567120,+3.47,+16.073,+10.779,+0.943
1686567180,+3.47,+16.917,+10.426,+0.944
1686567240,+3.47,+16.942,+10.264,+0.941
1686567300,+3.47,+16.900,+10.321,+0.941
1686567360,+3.47,+16.670,+10.355,+0.941
1686567420,+3.47,+16.329,+10.387,+0.939
1686567480,+3.47,+15.902,+10.597,+0.941
1686567540,+3.47,+15.774,+10.620,+0.941
1686567600,+3.47,+15.722,+10.687,+0.941
1686567660,+3.47,+15.817,+10.683,+0.940
1686567720,+3.47,+15.714,+10.596,+0.940
1686567780,+3.47,+15.620,+10.640,+0.940
1686567840,+3.47,+15.457,+10.743,+0.941
1686567900,+3.47,+15.517,+10.709,+0.940
1686567960,+3.47,+15.517,+10.767,+0.942
1686568020,+3.47,+15.680,+10.777,+0.942
1686568080,+3.47,+15.748,+10.749,+0.941
1686568140,+3.47,+15.748,+10.731,+0.941
1686568200,+3.47,+15.645,+10.724,+0.941
1686568260,+3.47,+15.645,+10.739,+0.941
1686568320,+3.47,+15.731,+10.859,+0.942
1686568380,+3.47,+15.911,+10.991,+0.942
1686568440,+3.47,+16.039,+10.944,+0.943
1686568500,+3.47,+16.142,+10.822,+0.941
1686568560,+3.47,+16.167,+10.963,+0.942
1686568620,+3.47,+16.219,+10.978,+0.941
1686568680,+3.47,+16.261,+11.011,+0.943
1686568740,+3.47,+16.236,+10.938,+0.942
1686568800,+3.47,+16.219,+10.797,+0.941
1686568860,+3.47,+15.971,+10.577,+0.940
1686568920,+3.47,+15.714,+10.656,+0.941
1686568980,+3.47,+15.130, +9.803,+0.938
1686569040,+3.47,+14.707, +9.727,+0.939
1686569100,+3.47,+14.448, +9.758,+0.939
1686569160,+3.47,+14.239, +9.786,+0.939
1686569220,+3.47,+14.100, +9.801,+0.939
1686569280,+3.47,+14.031, +9.832,+0.939
1686569340,+3.47,+14.118, +9.873,+0.940
1686569400,+3.47,+14.127, +9.939,+0.940
1686569460,+3.47,+14.127, +9.973,+0.939
1686569520,+3.47,+14.144, +9.908,+0.939
1686569580,+3.47,+13.944, +9.879,+0.939
1686569640,+3.47,+13.900, +9.894,+0.940
1686569700,+3.47,+13.831, +9.910,+0.940
1686569760,+3.47,+13.778, +9.903,+0.939
1686569820,+3.47,+13.804, +9.912,+0.940
1686569880,+3.47,+13.857, +9.939,+0.941
1686569940,+3.47,+13.970, +9.946,+0.940
1686570000,+3.47,+13.996,+10.016,+0.941
1686570060,+3.47,+14.170,+10.073,+0.940
1686570120,+3.47,+14.283,+10.179,+0.941
1686570180,+3.47,+14.387,+10.327,+0.941
1686570240,+3.47,+14.439,+10.225,+0.941
1686570300,+3.47,+14.318,+10.029,+0.940
1686570360,+3.47,+14.213, +9.924,+0.940
1686570420,+3.47,+14.040, +9.946,+0.940
1686570480,+3.47,+13.987, +9.947,+0.940
1686570540,+3.47,+13.935, +9.958,+0.940
1686570600,+3.47,+13.944, +9.923,+0.939
1686570660,+3.47,+13.804, +9.962,+0.940
1686570720,+3.47,+13.621, +9.950,+0.940
1686570780,+3.47,+13.490,+10.008,+0.940
1686570840,+3.47,+13.420,+10.212,+0.940
1686570900,+3.47,+13.376,+10.301,+0.940
1686570960,+3.47,+13.368,+10.305,+0.940
1686571020,+3.47,+13.306,+10.321,+0.940
1686571080,+3.47,+13.262,+10.357,+0.940
1686571140,+3.47,+13.262,+10.312,+0.941
1686571200,+3.47,+13.166,+10.279,+0.940
1686571260,+3.47,+13.148,+10.264,+0.940
1686571320,+3.47,+13.166,+10.235,+0.940
1686571380,+3.47,+13.069,+10.212,+0.940
1686571440,+3.47,+13.034,+10.199,+0.940
1686571500,+3.47,+12.920,+10.237,+0.940
1686571560,+3.47,+12.920,+10.220,+0.941
1686571620,+3.47,+12.885,+10.174,+0.940
1686571680,+3.47,+12.823,+10.134,+0.940
1686571740,+3.47,+12.752,+10.034,+0.939
1686571800,+3.47,+12.717,+10.047,+0.940
1686571860,+3.47,+12.620,+10.074,+0.940
1686571920,+3.47,+12.620,+10.034,+0.940
1686571980,+3.47,+12.593, +9.926,+0.940
1686572040,+3.47,+12.549, +9.884,+0.940
1686572100,+3.47,+12.576, +9.866,+0.940
1686572160,+3.47,+12.496, +9.903,+0.940
1686572220,+3.47,+12.567, +9.885,+0.940
1686572280,+3.47,+12.514, +9.942,+0.940
1686572340,+3.47,+12.549, +9.992,+0.940
1686572400,+3.47,+12.585,+10.028,+0.941
1686572460,+3.47,+12.620,+10.045,+0.940
1686572520,+3.47,+12.646,+10.096,+0.941
1686572580,+3.47,+12.770,+10.138,+0.941
1686572640,+3.47,+12.761,+10.146,+0.941
1686572700,+3.47,+12.761,+10.241,+0.941
1686572760,+3.47,+12.743,+10.191,+0.940
1686572820,+3.47,+12.752,+10.170,+0.941
1686572880,+3.47,+12.699,+10.162,+0.941
1686572940,+3.47,+12.664,+10.152,+0.940
1686573000,+3.47,+12.655,+10.126,+0.940
1686573060,+3.47,+12.673,+10.133,+0.941
1686573120,+3.47,+12.655,+10.162,+0.941
1686573180,+3.47,+12.691,+10.152,+0.941
1686573240,+3.47,+12.673,+10.060,+0.941
1686573300,+3.47,+12.717, +9.967,+0.940
1686573360,+3.47,+12.549, +9.909,+0.940
1686573420,+3.47,+12.593, +9.871,+0.940
1686573480,+3.47,+12.505, +9.894,+0.940
1686573540,+3.47,+12.505, +9.882,+0.940
1686573600,+3.47,+12.496, +9.880,+0.941
1686573660,+3.47,+12.532, +9.879,+0.940
1686573720,+3.47,+12.408, +9.755,+0.941
1686573780,+3.47,+12.354, +9.711,+0.940
1686573840,+3.47,+12.266, +9.672,+0.940
1686573900,+3.47,+12.204, +9.676,+0.940
1686573960,+3.47,+12.159, +9.706,+0.940
1686574020,+3.47,+12.124, +9.714,+0.940
1686574080,+3.47,+12.141, +9.715,+0.940
1686574140,+3.47,+12.177, +9.707,+0.941
1686574200,+3.47,+12.159, +9.713,+0.940
1686574260,+3.47,+12.213, +9.702,+0.941
1686574320,+3.47,+12.186, +9.724,+0.941
1686574380,+3.47,+12.248, +9.707,+0.940
