7450-798456
OS REV: 1.03 Sensor Cal: 1539277937
Time (sec),  BV (Volts),  T (deg C),  DO (mg/l),  Q ()
1684587240,+3.46,+12.079, +9.948,+0.942
1684587300,+3.46,+12.053, +9.962,+0.942
1684587360,+3.46,+12.070, +9.943,+0.942
1684587420,+3.46,+12.035, +9.950,+0.942
1684587480,+3.46,+12.088, +9.931,+0.942
1684587540,+3.46,+12.026, +9.957,+0.942
1684587600,+3.46,+12.061, +9.956,+0.942
1684587660,+3.46,+12.044, +9.957,+0.942
1684587720,+3.46,+12.026, +9.969,+0.942
1684587780,+3.46,+12.053, +9.963,+0.942
1684587840,+3.46,+12.026, +9.969,+0.942
1684587900,+3.46,+12.053, +9.950,+0.942
1684587960,+3.46,+12.053, +9.962,+0.942
1684588020,+3.46,+12.053, +9.970,+0.942
1684588080,+3.46,+12.061, +9.972,+0.942
1684588140,+3.46,+12.035, +9.993,+0.942
1684588200,+3.46,+12.026, +9.996,+0.942
1684588260,+3.46,+12.026,+10.020,+0.943
1684588320,+3.46,+12.017,+10.008,+0.942
1684588380,+3.46,+12.053, +9.995,+0.942
1684588440,+3.46,+12.035, +9.990,+0.942
1684588500,+3.46,+11.990, +9.906,+0.942
1684588560,+3.46,+11.883, +9.815,+0.942
1684588620,+3.46,+11.866, +9.751,+0.942
1684588680,+3.46,+11.750, +9.682,+0.942
1684588740,+3.46,+11.651, +9.680,+0.942
1684588800,+3.46,+11.607, +9.683,+0.942
1684588860,+3.46,+11.553, +9.709,+0.942
1684588920,+3.46,+11.562, +9.703,+0.942
1684588980,+3.46,+11.580, +9.691,+0.941
1684589040,+3.46,+11.553, +9.694,+0.942
1684589100,+3.46,+11.660, +9.680,+0.942
1684589160,+3.46,+11.660, +9.722,+0.942
1684589220,+3.46,+11.732, +9.722,+0.942
1684589280,+3.46,+11.687, +9.803,+0.942
1684589340,+3.46,+11.758, +9.800,+0.942
1684589400,+3.46,+11.848, +9.785,+0.942
1684589460,+3.46,+11.794, +9.815,+0.942
1684589520,+3.46,+11.821, +9.834,+0.943
1684589580,+3.46,+11.830, +9.846,+0.942
1684589640,+3.46,+11.883, +9.846,+0.942
1684589700,+3.46,+11.839, +9.878,+0.942
1684589760,+3.46,+11.848, +9.881,+0.942
1684589820,+3.46,+11.901, +9.873,+0.942
1684589880,+3.46,+11.892, +9.888,+0.942
1684589940,+3.46,+11.910, +9.897,+0.942
1684590000,+3.46,+11.874, +9.905,+0.942
1684590060,+3.46,+11.910, +9.906,+0.942
1684590120,+3.46,+11.964, +9.879,+0.942
1684590180,+3.46,+11.981, +9.898,+0.943
1684590240,+3.46,+11.910, +9.928,+0.942
1684590300,+3.46,+11.964, +9.917,+0.943
1684590360,+3.46,+11.937, +9.930,+0.943
1684590420,+3.46,+11.972, +9.900,+0.942
1684590480,+3.46,+11.937, +9.922,+0.942
1684590540,+3.46,+11.964, +9.912,+0.942
1684590600,+3.46,+11.964, +9.903,+0.942
1684590660,+3.46,+11.964, +9.895,+0.942
1684590720,+3.46,+11.928, +9.904,+0.942
1684590780,+3.46,+11.946, +9.886,+0.942
1684590840,+3.46,+11.928, +9.886,+0.942
1684590900,+3.46,+11.928, +9.886,+0.942
1684590960,+3.46,+11.901, +9.890,+0.942
1684591020,+3.46,+11.928, +9.876,+0.942
1684591080,+3.46,+11.892, +9.894,+0.942
1684591140,+3.46,+11.964, +9.854,+0.942
1684591200,+3.46,+11.919, +9.878,+0.943
1684591260,+3.46,+11.999, +9.840,+0.942
1684591320,+3.46,+11.946, +9.851,+0.942
1684591380,+3.46,+11.910, +9.856,+0.942
1684591440,+3.46,+11.910, +9.857,+0.942
1684591500,+3.46,+11.946, +9.845,+0.942
1684591560,+3.46,+11.928, +9.846,+0.942
1684591620,+3.46,+11.955, +9.827,+0.942
1684591680,+3.46,+11.910, +9.842,+0.942
1684591740,+3.46,+11.928, +9.836,+0.942
1684591800,+3.46,+11.910, +9.848,+0.942
1684591860,+3.46,+11.883, +9.882,+0.942
1684591920,+3.46,+11.919, +9.875,+0.942
1684591980,+3.46,+11.964, +9.881,+0.942
1684592040,+3.46,+11.972, +9.888,+0.942
1684592100,+3.46,+11.946, +9.894,+0.942
1684592160,+3.46,+11.946, +9.905,+0.942
1684592220,+3.46,+11.937, +9.918,+0.942
1684592280,+3.46,+11.955, +9.912,+0.942
1684592340,+3.46,+11.964, +9.913,+0.942
1684592400,+3.46,+11.928, +9.930,+0.943
1684592460,+3.46,+11.928, +9.920,+0.942
1684592520,+3.46,+11.981, +9.898,+0.942
1684592580,+3.46,+11.964, +9.918,+0.942
1684592640,+3.46,+11.919, +9.941,+0.942
1684592700,+3.46,+11.972, +9.927,+0.942
1684592760,+3.46,+11.999, +9.902,+0.942
1684592820,+3.46,+11.955, +9.918,+0.942
1684592880,+3.46,+12.026, +9.882,+0.942
1684592940,+3.46,+11.955, +9.915,+0.942
1684593000,+3.46,+11.937, +9.957,+0.942
1684593060,+3.46,+11.964, +9.945,+0.942
1684593120,+3.46,+11.964, +9.948,+0.942
1684593180,+3.46,+11.972, +9.946,+0.942
1684593240,+3.46,+12.017, +9.905,+0.942
1684593300,+3.46,+11.990, +9.905,+0.943
1684593360,+3.46,+11.955, +9.898,+0.942
1684593420,+3.46,+11.972, +9.881,+0.942
1684593480,+3.46,+11.964, +9.883,+0.942
1684593540,+3.46,+11.999, +9.866,+0.942
1684593600,+3.46,+11.964, +9.885,+0.942
1684593660,+3.46,+12.008, +9.870,+0.942
1684593720,+3.46,+11.999, +9.874,+0.942
1684593780,+3.46,+11.999, +9.900,+0.942
1684593840,+3.46,+11.981, +9.917,+0.943
1684593900,+3.46,+11.999, +9.889,+0.942
1684593960,+3.46,+11.972, +9.896,+0.942
1684594020,+3.46,+11.981, +9.900,+0.942
1684594080,+3.46,+12.044, +9.899,+0.942
1684594140,+3.46,+11.946, +9.925,+0.942
1684594200,+3.46,+12.044, +9.900,+0.942
1684594260,+3.46,+11.999, +9.927,+0.942
1684594320,+3.46,+11.990, +9.931,+0.942
1684594380,+3.46,+11.955, +9.953,+0.942
1684594440,+3.46,+12.035, +9.931,+0.942
1684594500,+3.46,+12.017, +9.931,+0.942
1684594560,+3.46,+11.981, +9.944,+0.942
1684594620,+3.46,+12.008, +9.927,+0.942
1684594680,+3.46,+12.017, +9.916,+0.942
1684594740,+3.46,+11.990, +9.921,+0.943
1684594800,+3.46,+12.035, +9.888,+0.942
1684594860,+3.46,+12.035, +9.889,+0.942
1684594920,+3.46,+12.017, +9.898,+0.942
1684594980,+3.46,+12.017, +9.894,+0.942
1684595040,+3.46,+11.972, +9.907,+0.942
1684595100,+3.46,+11.946, +9.916,+0.943
1684595160,+3.46,+11.928, +9.917,+0.942
1684595220,+3.46,+11.981, +9.901,+0.942
1684595280,+3.46,+11.981, +9.901,+0.942
1684595340,+3.46,+11.981, +9.913,+0.943
1684595400,+3.46,+11.955, +9.918,+0.942
1684595460,+3.46,+12.035, +9.884,+0.942
1684595520,+3.46,+12.035, +9.906,+0.942
1684595580,+3.46,+12.026, +9.936,+0.942
1684595640,+3.46,+12.026, +9.954,+0.942
1684595700,+3.46,+11.964, +9.979,+0.942
1684595760,+3.46,+12.035, +9.952,+0.942
1684595820,+3.46,+12.017, +9.963,+0.942
1684595880,+3.46,+11.972, +9.973,+0.942
1684595940,+3.46,+12.008, +9.938,+0.942
1684596000,+3.46,+11.999, +9.930,+0.942
1684596060,+3.46,+12.008, +9.931,+0.942
1684596120,+3.46,+11.839, +9.863,+0.942
1684596180,+3.46,+11.821, +9.810,+0.942
1684596240,+3.46,+11.821, +9.800,+0.942
1684596300,+3.46,+11.794, +9.796,+0.942
1684596360,+3.46,+11.767, +9.742,+0.942
1684596420,+3.46,+11.705, +9.722,+0.942
1684596480,+3.46,+11.669, +9.710,+0.941
1684596540,+3.46,+11.669, +9.714,+0.942
1684596600,+3.46,+11.562, +9.748,+0.942
1684596660,+3.46,+11.580, +9.751,+0.942
1684596720,+3.46,+11.571, +9.762,+0.943
1684596780,+3.46,+11.580, +9.765,+0.942
1684596840,+3.46,+11.615, +9.759,+0.942
1684596900,+3.46,+11.544, +9.779,+0.942
1684596960,+3.46,+11.571, +9.763,+0.942
1684597020,+3.46,+11.580, +9.744,+0.942
1684597080,+3.46,+11.517, +9.769,+0.942
1684597140,+3.46,+11.562, +9.763,+0.942
1684597200,+3.46,+11.517, +9.779,+0.942
1684597260,+3.46,+11.562, +9.775,+0.942
1684597320,+3.46,+11.571, +9.762,+0.942
1684597380,+3.46,+11.553, +9.769,+0.942
1684597440,+3.46,+11.562, +9.762,+0.942
1684597500,+3.46,+11.651, +9.736,+0.942
1684597560,+3.46,+11.633, +9.760,+0.942
1684597620,+3.46,+11.696, +9.748,+0.942
1684597680,+3.46,+11.750, +9.762,+0.942
1684597740,+3.46,+11.785, +9.778,+0.943
1684597800,+3.46,+11.848, +9.761,+0.942
1684597860,+3.46,+11.839, +9.745,+0.942
1684597920,+3.46,+11.758, +9.720,+0.942
1684597980,+3.46,+11.642, +9.742,+0.942
1684598040,+3.46,+11.624, +9.752,+0.942
1684598100,+3.46,+11.589, +9.766,+0.942
1684598160,+3.46,+11.589, +9.768,+0.942
1684598220,+3.46,+11.526, +9.803,+0.942
1684598280,+3.46,+11.544, +9.782,+0.942
1684598340,+3.46,+11.517, +9.845,+0.942
1684598400,+3.46,+11.499, +9.876,+0.943
1684598460,+3.46,+11.544, +9.845,+0.942
1684598520,+3.46,+11.436, +9.646,+0.942
1684598580,+3.46,+11.284, +9.555,+0.941
1684598640,+3.46,+11.149, +9.586,+0.942
1684598700,+3.46,+11.050, +9.583,+0.942
1684598760,+3.46,+11.005, +9.585,+0.942
1684598820,+3.46,+11.005, +9.592,+0.942
1684598880,+3.46,+10.987, +9.587,+0.942
1684598940,+3.46,+10.869, +9.619,+0.942
1684599000,+3.46,+10.914, +9.582,+0.942
1684599060,+3.46,+10.887, +9.577,+0.942
1684599120,+3.46,+10.797, +9.593,+0.942
1684599180,+3.46,+10.806, +9.565,+0.942
1684599240,+3.46,+10.779, +9.555,+0.941
1684599300,+3.46,+10.715, +9.548,+0.941
1684599360,+3.46,+10.715, +9.537,+0.942
1684599420,+3.46,+10.652, +9.556,+0.942
1684599480,+3.46,+10.652, +9.552,+0.942
1684599540,+3.46,+10.607, +9.576,+0.941
1684599600,+3.46,+10.652, +9.566,+0.942
1684599660,+3.46,+10.579, +9.601,+0.942
1684599720,+3.46,+10.579, +9.601,+0.942
1684599780,+3.46,+10.607, +9.590,+0.942
1684599840,+3.46,+10.570, +9.605,+0.942
1684599900,+3.46,+10.607, +9.588,+0.942
1684599960,+3.46,+10.616, +9.590,+0.942
1684600020,+3.46,+10.589, +9.608,+0.942
1684600080,+3.46,+10.561, +9.634,+0.942
1684600140,+3.46,+10.516, +9.645,+0.942
1684600200,+3.46,+10.543, +9.640,+0.942
1684600260,+3.46,+10.552, +9.633,+0.942
1684600320,+3.46,+10.534, +9.644,+0.942
1684600380,+3.46,+10.561, +9.644,+0.942
1684600440,+3.46,+10.489, +9.631,+0.942
1684600500,+3.46,+10.380, +9.651,+0.942
1684600560,+3.46,+10.370, +9.633,+0.942
1684600620,+3.46,+10.389, +9.640,+0.942
1684600680,+3.46,+10.352, +9.655,+0.942
1684600740,+3.46,+10.325, +9.676,+0.942
1684600800,+3.46,+10.298, +9.693,+0.942
1684600860,+3.46,+10.252, +9.698,+0.942
1684600920,+3.46,+10.298, +9.687,+0.942
1684600980,+3.46,+10.270, +9.694,+0.942
1684601040,+3.46,+10.279, +9.688,+0.942
1684601100,+3.46,+10.288, +9.699,+0.942
1684601160,+3.46,+10.316, +9.684,+0.942
1684601220,+3.46,+10.316, +9.684,+0.942
1684601280,+3.46,+10.279, +9.692,+0.942
1684601340,+3.46,+10.288, +9.707,+0.942
1684601400,+3.46,+10.307, +9.709,+0.942
1684601460,+3.46,+10.234, +9.736,+0.942
1684601520,+3.46,+10.279, +9.731,+0.943
1684601580,+3.46,+10.316, +9.720,+0.942
1684601640,+3.46,+10.361, +9.703,+0.942
1684601700,+3.46,+10.307, +9.739,+0.942
1684601760,+3.46,+10.288, +9.756,+0.942
1684601820,+3.46,+10.325, +9.758,+0.943
1684601880,+3.46,+10.325, +9.743,+0.942
1684601940,+3.46,+10.307, +9.770,+0.943
1684602000,+3.46,+10.270, +9.786,+0.942
1684602060,+3.46,+10.298, +9.837,+0.943
1684602120,+3.46,+10.316, +9.860,+0.942
1684602180,+3.46,+10.316, +9.894,+0.942
1684602240,+3.46,+10.370, +9.896,+0.942
1684602300,+3.46,+10.288, +9.929,+0.942
1684602360,+3.46,+10.279, +9.941,+0.942
1684602420,+3.46,+10.325, +9.917,+0.942
1684602480,+3.46,+10.261, +9.912,+0.942
1684602540,+3.46,+10.334, +9.877,+0.942
1684602600,+3.46,+10.325, +9.885,+0.943
1684602660,+3.46,+10.325, +9.883,+0.943
1684602720,+3.46,+10.252, +9.908,+0.943
1684602780,+3.46,+10.252, +9.900,+0.942
1684602840,+3.46,+10.316, +9.870,+0.943
1684602900,+3.46,+10.307, +9.866,+0.943
1684602960,+3.46,+10.279, +9.870,+0.942
1684603020,+3.46,+10.270, +9.880,+0.943
1684603080,+3.46,+10.216, +9.903,+0.943
1684603140,+3.46,+10.270, +9.873,+0.942
1684603200,+3.46,+10.252, +9.890,+0.943
1684603260,+3.46,+10.252, +9.902,+0.942
1684603320,+3.46,+10.206, +9.924,+0.943
1684603380,+3.46,+10.188, +9.922,+0.942
1684603440,+3.46,+10.261, +9.875,+0.942
1684603500,+3.46,+10.225, +9.891,+0.943
1684603560,+3.46,+10.234, +9.889,+0.943
1684603620,+3.46,+10.252, +9.877,+0.942
1684603680,+3.46,+10.270, +9.894,+0.942
1684603740,+3.46,+10.234, +9.907,+0.943
1684603800,+3.46,+10.270, +9.895,+0.943
1684603860,+3.46,+10.279, +9.877,+0.942
1684603920,+3.46,+10.234, +9.896,+0.942
1684603980,+3.46,+10.298, +9.852,+0.942
1684604040,+3.46,+10.252, +9.876,+0.943
1684604100,+3.46,+10.279, +9.874,+0.942
1684604160,+3.46,+10.252, +9.897,+0.943
1684604220,+3.46,+10.279, +9.877,+0.942
1684604280,+3.46,+10.298, +9.863,+0.943
1684604340,+3.46,+10.298, +9.853,+0.942
1684604400,+3.46,+10.307, +9.852,+0.943
1684604460,+3.46,+10.325, +9.832,+0.942
1684604520,+3.46,+10.316, +9.839,+0.942
1684604580,+3.46,+10.334, +9.833,+0.943
1684604640,+3.46,+10.334, +9.827,+0.942
1684604700,+3.46,+10.298, +9.848,+0.943
1684604760,+3.46,+10.316, +9.794,+0.943
1684604820,+3.46,+10.261, +9.818,+0.942
1684604880,+3.46,+10.243, +9.823,+0.942
1684604940,+3.46,+10.270, +9.816,+0.942
1684605000,+3.46,+10.216, +9.849,+0.943
1684605060,+3.46,+10.243, +9.820,+0.942
1684605120,+3.46,+10.234, +9.831,+0.942
1684605180,+3.46,+10.206, +9.843,+0.942
1684605240,+3.46,+10.170, +9.852,+0.942
1684605300,+3.46,+10.243, +9.821,+0.943
1684605360,+3.46,+10.206, +9.830,+0.942
1684605420,+3.46,+10.179, +9.841,+0.942
1684605480,+3.46,+10.216, +9.825,+0.942
1684605540,+3.46,+10.197, +9.835,+0.942
1684605600,+3.46,+10.225, +9.824,+0.942
1684605660,+3.46,+10.170, +9.846,+0.942
1684605720,+3.46,+10.206, +9.832,+0.943
1684605780,+3.46,+10.216, +9.824,+0.943
1684605840,+3.46,+10.161, +9.856,+0.943
1684605900,+3.46,+10.225, +9.847,+0.943
1684605960,+3.46,+10.188, +9.864,+0.942
1684606020,+3.46,+10.216, +9.861,+0.943
1684606080,+3.46,+10.261, +9.845,+0.942
1684606140,+3.46,+10.179, +9.881,+0.942
1684606200,+3.46,+10.197, +9.874,+0.942
1684606260,+3.46,+10.197, +9.875,+0.943
1684606320,+3.46,+10.188, +9.892,+0.943
1684606380,+3.46,+10.216, +9.884,+0.942
1684606440,+3.46,+10.216, +9.910,+0.943
1684606500,+3.46,+10.124, +9.941,+0.943
1684606560,+3.46,+10.188, +9.894,+0.942
1684606620,+3.46,+10.206, +9.889,+0.942
1684606680,+3.46,+10.243, +9.884,+0.943
1684606740,+3.46,+10.206, +9.904,+0.942
1684606800,+3.46,+10.216, +9.900,+0.943
1684606860,+3.46,+10.225, +9.887,+0.942
1684606920,+3.46,+10.243, +9.884,+0.942
1684606980,+3.46,+10.197, +9.907,+0.943
1684607040,+3.46,+10.216, +9.894,+0.943
1684607100,+3.46,+10.206, +9.883,+0.942
1684607160,+3.46,+10.197, +9.883,+0.942
1684607220,+3.46,+10.188, +9.896,+0.943
1684607280,+3.46,+10.234, +9.866,+0.943
1684607340,+3.46,+10.188, +9.873,+0.943
1684607400,+3.46,+10.270, +9.838,+0.943
1684607460,+3.46,+10.279, +9.818,+0.942
1684607520,+3.46,+10.270, +9.834,+0.943
1684607580,+3.46,+10.307, +9.804,+0.943
1684607640,+3.46,+10.298, +9.804,+0.942
1684607700,+3.46,+10.298, +9.785,+0.942
1684607760,+3.46,+10.325, +9.767,+0.942
1684607820,+3.46,+10.288, +9.785,+0.943
1684607880,+3.46,+10.370, +9.750,+0.943
1684607940,+3.46,+10.334, +9.751,+0.942
1684608000,+3.46,+10.307, +9.753,+0.942
1684608060,+3.46,+10.298, +9.763,+0.943
1684608120,+3.46,+10.316, +9.746,+0.942
1684608180,+3.46,+10.325, +9.740,+0.943
1684608240,+3.46,+10.316, +9.741,+0.943
1684608300,+3.46,+10.334, +9.732,+0.943
1684608360,+3.46,+10.352, +9.712,+0.942
1684608420,+3.46,+10.361, +9.701,+0.942
1684608480,+3.46,+10.370, +9.704,+0.943
1684608540,+3.46,+10.389, +9.702,+0.942
1684608600,+3.46,+10.398, +9.697,+0.942
1684608660,+3.46,+10.461, +9.695,+0.942
1684608720,+3.46,+10.461, +9.715,+0.942
1684608780,+3.46,+10.425, +9.744,+0.943
1684608840,+3.46,+10.516, +9.713,+0.942
1684608900,+3.46,+10.461, +9.749,+0.943
1684608960,+3.46,+10.489, +9.745,+0.942
1684609020,+3.46,+10.480, +9.757,+0.943
1684609080,+3.46,+10.489, +9.747,+0.942
1684609140,+3.46,+10.534, +9.733,+0.943
1684609200,+3.46,+10.552, +9.729,+0.942
1684609260,+3.46,+10.534, +9.764,+0.943
1684609320,+3.46,+10.534, +9.772,+0.943
1684609380,+3.46,+10.570, +9.749,+0.942
1684609440,+3.46,+10.598, +9.761,+0.943
1684609500,+3.46,+10.589, +9.765,+0.942
1684609560,+3.46,+10.552, +9.779,+0.942
1684609620,+3.46,+10.643, +9.736,+0.942
1684609680,+3.46,+10.643, +9.750,+0.942
1684609740,+3.46,+10.589, +9.770,+0.942
1684609800,+3.46,+10.607, +9.770,+0.943
1684609860,+3.46,+10.634, +9.764,+0.943
1684609920,+3.46,+10.598, +9.782,+0.943
1684609980,+3.46,+10.670, +9.771,+0.943
1684610040,+3.46,+10.661, +9.768,+0.942
1684610100,+3.46,+10.670, +9.771,+0.942
1684610160,+3.46,+10.643, +9.772,+0.942
1684610220,+3.46,+10.734, +9.731,+0.942
1684610280,+3.46,+10.661, +9.774,+0.943
1684610340,+3.46,+10.643, +9.778,+0.942
1684610400,+3.46,+10.715, +9.746,+0.942
1684610460,+3.46,+10.706, +9.739,+0.943
1684610520,+3.46,+10.688, +9.737,+0.942
1684610580,+3.46,+10.688, +9.733,+0.942
1684610640,+3.46,+10.724, +9.719,+0.942
1684610700,+3.46,+10.661, +9.731,+0.942
1684610760,+3.46,+10.724, +9.759,+0.942
1684610820,+3.46,+10.743, +9.742,+0.942
1684610880,+3.46,+10.761, +9.708,+0.942
1684610940,+3.46,+10.734, +9.713,+0.942
1684611000,+3.46,+10.670, +9.723,+0.942
1684611060,+3.46,+10.724, +9.693,+0.942
1684611120,+3.46,+10.652, +9.720,+0.942
1684611180,+3.46,+10.679, +9.706,+0.942
1684611240,+3.46,+10.752, +9.679,+0.942
1684611300,+3.46,+10.743, +9.682,+0.942
1684611360,+3.46,+10.724, +9.702,+0.943
1684611420,+3.46,+10.715, +9.714,+0.942
1684611480,+3.46,+10.752, +9.710,+0.942
1684611540,+3.46,+10.770, +9.729,+0.943
1684611600,+3.46,+10.752, +9.714,+0.942
1684611660,+3.46,+10.706, +9.728,+0.942
1684611720,+3.46,+10.670, +9.723,+0.942
1684611780,+3.46,+10.761, +9.699,+0.942
1684611840,+3.46,+10.724, +9.713,+0.942
1684611900,+3.46,+10.715, +9.707,+0.942
1684611960,+3.46,+10.661, +9.725,+0.942
1684612020,+3.46,+10.661, +9.721,+0.942
1684612080,+3.46,+10.634, +9.724,+0.943
1684612140,+3.46,+10.661, +9.696,+0.942
1684612200,+3.46,+10.670, +9.698,+0.943
1684612260,+3.46,+10.697, +9.683,+0.942
1684612320,+3.46,+10.688, +9.676,+0.942
1684612380,+3.46,+10.679, +9.668,+0.942
1684612440,+3.46,+10.661, +9.665,+0.942
1684612500,+3.46,+10.661, +9.658,+0.942
1684612560,+3.46,+10.634, +9.667,+0.942
1684612620,+3.46,+10.761, +9.614,+0.942
1684612680,+3.46,+10.679, +9.646,+0.942
1684612740,+3.46,+10.697, +9.646,+0.943
1684612800,+3.46,+10.715, +9.642,+0.942
1684612860,+3.46,+10.688, +9.661,+0.942
1684612920,+3.46,+10.752, +9.646,+0.942
1684612980,+3.46,+10.679, +9.668,+0.942
1684613040,+3.46,+10.752, +9.641,+0.942
1684613100,+3.46,+10.752, +9.637,+0.942
1684613160,+3.46,+10.688, +9.640,+0.942
1684613220,+3.46,+10.634, +9.650,+0.942
1684613280,+3.46,+10.679, +9.623,+0.942
1684613340,+3.46,+10.661, +9.659,+0.942
1684613400,+3.46,+10.652, +9.695,+0.942
1684613460,+3.46,+10.670, +9.713,+0.943
1684613520,+3.46,+10.598, +9.739,+0.942
1684613580,+3.46,+10.625, +9.716,+0.942
1684613640,+3.46,+10.643, +9.709,+0.942
1684613700,+3.46,+10.679, +9.683,+0.942
1684613760,+3.46,+10.634, +9.729,+0.942
1684613820,+3.46,+10.634, +9.732,+0.942
1684613880,+3.46,+10.652, +9.713,+0.942
1684613940,+3.46,+10.607, +9.730,+0.943
1684614000,+3.46,+10.579, +9.725,+0.942
1684614060,+3.46,+10.579, +9.722,+0.943
1684614120,+3.46,+10.625, +9.689,+0.942
1684614180,+3.46,+10.589, +9.702,+0.942
1684614240,+3.46,+10.616, +9.691,+0.942
1684614300,+3.46,+10.616, +9.686,+0.942
1684614360,+3.46,+10.625, +9.674,+0.942
1684614420,+3.46,+10.643, +9.650,+0.942
1684614480,+3.46,+10.634, +9.629,+0.942
1684614540,+3.46,+10.598, +9.643,+0.942
1684614600,+3.46,+10.625, +9.635,+0.942
1684614660,+3.46,+10.625, +9.630,+0.942
1684614720,+3.46,+10.570, +9.656,+0.942
1684614780,+3.46,+10.552, +9.689,+0.942
1684614840,+3.46,+10.534, +9.719,+0.942
1684614900,+3.46,+10.480, +9.750,+0.942
1684614960,+3.46,+10.461, +9.785,+0.943
1684615020,+3.46,+10.480, +9.774,+0.942
1684615080,+3.46,+10.480, +9.725,+0.942
1684615140,+3.46,+10.343, +9.718,+0.942
1684615200,+3.46,+10.288, +9.679,+0.942
1684615260,+3.46,+10.206, +9.688,+0.942
1684615320,+3.46,+10.161, +9.694,+0.942
1684615380,+3.46,+10.115, +9.713,+0.942
1684615440,+3.46,+10.197, +9.684,+0.942
1684615500,+3.46,+10.161, +9.699,+0.942
1684615560,+3.46,+10.115, +9.722,+0.942
1684615620,+3.46,+10.115, +9.705,+0.942
1684615680,+3.46,+10.124, +9.714,+0.942
1684615740,+3.46,+10.042, +9.752,+0.942
1684615800,+3.46,+10.069, +9.754,+0.942
1684615860,+3.46,+10.051, +9.767,+0.943
1684615920,+3.46,+10.079, +9.754,+0.942
1684615980,+3.46,+10.079, +9.748,+0.942
1684616040,+3.46,+10.042, +9.767,+0.943
1684616100,+3.46,+10.097, +9.742,+0.942
1684616160,+3.46,+10.069, +9.747,+0.942
1684616220,+3.46,+10.143, +9.713,+0.942
1684616280,+3.46,+10.170, +9.699,+0.942
1684616340,+3.46,+10.152, +9.697,+0.942
1684616400,+3.46,+10.097, +9.703,+0.942
1684616460,+3.46,+10.097, +9.677,+0.942
1684616520,+3.46,+10.143, +9.641,+0.942
1684616580,+3.46,+10.161, +9.624,+0.942
1684616640,+3.46,+10.161, +9.620,+0.942
1684616700,+3.46,+10.161, +9.622,+0.943
1684616760,+3.46,+10.152, +9.603,+0.942
1684616820,+3.46,+10.179, +9.585,+0.942
1684616880,+3.46,+10.161, +9.597,+0.942
1684616940,+3.46,+10.179, +9.595,+0.942
1684617000,+3.46,+10.197, +9.596,+0.942
1684617060,+3.46,+10.243, +9.599,+0.942
1684617120,+3.46,+10.234, +9.600,+0.942
1684617180,+3.46,+10.270, +9.576,+0.942
1684617240,+3.46,+10.252, +9.601,+0.942
1684617300,+3.46,+10.361, +9.594,+0.942
1684617360,+3.46,+10.470, +9.619,+0.943
1684617420,+3.46,+10.516, +9.624,+0.943
1684617480,+3.46,+10.634, +9.594,+0.943
1684617540,+3.46,+10.688, +9.599,+0.942
1684617600,+3.46,+10.706, +9.607,+0.942
1684617660,+3.46,+10.734, +9.628,+0.943
1684617720,+3.46,+10.815, +9.620,+0.942
1684617780,+3.46,+10.715, +9.683,+0.943
1684617840,+3.46,+10.833, +9.664,+0.943
1684617900,+3.46,+10.851, +9.673,+0.942
1684617960,+3.46,+10.842, +9.698,+0.942
1684618020,+3.46,+10.752, +9.571,+0.941
1684618080,+3.46,+10.570, +9.588,+0.942
1684618140,+3.46,+10.416, +9.614,+0.942
1684618200,+3.46,+10.389, +9.630,+0.942
1684618260,+3.46,+10.361, +9.611,+0.942
1684618320,+3.46,+10.298, +9.625,+0.942
1684618380,+3.46,+10.206, +9.685,+0.942
1684618440,+3.46,+10.179, +9.694,+0.942
1684618500,+3.46,+10.197, +9.679,+0.942
1684618560,+3.46,+10.143, +9.710,+0.942
1684618620,+3.46,+10.152, +9.701,+0.942
1684618680,+3.46,+10.161, +9.701,+0.942
1684618740,+3.46,+10.115, +9.716,+0.942
1684618800,+3.46,+10.152, +9.703,+0.942
1684618860,+3.46,+10.124, +9.726,+0.942
1684618920,+3.46,+10.161, +9.727,+0.942
1684618980,+3.46,+10.179, +9.723,+0.942
1684619040,+3.46,+10.161, +9.740,+0.942
1684619100,+3.46,+10.097, +9.766,+0.942
1684619160,+3.46,+10.197, +9.727,+0.942
1684619220,+3.46,+10.170, +9.740,+0.943
1684619280,+3.46,+10.124, +9.763,+0.942
1684619340,+3.46,+10.115, +9.816,+0.942
1684619400,+3.46,+10.143, +9.853,+0.943
1684619460,+3.46,+10.179, +9.836,+0.942
1684619520,+3.46,+10.170, +9.844,+0.942
1684619580,+3.46,+10.170, +9.819,+0.942
1684619640,+3.46,+10.188, +9.814,+0.942
1684619700,+3.46,+10.143, +9.830,+0.942
1684619760,+3.46,+10.197, +9.824,+0.943
1684619820,+3.46,+10.206, +9.809,+0.942
1684619880,+3.46,+10.216, +9.819,+0.943
1684619940,+3.46,+10.161, +9.832,+0.942
1684620000,+3.46,+10.225, +9.805,+0.942
1684620060,+3.46,+10.197, +9.818,+0.942
1684620120,+3.46,+10.179, +9.823,+0.942
1684620180,+3.46,+10.179, +9.833,+0.943
1684620240,+3.46,+10.188, +9.812,+0.942
1684620300,+3.46,+10.216, +9.820,+0.942
1684620360,+3.46,+10.252, +9.804,+0.943
1684620420,+3.46,+10.161, +9.841,+0.943
1684620480,+3.46,+10.252, +9.795,+0.942
1684620540,+3.46,+10.234, +9.804,+0.942
1684620600,+3.46,+10.206, +9.831,+0.943
1684620660,+3.46,+10.216, +9.828,+0.942
1684620720,+3.46,+10.234, +9.832,+0.943
1684620780,+3.46,+10.243, +9.835,+0.942
1684620840,+3.46,+10.261, +9.832,+0.942
1684620900,+3.46,+10.261, +9.845,+0.943
1684620960,+3.46,+10.270, +9.839,+0.943
1684621020,+3.46,+10.298, +9.830,+0.942
1684621080,+3.46,+10.279, +9.835,+0.942
1684621140,+3.46,+10.325, +9.828,+0.942
1684621200,+3.46,+10.279, +9.859,+0.943
1684621260,+3.46,+10.380, +9.817,+0.943
1684621320,+3.46,+10.325, +9.840,+0.943
1684621380,+3.46,+10.361, +9.821,+0.943
1684621440,+3.46,+10.343, +9.838,+0.943
1684621500,+3.46,+10.352, +9.834,+0.943
1684621560,+3.46,+10.380, +9.805,+0.942
1684621620,+3.46,+10.380, +9.813,+0.942
1684621680,+3.46,+10.407, +9.814,+0.943
1684621740,+3.46,+10.434, +9.808,+0.943
1684621800,+3.46,+10.389, +9.823,+0.942
1684621860,+3.46,+10.380, +9.833,+0.942
1684621920,+3.46,+10.434, +9.808,+0.942
1684621980,+3.46,+10.389, +9.811,+0.942
1684622040,+3.46,+10.425, +9.807,+0.943
1684622100,+3.46,+10.416, +9.815,+0.943
1684622160,+3.46,+10.434, +9.804,+0.942
1684622220,+3.46,+10.443, +9.829,+0.942
1684622280,+3.46,+10.480, +9.823,+0.942
1684622340,+3.46,+10.452, +9.845,+0.942
1684622400,+3.46,+10.452, +9.860,+0.943
1684622460,+3.46,+10.480, +9.857,+0.943
1684622520,+3.46,+10.498, +9.845,+0.942
1684622580,+3.46,+10.461, +9.871,+0.942
1684622640,+3.46,+10.507, +9.850,+0.942
1684622700,+3.46,+10.480, +9.845,+0.942
1684622760,+3.46,+10.480, +9.838,+0.942
1684622820,+3.46,+10.507, +9.827,+0.943
1684622880,+3.46,+10.498, +9.832,+0.942
1684622940,+3.46,+10.507, +9.815,+0.942
1684623000,+3.46,+10.480, +9.845,+0.942
1684623060,+3.46,+10.480, +9.850,+0.943
1684623120,+3.46,+10.552, +9.806,+0.942
1684623180,+3.46,+10.507, +9.818,+0.942
1684623240,+3.46,+10.570, +9.795,+0.943
1684623300,+3.46,+10.525, +9.810,+0.943
1684623360,+3.46,+10.534, +9.804,+0.943
1684623420,+3.46,+10.552, +9.801,+0.942
1684623480,+3.46,+10.516, +9.828,+0.942
1684623540,+3.46,+10.607, +9.807,+0.942
1684623600,+3.46,+10.561, +9.825,+0.942
1684623660,+3.46,+10.598, +9.821,+0.942
1684623720,+3.46,+10.607, +9.811,+0.942
1684623780,+3.46,+10.589, +9.802,+0.942
1684623840,+3.46,+10.589, +9.779,+0.942
1684623900,+3.46,+10.552, +9.774,+0.943
1684623960,+3.46,+10.552, +9.760,+0.942
1684624020,+3.46,+10.570, +9.759,+0.942
1684624080,+3.46,+10.525, +9.792,+0.942
1684624140,+3.46,+10.525, +9.840,+0.942
1684624200,+3.46,+10.561, +9.829,+0.943
1684624260,+3.46,+10.579, +9.833,+0.943
1684624320,+3.46,+10.570, +9.822,+0.942
1684624380,+3.46,+10.598, +9.807,+0.942
1684624440,+3.46,+10.552, +9.828,+0.942
1684624500,+3.46,+10.552, +9.853,+0.943
1684624560,+3.46,+10.579, +9.844,+0.943
1684624620,+3.46,+10.552, +9.848,+0.942
1684624680,+3.46,+10.589, +9.829,+0.942
1684624740,+3.46,+10.589, +9.824,+0.942
1684624800,+3.46,+10.579, +9.815,+0.942
1684624860,+3.46,+10.598, +9.806,+0.942
1684624920,+3.46,+10.607, +9.801,+0.942
1684624980,+3.46,+10.589, +9.804,+0.942
1684625040,+3.46,+10.616, +9.825,+0.942
1684625100,+3.46,+10.598, +9.862,+0.943
1684625160,+3.46,+10.589, +9.859,+0.942
1684625220,+3.46,+10.607, +9.864,+0.942
1684625280,+3.46,+10.616, +9.871,+0.943
1684625340,+3.46,+10.589, +9.873,+0.942
1684625400,+3.46,+10.570, +9.887,+0.943
1684625460,+3.46,+10.561, +9.876,+0.942
1684625520,+3.46,+10.525, +9.897,+0.943
1684625580,+3.46,+10.643, +9.842,+0.942
1684625640,+3.46,+10.561, +9.869,+0.942
1684625700,+3.46,+10.570, +9.844,+0.942
1684625760,+3.46,+10.552, +9.839,+0.943
1684625820,+3.46,+10.561, +9.814,+0.942
1684625880,+3.46,+10.589, +9.790,+0.942
1684625940,+3.46,+10.570, +9.785,+0.942
1684626000,+3.46,+10.498, +9.816,+0.942
1684626060,+3.46,+10.516, +9.798,+0.942
1684626120,+3.46,+10.543, +9.783,+0.942
1684626180,+3.46,+10.616, +9.747,+0.942
1684626240,+3.46,+10.579, +9.758,+0.942
1684626300,+3.46,+10.507, +9.781,+0.942
1684626360,+3.46,+10.534, +9.769,+0.942
1684626420,+3.46,+10.525, +9.774,+0.943
1684626480,+3.46,+10.579, +9.748,+0.942
1684626540,+3.46,+10.552, +9.758,+0.942
1684626600,+3.46,+10.525, +9.770,+0.942
1684626660,+3.46,+10.498, +9.779,+0.942
1684626720,+3.46,+10.525, +9.772,+0.942
1684626780,+3.46,+10.543, +9.772,+0.942
1684626840,+3.46,+10.579, +9.758,+0.942
1684626900,+3.46,+10.543, +9.775,+0.942
1684626960,+3.46,+10.561, +9.774,+0.943
1684627020,+3.46,+10.561, +9.772,+0.942
1684627080,+3.46,+10.543, +9.787,+0.943
1684627140,+3.46,+10.552, +9.778,+0.942
1684627200,+3.46,+10.561, +9.774,+0.942
1684627260,+3.46,+10.598, +9.750,+0.942
1684627320,+3.46,+10.525, +9.777,+0.942
1684627380,+3.46,+10.498, +9.771,+0.942
1684627440,+3.46,+10.507, +9.765,+0.942
1684627500,+3.46,+10.534, +9.755,+0.943
1684627560,+3.46,+10.452, +9.775,+0.942
1684627620,+3.46,+10.452, +9.761,+0.942
1684627680,+3.46,+10.480, +9.746,+0.942
1684627740,+3.46,+10.480, +9.735,+0.942
1684627800,+3.46,+10.461, +9.729,+0.942
1684627860,+3.46,+10.507, +9.707,+0.942
1684627920,+3.46,+10.398, +9.737,+0.942
1684627980,+3.46,+10.425, +9.720,+0.942
1684628040,+3.46,+10.389, +9.725,+0.942
1684628100,+3.46,+10.461, +9.687,+0.942
1684628160,+3.46,+10.470, +9.684,+0.942
1684628220,+3.46,+10.443, +9.689,+0.942
1684628280,+3.46,+10.443, +9.692,+0.942
1684628340,+3.46,+10.452, +9.700,+0.942
1684628400,+3.46,+10.525, +9.687,+0.942
1684628460,+3.46,+10.470, +9.715,+0.942
1684628520,+3.46,+10.552, +9.675,+0.942
1684628580,+3.46,+10.525, +9.693,+0.942
1684628640,+3.46,+10.480, +9.713,+0.942
1684628700,+3.46,+10.543, +9.693,+0.942
1684628760,+3.46,+10.498, +9.713,+0.942
1684628820,+3.46,+10.498, +9.719,+0.943
1684628880,+3.46,+10.543, +9.696,+0.942
1684628940,+3.46,+10.552, +9.689,+0.942
1684629000,+3.46,+10.579, +9.694,+0.942
1684629060,+3.46,+10.625, +9.673,+0.942
1684629120,+3.46,+10.589, +9.685,+0.942
1684629180,+3.46,+10.598, +9.690,+0.942
1684629240,+3.46,+10.607, +9.671,+0.942
1684629300,+3.46,+10.598, +9.676,+0.943
1684629360,+3.46,+10.616, +9.659,+0.942
1684629420,+3.46,+10.652, +9.645,+0.942
1684629480,+3.46,+10.634, +9.656,+0.943
1684629540,+3.46,+10.607, +9.664,+0.943
1684629600,+3.46,+10.570, +9.683,+0.943
1684629660,+3.46,+10.589, +9.675,+0.942
1684629720,+3.46,+10.643, +9.665,+0.942
1684629780,+3.46,+10.625, +9.699,+0.942
1684629840,+3.46,+10.543, +9.761,+0.943
1684629900,+3.46,+10.607, +9.754,+0.942
1684629960,+3.46,+10.634, +9.754,+0.942
1684630020,+3.46,+10.607, +9.762,+0.943
1684630080,+3.46,+10.652, +9.736,+0.942
1684630140,+3.46,+10.616, +9.747,+0.942
1684630200,+3.46,+10.634, +9.740,+0.942
1684630260,+3.46,+10.643, +9.722,+0.942
1684630320,+3.46,+10.643, +9.729,+0.942
1684630380,+3.46,+10.652, +9.713,+0.942
1684630440,+3.46,+10.652, +9.722,+0.943
1684630500,+3.46,+10.625, +9.725,+0.942
1684630560,+3.46,+10.607, +9.748,+0.943
1684630620,+3.46,+10.661, +9.708,+0.942
1684630680,+3.46,+10.634, +9.718,+0.942
1684630740,+3.46,+10.616, +9.707,+0.942
1684630800,+3.46,+10.670, +9.668,+0.942
1684630860,+3.46,+10.652, +9.674,+0.942
1684630920,+3.46,+10.652, +9.675,+0.942
1684630980,+3.46,+10.643, +9.680,+0.942
1684631040,+3.46,+10.616, +9.683,+0.942
1684631100,+3.46,+10.625, +9.683,+0.943
1684631160,+3.46,+10.670, +9.653,+0.942
1684631220,+3.46,+10.634, +9.674,+0.942
1684631280,+3.46,+10.688, +9.656,+0.942
1684631340,+3.46,+10.589, +9.704,+0.942
1684631400,+3.46,+10.679, +9.672,+0.942
1684631460,+3.46,+10.688, +9.683,+0.943
1684631520,+3.46,+10.724, +9.674,+0.942
1684631580,+3.46,+10.743, +9.677,+0.942
1684631640,+3.46,+10.743, +9.685,+0.942
1684631700,+3.46,+10.743, +9.696,+0.943
1684631760,+3.46,+10.761, +9.710,+0.942
1684631820,+3.46,+10.670, +9.759,+0.942
1684631880,+3.46,+10.734, +9.731,+0.942
1684631940,+3.46,+10.761, +9.709,+0.942
1684632000,+3.46,+10.697, +9.733,+0.943
1684632060,+3.46,+10.788, +9.687,+0.942
1684632120,+3.46,+10.779, +9.698,+0.942
1684632180,+3.46,+10.724, +9.747,+0.943
1684632240,+3.46,+10.779, +9.738,+0.942
1684632300,+3.46,+10.788, +9.744,+0.942
1684632360,+3.46,+10.743, +9.777,+0.943
1684632420,+3.46,+10.824, +9.744,+0.942
1684632480,+3.46,+10.842, +9.747,+0.942
1684632540,+3.46,+10.815, +9.772,+0.942
1684632600,+3.46,+10.860, +9.763,+0.943
1684632660,+3.46,+10.815, +9.782,+0.942
1684632720,+3.46,+10.806, +9.803,+0.943
1684632780,+3.46,+10.815, +9.807,+0.943
1684632840,+3.46,+10.842, +9.802,+0.942
1684632900,+3.46,+10.779, +9.821,+0.943
1684632960,+3.46,+10.797, +9.803,+0.942
1684633020,+3.46,+10.788, +9.815,+0.943
1684633080,+3.46,+10.815, +9.817,+0.943
1684633140,+3.46,+10.815, +9.812,+0.942
1684633200,+3.46,+10.833, +9.813,+0.943
1684633260,+3.46,+10.806, +9.834,+0.942
1684633320,+3.46,+10.797, +9.858,+0.942
1684633380,+3.46,+10.824, +9.852,+0.942
1684633440,+3.46,+10.842, +9.858,+0.942
1684633500,+3.46,+10.878, +9.845,+0.943
1684633560,+3.46,+10.770, +9.874,+0.942
1684633620,+3.46,+10.851, +9.839,+0.942
1684633680,+3.46,+10.815, +9.850,+0.942
1684633740,+3.46,+10.824, +9.841,+0.942
1684633800,+3.46,+10.806, +9.837,+0.942
1684633860,+3.46,+10.788, +9.824,+0.942
1684633920,+3.46,+10.833, +9.786,+0.942
1684633980,+3.46,+10.770, +9.797,+0.942
1684634040,+3.46,+10.752, +9.806,+0.942
1684634100,+3.46,+10.788, +9.802,+0.943
1684634160,+3.46,+10.761, +9.806,+0.942
1684634220,+3.46,+10.752, +9.797,+0.942
1684634280,+3.46,+10.752, +9.794,+0.942
1684634340,+3.46,+10.752, +9.789,+0.942
1684634400,+3.46,+10.743, +9.803,+0.942
1684634460,+3.46,+10.761, +9.805,+0.942
1684634520,+3.46,+10.724, +9.830,+0.942
1684634580,+3.46,+10.715, +9.841,+0.943
1684634640,+3.46,+10.770, +9.808,+0.942
1684634700,+3.46,+10.752, +9.833,+0.942
1684634760,+3.46,+10.761, +9.820,+0.942
1684634820,+3.46,+10.743, +9.840,+0.942
1684634880,+3.46,+10.734, +9.835,+0.942
1684634940,+3.46,+10.743, +9.830,+0.942
1684635000,+3.46,+10.734, +9.841,+0.942
1684635060,+3.46,+10.743, +9.847,+0.942
1684635120,+3.46,+10.697, +9.868,+0.942
1684635180,+3.46,+10.734, +9.853,+0.942
1684635240,+3.46,+10.724, +9.861,+0.943
1684635300,+3.46,+10.761, +9.843,+0.942
1684635360,+3.46,+10.724, +9.864,+0.942
1684635420,+3.46,+10.743, +9.868,+0.942
1684635480,+3.46,+10.724, +9.895,+0.942
1684635540,+3.46,+10.697, +9.913,+0.942
1684635600,+3.46,+10.743, +9.896,+0.942
1684635660,+3.46,+10.706, +9.901,+0.942
1684635720,+3.46,+10.643, +9.921,+0.942
1684635780,+3.46,+10.734, +9.880,+0.942
1684635840,+3.46,+10.752, +9.862,+0.942
1684635900,+3.46,+10.724, +9.865,+0.942
1684635960,+3.46,+10.715, +9.870,+0.943
1684636020,+3.46,+10.743, +9.845,+0.942
1684636080,+3.46,+10.715, +9.851,+0.943
1684636140,+3.46,+10.715, +9.842,+0.943
1684636200,+3.46,+10.661, +9.847,+0.942
1684636260,+3.46,+10.679, +9.827,+0.942
1684636320,+3.46,+10.734, +9.810,+0.942
1684636380,+3.46,+10.734, +9.800,+0.942
1684636440,+3.46,+10.688, +9.815,+0.942
1684636500,+3.46,+10.715, +9.794,+0.942
1684636560,+3.46,+10.715, +9.783,+0.942
1684636620,+3.46,+10.652, +9.799,+0.943
1684636680,+3.46,+10.688, +9.778,+0.942
1684636740,+3.46,+10.752, +9.773,+0.943
1684636800,+3.46,+10.652, +9.810,+0.942
1684636860,+3.46,+10.688, +9.799,+0.943
1684636920,+3.46,+10.679, +9.794,+0.942
1684636980,+3.46,+10.715, +9.790,+0.943
1684637040,+3.46,+10.724, +9.782,+0.942
1684637100,+3.46,+10.724, +9.770,+0.942
1684637160,+3.46,+10.734, +9.777,+0.942
1684637220,+3.46,+10.706, +9.790,+0.943
1684637280,+3.46,+10.652, +9.817,+0.942
1684637340,+3.46,+10.697, +9.806,+0.943
1684637400,+3.46,+10.652, +9.820,+0.942
1684637460,+3.46,+10.679, +9.803,+0.942
1684637520,+3.46,+10.661, +9.804,+0.942
1684637580,+3.46,+10.706, +9.787,+0.942
1684637640,+3.46,+10.697, +9.786,+0.943
1684637700,+3.46,+10.652, +9.799,+0.942
1684637760,+3.46,+10.734, +9.750,+0.942
1684637820,+3.46,+10.715, +9.756,+0.942
1684637880,+3.46,+10.661, +9.749,+0.942
1684637940,+3.46,+10.697, +9.740,+0.942
1684638000,+3.46,+10.679, +9.744,+0.942
1684638060,+3.46,+10.734, +9.732,+0.942
1684638120,+3.46,+10.679, +9.744,+0.942
1684638180,+3.46,+10.715, +9.726,+0.942
1684638240,+3.46,+10.688, +9.739,+0.942
1684638300,+3.46,+10.706, +9.733,+0.943
1684638360,+3.46,+10.661, +9.733,+0.942
1684638420,+3.46,+10.670, +9.718,+0.942
1684638480,+3.46,+10.724, +9.685,+0.942
1684638540,+3.46,+10.724, +9.681,+0.942
1684638600,+3.46,+10.715, +9.682,+0.942
1684638660,+3.46,+10.670, +9.701,+0.943
1684638720,+3.46,+10.643, +9.689,+0.942
1684638780,+3.46,+10.634, +9.657,+0.942
1684638840,+3.46,+10.679, +9.631,+0.942
1684638900,+3.46,+10.643, +9.648,+0.942
1684638960,+3.46,+10.625, +9.655,+0.942
1684639020,+3.46,+10.679, +9.642,+0.942
1684639080,+3.46,+10.643, +9.654,+0.942
1684639140,+3.46,+10.652, +9.649,+0.942
1684639200,+3.46,+10.652, +9.649,+0.942
1684639260,+3.46,+10.643, +9.638,+0.942
1684639320,+3.46,+10.679, +9.612,+0.942
1684639380,+3.46,+10.679, +9.611,+0.942
1684639440,+3.46,+10.670, +9.613,+0.943
1684639500,+3.46,+10.625, +9.614,+0.942
1684639560,+3.46,+10.634, +9.611,+0.942
1684639620,+3.46,+10.652, +9.606,+0.942
1684639680,+3.46,+10.607, +9.615,+0.942
1684639740,+3.46,+10.652, +9.603,+0.942
1684639800,+3.46,+10.697, +9.587,+0.942
1684639860,+3.46,+10.670, +9.599,+0.942
1684639920,+3.46,+10.661, +9.603,+0.942
1684639980,+3.46,+10.634, +9.619,+0.943
1684640040,+3.46,+10.616, +9.626,+0.942
1684640100,+3.46,+10.652, +9.620,+0.943
1684640160,+3.46,+10.679, +9.616,+0.943
1684640220,+3.46,+10.598, +9.652,+0.942
1684640280,+3.46,+10.661, +9.634,+0.942
1684640340,+3.46,+10.643, +9.646,+0.942
1684640400,+3.46,+10.607, +9.691,+0.942
1684640460,+3.46,+10.643, +9.691,+0.942
1684640520,+3.46,+10.561, +9.725,+0.942
1684640580,+3.46,+10.534, +9.720,+0.942
1684640640,+3.46,+10.470, +9.759,+0.942
1684640700,+3.46,+10.480, +9.747,+0.942
1684640760,+3.46,+10.425, +9.698,+0.941
1684640820,+3.46,+10.316, +9.708,+0.942
1684640880,+3.46,+10.252, +9.741,+0.942
1684640940,+3.46,+10.179, +9.764,+0.942
1684641000,+3.46,+10.225, +9.745,+0.942
1684641060,+3.46,+10.133, +9.787,+0.942
1684641120,+3.46,+10.133, +9.788,+0.942
1684641180,+3.46,+10.097, +9.794,+0.942
1684641240,+3.46,+10.152, +9.766,+0.942
1684641300,+3.46,+10.088, +9.788,+0.942
1684641360,+3.46,+10.051, +9.792,+0.942
1684641420,+3.46,+10.060, +9.792,+0.943
1684641480,+3.46,+10.124, +9.756,+0.943
1684641540,+3.46,+10.079, +9.754,+0.942
1684641600,+3.46,+10.115, +9.715,+0.942
1684641660,+3.46,+10.106, +9.708,+0.942
1684641720,+3.46,+10.097, +9.702,+0.942
1684641780,+3.46,+10.097, +9.691,+0.942
1684641840,+3.46,+10.088, +9.697,+0.942
1684641900,+3.46,+10.106, +9.693,+0.942
1684641960,+3.46,+10.115, +9.702,+0.942
1684642020,+3.46,+10.216, +9.663,+0.942
1684642080,+3.46,+10.170, +9.669,+0.942
1684642140,+3.46,+10.188, +9.641,+0.942
1684642200,+3.46,+10.188, +9.634,+0.942
1684642260,+3.46,+10.225, +9.620,+0.942
1684642320,+3.46,+10.234, +9.605,+0.942
1684642380,+3.46,+10.270, +9.592,+0.942
1684642440,+3.46,+10.288, +9.607,+0.943
1684642500,+3.46,+10.316, +9.600,+0.942
1684642560,+3.46,+10.343, +9.612,+0.942
1684642620,+3.46,+10.407, +9.603,+0.942
1684642680,+3.46,+10.407, +9.610,+0.942
1684642740,+3.46,+10.398, +9.612,+0.942
1684642800,+3.46,+10.452, +9.589,+0.942
1684642860,+3.46,+10.480, +9.579,+0.942
1684642920,+3.46,+10.443, +9.601,+0.942
1684642980,+3.46,+10.434, +9.632,+0.942
1684643040,+3.46,+10.525, +9.620,+0.942
1684643100,+3.46,+10.507, +9.653,+0.943
1684643160,+3.46,+10.552, +9.644,+0.942
1684643220,+3.46,+10.552, +9.667,+0.943
1684643280,+3.46,+10.579, +9.665,+0.943
1684643340,+3.46,+10.561, +9.685,+0.942
1684643400,+3.46,+10.534, +9.716,+0.942
1684643460,+3.46,+10.579, +9.710,+0.942
1684643520,+3.46,+10.598, +9.710,+0.943
1684643580,+3.46,+10.570, +9.715,+0.942
1684643640,+3.46,+10.589, +9.708,+0.942
1684643700,+3.46,+10.616, +9.698,+0.942
1684643760,+3.46,+10.598, +9.698,+0.942
1684643820,+3.46,+10.589, +9.706,+0.943
1684643880,+3.46,+10.634, +9.669,+0.942
1684643940,+3.46,+10.643, +9.672,+0.942
1684644000,+3.46,+10.634, +9.678,+0.942
1684644060,+3.46,+10.625, +9.694,+0.943
1684644120,+3.46,+10.706, +9.655,+0.942
1684644180,+3.46,+10.688, +9.666,+0.942
1684644240,+3.46,+10.652, +9.679,+0.942
1684644300,+3.46,+10.607, +9.693,+0.942
1684644360,+3.46,+10.652, +9.672,+0.942
1684644420,+3.46,+10.616, +9.670,+0.942
1684644480,+3.46,+10.652, +9.682,+0.942
1684644540,+3.46,+10.616, +9.739,+0.942
1684644600,+3.46,+10.688, +9.741,+0.942
1684644660,+3.46,+10.670, +9.788,+0.943
1684644720,+3.46,+10.634, +9.818,+0.943
1684644780,+3.46,+10.670, +9.803,+0.942
1684644840,+3.46,+10.661, +9.815,+0.943
1684644900,+3.46,+10.697, +9.782,+0.942
1684644960,+3.46,+10.724, +9.774,+0.942
1684645020,+3.46,+10.670, +9.790,+0.943
1684645080,+3.46,+10.679, +9.768,+0.942
1684645140,+3.46,+10.688, +9.731,+0.942
1684645200,+3.46,+10.670, +9.696,+0.942
1684645260,+3.46,+10.697, +9.658,+0.942
1684645320,+3.46,+10.706, +9.629,+0.942
1684645380,+3.46,+10.688, +9.616,+0.942
1684645440,+3.46,+10.652, +9.658,+0.942
1684645500,+3.46,+10.670, +9.669,+0.942
1684645560,+3.46,+10.670, +9.700,+0.942
1684645620,+3.46,+10.652, +9.734,+0.942
1684645680,+3.46,+10.697, +9.759,+0.943
1684645740,+3.46,+10.670, +9.777,+0.942
1684645800,+3.46,+10.670, +9.798,+0.942
1684645860,+3.46,+10.643, +9.831,+0.942
1684645920,+3.46,+10.670, +9.820,+0.942
1684645980,+3.46,+10.661, +9.820,+0.942
1684646040,+3.46,+10.688, +9.812,+0.942
1684646100,+3.46,+10.607, +9.847,+0.942
1684646160,+3.46,+10.616, +9.851,+0.943
1684646220,+3.46,+10.679, +9.829,+0.943
1684646280,+3.46,+10.661, +9.835,+0.942
1684646340,+3.46,+10.715, +9.819,+0.942
1684646400,+3.46,+10.670, +9.833,+0.943
1684646460,+3.46,+10.625, +9.805,+0.942
1684646520,+3.46,+10.643, +9.766,+0.942
1684646580,+3.46,+10.670, +9.735,+0.942
1684646640,+3.46,+10.652, +9.743,+0.943
1684646700,+3.46,+10.679, +9.716,+0.942
1684646760,+3.46,+10.643, +9.732,+0.942
1684646820,+3.46,+10.661, +9.724,+0.942
1684646880,+3.46,+10.616, +9.743,+0.942
1684646940,+3.46,+10.670, +9.724,+0.942
1684647000,+3.46,+10.697, +9.705,+0.942
1684647060,+3.46,+10.661, +9.713,+0.943
1684647120,+3.46,+10.679, +9.691,+0.942
1684647180,+3.46,+10.643, +9.711,+0.943
1684647240,+3.46,+10.670, +9.697,+0.942
1684647300,+3.46,+10.634, +9.696,+0.942
1684647360,+3.46,+10.661, +9.679,+0.942
1684647420,+3.46,+10.552, +9.707,+0.942
1684647480,+3.46,+10.643, +9.663,+0.942
1684647540,+3.46,+10.697, +9.629,+0.942
1684647600,+3.46,+10.706, +9.626,+0.943
1684647660,+3.46,+10.670, +9.634,+0.942
1684647720,+3.46,+10.688, +9.624,+0.943
1684647780,+3.46,+10.652, +9.623,+0.942
1684647840,+3.46,+10.688, +9.605,+0.942
1684647900,+3.46,+10.643, +9.629,+0.942
1684647960,+3.46,+10.643, +9.638,+0.942
1684648020,+3.46,+10.661, +9.630,+0.943
1684648080,+3.46,+10.688, +9.601,+0.942
1684648140,+3.46,+10.652, +9.584,+0.942
1684648200,+3.46,+10.661, +9.579,+0.942
1684648260,+3.46,+10.661, +9.595,+0.943
1684648320,+3.46,+10.679, +9.585,+0.942
1684648380,+3.46,+10.706, +9.566,+0.942
1684648440,+3.46,+10.625, +9.584,+0.942
1684648500,+3.46,+10.625, +9.595,+0.942
1684648560,+3.46,+10.670, +9.565,+0.942
1684648620,+3.46,+10.652, +9.571,+0.942
1684648680,+3.46,+10.670, +9.558,+0.942
1684648740,+3.46,+10.697, +9.546,+0.942
1684648800,+3.46,+10.706, +9.538,+0.942
1684648860,+3.46,+10.697, +9.575,+0.942
1684648920,+3.46,+10.697, +9.583,+0.942
1684648980,+3.46,+10.688, +9.588,+0.942
1684649040,+3.46,+10.706, +9.579,+0.942
1684649100,+3.46,+10.734, +9.553,+0.942
1684649160,+3.46,+10.706, +9.557,+0.942
1684649220,+3.46,+10.634, +9.560,+0.942
1684649280,+3.46,+10.607, +9.576,+0.942
1684649340,+3.46,+10.679, +9.566,+0.942
1684649400,+3.46,+10.688, +9.571,+0.942
1684649460,+3.46,+10.697, +9.558,+0.942
1684649520,+3.46,+10.679, +9.551,+0.942
1684649580,+3.46,+10.697, +9.559,+0.942
1684649640,+3.46,+10.724, +9.544,+0.942
1684649700,+3.46,+10.670, +9.556,+0.942
1684649760,+3.46,+10.743, +9.527,+0.942
1684649820,+3.46,+10.706, +9.526,+0.942
1684649880,+3.46,+10.706, +9.502,+0.942
1684649940,+3.46,+10.734, +9.474,+0.942
1684650000,+3.46,+10.706, +9.461,+0.942
1684650060,+3.46,+10.770, +9.423,+0.942
1684650120,+3.46,+10.743, +9.429,+0.942
1684650180,+3.46,+10.779, +9.406,+0.942
1684650240,+3.46,+10.706, +9.438,+0.942
1684650300,+3.46,+10.806, +9.421,+0.942
1684650360,+3.46,+10.842, +9.452,+0.942
1684650420,+3.46,+10.833, +9.483,+0.942
1684650480,+3.46,+10.896, +9.501,+0.942
1684650540,+3.46,+10.923, +9.525,+0.942
1684650600,+3.46,+10.941, +9.525,+0.942
1684650660,+3.46,+10.923, +9.549,+0.942
1684650720,+3.46,+10.914, +9.564,+0.942
1684650780,+3.46,+10.969, +9.560,+0.942
1684650840,+3.46,+11.005, +9.577,+0.942
1684650900,+3.46,+11.032, +9.616,+0.942
1684650960,+3.46,+11.086, +9.637,+0.942
1684651020,+3.46,+11.014, +9.678,+0.942
1684651080,+3.46,+11.059, +9.679,+0.943
1684651140,+3.46,+11.113, +9.659,+0.942
1684651200,+3.46,+11.149, +9.642,+0.942
1684651260,+3.46,+11.140, +9.655,+0.942
1684651320,+3.46,+11.131, +9.668,+0.942
1684651380,+3.46,+11.212, +9.652,+0.942
1684651440,+3.46,+11.230, +9.652,+0.942
1684651500,+3.46,+11.221, +9.671,+0.942
1684651560,+3.46,+11.203, +9.693,+0.942
1684651620,+3.46,+11.194, +9.746,+0.942
1684651680,+3.46,+11.194, +9.740,+0.942
1684651740,+3.46,+11.194, +9.734,+0.942
1684651800,+3.46,+11.176, +9.738,+0.942
1684651860,+3.46,+11.221, +9.727,+0.942
1684651920,+3.46,+11.176, +9.726,+0.942
1684651980,+3.46,+11.113, +9.736,+0.942
1684652040,+3.46,+11.149, +9.723,+0.942
1684652100,+3.46,+11.113, +9.717,+0.942
1684652160,+3.46,+11.068, +9.722,+0.942
1684652220,+3.46,+11.095, +9.715,+0.942
1684652280,+3.46,+11.050, +9.731,+0.942
1684652340,+3.46,+11.032, +9.769,+0.942
1684652400,+3.46,+11.041, +9.785,+0.943
1684652460,+3.46,+11.032, +9.801,+0.942
1684652520,+3.46,+11.059, +9.804,+0.942
1684652580,+3.46,+11.005, +9.832,+0.943
1684652640,+3.46,+11.032, +9.810,+0.942
1684652700,+3.46,+11.050, +9.797,+0.943
1684652760,+3.46,+11.077, +9.782,+0.942
1684652820,+3.46,+11.005, +9.811,+0.942
1684652880,+3.46,+11.041, +9.806,+0.942
1684652940,+3.46,+11.023, +9.819,+0.942
1684653000,+3.46,+11.023, +9.824,+0.942
1684653060,+3.46,+11.032, +9.827,+0.942
1684653120,+3.46,+10.987, +9.855,+0.942
1684653180,+3.46,+10.996, +9.859,+0.942
1684653240,+3.46,+11.014, +9.855,+0.942
1684653300,+3.46,+11.014, +9.853,+0.943
1684653360,+3.46,+10.932, +9.868,+0.942
1684653420,+3.46,+10.996, +9.848,+0.942
1684653480,+3.46,+10.951, +9.859,+0.942
1684653540,+3.46,+11.041, +9.804,+0.942
1684653600,+3.46,+11.032, +9.799,+0.942
1684653660,+3.46,+10.951, +9.825,+0.942
1684653720,+3.46,+11.005, +9.788,+0.942
1684653780,+3.46,+10.996, +9.782,+0.942
1684653840,+3.46,+10.969, +9.787,+0.942
1684653900,+3.46,+11.050, +9.742,+0.942
1684653960,+3.46,+11.077, +9.731,+0.942
1684654020,+3.46,+11.032, +9.743,+0.942
1684654080,+3.46,+11.041, +9.728,+0.942
1684654140,+3.46,+11.041, +9.721,+0.942
1684654200,+3.46,+11.041, +9.720,+0.942
1684654260,+3.46,+10.996, +9.728,+0.942
1684654320,+3.46,+10.996, +9.726,+0.942
1684654380,+3.46,+11.068, +9.688,+0.942
1684654440,+3.46,+11.068, +9.688,+0.942
1684654500,+3.46,+11.005, +9.709,+0.942
1684654560,+3.46,+11.104, +9.664,+0.942
1684654620,+3.46,+11.059, +9.688,+0.942
1684654680,+3.46,+10.905, +9.614,+0.941
1684654740,+3.46,+10.806, +9.582,+0.941
1684654800,+3.46,+10.625, +9.674,+0.942
1684654860,+3.46,+10.634, +9.715,+0.942
1684654920,+3.46,+10.688, +9.751,+0.942
1684654980,+3.46,+10.706, +9.757,+0.942
1684655040,+3.46,+10.878, +9.714,+0.942
1684655100,+3.46,+10.851, +9.741,+0.942
1684655160,+3.46,+10.896, +9.725,+0.942
1684655220,+3.46,+10.914, +9.732,+0.943
1684655280,+3.46,+10.860, +9.701,+0.942
1684655340,+3.46,+10.824, +9.685,+0.942
1684655400,+3.46,+10.770, +9.687,+0.942
1684655460,+3.46,+10.715, +9.679,+0.942
1684655520,+3.46,+10.697, +9.665,+0.942
1684655580,+3.46,+10.625, +9.641,+0.942
1684655640,+3.46,+10.525, +9.621,+0.942
1684655700,+3.46,+10.370, +9.651,+0.942
1684655760,+3.46,+10.252, +9.692,+0.942
1684655820,+3.46,+10.216, +9.705,+0.942
1684655880,+3.46,+10.170, +9.725,+0.942
1684655940,+3.46,+10.161, +9.735,+0.942
1684656000,+3.46,+10.097, +9.775,+0.942
1684656060,+3.46,+10.088, +9.790,+0.942
1684656120,+3.46,+10.088, +9.803,+0.942
1684656180,+3.46,+10.079, +9.807,+0.942
1684656240,+3.46,+10.088, +9.807,+0.942
1684656300,+3.46,+10.060, +9.825,+0.942
1684656360,+3.46,+10.033, +9.820,+0.942
1684656420,+3.46,+10.051, +9.802,+0.942
1684656480,+3.46,+10.042, +9.814,+0.942
1684656540,+3.46,+10.024, +9.818,+0.942
1684656600,+3.46,+10.015, +9.820,+0.942
1684656660,+3.46, +9.960, +9.855,+0.942
1684656720,+3.46, +9.969, +9.850,+0.942
1684656780,+3.46, +9.978, +9.857,+0.942
1684656840,+3.46,+10.024, +9.847,+0.942
1684656900,+3.46, +9.996, +9.850,+0.942
1684656960,+3.46, +9.969, +9.882,+0.942
1684657020,+3.46,+10.005, +9.881,+0.943
1684657080,+3.46,+10.143, +9.849,+0.943
1684657140,+3.46,+10.225, +9.814,+0.943
1684657200,+3.46,+10.261, +9.796,+0.943
1684657260,+3.46,+10.325, +9.782,+0.943
1684657320,+3.46,+10.434, +9.754,+0.943
1684657380,+3.46,+10.480, +9.732,+0.943
1684657440,+3.46,+10.334, +9.687,+0.942
1684657500,+3.46,+10.206, +9.771,+0.942
1684657560,+3.46,+10.088, +9.814,+0.942
1684657620,+3.46,+10.069, +9.841,+0.942
1684657680,+3.46,+10.060, +9.842,+0.942
1684657740,+3.46, +9.950, +9.890,+0.942
1684657800,+3.46, +9.941, +9.901,+0.942
1684657860,+3.46, +9.905, +9.910,+0.942
1684657920,+3.46, +9.877, +9.911,+0.942
1684657980,+3.46, +9.886, +9.907,+0.942
1684658040,+3.46, +9.914, +9.889,+0.942
1684658100,+3.46, +9.840, +9.914,+0.942
1684658160,+3.46, +9.923, +9.872,+0.942
1684658220,+3.46, +9.859, +9.885,+0.942
1684658280,+3.46, +9.868, +9.888,+0.942
1684658340,+3.46, +9.840, +9.885,+0.942
1684658400,+3.46, +9.877, +9.865,+0.942
1684658460,+3.46, +9.859, +9.866,+0.942
1684658520,+3.46, +9.804, +9.896,+0.943
1684658580,+3.46, +9.868, +9.873,+0.942
1684658640,+3.46, +9.785, +9.913,+0.943
1684658700,+3.46, +9.877, +9.867,+0.942
1684658760,+3.46, +9.850, +9.885,+0.942
1684658820,+3.46, +9.859, +9.897,+0.943
1684658880,+3.46, +9.850, +9.923,+0.943
1684658940,+3.46, +9.840, +9.922,+0.942
1684659000,+3.46, +9.859, +9.931,+0.943
1684659060,+3.46, +9.868, +9.949,+0.943
1684659120,+3.46, +9.877, +9.947,+0.943
1684659180,+3.46, +9.978, +9.916,+0.943
1684659240,+3.46,+10.042, +9.879,+0.943
1684659300,+3.46,+10.005, +9.889,+0.942
1684659360,+3.46,+10.051, +9.899,+0.942
1684659420,+3.46,+10.079, +9.891,+0.942
1684659480,+3.46,+10.115, +9.868,+0.942
1684659540,+3.46,+10.143, +9.824,+0.943
1684659600,+3.46,+10.051, +9.823,+0.942
1684659660,+3.46,+10.015, +9.864,+0.942
1684659720,+3.46,+10.051, +9.868,+0.942
1684659780,+3.46, +9.932, +9.916,+0.942
1684659840,+3.46, +9.960, +9.909,+0.943
1684659900,+3.46, +9.905, +9.917,+0.942
1684659960,+3.46, +9.950, +9.900,+0.942
1684660020,+3.46, +9.923, +9.904,+0.943
1684660080,+3.46, +9.960, +9.884,+0.943
1684660140,+3.46, +9.950, +9.870,+0.942
1684660200,+3.46, +9.950, +9.850,+0.942
1684660260,+3.46, +9.914, +9.870,+0.942
1684660320,+3.46, +9.905, +9.880,+0.943
1684660380,+3.46, +9.905, +9.845,+0.942
1684660440,+3.46, +9.905, +9.858,+0.943
1684660500,+3.46, +9.923, +9.841,+0.942
1684660560,+3.46, +9.895, +9.863,+0.942
1684660620,+3.46, +9.941, +9.849,+0.942
1684660680,+3.46, +9.914, +9.859,+0.942
1684660740,+3.46, +9.932, +9.867,+0.943
1684660800,+3.46, +9.923, +9.842,+0.942
1684660860,+3.46, +9.960, +9.831,+0.943
1684660920,+3.46, +9.978, +9.822,+0.942
1684660980,+3.46, +9.996, +9.816,+0.942
1684661040,+3.46, +9.987, +9.812,+0.942
1684661100,+3.46,+10.015, +9.815,+0.942
1684661160,+3.46, +9.978, +9.850,+0.943
1684661220,+3.46, +9.987, +9.828,+0.942
1684661280,+3.46, +9.969, +9.855,+0.943
1684661340,+3.46, +9.996, +9.843,+0.942
1684661400,+3.46, +9.950, +9.872,+0.942
1684661460,+3.46, +9.914, +9.895,+0.942
1684661520,+3.46,+10.042, +9.839,+0.942
1684661580,+3.46, +9.996, +9.869,+0.943
1684661640,+3.46,+10.069, +9.824,+0.942
1684661700,+3.46,+10.033, +9.847,+0.942
1684661760,+3.46,+10.069, +9.841,+0.943
1684661820,+3.46,+10.088, +9.825,+0.943
1684661880,+3.46,+10.079, +9.824,+0.943
1684661940,+3.46,+10.088, +9.816,+0.943
1684662000,+3.46,+10.133, +9.787,+0.942
1684662060,+3.46,+10.152, +9.765,+0.942
1684662120,+3.46,+10.097, +9.785,+0.943
1684662180,+3.46,+10.133, +9.761,+0.942
1684662240,+3.46,+10.069, +9.810,+0.943
1684662300,+3.46,+10.097, +9.801,+0.942
1684662360,+3.46,+10.115, +9.803,+0.942
1684662420,+3.46,+10.106, +9.808,+0.942
1684662480,+3.46,+10.106, +9.812,+0.943
1684662540,+3.46,+10.069, +9.819,+0.943
1684662600,+3.46,+10.152, +9.791,+0.943
1684662660,+3.46,+10.106, +9.802,+0.942
1684662720,+3.46,+10.124, +9.800,+0.942
1684662780,+3.46,+10.106, +9.821,+0.943
1684662840,+3.46,+10.079, +9.835,+0.943
1684662900,+3.46,+10.088, +9.830,+0.942
1684662960,+3.46,+10.152, +9.800,+0.942
1684663020,+3.46,+10.152, +9.807,+0.942
1684663080,+3.46,+10.152, +9.804,+0.942
1684663140,+3.46,+10.115, +9.824,+0.942
1684663200,+3.46,+10.079, +9.851,+0.942
1684663260,+3.46,+10.088, +9.857,+0.942
1684663320,+3.46,+10.088, +9.860,+0.942
1684663380,+3.46,+10.124, +9.854,+0.942
1684663440,+3.46,+10.088, +9.871,+0.942
1684663500,+3.46,+10.097, +9.868,+0.942
1684663560,+3.46,+10.106, +9.869,+0.942
1684663620,+3.46,+10.133, +9.871,+0.943
1684663680,+3.46,+10.133, +9.853,+0.942
1684663740,+3.46,+10.133, +9.872,+0.943
1684663800,+3.46,+10.124, +9.874,+0.942
1684663860,+3.46,+10.115, +9.882,+0.943
1684663920,+3.46,+10.106, +9.896,+0.942
1684663980,+3.46,+10.161, +9.888,+0.943
1684664040,+3.46,+10.152, +9.891,+0.943
1684664100,+3.46,+10.170, +9.890,+0.942
1684664160,+3.46,+10.106, +9.906,+0.943
1684664220,+3.46,+10.188, +9.874,+0.942
1684664280,+3.46,+10.152, +9.899,+0.942
1684664340,+3.46,+10.124, +9.914,+0.942
1684664400,+3.46,+10.133, +9.904,+0.942
1684664460,+3.46,+10.161, +9.900,+0.943
1684664520,+3.46,+10.161, +9.896,+0.942
1684664580,+3.46,+10.152, +9.898,+0.942
1684664640,+3.46,+10.188, +9.896,+0.942
1684664700,+3.46,+10.124, +9.929,+0.942
1684664760,+3.46,+10.179, +9.915,+0.942
1684664820,+3.46,+10.152, +9.939,+0.943
1684664880,+3.46,+10.143, +9.933,+0.942
1684664940,+3.46,+10.170, +9.926,+0.942
1684665000,+3.46,+10.225, +9.895,+0.942
1684665060,+3.46,+10.161, +9.928,+0.942
1684665120,+3.46,+10.170, +9.927,+0.943
1684665180,+3.46,+10.188, +9.915,+0.942
1684665240,+3.46,+10.170, +9.920,+0.942
1684665300,+3.46,+10.188, +9.912,+0.942
1684665360,+3.46,+10.179, +9.933,+0.943
1684665420,+3.46,+10.206, +9.918,+0.943
1684665480,+3.46,+10.188, +9.934,+0.943
1684665540,+3.46,+10.133, +9.953,+0.943
1684665600,+3.46,+10.206, +9.929,+0.942
1684665660,+3.46,+10.206, +9.943,+0.943
1684665720,+3.46,+10.206, +9.942,+0.942
1684665780,+3.46,+10.179, +9.945,+0.942
1684665840,+3.46,+10.161, +9.957,+0.942
1684665900,+3.46,+10.179, +9.951,+0.942
1684665960,+3.46,+10.170, +9.954,+0.943
1684666020,+3.46,+10.152, +9.962,+0.942
1684666080,+3.46,+10.197, +9.947,+0.942
1684666140,+3.46,+10.161, +9.969,+0.943
1684666200,+3.46,+10.152, +9.966,+0.942
1684666260,+3.46,+10.143, +9.963,+0.942
1684666320,+3.46,+10.106, +9.974,+0.942
1684666380,+3.46,+10.051, +9.983,+0.942
1684666440,+3.46,+10.152, +9.927,+0.942
1684666500,+3.46,+10.106, +9.944,+0.942
1684666560,+3.46,+10.033, +9.959,+0.942
1684666620,+3.46,+10.051, +9.949,+0.942
1684666680,+3.46,+10.024, +9.952,+0.942
1684666740,+3.46,+10.051, +9.951,+0.942
1684666800,+3.46,+10.005, +9.966,+0.943
1684666860,+3.46,+10.033, +9.954,+0.942
1684666920,+3.46,+10.051, +9.944,+0.942
1684666980,+3.46,+10.033, +9.958,+0.943
1684667040,+3.46,+10.042, +9.952,+0.942
1684667100,+3.46,+10.079, +9.940,+0.943
1684667160,+3.46, +9.987, +9.962,+0.942
1684667220,+3.46,+10.097, +9.929,+0.942
1684667280,+3.46,+10.015, +9.956,+0.942
1684667340,+3.46,+10.069, +9.944,+0.942
1684667400,+3.46,+10.033, +9.986,+0.942
1684667460,+3.46,+10.042, +9.974,+0.943
1684667520,+3.46,+10.051, +9.957,+0.942
1684667580,+3.46,+10.060, +9.956,+0.942
1684667640,+3.46,+10.042, +9.961,+0.943
1684667700,+3.46,+10.033, +9.958,+0.942
1684667760,+3.46,+10.042, +9.954,+0.942
1684667820,+3.46,+10.024, +9.963,+0.942
1684667880,+3.46,+10.033, +9.962,+0.942
1684667940,+3.46,+10.079, +9.954,+0.943
1684668000,+3.46,+10.079, +9.947,+0.942
1684668060,+3.46,+10.079, +9.963,+0.943
1684668120,+3.46,+10.060, +9.968,+0.943
1684668180,+3.46,+10.060, +9.959,+0.942
1684668240,+3.46,+10.024, +9.991,+0.943
1684668300,+3.46,+10.015, +9.988,+0.942
1684668360,+3.46,+10.042, +9.984,+0.942
1684668420,+3.46,+10.079, +9.986,+0.942
1684668480,+3.46,+10.024,+10.017,+0.943
1684668540,+3.46,+10.024,+10.026,+0.943
1684668600,+3.46,+10.079,+10.007,+0.942
1684668660,+3.46,+10.042,+10.036,+0.943
1684668720,+3.46,+10.088,+10.022,+0.942
1684668780,+3.46,+10.133,+10.000,+0.942
1684668840,+3.46,+10.115,+10.009,+0.942
1684668900,+3.46,+10.133,+10.010,+0.943
1684668960,+3.46,+10.060,+10.045,+0.943
1684669020,+3.46,+10.088,+10.033,+0.943
1684669080,+3.46,+10.115,+10.022,+0.943
1684669140,+3.46,+10.143,+10.007,+0.943
1684669200,+3.46,+10.133,+10.021,+0.943
1684669260,+3.46,+10.106,+10.026,+0.943
1684669320,+3.46,+10.188, +9.987,+0.942
1684669380,+3.46,+10.188, +9.989,+0.942
1684669440,+3.46,+10.197, +9.981,+0.942
1684669500,+3.46,+10.206, +9.975,+0.943
1684669560,+3.46,+10.188, +9.987,+0.943
1684669620,+3.46,+10.252, +9.964,+0.943
1684669680,+3.46,+10.243, +9.961,+0.942
1684669740,+3.46,+10.252, +9.956,+0.942
1684669800,+3.46,+10.197, +9.986,+0.943
1684669860,+3.46,+10.225, +9.966,+0.942
1684669920,+3.46,+10.261, +9.950,+0.942
1684669980,+3.46,+10.225, +9.974,+0.942
1684670040,+3.46,+10.234, +9.967,+0.943
1684670100,+3.46,+10.270, +9.941,+0.942
1684670160,+3.46,+10.216, +9.973,+0.943
1684670220,+3.46,+10.252, +9.957,+0.943
1684670280,+3.46,+10.252, +9.936,+0.942
1684670340,+3.46,+10.279, +9.929,+0.942
1684670400,+3.46,+10.288, +9.923,+0.942
1684670460,+3.46,+10.361, +9.895,+0.942
1684670520,+3.46,+10.307, +9.919,+0.942
1684670580,+3.46,+10.307, +9.925,+0.943
1684670640,+3.46,+10.334, +9.901,+0.942
1684670700,+3.46,+10.352, +9.891,+0.942
1684670760,+3.46,+10.298, +9.912,+0.942
1684670820,+3.46,+10.380, +9.881,+0.942
1684670880,+3.46,+10.352, +9.889,+0.942
1684670940,+3.46,+10.334, +9.897,+0.943
1684671000,+3.46,+10.361, +9.900,+0.942
1684671060,+3.46,+10.252, +9.946,+0.942
1684671120,+3.46,+10.197,+10.017,+0.942
1684671180,+3.46,+10.170,+10.050,+0.942
1684671240,+3.46,+10.179,+10.044,+0.942
1684671300,+3.46,+10.152,+10.077,+0.943
1684671360,+3.46,+10.188,+10.068,+0.942
1684671420,+3.46,+10.143,+10.089,+0.943
1684671480,+3.46,+10.133,+10.087,+0.943
1684671540,+3.46,+10.124,+10.080,+0.942
1684671600,+3.46,+10.124,+10.086,+0.943
1684671660,+3.46,+10.133,+10.078,+0.943
1684671720,+3.46,+10.115,+10.060,+0.942
1684671780,+3.46,+10.161,+10.060,+0.943
1684671840,+3.46,+10.060,+10.114,+0.943
1684671900,+3.46,+10.115,+10.089,+0.942
1684671960,+3.46,+10.024,+10.127,+0.943
1684672020,+3.46,+10.170,+10.068,+0.943
1684672080,+3.46,+10.143,+10.074,+0.943
1684672140,+3.46,+10.115,+10.089,+0.943
1684672200,+3.46,+10.106,+10.081,+0.942
1684672260,+3.46,+10.097,+10.082,+0.942
1684672320,+3.46,+10.152,+10.064,+0.942
1684672380,+3.46,+10.042,+10.113,+0.943
1684672440,+3.46,+10.143,+10.062,+0.942
1684672500,+3.46,+10.161,+10.060,+0.942
1684672560,+3.46,+10.133,+10.071,+0.943
1684672620,+3.46,+10.133,+10.066,+0.943
1684672680,+3.46,+10.143,+10.053,+0.942
1684672740,+3.46,+10.097,+10.073,+0.943
1684672800,+3.46,+10.106,+10.064,+0.943
1684672860,+3.46,+10.143,+10.038,+0.942
1684672920,+3.46,+10.088,+10.065,+0.943
1684672980,+3.46,+10.115,+10.059,+0.943
1684673040,+3.46,+10.124,+10.050,+0.942
1684673100,+3.46,+10.106,+10.066,+0.943
1684673160,+3.46,+10.079,+10.072,+0.943
1684673220,+3.46,+10.088,+10.064,+0.942
1684673280,+3.46,+10.170,+10.036,+0.942
1684673340,+3.46,+10.161,+10.052,+0.943
1684673400,+3.46,+10.188,+10.042,+0.943
1684673460,+3.46,+10.161,+10.058,+0.943
1684673520,+3.46,+10.115,+10.060,+0.942
1684673580,+3.46,+10.188,+10.036,+0.943
