7450-798456
OS REV: 1.03 Sensor Cal: 1539277937
Time (sec),  BV (Volts),  T (deg C),  DO (mg/l),  Q ()
1684846440,+3.46,+11.445, +9.992,+0.942
1684846500,+3.46,+11.436, +9.995,+0.942
1684846560,+3.46,+11.454, +9.989,+0.942
1684846620,+3.46,+11.427,+10.000,+0.942
1684846680,+3.46,+11.535, +9.965,+0.942
1684846740,+3.46,+11.490, +9.990,+0.942
1684846800,+3.46,+11.409,+10.008,+0.942
1684846860,+3.46,+11.445, +9.986,+0.941
1684846920,+3.46,+11.356,+10.043,+0.942
1684846980,+3.46,+11.356,+10.043,+0.942
1684847040,+3.46,+11.356,+10.039,+0.942
1684847100,+3.46,+11.409,+10.021,+0.943
1684847160,+3.46,+11.481, +9.986,+0.942
1684847220,+3.46,+11.436,+10.010,+0.942
1684847280,+3.46,+11.445, +9.981,+0.942
1684847340,+3.46,+11.427, +9.967,+0.942
1684847400,+3.46,+11.302,+10.024,+0.943
1684847460,+3.46,+11.329,+10.010,+0.942
1684847520,+3.46,+11.284, +9.993,+0.942
1684847580,+3.46,+11.266,+10.010,+0.942
1684847640,+3.46,+11.212,+10.009,+0.942
1684847700,+3.46,+11.194,+10.005,+0.942
1684847760,+3.46,+11.194,+10.027,+0.942
1684847820,+3.46,+11.212,+10.044,+0.942
1684847880,+3.46,+11.212,+10.057,+0.943
1684847940,+3.46,+11.284,+10.037,+0.942
1684848000,+3.46,+11.266,+10.068,+0.942
1684848060,+3.46,+11.391,+10.033,+0.942
1684848120,+3.46,+11.266,+10.073,+0.942
1684848180,+3.46,+11.266,+10.073,+0.942
1684848240,+3.46,+11.266,+10.058,+0.942
1684848300,+3.46,+11.266,+10.024,+0.942
1684848360,+3.46,+11.203,+10.010,+0.942
1684848420,+3.46,+11.203, +9.954,+0.942
1684848480,+3.46,+11.203, +9.916,+0.942
1684848540,+3.46,+11.095, +9.950,+0.942
1684848600,+3.46,+11.095, +9.940,+0.942
1684848660,+3.46,+11.113, +9.927,+0.942
1684848720,+3.46,+11.104, +9.967,+0.943
1684848780,+3.46,+11.185, +9.940,+0.942
1684848840,+3.46,+11.122, +9.980,+0.942
1684848900,+3.46,+11.149, +9.975,+0.942
1684848960,+3.46,+11.149, +9.983,+0.942
1684849020,+3.46,+11.185, +9.975,+0.942
1684849080,+3.46,+11.248, +9.949,+0.942
1684849140,+3.46,+11.203, +9.979,+0.943
1684849200,+3.46,+11.194, +9.973,+0.942
1684849260,+3.46,+11.266, +9.950,+0.942
1684849320,+3.46,+11.221, +9.962,+0.942
1684849380,+3.46,+11.257, +9.964,+0.942
1684849440,+3.46,+11.257, +9.966,+0.942
1684849500,+3.46,+11.266, +9.966,+0.942
1684849560,+3.46,+11.329, +9.958,+0.942
1684849620,+3.46,+11.383, +9.938,+0.942
1684849680,+3.46,+11.436, +9.931,+0.942
1684849740,+3.46,+11.418, +9.951,+0.943
1684849800,+3.46,+11.454, +9.958,+0.943
1684849860,+3.46,+11.427, +9.962,+0.942
1684849920,+3.46,+11.418, +9.939,+0.942
1684849980,+3.46,+11.365, +9.874,+0.942
1684850040,+3.46,+11.275, +9.828,+0.942
1684850100,+3.46,+11.221, +9.876,+0.942
1684850160,+3.46,+11.185, +9.970,+0.942
1684850220,+3.46,+11.176, +9.961,+0.942
1684850280,+3.46,+11.104, +9.911,+0.942
1684850340,+3.46,+11.005, +9.846,+0.941
1684850400,+3.46,+10.932, +9.827,+0.941
1684850460,+3.46,+10.923, +9.779,+0.941
1684850520,+3.46,+10.815, +9.776,+0.942
1684850580,+3.46,+10.797, +9.756,+0.942
1684850640,+3.46,+10.734, +9.715,+0.941
1684850700,+3.46,+10.724, +9.741,+0.942
1684850760,+3.46,+10.724, +9.729,+0.941
1684850820,+3.46,+10.670, +9.768,+0.942
1684850880,+3.46,+10.752, +9.760,+0.942
1684850940,+3.46,+10.734, +9.790,+0.942
1684851000,+3.46,+10.770, +9.798,+0.942
1684851060,+3.46,+10.815, +9.757,+0.942
1684851120,+3.46,+10.761, +9.649,+0.941
1684851180,+3.46,+10.607, +9.635,+0.941
1684851240,+3.46,+10.643, +9.624,+0.942
1684851300,+3.46,+10.552, +9.638,+0.942
1684851360,+3.46,+10.561, +9.612,+0.941
1684851420,+3.46,+10.461, +9.655,+0.942
1684851480,+3.46,+10.480, +9.642,+0.942
1684851540,+3.46,+10.425, +9.677,+0.942
1684851600,+3.46,+10.489, +9.677,+0.942
1684851660,+3.46,+10.507, +9.673,+0.942
1684851720,+3.46,+10.525, +9.678,+0.942
1684851780,+3.46,+10.516, +9.709,+0.942
1684851840,+3.46,+10.561, +9.691,+0.942
1684851900,+3.46,+10.543, +9.706,+0.942
1684851960,+3.46,+10.661, +9.658,+0.942
1684852020,+3.46,+10.543, +9.672,+0.942
1684852080,+3.46,+10.498, +9.565,+0.941
1684852140,+3.46,+10.334, +9.582,+0.942
1684852200,+3.46,+10.352, +9.574,+0.942
1684852260,+3.46,+10.343, +9.575,+0.941
1684852320,+3.46,+10.316, +9.566,+0.941
1684852380,+3.46,+10.225, +9.561,+0.941
1684852440,+3.46,+10.115, +9.572,+0.941
1684852500,+3.46, +9.923, +9.560,+0.941
1684852560,+3.46, +9.822, +9.539,+0.941
1684852620,+3.46, +9.776, +9.519,+0.941
1684852680,+3.46, +9.703, +9.501,+0.941
1684852740,+3.46, +9.638, +9.497,+0.941
1684852800,+3.46, +9.519, +9.524,+0.941
1684852860,+3.46, +9.500, +9.508,+0.942
1684852920,+3.46, +9.519, +9.495,+0.942
1684852980,+3.46, +9.546, +9.480,+0.941
1684853040,+3.46, +9.574, +9.512,+0.942
1684853100,+3.46, +9.703, +9.562,+0.942
1684853160,+3.46, +9.969, +9.561,+0.942
1684853220,+3.46,+10.124, +9.600,+0.942
1684853280,+3.46,+10.243, +9.629,+0.943
1684853340,+3.46,+10.334, +9.654,+0.943
1684853400,+3.46,+10.425, +9.646,+0.942
1684853460,+3.46,+10.480, +9.680,+0.943
1684853520,+3.46,+10.579, +9.707,+0.943
1684853580,+3.46,+10.661, +9.721,+0.943
1684853640,+3.46,+10.734, +9.724,+0.943
1684853700,+3.46,+10.679, +9.751,+0.943
1684853760,+3.46,+10.779, +9.750,+0.943
1684853820,+3.46,+10.842, +9.755,+0.943
1684853880,+3.46,+10.851, +9.782,+0.943
1684853940,+3.46,+10.869, +9.791,+0.942
1684854000,+3.46,+10.932, +9.800,+0.942
1684854060,+3.46,+10.932, +9.880,+0.943
1684854120,+3.46,+11.041, +9.920,+0.943
1684854180,+3.46,+11.023, +9.992,+0.943
1684854240,+3.46,+11.059,+10.026,+0.943
1684854300,+3.46,+11.095,+10.015,+0.943
1684854360,+3.46,+11.194, +9.957,+0.943
1684854420,+3.46,+11.167, +9.976,+0.943
1684854480,+3.46,+11.158, +9.981,+0.942
1684854540,+3.46,+11.113, +9.985,+0.942
1684854600,+3.46,+11.149, +9.959,+0.943
1684854660,+3.46,+11.131, +9.904,+0.943
1684854720,+3.46,+11.167, +9.859,+0.942
1684854780,+3.46,+11.113, +9.870,+0.942
1684854840,+3.46,+11.131, +9.856,+0.942
1684854900,+3.46,+11.194, +9.878,+0.943
1684854960,+3.46,+11.212, +9.853,+0.942
1684855020,+3.46,+11.212, +9.854,+0.942
1684855080,+3.46,+11.194, +9.841,+0.941
1684855140,+3.46,+11.167, +9.841,+0.942
1684855200,+3.46,+11.113, +9.834,+0.942
1684855260,+3.46,+11.077, +9.832,+0.942
1684855320,+3.46,+10.978, +9.624,+0.941
1684855380,+3.46,+10.589, +9.576,+0.941
1684855440,+3.46,+10.480, +9.606,+0.942
1684855500,+3.46,+10.434, +9.627,+0.941
1684855560,+3.46,+10.480, +9.650,+0.942
1684855620,+3.46,+10.525, +9.699,+0.942
1684855680,+3.46,+10.697, +9.735,+0.942
1684855740,+3.46,+10.842, +9.734,+0.942
1684855800,+3.46,+10.914, +9.764,+0.942
1684855860,+3.46,+11.086, +9.760,+0.942
1684855920,+3.46,+11.149, +9.799,+0.942
1684855980,+3.46,+11.230, +9.861,+0.943
1684856040,+3.46,+11.248, +9.902,+0.942
1684856100,+3.46,+11.338, +9.897,+0.942
1684856160,+3.46,+11.320, +9.929,+0.943
1684856220,+3.46,+11.347, +9.924,+0.942
1684856280,+3.46,+11.311, +9.934,+0.942
1684856340,+3.46,+11.311, +9.934,+0.942
1684856400,+3.46,+11.320, +9.924,+0.942
1684856460,+3.46,+11.347, +9.903,+0.942
1684856520,+3.46,+11.284, +9.940,+0.942
1684856580,+3.46,+11.383, +9.918,+0.942
1684856640,+3.46,+11.365, +9.930,+0.942
1684856700,+3.46,+11.365, +9.915,+0.942
1684856760,+3.46,+11.436, +9.892,+0.942
1684856820,+3.46,+11.400, +9.909,+0.942
1684856880,+3.46,+11.436, +9.908,+0.942
1684856940,+3.46,+11.418, +9.962,+0.942
1684857000,+3.46,+11.481, +9.966,+0.942
1684857060,+3.46,+11.481, +9.927,+0.942
1684857120,+3.46,+11.329, +9.698,+0.941
1684857180,+3.46,+11.068, +9.655,+0.941
1684857240,+3.46,+10.941, +9.683,+0.941
1684857300,+3.46,+10.941, +9.714,+0.942
1684857360,+3.46,+10.878, +9.725,+0.942
1684857420,+3.46,+10.869, +9.733,+0.941
1684857480,+3.46,+10.833, +9.738,+0.942
1684857540,+3.46,+10.851, +9.714,+0.942
1684857600,+3.46,+10.788, +9.734,+0.942
1684857660,+3.46,+10.797, +9.723,+0.942
1684857720,+3.46,+10.788, +9.732,+0.942
1684857780,+3.46,+10.761, +9.743,+0.942
1684857840,+3.46,+10.770, +9.727,+0.942
1684857900,+3.46,+10.779, +9.699,+0.942
1684857960,+3.46,+10.770, +9.704,+0.942
1684858020,+3.46,+10.706, +9.736,+0.942
1684858080,+3.46,+10.770, +9.715,+0.942
1684858140,+3.46,+10.824, +9.740,+0.942
1684858200,+3.46,+10.824, +9.783,+0.942
1684858260,+3.46,+10.905, +9.784,+0.942
1684858320,+3.46,+10.941, +9.805,+0.942
1684858380,+3.46,+10.905, +9.834,+0.942
1684858440,+3.46,+10.951, +9.864,+0.942
1684858500,+3.46,+11.041, +9.882,+0.942
1684858560,+3.46,+11.014, +9.906,+0.942
1684858620,+3.46,+11.023, +9.911,+0.942
1684858680,+3.46,+10.996, +9.949,+0.943
1684858740,+3.46,+11.041, +9.954,+0.942
1684858800,+3.46,+11.086, +9.957,+0.943
1684858860,+3.46,+11.095, +9.931,+0.942
1684858920,+3.46,+11.095, +9.955,+0.942
1684858980,+3.46,+11.203, +9.937,+0.943
1684859040,+3.46,+11.266, +9.918,+0.942
1684859100,+3.46,+11.239, +9.933,+0.943
1684859160,+3.46,+11.284, +9.899,+0.942
1684859220,+3.46,+11.275, +9.907,+0.943
1684859280,+3.46,+11.409, +9.855,+0.942
1684859340,+3.46,+11.427, +9.866,+0.943
1684859400,+3.46,+11.418, +9.874,+0.942
1684859460,+3.46,+11.427, +9.894,+0.942
1684859520,+3.46,+11.427, +9.910,+0.942
1684859580,+3.46,+11.418, +9.914,+0.942
1684859640,+3.46,+11.463, +9.893,+0.943
1684859700,+3.46,+11.374, +9.903,+0.942
1684859760,+3.46,+11.365, +9.901,+0.942
1684859820,+3.46,+11.365, +9.858,+0.942
1684859880,+3.46,+11.284, +9.880,+0.942
1684859940,+3.46,+11.248, +9.873,+0.942
1684860000,+3.46,+11.221, +9.866,+0.942
1684860060,+3.46,+11.266, +9.851,+0.942
1684860120,+3.46,+11.239, +9.854,+0.942
1684860180,+3.46,+11.248, +9.846,+0.942
1684860240,+3.46,+11.230, +9.859,+0.942
1684860300,+3.46,+11.365, +9.811,+0.942
1684860360,+3.46,+11.275, +9.850,+0.943
1684860420,+3.46,+11.248, +9.830,+0.942
1684860480,+3.46,+11.302, +9.794,+0.942
1684860540,+3.46,+11.266, +9.784,+0.942
1684860600,+3.46,+11.311, +9.736,+0.941
1684860660,+3.46,+11.185, +9.790,+0.942
1684860720,+3.46,+11.248, +9.773,+0.942
1684860780,+3.46,+11.257, +9.785,+0.942
1684860840,+3.46,+11.248, +9.808,+0.942
1684860900,+3.46,+11.257, +9.809,+0.942
1684860960,+3.46,+11.275, +9.814,+0.942
1684861020,+3.46,+11.284, +9.811,+0.942
1684861080,+3.46,+11.275, +9.818,+0.942
1684861140,+3.46,+11.356, +9.781,+0.942
1684861200,+3.46,+11.383, +9.799,+0.942
1684861260,+3.46,+11.436, +9.842,+0.942
1684861320,+3.46,+11.418, +9.867,+0.942
1684861380,+3.46,+11.481, +9.847,+0.942
1684861440,+3.46,+11.463, +9.846,+0.942
1684861500,+3.46,+11.481, +9.828,+0.942
1684861560,+3.46,+11.427, +9.866,+0.942
1684861620,+3.46,+11.427, +9.871,+0.942
1684861680,+3.46,+11.427, +9.864,+0.942
1684861740,+3.46,+11.481, +9.837,+0.942
1684861800,+3.46,+11.499, +9.821,+0.942
1684861860,+3.46,+11.463, +9.809,+0.942
1684861920,+3.46,+11.400, +9.835,+0.942
1684861980,+3.46,+11.427, +9.832,+0.942
1684862040,+3.46,+11.418, +9.803,+0.942
1684862100,+3.46,+11.329, +9.808,+0.942
1684862160,+3.46,+11.445, +9.809,+0.942
1684862220,+3.46,+11.472, +9.798,+0.942
1684862280,+3.46,+11.400, +9.797,+0.942
1684862340,+3.46,+11.427, +9.789,+0.942
1684862400,+3.46,+11.445, +9.826,+0.942
1684862460,+3.46,+11.454, +9.854,+0.942
1684862520,+3.46,+11.499, +9.850,+0.942
1684862580,+3.46,+11.544, +9.830,+0.942
1684862640,+3.46,+11.490, +9.840,+0.942
1684862700,+3.46,+11.526, +9.831,+0.942
1684862760,+3.46,+11.490, +9.841,+0.942
1684862820,+3.46,+11.499, +9.817,+0.942
1684862880,+3.46,+11.472, +9.759,+0.942
1684862940,+3.46,+11.454, +9.715,+0.942
1684863000,+3.46,+11.427, +9.732,+0.942
1684863060,+3.46,+11.374, +9.787,+0.942
1684863120,+3.46,+11.329, +9.819,+0.942
1684863180,+3.46,+11.266, +9.838,+0.941
1684863240,+3.46,+11.293, +9.834,+0.942
1684863300,+3.46,+11.275, +9.836,+0.942
1684863360,+3.46,+11.230, +9.841,+0.942
1684863420,+3.46,+11.221, +9.833,+0.942
1684863480,+3.46,+11.248, +9.814,+0.942
1684863540,+3.46,+11.212, +9.822,+0.942
1684863600,+3.46,+11.212, +9.817,+0.942
1684863660,+3.46,+11.185, +9.824,+0.942
1684863720,+3.46,+11.149, +9.832,+0.942
1684863780,+3.46,+11.167, +9.816,+0.942
1684863840,+3.46,+11.176, +9.824,+0.942
1684863900,+3.46,+11.176, +9.846,+0.942
1684863960,+3.46,+11.176, +9.870,+0.942
1684864020,+3.46,+11.329, +9.843,+0.942
1684864080,+3.46,+11.329, +9.863,+0.942
1684864140,+3.46,+11.365, +9.876,+0.942
1684864200,+3.46,+11.374, +9.883,+0.942
1684864260,+3.46,+11.400, +9.870,+0.942
1684864320,+3.46,+11.391, +9.879,+0.942
1684864380,+3.46,+11.481, +9.849,+0.942
1684864440,+3.46,+11.472, +9.844,+0.942
1684864500,+3.46,+11.526, +9.836,+0.943
1684864560,+3.46,+11.535, +9.780,+0.942
1684864620,+3.46,+11.544, +9.740,+0.942
1684864680,+3.46,+11.553, +9.759,+0.942
1684864740,+3.46,+11.445, +9.808,+0.942
1684864800,+3.46,+11.508, +9.820,+0.942
1684864860,+3.46,+11.409, +9.823,+0.942
1684864920,+3.46,+11.320, +9.785,+0.942
1684864980,+3.46,+11.320, +9.737,+0.942
1684865040,+3.46,+11.284, +9.783,+0.942
1684865100,+3.46,+11.257, +9.772,+0.942
1684865160,+3.46,+11.221, +9.757,+0.941
1684865220,+3.46,+11.212, +9.772,+0.941
1684865280,+3.46,+11.194, +9.817,+0.942
1684865340,+3.46,+11.167, +9.868,+0.942
1684865400,+3.46,+11.140, +9.885,+0.942
1684865460,+3.46,+11.176, +9.896,+0.942
1684865520,+3.46,+11.167, +9.888,+0.942
1684865580,+3.46,+11.167, +9.817,+0.942
1684865640,+3.46,+11.113, +9.788,+0.942
1684865700,+3.46,+11.032, +9.783,+0.942
1684865760,+3.46,+11.077, +9.710,+0.942
1684865820,+3.46,+10.978, +9.723,+0.942
1684865880,+3.46,+10.960, +9.718,+0.941
1684865940,+3.46,+10.978, +9.691,+0.942
1684866000,+3.46,+10.905, +9.690,+0.942
1684866060,+3.46,+10.851, +9.681,+0.942
1684866120,+3.46,+10.869, +9.607,+0.942
1684866180,+3.46,+10.797, +9.603,+0.942
1684866240,+3.46,+10.806, +9.590,+0.942
1684866300,+3.46,+10.770, +9.590,+0.942
1684866360,+3.46,+10.770, +9.603,+0.942
1684866420,+3.46,+10.842, +9.624,+0.942
1684866480,+3.46,+10.842, +9.644,+0.942
1684866540,+3.46,+10.724, +9.656,+0.942
1684866600,+3.46,+10.824, +9.619,+0.942
1684866660,+3.46,+10.779, +9.633,+0.942
1684866720,+3.46,+10.688, +9.644,+0.942
1684866780,+3.46,+10.670, +9.651,+0.942
1684866840,+3.46,+10.670, +9.641,+0.942
1684866900,+3.46,+10.634, +9.649,+0.942
1684866960,+3.46,+10.598, +9.661,+0.942
1684867020,+3.46,+10.579, +9.658,+0.942
1684867080,+3.46,+10.570, +9.653,+0.942
1684867140,+3.46,+10.579, +9.647,+0.942
1684867200,+3.46,+10.589, +9.633,+0.942
1684867260,+3.46,+10.570, +9.625,+0.941
1684867320,+3.46,+10.552, +9.635,+0.942
1684867380,+3.46,+10.589, +9.627,+0.942
1684867440,+3.46,+10.598, +9.621,+0.942
1684867500,+3.46,+10.598, +9.621,+0.942
1684867560,+3.46,+10.616, +9.631,+0.943
1684867620,+3.46,+10.634, +9.616,+0.942
1684867680,+3.46,+10.625, +9.628,+0.942
1684867740,+3.46,+10.634, +9.634,+0.942
1684867800,+3.46,+10.679, +9.650,+0.942
1684867860,+3.46,+10.670, +9.673,+0.942
1684867920,+3.46,+10.706, +9.683,+0.942
1684867980,+3.46,+10.661, +9.697,+0.942
1684868040,+3.46,+10.679, +9.681,+0.942
1684868100,+3.46,+10.752, +9.673,+0.942
1684868160,+3.46,+10.761, +9.696,+0.942
1684868220,+3.46,+10.752, +9.716,+0.942
1684868280,+3.46,+10.761, +9.702,+0.942
1684868340,+3.46,+10.788, +9.699,+0.942
1684868400,+3.46,+10.806, +9.693,+0.942
1684868460,+3.46,+10.833, +9.704,+0.943
1684868520,+3.46,+10.851, +9.698,+0.942
1684868580,+3.46,+10.932, +9.702,+0.942
1684868640,+3.46,+10.951, +9.721,+0.942
1684868700,+3.46,+10.978, +9.682,+0.942
1684868760,+3.46,+10.951, +9.657,+0.942
1684868820,+3.46,+10.887, +9.638,+0.942
1684868880,+3.46,+10.941, +9.570,+0.942
1684868940,+3.46,+10.887, +9.555,+0.942
1684869000,+3.46,+10.842, +9.585,+0.942
1684869060,+3.46,+10.914, +9.567,+0.942
1684869120,+3.46,+10.923, +9.617,+0.942
1684869180,+3.46,+10.887, +9.658,+0.942
1684869240,+3.46,+10.905, +9.682,+0.942
1684869300,+3.46,+10.932, +9.670,+0.942
1684869360,+3.46,+10.978, +9.678,+0.942
1684869420,+3.46,+10.978, +9.688,+0.942
1684869480,+3.46,+11.032, +9.693,+0.942
1684869540,+3.46,+11.023, +9.716,+0.942
1684869600,+3.46,+11.068, +9.677,+0.942
1684869660,+3.46,+11.095, +9.684,+0.942
1684869720,+3.46,+11.167, +9.728,+0.943
1684869780,+3.46,+11.176, +9.785,+0.942
1684869840,+3.46,+11.140, +9.808,+0.942
1684869900,+3.46,+11.122, +9.757,+0.942
1684869960,+3.46,+11.113, +9.697,+0.942
1684870020,+3.46,+11.113, +9.661,+0.942
1684870080,+3.46,+11.059, +9.640,+0.942
1684870140,+3.46,+11.059, +9.632,+0.942
1684870200,+3.46,+10.987, +9.634,+0.942
1684870260,+3.46,+11.050, +9.610,+0.942
1684870320,+3.46,+11.113, +9.618,+0.942
1684870380,+3.46,+11.194, +9.679,+0.942
1684870440,+3.46,+11.347, +9.656,+0.942
1684870500,+3.46,+11.347, +9.654,+0.942
1684870560,+3.46,+11.391, +9.646,+0.942
1684870620,+3.46,+11.311, +9.688,+0.942
1684870680,+3.46,+11.284, +9.749,+0.941
1684870740,+3.46,+11.230, +9.676,+0.941
1684870800,+3.46,+11.212, +9.646,+0.942
1684870860,+3.46,+11.113, +9.688,+0.942
1684870920,+3.46,+11.167, +9.662,+0.942
1684870980,+3.46,+11.140, +9.640,+0.942
1684871040,+3.46,+11.257, +9.731,+0.942
1684871100,+3.46,+11.427, +9.755,+0.942
1684871160,+3.46,+11.580, +9.765,+0.943
1684871220,+3.46,+11.687, +9.764,+0.942
1684871280,+3.46,+11.767, +9.792,+0.943
1684871340,+3.46,+11.812, +9.758,+0.942
1684871400,+3.46,+11.785, +9.803,+0.943
1684871460,+3.46,+11.794, +9.755,+0.942
1684871520,+3.46,+11.723, +9.575,+0.941
1684871580,+3.46,+11.481, +9.508,+0.941
1684871640,+3.46,+11.490, +9.541,+0.941
1684871700,+3.46,+11.338, +9.637,+0.942
1684871760,+3.46,+11.356, +9.684,+0.942
1684871820,+3.46,+11.436, +9.692,+0.942
1684871880,+3.46,+11.356, +9.732,+0.942
1684871940,+3.46,+11.356, +9.726,+0.942
1684872000,+3.46,+11.374, +9.715,+0.942
1684872060,+3.46,+11.418, +9.707,+0.942
1684872120,+3.46,+11.472, +9.709,+0.942
1684872180,+3.46,+11.526, +9.707,+0.942
1684872240,+3.46,+11.571, +9.717,+0.942
1684872300,+3.46,+11.607, +9.721,+0.943
1684872360,+3.46,+11.624, +9.725,+0.942
1684872420,+3.46,+11.544, +9.720,+0.942
1684872480,+3.46,+11.535, +9.734,+0.942
1684872540,+3.46,+11.508, +9.730,+0.942
1684872600,+3.46,+11.400, +9.746,+0.942
1684872660,+3.46,+11.383, +9.735,+0.942
1684872720,+3.46,+11.409, +9.711,+0.942
1684872780,+3.46,+11.409, +9.681,+0.942
1684872840,+3.46,+11.418, +9.651,+0.942
1684872900,+3.46,+11.329, +9.652,+0.942
1684872960,+3.46,+11.302, +9.632,+0.942
1684873020,+3.46,+11.266, +9.653,+0.942
1684873080,+3.46,+11.185, +9.687,+0.941
1684873140,+3.46,+11.239, +9.698,+0.942
1684873200,+3.46,+11.185, +9.739,+0.941
1684873260,+3.46,+11.140, +9.746,+0.942
1684873320,+3.46,+11.131, +9.710,+0.942
1684873380,+3.46,+11.122, +9.708,+0.942
1684873440,+3.46,+11.131, +9.686,+0.942
1684873500,+3.46,+11.086, +9.710,+0.942
1684873560,+3.46,+11.140, +9.702,+0.942
1684873620,+3.46,+11.113, +9.733,+0.942
1684873680,+3.46,+11.158, +9.745,+0.942
1684873740,+3.46,+11.185, +9.746,+0.942
1684873800,+3.46,+11.185, +9.737,+0.942
1684873860,+3.46,+11.167, +9.707,+0.942
1684873920,+3.46,+11.185, +9.684,+0.942
1684873980,+3.46,+11.194, +9.667,+0.942
1684874040,+3.46,+11.149, +9.686,+0.942
1684874100,+3.46,+11.104, +9.702,+0.942
1684874160,+3.46,+11.149, +9.691,+0.942
1684874220,+3.46,+11.149, +9.685,+0.942
1684874280,+3.46,+11.176, +9.656,+0.942
1684874340,+3.46,+11.158, +9.641,+0.942
1684874400,+3.46,+11.140, +9.664,+0.942
1684874460,+3.46,+11.095, +9.802,+0.942
1684874520,+3.46,+11.104, +9.751,+0.942
1684874580,+3.46,+10.978, +9.800,+0.942
1684874640,+3.46,+11.050, +9.771,+0.942
1684874700,+3.46,+11.059, +9.734,+0.942
1684874760,+3.46,+10.978, +9.714,+0.942
1684874820,+3.46,+11.014, +9.678,+0.942
1684874880,+3.46,+10.941, +9.665,+0.942
1684874940,+3.46,+10.941, +9.669,+0.942
1684875000,+3.46,+10.978, +9.648,+0.942
1684875060,+3.46,+10.923, +9.667,+0.942
1684875120,+3.46,+10.941, +9.665,+0.942
1684875180,+3.46,+10.969, +9.647,+0.942
1684875240,+3.46,+10.941, +9.655,+0.942
1684875300,+3.46,+10.914, +9.659,+0.942
1684875360,+3.46,+10.932, +9.627,+0.942
1684875420,+3.46,+10.941, +9.603,+0.942
1684875480,+3.46,+10.960, +9.586,+0.942
1684875540,+3.46,+10.941, +9.593,+0.942
1684875600,+3.46,+10.941, +9.590,+0.942
1684875660,+3.46,+10.932, +9.597,+0.942
1684875720,+3.46,+10.887, +9.632,+0.942
1684875780,+3.46,+10.923, +9.598,+0.942
1684875840,+3.46,+10.914, +9.598,+0.942
1684875900,+3.46,+10.878, +9.608,+0.942
1684875960,+3.46,+10.896, +9.585,+0.942
1684876020,+3.46,+10.905, +9.567,+0.942
1684876080,+3.46,+10.923, +9.551,+0.942
1684876140,+3.46,+10.896, +9.549,+0.942
1684876200,+3.46,+10.878, +9.571,+0.942
1684876260,+3.46,+10.896, +9.564,+0.942
1684876320,+3.46,+10.932, +9.554,+0.942
1684876380,+3.46,+10.951, +9.543,+0.942
1684876440,+3.46,+10.896, +9.574,+0.942
1684876500,+3.46,+10.887, +9.574,+0.942
1684876560,+3.46,+10.951, +9.569,+0.942
1684876620,+3.46,+10.969, +9.546,+0.942
1684876680,+3.46,+10.905, +9.573,+0.942
1684876740,+3.46,+10.860, +9.586,+0.942
1684876800,+3.46,+10.905, +9.567,+0.942
1684876860,+3.46,+10.896, +9.558,+0.942
1684876920,+3.46,+10.905, +9.567,+0.942
1684876980,+3.46,+10.951, +9.551,+0.942
1684877040,+3.46,+10.960, +9.543,+0.942
1684877100,+3.46,+10.914, +9.552,+0.942
1684877160,+3.46,+10.932, +9.542,+0.942
1684877220,+3.46,+10.932, +9.541,+0.942
1684877280,+3.46,+10.896, +9.573,+0.942
1684877340,+3.46,+10.941, +9.568,+0.942
1684877400,+3.46,+10.941, +9.556,+0.942
1684877460,+3.46,+10.951, +9.546,+0.942
1684877520,+3.46,+10.932, +9.579,+0.942
1684877580,+3.46,+10.987, +9.583,+0.942
1684877640,+3.46,+10.941, +9.658,+0.942
1684877700,+3.46,+10.815, +9.500,+0.941
1684877760,+3.46,+10.589, +9.498,+0.942
1684877820,+3.46,+10.516, +9.551,+0.942
1684877880,+3.46,+10.561, +9.555,+0.942
1684877940,+3.46,+10.589, +9.557,+0.942
1684878000,+3.46,+10.616, +9.575,+0.941
1684878060,+3.46,+10.661, +9.601,+0.942
1684878120,+3.46,+10.661, +9.622,+0.942
1684878180,+3.46,+10.670, +9.614,+0.942
1684878240,+3.46,+10.607, +9.646,+0.942
1684878300,+3.46,+10.634, +9.645,+0.942
1684878360,+3.46,+10.679, +9.646,+0.942
1684878420,+3.46,+10.752, +9.632,+0.942
1684878480,+3.46,+10.779, +9.641,+0.942
1684878540,+3.46,+10.779, +9.671,+0.942
1684878600,+3.46,+10.743, +9.704,+0.942
1684878660,+3.46,+10.797, +9.670,+0.942
1684878720,+3.46,+10.815, +9.597,+0.942
1684878780,+3.46,+10.833, +9.574,+0.942
1684878840,+3.46,+10.860, +9.577,+0.942
1684878900,+3.46,+10.878, +9.602,+0.942
1684878960,+3.46,+10.842, +9.641,+0.942
1684879020,+3.46,+10.923, +9.647,+0.942
1684879080,+3.46,+11.023, +9.636,+0.942
1684879140,+3.46,+10.987, +9.651,+0.942
1684879200,+3.46,+10.960, +9.666,+0.942
1684879260,+3.46,+10.932, +9.625,+0.942
1684879320,+3.46,+10.896, +9.590,+0.942
1684879380,+3.46,+10.860, +9.653,+0.942
1684879440,+3.46,+10.914, +9.660,+0.942
1684879500,+3.46,+10.932, +9.708,+0.942
1684879560,+3.46,+10.941, +9.719,+0.942
1684879620,+3.46,+10.887, +9.739,+0.942
1684879680,+3.46,+10.960, +9.702,+0.942
1684879740,+3.46,+10.932, +9.685,+0.942
1684879800,+3.46,+10.905, +9.657,+0.942
1684879860,+3.46,+10.932, +9.605,+0.942
1684879920,+3.46,+10.923, +9.559,+0.942
1684879980,+3.46,+10.905, +9.352,+0.941
1684880040,+3.46,+10.625, +9.319,+0.941
1684880100,+3.46,+10.489, +9.371,+0.941
1684880160,+3.46,+10.480, +9.373,+0.941
1684880220,+3.46,+10.452, +9.368,+0.941
1684880280,+3.46,+10.398, +9.395,+0.941
1684880340,+3.46,+10.425, +9.402,+0.941
1684880400,+3.46,+10.543, +9.367,+0.942
1684880460,+3.46,+10.525, +9.385,+0.941
1684880520,+3.46,+10.579, +9.418,+0.942
1684880580,+3.46,+10.643, +9.410,+0.942
1684880640,+3.46,+10.688, +9.434,+0.942
1684880700,+3.46,+10.779, +9.422,+0.942
1684880760,+3.46,+10.779, +9.447,+0.942
1684880820,+3.46,+10.842, +9.511,+0.942
1684880880,+3.46,+10.869, +9.638,+0.942
1684880940,+3.46,+10.824, +9.677,+0.942
1684881000,+3.46,+10.806, +9.686,+0.942
1684881060,+3.46,+10.788, +9.674,+0.942
1684881120,+3.46,+10.824, +9.651,+0.942
1684881180,+3.46,+10.779, +9.639,+0.942
1684881240,+3.46,+10.842, +9.601,+0.942
1684881300,+3.46,+10.806, +9.608,+0.942
1684881360,+3.46,+10.797, +9.486,+0.941
1684881420,+3.46,+10.525, +9.284,+0.941
1684881480,+3.46,+10.325, +9.250,+0.941
1684881540,+3.46,+10.279, +9.311,+0.942
1684881600,+3.46,+10.279, +9.343,+0.941
1684881660,+3.46,+10.370, +9.351,+0.941
1684881720,+3.46,+10.461, +9.356,+0.941
1684881780,+3.46,+10.534, +9.380,+0.942
1684881840,+3.46,+10.579, +9.401,+0.942
1684881900,+3.46,+10.661, +9.435,+0.942
1684881960,+3.46,+10.697, +9.477,+0.942
1684882020,+3.46,+10.679, +9.559,+0.942
1684882080,+3.46,+10.679, +9.500,+0.941
1684882140,+3.46,+10.570, +9.423,+0.942
1684882200,+3.46,+10.516, +9.386,+0.941
1684882260,+3.46,+10.452, +9.380,+0.941
1684882320,+3.46,+10.461, +9.368,+0.941
1684882380,+3.46,+10.534, +9.352,+0.942
1684882440,+3.46,+10.507, +9.384,+0.941
1684882500,+3.46,+10.579, +9.422,+0.942
1684882560,+3.46,+10.643, +9.489,+0.942
1684882620,+3.46,+10.715, +9.571,+0.942
1684882680,+3.46,+10.734, +9.645,+0.942
1684882740,+3.46,+10.833, +9.679,+0.942
1684882800,+3.46,+10.896, +9.559,+0.941
1684882860,+3.46,+10.561, +9.322,+0.941
1684882920,+3.46,+10.461, +9.345,+0.941
1684882980,+3.46,+10.389, +9.351,+0.941
1684883040,+3.46,+10.279, +9.375,+0.942
1684883100,+3.46,+10.279, +9.355,+0.942
1684883160,+3.46,+10.188, +9.299,+0.941
1684883220,+3.46,+10.033, +9.313,+0.941
1684883280,+3.46, +9.905, +9.360,+0.941
1684883340,+3.46, +9.813, +9.407,+0.941
1684883400,+3.46, +9.758, +9.456,+0.941
1684883460,+3.46, +9.721, +9.487,+0.941
1684883520,+3.46, +9.703, +9.507,+0.941
1684883580,+3.46, +9.657, +9.531,+0.942
1684883640,+3.46, +9.767, +9.484,+0.941
1684883700,+3.46, +9.694, +9.471,+0.941
1684883760,+3.46, +9.537, +9.337,+0.941
1684883820,+3.46, +9.482, +9.263,+0.940
1684883880,+3.46, +9.251, +9.260,+0.941
1684883940,+3.46, +9.195, +9.261,+0.941
1684884000,+3.46, +9.241, +9.256,+0.941
1684884060,+3.46, +9.251, +9.272,+0.941
1684884120,+3.46, +9.223, +9.293,+0.941
1684884180,+3.46, +9.232, +9.314,+0.941
1684884240,+3.46, +9.260, +9.302,+0.941
1684884300,+3.46, +9.260, +9.307,+0.942
1684884360,+3.46, +9.325, +9.289,+0.942
1684884420,+3.46, +9.371, +9.298,+0.942
1684884480,+3.46, +9.380, +9.332,+0.942
1684884540,+3.46, +9.491, +9.360,+0.942
1684884600,+3.46, +9.602, +9.400,+0.942
1684884660,+3.46, +9.868, +9.515,+0.943
1684884720,+3.46,+10.115, +9.507,+0.942
1684884780,+3.46,+10.243, +9.558,+0.943
1684884840,+3.46,+10.343, +9.570,+0.943
1684884900,+3.46,+10.461, +9.620,+0.943
1684884960,+3.46,+10.652, +9.596,+0.943
1684885020,+3.46,+10.688, +9.640,+0.943
1684885080,+3.46,+10.752, +9.654,+0.943
1684885140,+3.46,+10.824, +9.652,+0.943
1684885200,+3.46,+10.761, +9.702,+0.943
1684885260,+3.46,+10.797, +9.702,+0.943
1684885320,+3.46,+10.869, +9.681,+0.942
1684885380,+3.46,+10.806, +9.724,+0.943
1684885440,+3.46,+10.724, +9.371,+0.940
1684885500,+3.46,+10.152, +9.003,+0.940
1684885560,+3.46, +9.850, +9.009,+0.940
1684885620,+3.46, +9.583, +9.045,+0.940
1684885680,+3.46, +9.537, +9.125,+0.941
1684885740,+3.46, +9.454, +9.205,+0.941
1684885800,+3.46, +9.454, +9.225,+0.941
1684885860,+3.46, +9.491, +9.288,+0.941
1684885920,+3.46, +9.592, +9.392,+0.941
1684885980,+3.46, +9.822, +9.445,+0.942
1684886040,+3.46, +9.840, +9.464,+0.942
1684886100,+3.46,+10.015, +9.472,+0.943
1684886160,+3.46,+10.170, +9.495,+0.943
1684886220,+3.46,+10.334, +9.486,+0.942
1684886280,+3.46,+10.398, +9.584,+0.943
1684886340,+3.46,+10.534, +9.602,+0.943
1684886400,+3.46,+10.598, +9.622,+0.942
1684886460,+3.46,+10.616, +9.652,+0.943
1684886520,+3.46,+10.688, +9.655,+0.942
1684886580,+3.46,+10.697, +9.661,+0.942
1684886640,+3.46,+10.743, +9.639,+0.943
1684886700,+3.46,+10.851, +9.609,+0.943
1684886760,+3.46,+10.878, +9.591,+0.943
1684886820,+3.46,+11.041, +9.587,+0.942
1684886880,+3.46,+11.059, +9.603,+0.942
1684886940,+3.46,+11.068, +9.674,+0.942
1684887000,+3.46,+10.951, +9.622,+0.942
1684887060,+3.46,+10.779, +9.432,+0.941
1684887120,+3.46,+10.706, +9.381,+0.941
1684887180,+3.46,+10.589, +9.488,+0.942
1684887240,+3.46,+10.634, +9.487,+0.942
1684887300,+3.46,+10.607, +9.537,+0.942
1684887360,+3.46,+10.598, +9.555,+0.942
1684887420,+3.46,+10.697, +9.563,+0.942
1684887480,+3.46,+10.697, +9.612,+0.942
1684887540,+3.46,+10.815, +9.608,+0.942
1684887600,+3.46,+10.878, +9.618,+0.942
1684887660,+3.46,+10.932, +9.623,+0.942
1684887720,+3.46,+10.941, +9.624,+0.942
1684887780,+3.46,+10.996, +9.608,+0.942
1684887840,+3.46,+11.014, +9.634,+0.942
1684887900,+3.46,+11.131, +9.619,+0.942
1684887960,+3.46,+11.032, +9.700,+0.942
1684888020,+3.46,+11.095, +9.728,+0.942
1684888080,+3.46,+11.032, +9.799,+0.942
1684888140,+3.46,+11.032, +9.821,+0.942
1684888200,+3.46,+11.113, +9.776,+0.942
1684888260,+3.46,+11.068, +9.803,+0.942
1684888320,+3.46,+11.068, +9.785,+0.942
1684888380,+3.46,+11.095, +9.743,+0.942
1684888440,+3.46,+11.050, +9.733,+0.942
1684888500,+3.46,+10.932, +9.575,+0.941
1684888560,+3.46,+10.715, +9.534,+0.941
1684888620,+3.46,+10.752, +9.548,+0.942
1684888680,+3.46,+10.634, +9.437,+0.941
1684888740,+3.46,+10.398, +9.307,+0.941
1684888800,+3.46,+10.434, +9.494,+0.942
1684888860,+3.46,+10.407, +9.541,+0.942
1684888920,+3.46,+10.407, +9.506,+0.941
1684888980,+3.46,+10.370, +9.512,+0.941
1684889040,+3.46,+10.398, +9.531,+0.942
1684889100,+3.46,+10.407, +9.526,+0.941
1684889160,+3.46,+10.352, +9.542,+0.942
1684889220,+3.46,+10.370, +9.532,+0.941
1684889280,+3.46,+10.398, +9.501,+0.941
1684889340,+3.46,+10.370, +9.514,+0.942
1684889400,+3.46,+10.398, +9.522,+0.941
1684889460,+3.46,+10.298, +9.579,+0.941
1684889520,+3.46,+10.398, +9.601,+0.942
1684889580,+3.46,+10.525, +9.712,+0.943
1684889640,+3.46,+10.724, +9.727,+0.943
1684889700,+3.46,+10.878, +9.695,+0.942
1684889760,+3.46,+11.041, +9.677,+0.943
1684889820,+3.46,+11.266, +9.660,+0.943
1684889880,+3.46,+11.544, +9.697,+0.943
1684889940,+3.46,+11.767, +9.675,+0.943
1684890000,+3.46,+11.946, +9.710,+0.943
1684890060,+3.46,+12.061, +9.730,+0.943
1684890120,+3.46,+12.284, +9.789,+0.943
1684890180,+3.46,+12.328, +9.813,+0.943
1684890240,+3.46,+12.195, +9.740,+0.943
1684890300,+3.46,+12.115, +9.655,+0.942
1684890360,+3.46,+11.972, +9.590,+0.941
1684890420,+3.46,+11.848, +9.589,+0.941
1684890480,+3.46,+11.750, +9.555,+0.942
1684890540,+3.46,+11.553, +9.572,+0.942
1684890600,+3.46,+11.409, +9.603,+0.941
1684890660,+3.46,+11.293, +9.635,+0.941
1684890720,+3.46,+11.293, +9.639,+0.941
1684890780,+3.46,+11.266, +9.651,+0.942
1684890840,+3.46,+11.248, +9.666,+0.941
1684890900,+3.46,+11.248, +9.658,+0.942
1684890960,+3.46,+11.230, +9.653,+0.942
1684891020,+3.46,+11.266, +9.641,+0.942
1684891080,+3.46,+11.320, +9.660,+0.942
1684891140,+3.46,+11.374, +9.562,+0.941
1684891200,+3.46,+11.302, +9.585,+0.942
1684891260,+3.46,+11.409, +9.662,+0.942
1684891320,+3.46,+11.445, +9.698,+0.942
1684891380,+3.46,+11.481, +9.699,+0.942
1684891440,+3.46,+11.535, +9.673,+0.942
1684891500,+3.46,+11.580, +9.648,+0.942
1684891560,+3.46,+11.598, +9.665,+0.942
1684891620,+3.46,+11.767, +9.724,+0.943
1684891680,+3.46,+11.866, +9.814,+0.943
1684891740,+3.46,+12.008, +9.808,+0.943
1684891800,+3.46,+12.097, +9.723,+0.941
1684891860,+3.46,+11.990, +9.730,+0.942
1684891920,+3.46,+11.946, +9.780,+0.941
1684891980,+3.46,+11.874, +9.693,+0.941
1684892040,+3.46,+11.794, +9.693,+0.942
1684892100,+3.46,+11.767, +9.743,+0.942
1684892160,+3.46,+11.794, +9.741,+0.941
1684892220,+3.46,+11.750, +9.762,+0.941
1684892280,+3.46,+11.758, +9.732,+0.942
1684892340,+3.46,+11.669, +9.700,+0.941
1684892400,+3.46,+11.642, +9.643,+0.942
1684892460,+3.46,+11.624, +9.654,+0.942
1684892520,+3.46,+11.580, +9.673,+0.942
1684892580,+3.46,+11.642, +9.611,+0.942
1684892640,+3.46,+11.580, +9.488,+0.941
1684892700,+3.46,+11.472, +9.503,+0.942
1684892760,+3.46,+11.553, +9.630,+0.942
1684892820,+3.46,+11.660, +9.739,+0.942
1684892880,+3.46,+11.758, +9.730,+0.942
1684892940,+3.46,+11.687, +9.664,+0.942
1684893000,+3.46,+11.723, +9.827,+0.942
1684893060,+3.46,+11.794, +9.812,+0.942
1684893120,+3.46,+11.830, +9.810,+0.942
1684893180,+3.46,+11.919, +9.792,+0.942
1684893240,+3.46,+11.955, +9.836,+0.942
1684893300,+3.46,+11.981, +9.800,+0.942
1684893360,+3.46,+11.946, +9.751,+0.942
1684893420,+3.46,+11.892, +9.720,+0.942
1684893480,+3.46,+11.776, +9.710,+0.942
1684893540,+3.46,+11.714, +9.764,+0.941
1684893600,+3.46,+11.669, +9.798,+0.942
1684893660,+3.46,+11.732, +9.763,+0.942
1684893720,+3.46,+11.687, +9.762,+0.942
1684893780,+3.46,+11.508, +9.660,+0.941
1684893840,+3.46,+11.338, +9.514,+0.941
1684893900,+3.46,+11.194, +9.519,+0.941
1684893960,+3.46,+11.185, +9.556,+0.941
1684894020,+3.46,+11.176, +9.557,+0.942
1684894080,+3.46,+11.176, +9.578,+0.942
1684894140,+3.46,+11.140, +9.617,+0.942
1684894200,+3.46,+11.239, +9.638,+0.942
1684894260,+3.46,+11.284, +9.657,+0.942
1684894320,+3.46,+11.445, +9.654,+0.942
1684894380,+3.46,+11.508, +9.668,+0.942
1684894440,+3.46,+11.553, +9.662,+0.942
1684894500,+3.46,+11.660, +9.719,+0.942
1684894560,+3.46,+11.767, +9.772,+0.942
1684894620,+3.46,+11.839, +9.771,+0.942
1684894680,+3.46,+11.883, +9.785,+0.942
1684894740,+3.46,+11.848, +9.808,+0.942
1684894800,+3.46,+11.919, +9.782,+0.942
1684894860,+3.46,+11.910, +9.793,+0.942
1684894920,+3.46,+11.901, +9.779,+0.942
1684894980,+3.46,+11.857, +9.829,+0.942
1684895040,+3.46,+11.857, +9.828,+0.942
1684895100,+3.46,+11.812, +9.830,+0.942
1684895160,+3.46,+11.741, +9.810,+0.942
1684895220,+3.46,+11.714, +9.714,+0.941
1684895280,+3.46,+11.669, +9.723,+0.942
1684895340,+3.46,+11.642, +9.689,+0.942
1684895400,+3.46,+11.580, +9.690,+0.942
1684895460,+3.46,+11.508, +9.690,+0.942
1684895520,+3.46,+11.544, +9.678,+0.942
1684895580,+3.46,+11.580, +9.647,+0.942
1684895640,+3.46,+11.517, +9.587,+0.941
1684895700,+3.46,+11.427, +9.538,+0.941
1684895760,+3.46,+11.311, +9.575,+0.941
1684895820,+3.46,+11.275, +9.575,+0.942
1684895880,+3.46,+11.194, +9.586,+0.942
1684895940,+3.46,+11.275, +9.533,+0.942
1684896000,+3.46,+11.239, +9.539,+0.942
1684896060,+3.46,+11.248, +9.540,+0.941
1684896120,+3.46,+11.320, +9.571,+0.942
1684896180,+3.46,+11.418, +9.598,+0.942
1684896240,+3.46,+11.481, +9.553,+0.942
1684896300,+3.46,+11.374, +9.514,+0.941
1684896360,+3.46,+11.356, +9.508,+0.942
1684896420,+3.46,+11.338, +9.492,+0.941
1684896480,+3.46,+11.248, +9.472,+0.941
1684896540,+3.46,+11.239, +9.466,+0.942
1684896600,+3.46,+11.248, +9.492,+0.942
1684896660,+3.46,+11.356, +9.508,+0.942
1684896720,+3.46,+11.427, +9.504,+0.941
1684896780,+3.46,+11.490, +9.526,+0.942
1684896840,+3.46,+11.445, +9.565,+0.942
1684896900,+3.46,+11.526, +9.540,+0.942
1684896960,+3.46,+11.562, +9.522,+0.942
1684897020,+3.46,+11.571, +9.490,+0.941
1684897080,+3.46,+11.544, +9.489,+0.941
1684897140,+3.46,+11.499, +9.502,+0.942
1684897200,+3.46,+11.499, +9.500,+0.942
1684897260,+3.46,+11.445, +9.516,+0.942
1684897320,+3.46,+11.454, +9.540,+0.942
1684897380,+3.46,+11.580, +9.516,+0.942
1684897440,+3.46,+11.517, +9.575,+0.942
1684897500,+3.46,+11.660, +9.582,+0.942
1684897560,+3.46,+11.714, +9.613,+0.942
1684897620,+3.46,+11.803, +9.649,+0.942
1684897680,+3.46,+11.928, +9.657,+0.942
1684897740,+3.46,+11.910, +9.686,+0.942
1684897800,+3.46,+11.990, +9.665,+0.942
1684897860,+3.46,+11.910, +9.604,+0.942
1684897920,+3.46,+11.892, +9.468,+0.942
1684897980,+3.46,+11.839, +9.479,+0.942
1684898040,+3.46,+11.714, +9.568,+0.942
1684898100,+3.46,+11.615, +9.552,+0.941
1684898160,+3.46,+11.508, +9.541,+0.941
1684898220,+3.46,+11.463, +9.546,+0.941
1684898280,+3.46,+11.409, +9.557,+0.941
1684898340,+3.46,+11.356, +9.589,+0.942
1684898400,+3.46,+11.329, +9.611,+0.942
1684898460,+3.46,+11.374, +9.601,+0.942
1684898520,+3.46,+11.365, +9.601,+0.942
1684898580,+3.46,+11.329, +9.598,+0.941
1684898640,+3.46,+11.374, +9.589,+0.942
1684898700,+3.46,+11.427, +9.582,+0.942
1684898760,+3.46,+11.463, +9.519,+0.941
1684898820,+3.46,+11.481, +9.524,+0.942
1684898880,+3.46,+11.508, +9.529,+0.942
1684898940,+3.46,+11.490, +9.552,+0.942
1684899000,+3.46,+11.642, +9.540,+0.942
1684899060,+3.46,+11.615, +9.587,+0.942
1684899120,+3.46,+11.642, +9.583,+0.942
1684899180,+3.46,+11.651, +9.542,+0.942
1684899240,+3.46,+11.696, +9.523,+0.942
1684899300,+3.46,+11.705, +9.512,+0.942
1684899360,+3.46,+11.687, +9.514,+0.942
1684899420,+3.46,+11.651, +9.493,+0.942
1684899480,+3.46,+11.598, +9.480,+0.942
1684899540,+3.46,+11.517, +9.515,+0.942
1684899600,+3.46,+11.562, +9.520,+0.942
1684899660,+3.46,+11.544, +9.518,+0.942
1684899720,+3.46,+11.562, +9.496,+0.941
1684899780,+3.46,+11.544, +9.557,+0.942
1684899840,+3.46,+11.562, +9.586,+0.942
1684899900,+3.46,+11.535, +9.617,+0.941
1684899960,+3.46,+11.544, +9.631,+0.942
1684900020,+3.46,+11.633, +9.600,+0.942
1684900080,+3.46,+11.571, +9.611,+0.942
1684900140,+3.46,+11.517, +9.626,+0.942
1684900200,+3.46,+11.562, +9.603,+0.941
1684900260,+3.46,+11.607, +9.604,+0.942
1684900320,+3.46,+11.580, +9.576,+0.941
1684900380,+3.46,+11.553, +9.564,+0.942
1684900440,+3.46,+11.624, +9.550,+0.942
1684900500,+3.46,+11.624, +9.562,+0.942
1684900560,+3.46,+11.696, +9.518,+0.942
1684900620,+3.46,+11.678, +9.493,+0.942
1684900680,+3.46,+11.633, +9.555,+0.942
1684900740,+3.46,+11.571, +9.634,+0.942
1684900800,+3.46,+11.544, +9.717,+0.942
1684900860,+3.46,+11.508, +9.676,+0.941
1684900920,+3.46,+11.436, +9.625,+0.941
1684900980,+3.46,+11.409, +9.601,+0.942
1684901040,+3.46,+11.400, +9.596,+0.942
1684901100,+3.46,+11.409, +9.568,+0.941
1684901160,+3.46,+11.409, +9.559,+0.942
1684901220,+3.46,+11.374, +9.560,+0.942
1684901280,+3.46,+11.356, +9.548,+0.941
1684901340,+3.46,+11.293, +9.578,+0.942
1684901400,+3.46,+11.383, +9.541,+0.941
1684901460,+3.46,+11.383, +9.550,+0.942
1684901520,+3.46,+11.347, +9.566,+0.942
1684901580,+3.46,+11.356, +9.551,+0.942
1684901640,+3.46,+11.329, +9.553,+0.942
1684901700,+3.46,+11.400, +9.513,+0.942
1684901760,+3.46,+11.391, +9.511,+0.942
1684901820,+3.46,+11.338, +9.517,+0.942
1684901880,+3.46,+11.293, +9.523,+0.942
1684901940,+3.46,+11.239, +9.528,+0.942
1684902000,+3.46,+11.230, +9.504,+0.942
1684902060,+3.46,+11.212, +9.418,+0.941
1684902120,+3.46,+11.122, +9.415,+0.941
1684902180,+3.46,+10.978, +9.431,+0.942
1684902240,+3.46,+10.905, +9.471,+0.942
1684902300,+3.46,+10.932, +9.486,+0.942
1684902360,+3.46,+10.932, +9.495,+0.942
1684902420,+3.46,+10.878, +9.520,+0.942
1684902480,+3.46,+10.869, +9.530,+0.942
1684902540,+3.46,+10.833, +9.548,+0.942
1684902600,+3.46,+10.969, +9.531,+0.942
1684902660,+3.46,+10.941, +9.555,+0.942
1684902720,+3.46,+10.996, +9.540,+0.942
1684902780,+3.46,+11.014, +9.524,+0.942
1684902840,+3.46,+10.969, +9.533,+0.942
1684902900,+3.46,+10.969, +9.527,+0.942
1684902960,+3.46,+10.996, +9.540,+0.942
1684903020,+3.46,+11.005, +9.535,+0.942
1684903080,+3.46,+11.068, +9.532,+0.942
1684903140,+3.46,+11.086, +9.524,+0.942
1684903200,+3.46,+11.140, +9.509,+0.942
1684903260,+3.46,+11.122, +9.519,+0.942
1684903320,+3.46,+11.077, +9.531,+0.942
1684903380,+3.46,+11.041, +9.534,+0.942
1684903440,+3.46,+11.167, +9.479,+0.942
1684903500,+3.46,+11.185, +9.475,+0.942
1684903560,+3.46,+11.185, +9.482,+0.942
1684903620,+3.46,+11.212, +9.483,+0.942
1684903680,+3.46,+11.221, +9.493,+0.942
1684903740,+3.46,+11.239, +9.495,+0.942
1684903800,+3.46,+11.284, +9.492,+0.942
1684903860,+3.46,+11.356, +9.486,+0.942
1684903920,+3.46,+11.427, +9.500,+0.942
1684903980,+3.46,+11.445, +9.530,+0.942
1684904040,+3.46,+11.517, +9.533,+0.942
1684904100,+3.46,+11.580, +9.540,+0.942
1684904160,+3.46,+11.517, +9.553,+0.942
1684904220,+3.46,+11.418, +9.526,+0.942
1684904280,+3.46,+11.320, +9.502,+0.941
1684904340,+3.46,+11.356, +9.519,+0.942
1684904400,+3.46,+11.302, +9.518,+0.941
1684904460,+3.46,+11.221, +9.540,+0.942
1684904520,+3.46,+11.212, +9.526,+0.941
1684904580,+3.46,+11.194, +9.513,+0.942
1684904640,+3.46,+11.167, +9.519,+0.942
1684904700,+3.46,+11.185, +9.501,+0.942
1684904760,+3.46,+11.167, +9.500,+0.942
1684904820,+3.46,+11.194, +9.478,+0.942
1684904880,+3.46,+11.176, +9.482,+0.942
1684904940,+3.46,+11.203, +9.498,+0.942
1684905000,+3.46,+11.185, +9.511,+0.942
1684905060,+3.46,+11.203, +9.463,+0.942
1684905120,+3.46,+11.176, +9.491,+0.942
1684905180,+3.46,+11.104, +9.521,+0.942
1684905240,+3.46,+11.194, +9.505,+0.942
1684905300,+3.46,+11.149, +9.550,+0.942
1684905360,+3.46,+11.113, +9.574,+0.941
1684905420,+3.46,+11.095, +9.612,+0.942
1684905480,+3.46,+11.149, +9.587,+0.942
1684905540,+3.46,+11.149, +9.553,+0.941
1684905600,+3.46,+11.104, +9.537,+0.942
1684905660,+3.46,+11.086, +9.521,+0.942
1684905720,+3.46,+11.140, +9.490,+0.942
1684905780,+3.46,+11.113, +9.525,+0.942
1684905840,+3.46,+11.104, +9.562,+0.942
1684905900,+3.46,+11.113, +9.583,+0.941
1684905960,+3.46,+11.086, +9.621,+0.942
1684906020,+3.46,+11.059, +9.638,+0.942
1684906080,+3.46,+11.113, +9.628,+0.942
1684906140,+3.46,+11.077, +9.647,+0.942
1684906200,+3.46,+11.104, +9.619,+0.942
1684906260,+3.46,+11.113, +9.614,+0.942
1684906320,+3.46,+11.131, +9.598,+0.942
1684906380,+3.46,+11.086, +9.608,+0.942
1684906440,+3.46,+11.032, +9.620,+0.942
1684906500,+3.46,+11.122, +9.578,+0.942
1684906560,+3.46,+11.086, +9.566,+0.942
1684906620,+3.46,+11.131, +9.529,+0.942
1684906680,+3.46,+11.122, +9.507,+0.942
1684906740,+3.46,+11.122, +9.494,+0.942
1684906800,+3.46,+11.185, +9.461,+0.942
1684906860,+3.46,+11.140, +9.470,+0.942
1684906920,+3.46,+11.176, +9.440,+0.942
1684906980,+3.46,+11.095, +9.449,+0.942
1684907040,+3.46,+11.113, +9.384,+0.941
1684907100,+3.46,+11.014, +9.371,+0.942
1684907160,+3.46,+10.797, +9.259,+0.941
1684907220,+3.46,+10.688, +9.225,+0.941
1684907280,+3.46,+10.589, +9.247,+0.941
1684907340,+3.46,+10.452, +9.308,+0.941
1684907400,+3.46,+10.561, +9.272,+0.941
1684907460,+3.46,+10.534, +9.309,+0.941
1684907520,+3.46,+10.543, +9.333,+0.941
1684907580,+3.46,+10.525, +9.338,+0.941
1684907640,+3.46,+10.507, +9.323,+0.941
1684907700,+3.46,+10.516, +9.325,+0.941
1684907760,+3.46,+10.516, +9.333,+0.942
1684907820,+3.46,+10.498, +9.323,+0.941
1684907880,+3.46,+10.498, +9.322,+0.942
1684907940,+3.46,+10.534, +9.312,+0.942
1684908000,+3.46,+10.534, +9.328,+0.942
1684908060,+3.46,+10.652, +9.304,+0.942
1684908120,+3.46,+10.634, +9.402,+0.942
1684908180,+3.46,+10.706, +9.397,+0.942
1684908240,+3.46,+10.697, +9.411,+0.942
1684908300,+3.46,+10.761, +9.424,+0.941
1684908360,+3.46,+10.797, +9.471,+0.942
1684908420,+3.46,+10.806, +9.504,+0.942
1684908480,+3.46,+10.824, +9.553,+0.942
1684908540,+3.46,+10.851, +9.547,+0.942
1684908600,+3.46,+10.860, +9.520,+0.942
1684908660,+3.46,+10.860, +9.518,+0.942
1684908720,+3.46,+10.878, +9.565,+0.942
1684908780,+3.46,+10.905, +9.614,+0.942
1684908840,+3.46,+10.932, +9.608,+0.942
1684908900,+3.46,+10.896, +9.552,+0.942
1684908960,+3.46,+10.842, +9.518,+0.942
1684909020,+3.46,+10.824, +9.481,+0.942
1684909080,+3.46,+10.788, +9.467,+0.942
1684909140,+3.46,+10.788, +9.448,+0.942
1684909200,+3.46,+10.806, +9.376,+0.941
1684909260,+3.46,+10.788, +9.334,+0.941
1684909320,+3.46,+10.688, +9.365,+0.942
1684909380,+3.46,+10.706, +9.373,+0.941
1684909440,+3.46,+10.715, +9.385,+0.942
1684909500,+3.46,+10.625, +9.405,+0.942
1684909560,+3.46,+10.652, +9.417,+0.942
1684909620,+3.46,+10.661, +9.418,+0.942
1684909680,+3.46,+10.625, +9.437,+0.942
1684909740,+3.46,+10.561, +9.442,+0.942
1684909800,+3.46,+10.570, +9.426,+0.942
1684909860,+3.46,+10.625, +9.399,+0.942
1684909920,+3.46,+10.579, +9.403,+0.942
1684909980,+3.46,+10.607, +9.390,+0.942
1684910040,+3.46,+10.589, +9.397,+0.942
1684910100,+3.46,+10.616, +9.413,+0.942
1684910160,+3.46,+10.579, +9.453,+0.941
1684910220,+3.46,+10.652, +9.458,+0.942
1684910280,+3.46,+10.643, +9.478,+0.942
1684910340,+3.46,+10.661, +9.482,+0.942
1684910400,+3.46,+10.688, +9.481,+0.942
1684910460,+3.46,+10.779, +9.446,+0.941
1684910520,+3.46,+10.706, +9.486,+0.942
1684910580,+3.46,+10.761, +9.473,+0.942
1684910640,+3.46,+10.797, +9.457,+0.942
1684910700,+3.46,+10.806, +9.454,+0.942
1684910760,+3.46,+10.788, +9.466,+0.942
1684910820,+3.46,+10.833, +9.455,+0.942
1684910880,+3.46,+10.914, +9.454,+0.942
1684910940,+3.46,+10.878, +9.485,+0.942
1684911000,+3.46,+10.860, +9.503,+0.942
1684911060,+3.46,+10.851, +9.526,+0.942
1684911120,+3.46,+10.887, +9.513,+0.942
1684911180,+3.46,+10.878, +9.526,+0.942
1684911240,+3.46,+10.887, +9.526,+0.942
1684911300,+3.46,+10.860, +9.500,+0.942
1684911360,+3.46,+10.815, +9.498,+0.942
1684911420,+3.46,+10.824, +9.455,+0.941
1684911480,+3.46,+10.824, +9.449,+0.942
1684911540,+3.46,+10.788, +9.455,+0.942
1684911600,+3.46,+10.806, +9.434,+0.942
1684911660,+3.46,+10.788, +9.428,+0.942
1684911720,+3.46,+10.770, +9.415,+0.941
1684911780,+3.46,+10.752, +9.420,+0.942
1684911840,+3.46,+10.752, +9.410,+0.942
1684911900,+3.46,+10.752, +9.400,+0.941
1684911960,+3.46,+10.734, +9.410,+0.942
1684912020,+3.46,+10.752, +9.394,+0.942
1684912080,+3.46,+10.797, +9.379,+0.942
1684912140,+3.46,+10.770, +9.393,+0.942
1684912200,+3.46,+10.770, +9.378,+0.941
1684912260,+3.46,+10.833, +9.361,+0.942
1684912320,+3.46,+10.797, +9.369,+0.942
1684912380,+3.46,+10.779, +9.376,+0.942
1684912440,+3.46,+10.779, +9.369,+0.942
1684912500,+3.46,+10.697, +9.456,+0.942
1684912560,+3.46,+10.779, +9.500,+0.942
1684912620,+3.46,+10.770, +9.572,+0.942
1684912680,+3.46,+10.770, +9.502,+0.942
1684912740,+3.46,+10.824, +9.491,+0.942
1684912800,+3.46,+10.851, +9.467,+0.942
1684912860,+3.46,+10.887, +9.485,+0.942
1684912920,+3.46,+10.851, +9.518,+0.942
1684912980,+3.46,+10.851, +9.536,+0.942
1684913040,+3.46,+10.869, +9.506,+0.942
1684913100,+3.46,+10.914, +9.428,+0.942
1684913160,+3.46,+10.878, +9.447,+0.942
1684913220,+3.46,+10.951, +9.430,+0.942
1684913280,+3.46,+10.951, +9.435,+0.942
1684913340,+3.46,+10.960, +9.428,+0.941
1684913400,+3.46,+10.987, +9.448,+0.942
1684913460,+3.46,+11.005, +9.466,+0.942
1684913520,+3.46,+11.014, +9.494,+0.942
1684913580,+3.46,+11.095, +9.491,+0.942
1684913640,+3.46,+11.050, +9.492,+0.942
1684913700,+3.46,+11.014, +9.502,+0.942
1684913760,+3.46,+11.059, +9.480,+0.942
1684913820,+3.46,+11.032, +9.487,+0.942
1684913880,+3.46,+11.023, +9.481,+0.942
1684913940,+3.46,+11.014, +9.559,+0.942
1684914000,+3.46,+11.023, +9.645,+0.942
1684914060,+3.46,+11.068, +9.600,+0.942
1684914120,+3.46,+10.987, +9.480,+0.942
1684914180,+3.46,+10.951, +9.414,+0.942
1684914240,+3.46,+10.932, +9.393,+0.941
1684914300,+3.46,+10.960, +9.393,+0.941
1684914360,+3.46,+10.887, +9.420,+0.941
1684914420,+3.46,+10.987, +9.405,+0.942
1684914480,+3.46,+10.932, +9.421,+0.942
1684914540,+3.46,+10.905, +9.426,+0.942
1684914600,+3.46,+10.923, +9.426,+0.942
1684914660,+3.46,+10.978, +9.403,+0.942
1684914720,+3.46,+11.005, +9.398,+0.942
1684914780,+3.46,+10.978, +9.402,+0.942
1684914840,+3.46,+10.960, +9.433,+0.942
1684914900,+3.46,+10.941, +9.484,+0.942
1684914960,+3.46,+10.978, +9.493,+0.941
1684915020,+3.46,+10.951, +9.498,+0.942
1684915080,+3.46,+10.896, +9.438,+0.942
1684915140,+3.46,+10.887, +9.387,+0.942
1684915200,+3.46,+10.833, +9.341,+0.941
1684915260,+3.46,+10.833, +9.264,+0.942
1684915320,+3.46,+10.851, +9.229,+0.941
1684915380,+3.46,+10.815, +9.231,+0.941
1684915440,+3.46,+10.752, +9.238,+0.941
1684915500,+3.46,+10.752, +9.244,+0.941
1684915560,+3.46,+10.752, +9.258,+0.942
1684915620,+3.46,+10.724, +9.265,+0.942
1684915680,+3.46,+10.770, +9.257,+0.941
1684915740,+3.46,+10.734, +9.296,+0.942
1684915800,+3.46,+10.779, +9.310,+0.941
1684915860,+3.46,+10.761, +9.395,+0.941
1684915920,+3.46,+10.715, +9.431,+0.942
1684915980,+3.46,+10.743, +9.445,+0.942
1684916040,+3.46,+10.715, +9.488,+0.942
1684916100,+3.46,+10.779, +9.554,+0.942
1684916160,+3.46,+10.797, +9.597,+0.942
1684916220,+3.46,+10.797, +9.590,+0.942
1684916280,+3.46,+10.851, +9.596,+0.942
1684916340,+3.46,+10.824, +9.518,+0.942
1684916400,+3.46,+10.878, +9.472,+0.942
1684916460,+3.46,+10.887, +9.452,+0.942
1684916520,+3.46,+10.833, +9.440,+0.942
1684916580,+3.46,+10.833, +9.384,+0.942
1684916640,+3.46,+10.815, +9.356,+0.942
1684916700,+3.46,+10.734, +9.398,+0.942
1684916760,+3.46,+10.743, +9.403,+0.942
1684916820,+3.46,+10.715, +9.412,+0.942
1684916880,+3.46,+10.743, +9.396,+0.942
1684916940,+3.46,+10.788, +9.371,+0.942
1684917000,+3.46,+10.679, +9.396,+0.941
1684917060,+3.46,+10.688, +9.391,+0.941
1684917120,+3.46,+10.679, +9.407,+0.942
1684917180,+3.46,+10.652, +9.426,+0.942
1684917240,+3.46,+10.625, +9.438,+0.942
1684917300,+3.46,+10.661, +9.421,+0.942
1684917360,+3.46,+10.643, +9.429,+0.942
1684917420,+3.46,+10.634, +9.425,+0.942
1684917480,+3.46,+10.643, +9.415,+0.942
1684917540,+3.46,+10.652, +9.389,+0.941
1684917600,+3.46,+10.552, +9.423,+0.942
1684917660,+3.46,+10.670, +9.395,+0.942
1684917720,+3.46,+10.670, +9.403,+0.942
1684917780,+3.46,+10.679, +9.402,+0.942
1684917840,+3.46,+10.679, +9.408,+0.942
1684917900,+3.46,+10.661, +9.471,+0.942
1684917960,+3.46,+10.607, +9.460,+0.941
1684918020,+3.46,+10.461, +9.393,+0.941
1684918080,+3.46,+10.416, +9.377,+0.941
1684918140,+3.46,+10.434, +9.387,+0.942
1684918200,+3.46,+10.416, +9.396,+0.941
1684918260,+3.46,+10.452, +9.421,+0.942
1684918320,+3.46,+10.489, +9.447,+0.941
1684918380,+3.46,+10.489, +9.486,+0.942
1684918440,+3.46,+10.498, +9.509,+0.942
1684918500,+3.46,+10.570, +9.494,+0.942
1684918560,+3.46,+10.498, +9.531,+0.942
1684918620,+3.46,+10.525, +9.536,+0.942
1684918680,+3.46,+10.525, +9.536,+0.942
1684918740,+3.46,+10.552, +9.534,+0.942
1684918800,+3.46,+10.516, +9.561,+0.942
1684918860,+3.46,+10.570, +9.552,+0.942
1684918920,+3.46,+10.598, +9.554,+0.942
1684918980,+3.46,+10.570, +9.575,+0.942
1684919040,+3.46,+10.607, +9.571,+0.942
1684919100,+3.46,+10.589, +9.574,+0.942
1684919160,+3.46,+10.652, +9.536,+0.942
1684919220,+3.46,+10.625, +9.547,+0.942
1684919280,+3.46,+10.670, +9.513,+0.942
1684919340,+3.46,+10.670, +9.490,+0.942
1684919400,+3.46,+10.643, +9.493,+0.942
1684919460,+3.46,+10.625, +9.477,+0.941
1684919520,+3.46,+10.661, +9.474,+0.942
1684919580,+3.46,+10.688, +9.472,+0.942
1684919640,+3.46,+10.634, +9.486,+0.942
1684919700,+3.46,+10.652, +9.489,+0.942
1684919760,+3.46,+10.661, +9.483,+0.942
1684919820,+3.46,+10.643, +9.508,+0.942
1684919880,+3.46,+10.625, +9.535,+0.941
1684919940,+3.46,+10.552, +9.641,+0.942
1684920000,+3.46,+10.634, +9.713,+0.942
1684920060,+3.46,+10.634, +9.764,+0.942
1684920120,+3.46,+10.579, +9.813,+0.942
1684920180,+3.46,+10.598, +9.873,+0.942
1684920240,+3.46,+10.652, +9.879,+0.942
1684920300,+3.46,+10.643, +9.898,+0.942
1684920360,+3.46,+10.661, +9.900,+0.942
1684920420,+3.46,+10.715, +9.715,+0.942
1684920480,+3.46,+10.670, +9.608,+0.942
1684920540,+3.46,+10.797, +9.521,+0.942
1684920600,+3.46,+10.932, +9.415,+0.942
1684920660,+3.46,+10.941, +9.403,+0.942
1684920720,+3.46,+11.059, +9.352,+0.942
1684920780,+3.46,+11.131, +9.373,+0.942
1684920840,+3.46,+11.266, +9.384,+0.942
1684920900,+3.46,+11.311, +9.437,+0.943
1684920960,+3.46,+11.338, +9.511,+0.942
1684921020,+3.46,+11.284, +9.455,+0.941
1684921080,+3.46,+11.257, +9.430,+0.942
1684921140,+3.46,+11.221, +9.425,+0.942
1684921200,+3.46,+11.194, +9.384,+0.942
1684921260,+3.46,+11.113, +9.320,+0.942
1684921320,+3.46,+11.167, +9.299,+0.942
1684921380,+3.46,+11.095, +9.233,+0.941
1684921440,+3.46,+10.914, +9.368,+0.942
1684921500,+3.46,+10.860, +9.578,+0.941
1684921560,+3.46,+10.761, +9.579,+0.942
1684921620,+3.46,+10.697, +9.540,+0.941
1684921680,+3.46,+10.643, +9.542,+0.942
1684921740,+3.46,+10.634, +9.561,+0.942
1684921800,+3.46,+10.607, +9.569,+0.942
1684921860,+3.46,+10.634, +9.514,+0.942
1684921920,+3.46,+10.552, +9.521,+0.941
1684921980,+3.46,+10.579, +9.522,+0.942
1684922040,+3.46,+10.579, +9.523,+0.942
1684922100,+3.46,+10.616, +9.517,+0.942
1684922160,+3.46,+10.589, +9.533,+0.942
1684922220,+3.46,+10.634, +9.523,+0.942
1684922280,+3.46,+10.607, +9.525,+0.942
1684922340,+3.46,+10.688, +9.488,+0.942
1684922400,+3.46,+10.625, +9.497,+0.942
1684922460,+3.46,+10.634, +9.464,+0.942
1684922520,+3.46,+10.697, +9.421,+0.942
1684922580,+3.46,+10.697, +9.417,+0.942
1684922640,+3.46,+10.697, +9.419,+0.942
1684922700,+3.46,+10.679, +9.431,+0.942
1684922760,+3.46,+10.634, +9.451,+0.942
1684922820,+3.46,+10.652, +9.455,+0.942
1684922880,+3.46,+10.688, +9.455,+0.942
1684922940,+3.46,+10.724, +9.435,+0.942
1684923000,+3.46,+10.770, +9.387,+0.942
1684923060,+3.46,+10.770, +9.388,+0.941
1684923120,+3.46,+10.860, +9.358,+0.942
1684923180,+3.46,+10.932, +9.286,+0.942
1684923240,+3.46,+10.779, +9.314,+0.941
1684923300,+3.46,+10.770, +9.361,+0.941
1684923360,+3.46,+10.734, +9.448,+0.942
1684923420,+3.46,+10.752, +9.414,+0.942
1684923480,+3.46,+10.815, +9.346,+0.942
1684923540,+3.46,+10.969, +9.391,+0.943
1684923600,+3.46,+11.068, +9.457,+0.942
1684923660,+3.46,+11.113, +9.435,+0.941
1684923720,+3.46,+11.140, +9.456,+0.943
1684923780,+3.46,+11.194, +9.436,+0.942
1684923840,+3.46,+11.122, +9.406,+0.942
1684923900,+3.46,+11.014, +9.378,+0.942
1684923960,+3.46,+11.104, +9.325,+0.942
1684924020,+3.46,+11.086, +9.338,+0.942
1684924080,+3.46,+11.140, +9.347,+0.942
1684924140,+3.46,+11.140, +9.365,+0.942
1684924200,+3.46,+11.086, +9.389,+0.942
1684924260,+3.46,+11.176, +9.418,+0.942
1684924320,+3.46,+11.230, +9.451,+0.942
1684924380,+3.46,+11.374, +9.442,+0.942
1684924440,+3.46,+11.490, +9.427,+0.942
1684924500,+3.46,+11.418, +9.483,+0.942
1684924560,+3.46,+11.409, +9.496,+0.942
1684924620,+3.46,+11.400, +9.475,+0.942
1684924680,+3.46,+11.391, +9.461,+0.942
1684924740,+3.46,+11.365, +9.460,+0.942
1684924800,+3.46,+11.320, +9.487,+0.942
1684924860,+3.46,+11.284, +9.489,+0.942
1684924920,+3.46,+11.257, +9.463,+0.942
1684924980,+3.46,+11.293, +9.441,+0.942
1684925040,+3.46,+11.221, +9.471,+0.942
1684925100,+3.46,+11.212, +9.450,+0.942
1684925160,+3.46,+11.185, +9.426,+0.941
1684925220,+3.46,+11.176, +9.407,+0.941
1684925280,+3.46,+11.176, +9.400,+0.941
1684925340,+3.46,+11.113, +9.426,+0.942
1684925400,+3.46,+11.095, +9.437,+0.942
1684925460,+3.46,+11.113, +9.433,+0.942
1684925520,+3.46,+11.176, +9.432,+0.942
1684925580,+3.46,+11.077, +9.483,+0.942
1684925640,+3.46,+11.203, +9.441,+0.942
1684925700,+3.46,+11.122, +9.481,+0.942
1684925760,+3.46,+11.149, +9.478,+0.942
1684925820,+3.46,+11.113, +9.481,+0.942
1684925880,+3.46,+11.158, +9.472,+0.942
1684925940,+3.46,+11.140, +9.495,+0.942
1684926000,+3.46,+11.140, +9.511,+0.942
1684926060,+3.46,+11.212, +9.490,+0.941
1684926120,+3.46,+11.212, +9.528,+0.942
1684926180,+3.46,+11.212, +9.537,+0.943
1684926240,+3.46,+11.257, +9.502,+0.941
1684926300,+3.46,+11.257, +9.484,+0.941
1684926360,+3.46,+11.248, +9.483,+0.942
1684926420,+3.46,+11.239, +9.480,+0.942
1684926480,+3.46,+11.257, +9.468,+0.942
1684926540,+3.46,+11.239, +9.479,+0.942
1684926600,+3.46,+11.185, +9.502,+0.942
1684926660,+3.46,+11.221, +9.483,+0.942
1684926720,+3.46,+11.239, +9.488,+0.942
1684926780,+3.46,+11.320, +9.484,+0.942
1684926840,+3.46,+11.302, +9.469,+0.942
1684926900,+3.46,+11.347, +9.473,+0.942
1684926960,+3.46,+11.347, +9.470,+0.942
1684927020,+3.46,+11.409, +9.536,+0.942
1684927080,+3.46,+11.535, +9.513,+0.942
1684927140,+3.46,+11.463, +9.503,+0.942
1684927200,+3.46,+11.472, +9.442,+0.942
1684927260,+3.46,+11.383, +9.454,+0.942
1684927320,+3.46,+11.347, +9.439,+0.942
1684927380,+3.46,+11.338, +9.433,+0.941
1684927440,+3.46,+11.257, +9.473,+0.941
1684927500,+3.46,+11.275, +9.463,+0.942
1684927560,+3.46,+11.239, +9.431,+0.941
1684927620,+3.46,+11.239, +9.359,+0.941
1684927680,+3.46,+11.122, +9.400,+0.941
1684927740,+3.46,+11.086, +9.419,+0.942
1684927800,+3.46,+11.077, +9.384,+0.941
1684927860,+3.46,+11.014, +9.351,+0.942
1684927920,+3.46,+10.951, +9.338,+0.941
1684927980,+3.46,+10.960, +9.324,+0.941
1684928040,+3.46,+10.842, +9.352,+0.941
1684928100,+3.46,+10.851, +9.341,+0.941
1684928160,+3.46,+10.833, +9.343,+0.941
1684928220,+3.46,+10.887, +9.328,+0.941
1684928280,+3.46,+10.914, +9.323,+0.941
1684928340,+3.46,+10.869, +9.332,+0.941
1684928400,+3.46,+10.833, +9.343,+0.941
1684928460,+3.46,+10.896, +9.326,+0.942
1684928520,+3.46,+10.896, +9.327,+0.942
1684928580,+3.46,+10.878, +9.308,+0.941
1684928640,+3.46,+10.869, +9.309,+0.942
1684928700,+3.46,+10.824, +9.328,+0.942
1684928760,+3.46,+10.869, +9.311,+0.942
1684928820,+3.46,+10.869, +9.282,+0.941
1684928880,+3.46,+10.779, +9.359,+0.941
1684928940,+3.46,+10.679, +9.471,+0.941
1684929000,+3.46,+10.688, +9.502,+0.941
1684929060,+3.46,+10.734, +9.492,+0.941
1684929120,+3.46,+10.706, +9.517,+0.941
1684929180,+3.46,+10.724, +9.513,+0.941
1684929240,+3.46,+10.724, +9.526,+0.942
1684929300,+3.46,+10.779, +9.488,+0.941
1684929360,+3.46,+10.779, +9.486,+0.942
1684929420,+3.46,+10.724, +9.503,+0.942
1684929480,+3.46,+10.752, +9.491,+0.942
1684929540,+3.46,+10.770, +9.478,+0.942
1684929600,+3.46,+10.770, +9.476,+0.942
1684929660,+3.46,+10.815, +9.460,+0.942
1684929720,+3.46,+10.842, +9.444,+0.942
1684929780,+3.46,+10.878, +9.436,+0.942
1684929840,+3.46,+10.996, +9.394,+0.941
1684929900,+3.46,+10.978, +9.403,+0.942
1684929960,+3.46,+10.932, +9.415,+0.942
1684930020,+3.46,+10.932, +9.388,+0.942
1684930080,+3.46,+10.914, +9.386,+0.942
1684930140,+3.46,+10.923, +9.379,+0.942
1684930200,+3.46,+10.914, +9.391,+0.942
1684930260,+3.46,+10.941, +9.401,+0.942
1684930320,+3.46,+10.941, +9.407,+0.942
1684930380,+3.46,+10.941, +9.428,+0.942
1684930440,+3.46,+10.978, +9.440,+0.942
1684930500,+3.46,+10.969, +9.441,+0.942
1684930560,+3.46,+10.996, +9.420,+0.942
1684930620,+3.46,+10.941, +9.418,+0.942
1684930680,+3.46,+10.987, +9.397,+0.942
1684930740,+3.46,+10.987, +9.387,+0.942
1684930800,+3.46,+10.996, +9.401,+0.942
1684930860,+3.46,+10.996, +9.427,+0.942
1684930920,+3.46,+10.987, +9.423,+0.942
1684930980,+3.46,+10.987, +9.450,+0.942
1684931040,+3.46,+10.978, +9.474,+0.942
1684931100,+3.46,+11.023, +9.480,+0.942
1684931160,+3.46,+11.041, +9.479,+0.942
1684931220,+3.46,+11.023, +9.532,+0.942
1684931280,+3.46,+11.149, +9.509,+0.942
1684931340,+3.46,+11.140, +9.537,+0.942
1684931400,+3.46,+11.194, +9.547,+0.942
1684931460,+3.46,+11.248, +9.533,+0.942
1684931520,+3.46,+11.230, +9.544,+0.942
1684931580,+3.46,+11.266, +9.534,+0.942
1684931640,+3.46,+11.284, +9.518,+0.942
1684931700,+3.46,+11.266, +9.549,+0.942
1684931760,+3.46,+11.293, +9.527,+0.942
1684931820,+3.46,+11.311, +9.526,+0.942
1684931880,+3.46,+11.302, +9.555,+0.942
1684931940,+3.46,+11.311, +9.565,+0.942
1684932000,+3.46,+11.383, +9.553,+0.942
1684932060,+3.46,+11.356, +9.557,+0.942
1684932120,+3.46,+11.275, +9.584,+0.942
1684932180,+3.46,+11.284, +9.567,+0.942
1684932240,+3.46,+11.391, +9.534,+0.942
1684932300,+3.46,+11.329, +9.561,+0.942
1684932360,+3.46,+11.320, +9.542,+0.942
1684932420,+3.46,+11.266, +9.525,+0.942
1684932480,+3.46,+11.185, +9.513,+0.941
1684932540,+3.46,+11.203, +9.462,+0.941
1684932600,+3.46,+11.086, +9.470,+0.942
1684932660,+3.46,+11.005, +9.441,+0.942
1684932720,+3.46,+11.041, +9.388,+0.941
1684932780,+3.46,+10.969, +9.399,+0.942
