7450-798456
OS REV: 1.03 Sensor Cal: 1539277937
Time (sec),  BV (Volts),  T (deg C),  DO (mg/l),  Q ()
1683896040,+3.45, +8.515,+10.189,+0.943
1683896100,+3.45, +8.618,+10.157,+0.943
1683896160,+3.45, +8.646,+10.134,+0.943
1683896220,+3.45, +8.562,+10.170,+0.943
1683896280,+3.45, +8.506,+10.171,+0.943
1683896340,+3.45, +8.468,+10.209,+0.943
1683896400,+3.45, +8.421,+10.184,+0.943
1683896460,+3.45, +8.356,+10.183,+0.943
1683896520,+3.45, +8.271,+10.168,+0.943
1683896580,+3.45, +8.214,+10.149,+0.943
1683896640,+3.45, +8.271,+10.113,+0.943
1683896700,+3.45, +8.214,+10.181,+0.943
1683896760,+3.45, +8.280,+10.176,+0.943
1683896820,+3.45, +8.327,+10.170,+0.943
1683896880,+3.45, +8.346,+10.168,+0.943
1683896940,+3.45, +8.365,+10.169,+0.943
1683897000,+3.45, +8.337,+10.176,+0.943
1683897060,+3.45, +8.318,+10.166,+0.943
1683897120,+3.45, +8.337,+10.127,+0.943
1683897180,+3.45, +8.309,+10.122,+0.943
1683897240,+3.45, +8.337,+10.114,+0.943
1683897300,+3.45, +8.280,+10.125,+0.943
1683897360,+3.45, +8.299,+10.111,+0.943
1683897420,+3.45, +8.327,+10.093,+0.943
1683897480,+3.45, +8.262,+10.105,+0.943
1683897540,+3.45, +8.271,+10.113,+0.943
1683897600,+3.45, +8.280,+10.101,+0.943
1683897660,+3.45, +8.252,+10.121,+0.943
1683897720,+3.45, +8.318,+10.087,+0.943
1683897780,+3.45, +8.262,+10.116,+0.942
1683897840,+3.45, +8.252,+10.132,+0.943
1683897900,+3.45, +8.262,+10.130,+0.943
1683897960,+3.45, +8.271,+10.123,+0.943
1683898020,+3.45, +8.196,+10.151,+0.943
1683898080,+3.45, +8.243,+10.133,+0.943
1683898140,+3.45, +8.299,+10.111,+0.943
1683898200,+3.45, +8.224,+10.149,+0.943
1683898260,+3.45, +8.252,+10.115,+0.943
1683898320,+3.45, +8.177,+10.151,+0.943
1683898380,+3.45, +8.252,+10.121,+0.943
1683898440,+3.45, +8.186,+10.125,+0.943
1683898500,+3.45, +8.177,+10.098,+0.943
1683898560,+3.45, +8.177,+10.090,+0.943
1683898620,+3.45, +8.186,+10.069,+0.943
1683898680,+3.45, +8.167,+10.068,+0.943
1683898740,+3.45, +8.101,+10.102,+0.943
1683898800,+3.45, +8.111,+10.079,+0.943
1683898860,+3.45, +8.139,+10.053,+0.943
1683898920,+3.45, +8.064,+10.051,+0.943
1683898980,+3.45, +8.064,+10.041,+0.943
1683899040,+3.45, +8.054,+10.040,+0.943
1683899100,+3.45, +8.083,+10.016,+0.943
1683899160,+3.45, +8.035,+10.027,+0.943
1683899220,+3.45, +8.035,+10.016,+0.943
1683899280,+3.45, +7.979,+10.028,+0.943
1683899340,+3.45, +8.054, +9.992,+0.943
1683899400,+3.45, +8.016,+10.005,+0.943
1683899460,+3.45, +8.092, +9.966,+0.943
1683899520,+3.45, +8.035, +9.983,+0.943
1683899580,+3.45, +8.007,+10.014,+0.943
1683899640,+3.45, +7.988,+10.027,+0.943
1683899700,+3.45, +7.988,+10.034,+0.943
1683899760,+3.45, +8.016,+10.035,+0.943
1683899820,+3.45, +7.998,+10.054,+0.943
1683899880,+3.45, +7.979,+10.063,+0.943
1683899940,+3.45, +7.979,+10.067,+0.943
1683900000,+3.45, +7.988,+10.075,+0.944
1683900060,+3.45, +7.979,+10.066,+0.943
1683900120,+3.45, +7.960,+10.074,+0.943
1683900180,+3.45, +8.026,+10.031,+0.942
1683900240,+3.45, +8.007,+10.051,+0.943
1683900300,+3.45, +7.998,+10.053,+0.943
1683900360,+3.45, +7.912,+10.096,+0.943
1683900420,+3.45, +7.998,+10.070,+0.943
1683900480,+3.45, +7.941,+10.081,+0.943
1683900540,+3.45, +7.960,+10.082,+0.943
1683900600,+3.45, +7.960,+10.089,+0.943
1683900660,+3.45, +7.998,+10.087,+0.943
1683900720,+3.45, +7.979,+10.103,+0.943
1683900780,+3.45, +7.950,+10.117,+0.943
1683900840,+3.45, +7.941,+10.121,+0.943
1683900900,+3.45, +7.969,+10.128,+0.943
1683900960,+3.45, +7.979,+10.129,+0.943
1683901020,+3.45, +8.016,+10.116,+0.943
1683901080,+3.45, +8.026,+10.119,+0.943
1683901140,+3.45, +8.016,+10.135,+0.944
1683901200,+3.45, +8.035,+10.121,+0.943
1683901260,+3.45, +8.026,+10.114,+0.943
1683901320,+3.45, +7.998,+10.125,+0.943
1683901380,+3.45, +7.998,+10.126,+0.943
1683901440,+3.45, +7.931,+10.154,+0.943
1683901500,+3.45, +8.007,+10.131,+0.943
1683901560,+3.45, +7.998,+10.129,+0.943
1683901620,+3.45, +8.092,+10.105,+0.943
1683901680,+3.45, +8.045,+10.133,+0.943
1683901740,+3.45, +8.026,+10.153,+0.943
1683901800,+3.45, +8.130,+10.130,+0.943
1683901860,+3.45, +8.083,+10.155,+0.943
1683901920,+3.45, +8.149,+10.148,+0.943
1683901980,+3.45, +8.064,+10.185,+0.943
1683902040,+3.45, +8.139,+10.161,+0.943
1683902100,+3.45, +8.120,+10.166,+0.943
1683902160,+3.45, +8.073,+10.186,+0.943
1683902220,+3.45, +8.073,+10.173,+0.943
1683902280,+3.45, +8.130,+10.159,+0.943
1683902340,+3.45, +8.054,+10.187,+0.943
1683902400,+3.45, +8.139,+10.143,+0.943
1683902460,+3.45, +8.064,+10.179,+0.943
1683902520,+3.45, +8.101,+10.162,+0.943
1683902580,+3.45, +8.083,+10.175,+0.943
1683902640,+3.45, +8.149,+10.151,+0.943
1683902700,+3.45, +8.101,+10.172,+0.943
1683902760,+3.45, +8.139,+10.154,+0.943
1683902820,+3.45, +8.149,+10.166,+0.943
1683902880,+3.45, +8.177,+10.200,+0.943
1683902940,+3.45, +8.346,+10.274,+0.944
1683903000,+3.45, +8.534,+10.395,+0.944
1683903060,+3.45, +8.459,+10.284,+0.943
1683903120,+3.45, +8.412,+10.229,+0.943
1683903180,+3.45, +8.346,+10.208,+0.943
1683903240,+3.45, +8.309,+10.194,+0.943
1683903300,+3.45, +8.252,+10.188,+0.943
1683903360,+3.45, +8.299,+10.161,+0.943
1683903420,+3.45, +8.233,+10.167,+0.943
1683903480,+3.45, +8.158,+10.188,+0.943
1683903540,+3.45, +8.196,+10.178,+0.943
1683903600,+3.45, +8.111,+10.218,+0.943
1683903660,+3.45, +8.149,+10.205,+0.943
1683903720,+3.45, +8.139,+10.200,+0.943
1683903780,+3.45, +8.139,+10.194,+0.943
1683903840,+3.45, +8.083,+10.218,+0.943
1683903900,+3.45, +8.120,+10.197,+0.943
1683903960,+3.45, +8.101,+10.205,+0.943
1683904020,+3.45, +8.167,+10.157,+0.943
1683904080,+3.45, +8.120,+10.186,+0.943
1683904140,+3.45, +8.167,+10.166,+0.943
1683904200,+3.45, +8.149,+10.170,+0.943
1683904260,+3.45, +8.149,+10.192,+0.943
1683904320,+3.45, +8.149,+10.216,+0.944
1683904380,+3.45, +8.111,+10.233,+0.944
1683904440,+3.45, +8.130,+10.228,+0.943
1683904500,+3.45, +8.167,+10.227,+0.943
1683904560,+3.45, +8.158,+10.231,+0.944
1683904620,+3.45, +8.214,+10.198,+0.943
1683904680,+3.45, +8.177,+10.229,+0.943
1683904740,+3.45, +8.214,+10.196,+0.943
1683904800,+3.45, +8.092,+10.250,+0.943
1683904860,+3.45, +8.111,+10.222,+0.943
1683904920,+3.45, +8.167,+10.194,+0.943
1683904980,+3.45, +8.149,+10.205,+0.943
1683905040,+3.45, +8.120,+10.202,+0.943
1683905100,+3.45, +8.120,+10.206,+0.943
1683905160,+3.45, +8.139,+10.191,+0.943
1683905220,+3.45, +8.101,+10.202,+0.943
1683905280,+3.45, +8.149,+10.182,+0.943
1683905340,+3.45, +8.139,+10.189,+0.943
1683905400,+3.45, +8.149,+10.211,+0.943
1683905460,+3.45, +8.205,+10.214,+0.944
1683905520,+3.45, +8.186,+10.221,+0.943
1683905580,+3.45, +8.177,+10.239,+0.944
1683905640,+3.45, +8.262,+10.193,+0.943
1683905700,+3.45, +8.280,+10.212,+0.943
1683905760,+3.45, +8.346,+10.183,+0.943
1683905820,+3.45, +8.318,+10.198,+0.943
1683905880,+3.45, +8.374,+10.180,+0.943
1683905940,+3.45, +8.421,+10.176,+0.943
1683906000,+3.45, +8.374,+10.200,+0.944
1683906060,+3.45, +8.459,+10.210,+0.944
1683906120,+3.45, +8.506,+10.245,+0.944
1683906180,+3.45, +8.534,+10.245,+0.943
1683906240,+3.45, +8.524,+10.277,+0.944
1683906300,+3.45, +8.590,+10.260,+0.943
1683906360,+3.45, +8.562,+10.262,+0.943
1683906420,+3.45, +8.599,+10.264,+0.943
1683906480,+3.45, +8.693,+10.235,+0.943
1683906540,+3.45, +8.674,+10.267,+0.943
1683906600,+3.45, +8.627,+10.312,+0.943
1683906660,+3.45, +8.730,+10.308,+0.943
1683906720,+3.45, +8.777,+10.344,+0.944
1683906780,+3.45, +8.758,+10.332,+0.943
1683906840,+3.45, +8.749,+10.310,+0.943
1683906900,+3.45, +8.693,+10.287,+0.944
1683906960,+3.45, +8.646,+10.256,+0.943
1683907020,+3.45, +8.637,+10.242,+0.943
1683907080,+3.45, +8.627,+10.252,+0.943
1683907140,+3.45, +8.683,+10.235,+0.943
1683907200,+3.45, +8.646,+10.265,+0.944
1683907260,+3.45, +8.665,+10.257,+0.943
1683907320,+3.45, +8.646,+10.261,+0.943
1683907380,+3.45, +8.665,+10.259,+0.944
1683907440,+3.45, +8.674,+10.251,+0.943
1683907500,+3.45, +8.702,+10.242,+0.943
1683907560,+3.45, +8.683,+10.240,+0.943
1683907620,+3.45, +8.674,+10.236,+0.943
1683907680,+3.45, +8.721,+10.215,+0.943
1683907740,+3.45, +8.646,+10.254,+0.944
1683907800,+3.45, +8.730,+10.219,+0.943
1683907860,+3.45, +8.702,+10.244,+0.943
1683907920,+3.45, +8.655,+10.308,+0.943
1683907980,+3.45, +8.693,+10.329,+0.943
1683908040,+3.45, +8.767,+10.330,+0.943
1683908100,+3.45, +8.739,+10.371,+0.944
1683908160,+3.45, +8.711,+10.392,+0.944
1683908220,+3.45, +8.795,+10.374,+0.944
1683908280,+3.45, +8.786,+10.359,+0.944
1683908340,+3.45, +8.842,+10.367,+0.944
1683908400,+3.45, +8.823,+10.369,+0.944
1683908460,+3.45, +8.870,+10.338,+0.944
1683908520,+3.45, +8.879,+10.333,+0.944
1683908580,+3.45, +8.833,+10.296,+0.944
1683908640,+3.45, +8.795,+10.286,+0.943
1683908700,+3.45, +8.795,+10.276,+0.943
1683908760,+3.45, +8.683,+10.303,+0.943
1683908820,+3.45, +8.711,+10.271,+0.943
1683908880,+3.45, +8.674,+10.270,+0.943
1683908940,+3.45, +8.693,+10.284,+0.944
1683909000,+3.45, +8.665,+10.312,+0.943
1683909060,+3.45, +8.730,+10.294,+0.944
1683909120,+3.45, +8.721,+10.307,+0.943
1683909180,+3.45, +8.823,+10.278,+0.943
1683909240,+3.45, +8.833,+10.258,+0.943
1683909300,+3.45, +8.879,+10.258,+0.943
1683909360,+3.45, +8.907,+10.265,+0.944
1683909420,+3.45, +9.010,+10.257,+0.943
1683909480,+3.45, +9.140,+10.362,+0.944
1683909540,+3.45, +9.186,+10.443,+0.944
1683909600,+3.45, +9.084,+10.358,+0.943
1683909660,+3.45, +8.898,+10.275,+0.943
1683909720,+3.45, +8.879,+10.214,+0.943
1683909780,+3.45, +8.823,+10.201,+0.943
1683909840,+3.45, +8.851,+10.184,+0.943
1683909900,+3.45, +8.823,+10.175,+0.943
1683909960,+3.45, +8.795,+10.170,+0.943
1683910020,+3.45, +8.879,+10.185,+0.943
1683910080,+3.45, +9.010,+10.321,+0.943
1683910140,+3.45, +9.102,+10.350,+0.944
1683910200,+3.45, +9.167,+10.387,+0.944
1683910260,+3.45, +9.241,+10.408,+0.944
1683910320,+3.45, +9.278,+10.430,+0.944
1683910380,+3.45, +9.352,+10.426,+0.944
1683910440,+3.45, +9.380,+10.462,+0.944
1683910500,+3.45, +9.436,+10.491,+0.944
1683910560,+3.45, +9.583,+10.515,+0.944
1683910620,+3.45, +9.491,+10.653,+0.944
1683910680,+3.45, +9.684,+10.657,+0.944
1683910740,+3.45, +9.776,+10.710,+0.944
1683910800,+3.45, +9.877,+10.748,+0.944
1683910860,+3.45, +9.960,+10.746,+0.944
1683910920,+3.45, +9.923,+10.793,+0.945
1683910980,+3.45,+10.024,+10.773,+0.944
1683911040,+3.45,+10.015,+10.817,+0.944
1683911100,+3.45,+10.005,+10.830,+0.944
1683911160,+3.45, +9.996,+10.843,+0.944
1683911220,+3.45, +9.987,+10.818,+0.943
1683911280,+3.45, +9.987,+10.780,+0.943
1683911340,+3.45, +9.950,+10.782,+0.944
1683911400,+3.45, +9.923,+10.803,+0.944
1683911460,+3.45, +9.941,+10.768,+0.943
1683911520,+3.45, +9.923,+10.799,+0.944
1683911580,+3.45, +9.960,+10.818,+0.944
1683911640,+3.45, +9.978,+10.848,+0.944
1683911700,+3.45, +9.987,+10.908,+0.944
1683911760,+3.45,+10.042,+10.912,+0.944
1683911820,+3.45,+10.106,+10.895,+0.944
1683911880,+3.45,+10.024,+10.838,+0.943
1683911940,+3.45,+10.060,+10.803,+0.943
1683912000,+3.45, +9.978,+10.786,+0.944
1683912060,+3.45, +9.978,+10.735,+0.944
1683912120,+3.45, +9.914,+10.674,+0.944
1683912180,+3.45, +9.886,+10.625,+0.943
1683912240,+3.45, +9.850,+10.621,+0.943
1683912300,+3.45, +9.813,+10.686,+0.944
1683912360,+3.45, +9.840,+10.709,+0.944
1683912420,+3.45, +9.886,+10.693,+0.943
1683912480,+3.45, +9.831,+10.721,+0.943
1683912540,+3.45, +9.785,+10.711,+0.943
1683912600,+3.45, +9.739,+10.548,+0.943
1683912660,+3.45, +9.620,+10.488,+0.943
1683912720,+3.45, +9.583,+10.510,+0.944
1683912780,+3.45, +9.611,+10.501,+0.943
1683912840,+3.45, +9.546,+10.541,+0.943
1683912900,+3.45, +9.565,+10.542,+0.943
1683912960,+3.45, +9.555,+10.561,+0.943
1683913020,+3.45, +9.648,+10.567,+0.944
1683913080,+3.45, +9.629,+10.601,+0.944
1683913140,+3.45, +9.694,+10.592,+0.944
1683913200,+3.45, +9.657,+10.613,+0.943
1683913260,+3.45, +9.657,+10.590,+0.943
1683913320,+3.45, +9.629,+10.575,+0.943
1683913380,+3.45, +9.546,+10.619,+0.943
1683913440,+3.45, +9.546,+10.615,+0.943
1683913500,+3.45, +9.519,+10.638,+0.943
1683913560,+3.45, +9.555,+10.621,+0.943
1683913620,+3.45, +9.574,+10.614,+0.944
1683913680,+3.45, +9.555,+10.633,+0.944
1683913740,+3.45, +9.574,+10.624,+0.944
1683913800,+3.45, +9.555,+10.619,+0.943
1683913860,+3.45, +9.537,+10.626,+0.943
1683913920,+3.45, +9.528,+10.646,+0.944
1683913980,+3.45, +9.565,+10.615,+0.943
1683914040,+3.45, +9.555,+10.638,+0.944
1683914100,+3.45, +9.574,+10.632,+0.943
1683914160,+3.45, +9.574,+10.635,+0.944
1683914220,+3.45, +9.574,+10.633,+0.943
1683914280,+3.45, +9.519,+10.665,+0.944
1683914340,+3.45, +9.583,+10.626,+0.944
1683914400,+3.45, +9.565,+10.615,+0.943
1683914460,+3.45, +9.565,+10.633,+0.944
1683914520,+3.45, +9.555,+10.628,+0.943
1683914580,+3.45, +9.491,+10.655,+0.944
1683914640,+3.45, +9.528,+10.643,+0.943
1683914700,+3.45, +9.519,+10.659,+0.944
1683914760,+3.45, +9.463,+10.679,+0.944
1683914820,+3.45, +9.500,+10.667,+0.944
1683914880,+3.45, +9.519,+10.642,+0.944
1683914940,+3.45, +9.426,+10.653,+0.943
1683915000,+3.45, +9.408,+10.668,+0.944
1683915060,+3.45, +9.380,+10.647,+0.944
1683915120,+3.45, +9.417,+10.614,+0.944
1683915180,+3.45, +9.380,+10.609,+0.944
1683915240,+3.45, +9.380,+10.601,+0.943
1683915300,+3.45, +9.399,+10.581,+0.943
1683915360,+3.45, +9.380,+10.601,+0.944
1683915420,+3.45, +9.380,+10.588,+0.944
1683915480,+3.45, +9.389,+10.573,+0.943
1683915540,+3.45, +9.389,+10.579,+0.944
1683915600,+3.45, +9.362,+10.546,+0.943
1683915660,+3.45, +9.389,+10.529,+0.944
1683915720,+3.45, +9.380,+10.514,+0.943
1683915780,+3.45, +9.325,+10.522,+0.944
1683915840,+3.45, +9.306,+10.513,+0.943
1683915900,+3.45, +9.325,+10.506,+0.944
1683915960,+3.45, +9.306,+10.498,+0.943
1683916020,+3.45, +9.204,+10.532,+0.944
1683916080,+3.45, +9.288,+10.485,+0.943
1683916140,+3.45, +9.214,+10.494,+0.943
1683916200,+3.45, +9.241,+10.500,+0.944
1683916260,+3.45, +9.232,+10.516,+0.944
1683916320,+3.45, +9.325,+10.484,+0.943
1683916380,+3.45, +9.334,+10.492,+0.944
1683916440,+3.45, +9.371,+10.462,+0.943
1683916500,+3.45, +9.343,+10.475,+0.943
1683916560,+3.45, +9.334,+10.470,+0.943
1683916620,+3.45, +9.343,+10.473,+0.944
1683916680,+3.45, +9.334,+10.464,+0.943
1683916740,+3.45, +9.269,+10.477,+0.943
1683916800,+3.45, +9.269,+10.477,+0.944
1683916860,+3.45, +9.223,+10.475,+0.943
1683916920,+3.45, +9.251,+10.460,+0.944
1683916980,+3.45, +9.232,+10.458,+0.943
1683917040,+3.45, +9.278,+10.431,+0.943
1683917100,+3.45, +9.204,+10.478,+0.943
1683917160,+3.45, +9.306,+10.473,+0.944
1683917220,+3.45, +9.463,+10.485,+0.944
1683917280,+3.45, +9.528,+10.496,+0.944
1683917340,+3.45, +9.620,+10.481,+0.944
1683917400,+3.45, +9.454,+10.383,+0.943
1683917460,+3.45, +9.380,+10.411,+0.943
1683917520,+3.45, +9.306,+10.442,+0.943
1683917580,+3.45, +9.223,+10.423,+0.943
1683917640,+3.45, +9.204,+10.379,+0.943
1683917700,+3.45, +9.149,+10.425,+0.943
1683917760,+3.45, +9.075,+10.433,+0.943
1683917820,+3.45, +9.149,+10.381,+0.943
1683917880,+3.45, +9.037,+10.410,+0.943
1683917940,+3.45, +9.065,+10.404,+0.944
1683918000,+3.45, +9.028,+10.395,+0.943
1683918060,+3.45, +9.028,+10.404,+0.943
1683918120,+3.45, +8.982,+10.413,+0.943
1683918180,+3.45, +9.010,+10.399,+0.944
1683918240,+3.45, +9.056,+10.363,+0.943
1683918300,+3.45, +8.935,+10.412,+0.944
1683918360,+3.45, +8.972,+10.381,+0.943
1683918420,+3.45, +8.917,+10.416,+0.944
1683918480,+3.45, +8.972,+10.386,+0.943
1683918540,+3.45, +8.898,+10.420,+0.943
1683918600,+3.45, +8.926,+10.396,+0.943
1683918660,+3.45, +8.907,+10.408,+0.943
1683918720,+3.45, +8.926,+10.406,+0.943
1683918780,+3.45, +8.907,+10.404,+0.943
1683918840,+3.45, +8.926,+10.402,+0.943
1683918900,+3.45, +8.917,+10.405,+0.943
1683918960,+3.45, +8.935,+10.410,+0.944
1683919020,+3.45, +8.944,+10.412,+0.943
1683919080,+3.45, +8.954,+10.411,+0.943
1683919140,+3.45, +8.889,+10.436,+0.943
1683919200,+3.45, +8.935,+10.407,+0.943
1683919260,+3.45, +8.982,+10.392,+0.943
1683919320,+3.45, +8.935,+10.404,+0.943
1683919380,+3.45, +8.963,+10.400,+0.943
1683919440,+3.45, +8.944,+10.404,+0.944
1683919500,+3.45, +8.944,+10.387,+0.943
1683919560,+3.45, +8.944,+10.388,+0.944
1683919620,+3.45, +8.963,+10.365,+0.943
1683919680,+3.45, +8.963,+10.356,+0.944
1683919740,+3.45, +8.898,+10.372,+0.943
1683919800,+3.45, +8.926,+10.369,+0.943
1683919860,+3.45, +8.898,+10.364,+0.943
1683919920,+3.45, +8.972,+10.322,+0.943
1683919980,+3.45, +8.889,+10.345,+0.944
1683920040,+3.45, +8.907,+10.315,+0.943
1683920100,+3.45, +8.907,+10.301,+0.943
1683920160,+3.45, +8.879,+10.291,+0.943
1683920220,+3.45, +8.861,+10.279,+0.943
1683920280,+3.45, +8.833,+10.308,+0.943
1683920340,+3.45, +8.851,+10.307,+0.943
1683920400,+3.45, +8.851,+10.320,+0.943
1683920460,+3.45, +8.907,+10.350,+0.944
1683920520,+3.45, +8.935,+10.372,+0.944
1683920580,+3.45, +9.019,+10.375,+0.944
1683920640,+3.45, +9.130,+10.407,+0.944
1683920700,+3.45, +9.362,+10.457,+0.944
1683920760,+3.45, +9.445,+10.472,+0.944
1683920820,+3.45, +9.648,+10.488,+0.945
1683920880,+3.45, +9.868,+10.529,+0.945
1683920940,+3.45, +9.941,+10.490,+0.944
1683921000,+3.45,+10.097,+10.456,+0.944
1683921060,+3.45,+10.088,+10.477,+0.944
1683921120,+3.45,+10.033,+10.530,+0.944
1683921180,+3.45, +9.969,+10.359,+0.944
1683921240,+3.45, +9.721,+10.245,+0.943
1683921300,+3.45, +9.565,+10.261,+0.943
1683921360,+3.45, +9.602,+10.292,+0.943
1683921420,+3.45, +9.629,+10.430,+0.944
1683921480,+3.45, +9.730,+10.430,+0.943
1683921540,+3.45, +9.721,+10.478,+0.944
1683921600,+3.45, +9.758,+10.502,+0.944
1683921660,+3.45, +9.868,+10.509,+0.943
1683921720,+3.45, +9.905,+10.593,+0.944
1683921780,+3.45, +9.941,+10.645,+0.944
1683921840,+3.45,+10.033,+10.724,+0.944
1683921900,+3.45,+10.197,+10.775,+0.944
1683921960,+3.45,+10.252,+10.797,+0.944
1683922020,+3.45,+10.270,+10.819,+0.944
1683922080,+3.45,+10.343,+10.818,+0.944
1683922140,+3.45,+10.343,+10.832,+0.943
1683922200,+3.45,+10.270,+10.891,+0.943
1683922260,+3.45,+10.307,+10.885,+0.944
1683922320,+3.45,+10.298,+10.887,+0.943
1683922380,+3.45,+10.325,+10.881,+0.944
1683922440,+3.45,+10.316,+10.863,+0.943
1683922500,+3.45,+10.370,+10.846,+0.944
1683922560,+3.45,+10.352,+10.832,+0.944
1683922620,+3.45,+10.389,+10.819,+0.944
1683922680,+3.45,+10.170,+10.226,+0.942
1683922740,+3.45, +9.831,+10.344,+0.943
1683922800,+3.45, +9.767,+10.409,+0.943
1683922860,+3.45, +9.749,+10.437,+0.943
1683922920,+3.45, +9.749,+10.469,+0.943
1683922980,+3.45, +9.795,+10.453,+0.943
1683923040,+3.45, +9.850,+10.516,+0.944
1683923100,+3.45,+10.024,+10.516,+0.944
1683923160,+3.45,+10.152,+10.558,+0.944
1683923220,+3.45,+10.243,+10.588,+0.944
1683923280,+3.45,+10.252,+10.617,+0.944
1683923340,+3.45,+10.316,+10.610,+0.943
1683923400,+3.45,+10.307,+10.660,+0.943
1683923460,+3.45,+10.352,+10.685,+0.944
1683923520,+3.45,+10.389,+10.699,+0.944
1683923580,+3.45,+10.452,+10.705,+0.944
1683923640,+3.45,+10.525,+10.675,+0.944
1683923700,+3.45,+10.188,+10.309,+0.942
1683923760,+3.45, +9.978,+10.122,+0.942
1683923820,+3.45, +9.602,+10.020,+0.942
1683923880,+3.45, +9.389,+10.052,+0.942
1683923940,+3.45, +9.251,+10.029,+0.941
1683924000,+3.45, +9.019,+10.080,+0.942
1683924060,+3.45, +8.944,+10.052,+0.942
1683924120,+3.45, +8.805,+10.085,+0.942
1683924180,+3.45, +8.749,+10.086,+0.943
1683924240,+3.45, +8.758,+10.057,+0.943
1683924300,+3.45, +8.721,+10.042,+0.942
1683924360,+3.45, +8.655,+10.008,+0.942
1683924420,+3.45, +8.534,+10.035,+0.942
1683924480,+3.45, +8.543,+10.005,+0.942
1683924540,+3.45, +8.552, +9.992,+0.942
1683924600,+3.45, +8.459,+10.020,+0.943
1683924660,+3.45, +8.468,+10.009,+0.942
1683924720,+3.45, +8.468,+10.006,+0.942
1683924780,+3.45, +8.421,+10.024,+0.943
1683924840,+3.45, +8.393,+10.033,+0.943
1683924900,+3.45, +8.421,+10.019,+0.943
1683924960,+3.45, +8.459, +9.993,+0.943
1683925020,+3.45, +8.449, +9.998,+0.943
1683925080,+3.45, +8.449,+10.019,+0.943
1683925140,+3.45, +8.440,+10.052,+0.943
1683925200,+3.45, +8.534,+10.024,+0.943
1683925260,+3.45, +8.524,+10.043,+0.943
1683925320,+3.45, +8.552,+10.048,+0.943
1683925380,+3.45, +8.590,+10.050,+0.943
1683925440,+3.45, +8.637,+10.054,+0.943
1683925500,+3.45, +8.646,+10.064,+0.943
1683925560,+3.45, +8.599, +9.998,+0.943
1683925620,+3.45, +8.543, +9.957,+0.943
1683925680,+3.45, +8.440, +9.984,+0.943
1683925740,+3.45, +8.478, +9.976,+0.943
1683925800,+3.45, +8.506, +9.968,+0.943
1683925860,+3.45, +8.562, +9.954,+0.944
1683925920,+3.45, +8.506, +9.973,+0.943
1683925980,+3.45, +8.478, +9.993,+0.943
1683926040,+3.45, +8.552, +9.985,+0.943
1683926100,+3.45, +8.674,+10.031,+0.943
1683926160,+3.45, +8.833,+10.071,+0.944
1683926220,+3.45, +8.954,+10.085,+0.943
1683926280,+3.45, +8.879,+10.032,+0.943
1683926340,+3.45, +8.730,+10.009,+0.943
1683926400,+3.45, +8.655, +9.922,+0.942
1683926460,+3.45, +8.552, +9.929,+0.943
1683926520,+3.45, +8.449, +9.871,+0.943
1683926580,+3.45, +8.374, +9.792,+0.942
1683926640,+3.45, +8.309, +9.790,+0.942
1683926700,+3.45, +8.280, +9.781,+0.942
1683926760,+3.45, +8.205, +9.826,+0.942
1683926820,+3.45, +8.252, +9.797,+0.942
1683926880,+3.45, +8.158, +9.832,+0.942
1683926940,+3.45, +8.130, +9.850,+0.943
1683927000,+3.45, +8.167, +9.834,+0.943
1683927060,+3.45, +8.214, +9.808,+0.942
1683927120,+3.45, +8.111, +9.851,+0.943
1683927180,+3.45, +8.186, +9.819,+0.943
1683927240,+3.45, +8.130, +9.834,+0.943
1683927300,+3.45, +8.130, +9.820,+0.943
1683927360,+3.45, +8.167, +9.798,+0.943
1683927420,+3.45, +8.167, +9.793,+0.943
1683927480,+3.45, +8.205, +9.768,+0.942
1683927540,+3.45, +8.111, +9.798,+0.942
1683927600,+3.45, +8.205, +9.766,+0.943
1683927660,+3.45, +8.158, +9.779,+0.943
1683927720,+3.45, +8.233, +9.748,+0.943
1683927780,+3.45, +8.186, +9.773,+0.943
1683927840,+3.45, +8.158, +9.790,+0.943
1683927900,+3.45, +8.224, +9.783,+0.943
1683927960,+3.45, +8.111, +9.859,+0.943
1683928020,+3.45, +8.092, +9.850,+0.943
1683928080,+3.45, +8.130, +9.798,+0.943
1683928140,+3.45, +8.054, +9.807,+0.943
1683928200,+3.45, +8.111, +9.767,+0.942
1683928260,+3.45, +8.054, +9.778,+0.943
1683928320,+3.45, +8.054, +9.770,+0.943
1683928380,+3.45, +8.045, +9.760,+0.943
1683928440,+3.45, +8.073, +9.739,+0.942
1683928500,+3.45, +8.035, +9.747,+0.943
1683928560,+3.45, +8.064, +9.725,+0.943
1683928620,+3.45, +8.083, +9.702,+0.942
1683928680,+3.45, +8.045, +9.712,+0.943
1683928740,+3.45, +8.101, +9.690,+0.943
1683928800,+3.45, +8.035, +9.708,+0.943
1683928860,+3.45, +8.045, +9.710,+0.943
1683928920,+3.45, +8.092, +9.681,+0.943
1683928980,+3.45, +8.073, +9.687,+0.942
1683929040,+3.45, +8.007, +9.730,+0.943
1683929100,+3.45, +8.054, +9.706,+0.943
1683929160,+3.45, +8.026, +9.725,+0.943
1683929220,+3.45, +8.092, +9.715,+0.943
1683929280,+3.45, +8.045, +9.741,+0.942
1683929340,+3.45, +8.054, +9.760,+0.943
1683929400,+3.45, +8.073, +9.750,+0.942
1683929460,+3.45, +8.083, +9.749,+0.943
1683929520,+3.45, +8.092, +9.732,+0.942
1683929580,+3.45, +8.035, +9.737,+0.943
1683929640,+3.45, +8.073, +9.684,+0.943
1683929700,+3.45, +8.007, +9.666,+0.942
1683929760,+3.45, +7.988, +9.656,+0.942
1683929820,+3.45, +7.969, +9.655,+0.943
1683929880,+3.45, +8.007, +9.625,+0.942
1683929940,+3.45, +7.941, +9.643,+0.943
1683930000,+3.45, +7.941, +9.636,+0.943
1683930060,+3.45, +7.960, +9.615,+0.942
1683930120,+3.45, +7.922, +9.610,+0.942
1683930180,+3.45, +7.903, +9.606,+0.942
1683930240,+3.45, +7.941, +9.589,+0.942
1683930300,+3.45, +7.969, +9.576,+0.942
1683930360,+3.45, +7.960, +9.579,+0.943
1683930420,+3.45, +7.903, +9.605,+0.943
1683930480,+3.45, +7.931, +9.581,+0.942
1683930540,+3.45, +7.988, +9.553,+0.942
1683930600,+3.45, +7.922, +9.589,+0.943
1683930660,+3.45, +7.969, +9.576,+0.943
1683930720,+3.45, +7.903, +9.609,+0.943
1683930780,+3.45, +7.922, +9.586,+0.942
1683930840,+3.45, +7.950, +9.565,+0.943
1683930900,+3.45, +7.988, +9.545,+0.943
1683930960,+3.45, +7.979, +9.543,+0.943
1683931020,+3.45, +7.988, +9.545,+0.943
1683931080,+3.45, +7.998, +9.534,+0.942
1683931140,+3.45, +7.998, +9.543,+0.943
1683931200,+3.45, +7.998, +9.547,+0.943
1683931260,+3.45, +7.960, +9.545,+0.942
1683931320,+3.45, +7.941, +9.539,+0.943
1683931380,+3.45, +7.941, +9.533,+0.942
1683931440,+3.45, +7.960, +9.529,+0.943
1683931500,+3.45, +7.931, +9.528,+0.942
1683931560,+3.45, +7.931, +9.529,+0.943
1683931620,+3.45, +7.931, +9.506,+0.942
1683931680,+3.45, +7.988, +9.499,+0.943
1683931740,+3.45, +7.884, +9.536,+0.943
1683931800,+3.45, +7.922, +9.526,+0.942
1683931860,+3.45, +7.960, +9.509,+0.943
1683931920,+3.45, +7.875, +9.533,+0.942
1683931980,+3.45, +7.893, +9.536,+0.943
1683932040,+3.45, +7.884, +9.528,+0.942
1683932100,+3.45, +7.865, +9.542,+0.943
1683932160,+3.45, +7.865, +9.548,+0.943
1683932220,+3.45, +7.912, +9.521,+0.943
1683932280,+3.45, +7.875, +9.539,+0.943
1683932340,+3.45, +7.941, +9.502,+0.943
1683932400,+3.45, +7.912, +9.509,+0.943
1683932460,+3.45, +7.988, +9.477,+0.943
1683932520,+3.45, +7.969, +9.493,+0.943
1683932580,+3.45, +7.941, +9.494,+0.943
1683932640,+3.45, +7.893, +9.506,+0.942
1683932700,+3.45, +7.912, +9.533,+0.943
1683932760,+3.45, +7.960, +9.532,+0.942
1683932820,+3.45, +7.846, +9.565,+0.943
1683932880,+3.45, +7.818, +9.546,+0.943
1683932940,+3.45, +7.837, +9.515,+0.942
1683933000,+3.45, +7.856, +9.497,+0.942
1683933060,+3.45, +7.799, +9.514,+0.943
1683933120,+3.45, +7.770, +9.517,+0.942
1683933180,+3.45, +7.808, +9.507,+0.943
1683933240,+3.45, +7.865, +9.488,+0.943
1683933300,+3.45, +7.846, +9.472,+0.942
1683933360,+3.45, +7.818, +9.474,+0.942
1683933420,+3.45, +7.799, +9.484,+0.943
1683933480,+3.45, +7.827, +9.462,+0.942
1683933540,+3.45, +7.818, +9.472,+0.943
1683933600,+3.45, +7.865, +9.448,+0.942
1683933660,+3.45, +7.808, +9.467,+0.942
1683933720,+3.45, +7.856, +9.453,+0.942
1683933780,+3.45, +7.799, +9.479,+0.943
1683933840,+3.45, +7.827, +9.467,+0.942
1683933900,+3.45, +7.799, +9.480,+0.943
1683933960,+3.45, +7.761, +9.496,+0.943
1683934020,+3.45, +7.799, +9.485,+0.943
1683934080,+3.45, +7.827, +9.497,+0.942
1683934140,+3.45, +7.837, +9.518,+0.943
1683934200,+3.45, +7.818, +9.534,+0.943
1683934260,+3.45, +7.846, +9.506,+0.943
1683934320,+3.45, +7.912, +9.464,+0.943
1683934380,+3.45, +7.893, +9.451,+0.942
1683934440,+3.45, +7.903, +9.449,+0.942
1683934500,+3.45, +7.846, +9.468,+0.942
1683934560,+3.45, +7.875, +9.470,+0.943
1683934620,+3.45, +7.837, +9.482,+0.943
1683934680,+3.45, +7.884, +9.460,+0.943
1683934740,+3.45, +7.846, +9.473,+0.942
1683934800,+3.45, +7.837, +9.478,+0.943
1683934860,+3.45, +7.941, +9.419,+0.942
1683934920,+3.45, +7.846, +9.452,+0.943
1683934980,+3.45, +7.884, +9.430,+0.943
1683935040,+3.45, +7.875, +9.426,+0.943
1683935100,+3.45, +7.837, +9.439,+0.943
1683935160,+3.45, +7.875, +9.417,+0.942
1683935220,+3.45, +7.875, +9.413,+0.942
1683935280,+3.45, +7.893, +9.415,+0.942
1683935340,+3.45, +7.950, +9.397,+0.942
1683935400,+3.45, +7.931, +9.416,+0.943
1683935460,+3.45, +7.960, +9.415,+0.943
1683935520,+3.45, +7.998, +9.420,+0.943
1683935580,+3.45, +7.998, +9.433,+0.943
1683935640,+3.45, +8.007, +9.439,+0.943
1683935700,+3.45, +8.054, +9.420,+0.942
1683935760,+3.45, +8.026, +9.446,+0.943
1683935820,+3.45, +8.101, +9.399,+0.943
1683935880,+3.45, +8.083, +9.372,+0.942
1683935940,+3.45, +8.064, +9.384,+0.943
1683936000,+3.45, +8.139, +9.360,+0.943
1683936060,+3.45, +8.083, +9.420,+0.943
1683936120,+3.45, +7.998, +9.523,+0.943
1683936180,+3.45, +8.111, +9.502,+0.942
1683936240,+3.45, +8.111, +9.510,+0.943
1683936300,+3.45, +8.035, +9.523,+0.942
1683936360,+3.45, +8.111, +9.478,+0.943
1683936420,+3.45, +8.064, +9.486,+0.943
1683936480,+3.45, +8.111, +9.451,+0.943
1683936540,+3.45, +8.092, +9.441,+0.943
1683936600,+3.45, +8.120, +9.413,+0.942
1683936660,+3.45, +8.083, +9.410,+0.943
1683936720,+3.45, +8.101, +9.386,+0.942
1683936780,+3.45, +8.130, +9.359,+0.942
1683936840,+3.45, +8.130, +9.340,+0.942
1683936900,+3.45, +8.167, +9.320,+0.943
1683936960,+3.45, +8.130, +9.335,+0.943
1683937020,+3.45, +8.280, +9.298,+0.943
1683937080,+3.45, +8.299, +9.487,+0.943
1683937140,+3.45, +8.252, +9.653,+0.943
1683937200,+3.45, +8.243, +9.696,+0.943
1683937260,+3.45, +8.214, +9.667,+0.942
1683937320,+3.45, +8.252, +9.602,+0.943
1683937380,+3.45, +8.186, +9.581,+0.943
1683937440,+3.45, +8.158, +9.524,+0.942
1683937500,+3.45, +8.177, +9.468,+0.942
1683937560,+3.45, +8.205, +9.402,+0.942
1683937620,+3.45, +8.139, +9.376,+0.942
1683937680,+3.45, +8.177, +9.337,+0.942
1683937740,+3.45, +8.101, +9.342,+0.942
1683937800,+3.45, +8.139, +9.345,+0.943
1683937860,+3.45, +8.271, +9.343,+0.943
1683937920,+3.45, +8.243, +9.427,+0.943
1683937980,+3.45, +8.299, +9.493,+0.943
1683938040,+3.45, +8.318, +9.603,+0.943
1683938100,+3.45, +8.374, +9.642,+0.943
1683938160,+3.45, +8.346, +9.682,+0.942
1683938220,+3.45, +8.365, +9.705,+0.943
1683938280,+3.45, +8.412, +9.726,+0.943
1683938340,+3.45, +8.431, +9.779,+0.943
1683938400,+3.45, +8.374, +9.862,+0.943
1683938460,+3.45, +8.468, +9.865,+0.943
1683938520,+3.45, +8.496, +9.886,+0.943
1683938580,+3.45, +8.478, +9.981,+0.943
1683938640,+3.45, +8.496, +9.966,+0.943
1683938700,+3.45, +8.487, +9.911,+0.943
1683938760,+3.45, +8.487,+10.000,+0.943
1683938820,+3.45, +8.468,+10.009,+0.943
1683938880,+3.45, +8.412,+10.020,+0.943
1683938940,+3.45, +8.459, +9.946,+0.943
1683939000,+3.45, +8.487, +9.845,+0.943
1683939060,+3.45, +8.440, +9.803,+0.942
1683939120,+3.45, +8.402, +9.754,+0.942
1683939180,+3.45, +8.374, +9.702,+0.943
1683939240,+3.45, +8.346, +9.648,+0.942
1683939300,+3.45, +8.309, +9.558,+0.942
1683939360,+3.45, +8.299, +9.421,+0.942
1683939420,+3.45, +8.233, +9.435,+0.942
1683939480,+3.45, +8.214, +9.483,+0.942
1683939540,+3.45, +8.186, +9.539,+0.942
1683939600,+3.45, +8.214, +9.524,+0.943
1683939660,+3.45, +8.196, +9.513,+0.942
1683939720,+3.45, +8.196, +9.470,+0.942
1683939780,+3.45, +8.299, +9.421,+0.942
1683939840,+3.45, +8.120, +9.472,+0.942
1683939900,+3.45, +8.205, +9.432,+0.942
1683939960,+3.45, +8.214, +9.446,+0.942
1683940020,+3.45, +8.243, +9.463,+0.943
1683940080,+3.45, +8.214, +9.478,+0.943
1683940140,+3.45, +8.262, +9.456,+0.942
1683940200,+3.45, +8.233, +9.497,+0.942
1683940260,+3.45, +8.214, +9.529,+0.943
1683940320,+3.45, +8.233, +9.534,+0.943
1683940380,+3.45, +8.299, +9.508,+0.943
1683940440,+3.45, +8.299, +9.582,+0.943
1683940500,+3.45, +8.280, +9.642,+0.942
1683940560,+3.45, +8.309, +9.704,+0.943
1683940620,+3.45, +8.346, +9.728,+0.943
1683940680,+3.45, +8.299, +9.751,+0.942
1683940740,+3.45, +8.337, +9.760,+0.943
1683940800,+3.45, +8.384, +9.768,+0.943
1683940860,+3.45, +8.337, +9.761,+0.943
1683940920,+3.45, +8.337, +9.746,+0.943
1683940980,+3.45, +8.327, +9.695,+0.943
1683941040,+3.45, +8.365, +9.658,+0.942
1683941100,+3.45, +8.318, +9.682,+0.943
1683941160,+3.45, +8.374, +9.706,+0.943
1683941220,+3.45, +8.356, +9.760,+0.943
1683941280,+3.45, +8.393, +9.717,+0.943
1683941340,+3.45, +8.280, +9.692,+0.943
1683941400,+3.45, +8.252, +9.649,+0.943
1683941460,+3.45, +8.252, +9.611,+0.942
1683941520,+3.45, +8.224, +9.594,+0.942
1683941580,+3.45, +8.224, +9.570,+0.943
1683941640,+3.45, +8.205, +9.543,+0.942
1683941700,+3.45, +8.149, +9.519,+0.942
1683941760,+3.45, +8.149, +9.484,+0.943
1683941820,+3.45, +8.120, +9.462,+0.942
1683941880,+3.45, +8.120, +9.427,+0.942
1683941940,+3.45, +8.149, +9.412,+0.942
1683942000,+3.45, +8.111, +9.449,+0.942
1683942060,+3.45, +8.101, +9.465,+0.942
1683942120,+3.45, +8.111, +9.565,+0.943
1683942180,+3.45, +8.149, +9.594,+0.943
1683942240,+3.45, +8.167, +9.608,+0.942
1683942300,+3.45, +8.158, +9.643,+0.943
1683942360,+3.45, +8.205, +9.624,+0.943
1683942420,+3.45, +8.186, +9.620,+0.942
1683942480,+3.45, +8.158, +9.629,+0.942
1683942540,+3.45, +8.158, +9.629,+0.943
1683942600,+3.45, +8.233, +9.594,+0.942
1683942660,+3.45, +8.167, +9.622,+0.943
1683942720,+3.45, +8.139, +9.616,+0.943
1683942780,+3.45, +8.149, +9.614,+0.943
1683942840,+3.45, +8.196, +9.635,+0.943
1683942900,+3.45, +8.233, +9.642,+0.942
1683942960,+3.45, +8.243, +9.656,+0.943
1683943020,+3.45, +8.309, +9.610,+0.942
1683943080,+3.45, +8.262, +9.612,+0.943
1683943140,+3.45, +8.224, +9.595,+0.943
1683943200,+3.45, +8.205, +9.607,+0.943
1683943260,+3.45, +8.205, +9.529,+0.942
1683943320,+3.45, +8.101, +9.452,+0.942
1683943380,+3.45, +8.054, +9.396,+0.942
1683943440,+3.45, +8.073, +9.381,+0.942
1683943500,+3.45, +8.007, +9.405,+0.942
1683943560,+3.45, +8.016, +9.385,+0.942
1683943620,+3.45, +8.035, +9.375,+0.942
1683943680,+3.45, +8.026, +9.374,+0.942
1683943740,+3.45, +7.969, +9.386,+0.942
1683943800,+3.45, +7.998, +9.378,+0.942
1683943860,+3.45, +7.969, +9.382,+0.942
1683943920,+3.45, +8.045, +9.365,+0.942
1683943980,+3.45, +8.026, +9.409,+0.942
1683944040,+3.45, +8.045, +9.435,+0.942
1683944100,+3.45, +8.073, +9.480,+0.942
1683944160,+3.45, +8.092, +9.494,+0.943
1683944220,+3.45, +8.130, +9.484,+0.943
1683944280,+3.45, +8.064, +9.537,+0.942
1683944340,+3.45, +8.101, +9.553,+0.943
1683944400,+3.45, +8.092, +9.544,+0.943
1683944460,+3.45, +8.101, +9.529,+0.942
1683944520,+3.45, +8.064, +9.538,+0.943
1683944580,+3.45, +8.083, +9.524,+0.942
1683944640,+3.45, +8.035, +9.563,+0.943
1683944700,+3.45, +8.092, +9.534,+0.942
1683944760,+3.45, +8.054, +9.552,+0.943
1683944820,+3.45, +8.139, +9.524,+0.943
1683944880,+3.45, +8.101, +9.539,+0.943
1683944940,+3.45, +8.073, +9.545,+0.943
1683945000,+3.45, +8.111, +9.565,+0.942
1683945060,+3.45, +8.167, +9.584,+0.942
1683945120,+3.45, +8.196, +9.609,+0.943
1683945180,+3.45, +8.196, +9.638,+0.943
1683945240,+3.45, +8.214, +9.629,+0.943
1683945300,+3.45, +8.186, +9.598,+0.942
1683945360,+3.45, +8.149, +9.514,+0.942
1683945420,+3.45, +8.120, +9.460,+0.942
1683945480,+3.45, +8.083, +9.428,+0.942
1683945540,+3.45, +7.988, +9.462,+0.942
1683945600,+3.45, +8.016, +9.457,+0.942
1683945660,+3.45, +7.998, +9.424,+0.942
1683945720,+3.45, +7.950, +9.406,+0.942
1683945780,+3.45, +7.931, +9.388,+0.942
1683945840,+3.45, +7.988, +9.360,+0.942
1683945900,+3.45, +7.950, +9.385,+0.943
1683945960,+3.45, +7.960, +9.373,+0.942
1683946020,+3.45, +7.950, +9.381,+0.943
1683946080,+3.45, +7.979, +9.387,+0.943
1683946140,+3.45, +8.026, +9.395,+0.942
1683946200,+3.45, +8.007, +9.442,+0.942
1683946260,+3.45, +8.026, +9.475,+0.943
1683946320,+3.45, +8.064, +9.528,+0.943
1683946380,+3.45, +7.969, +9.546,+0.942
1683946440,+3.45, +7.979, +9.492,+0.942
1683946500,+3.45, +7.969, +9.434,+0.942
1683946560,+3.45, +7.960, +9.438,+0.942
1683946620,+3.45, +7.875, +9.463,+0.942
1683946680,+3.45, +7.893, +9.451,+0.942
1683946740,+3.45, +7.846, +9.465,+0.942
1683946800,+3.45, +7.856, +9.466,+0.943
1683946860,+3.45, +7.875, +9.445,+0.942
1683946920,+3.45, +7.856, +9.458,+0.943
1683946980,+3.45, +7.875, +9.440,+0.942
1683947040,+3.45, +7.846, +9.434,+0.942
1683947100,+3.45, +7.884, +9.416,+0.942
1683947160,+3.45, +7.865, +9.421,+0.942
1683947220,+3.45, +7.912, +9.396,+0.943
1683947280,+3.45, +7.893, +9.400,+0.942
1683947340,+3.45, +7.941, +9.386,+0.943
1683947400,+3.45, +7.893, +9.402,+0.943
1683947460,+3.45, +7.903, +9.385,+0.942
1683947520,+3.45, +7.884, +9.392,+0.942
1683947580,+3.45, +7.875, +9.398,+0.942
1683947640,+3.45, +7.903, +9.401,+0.943
1683947700,+3.45, +7.931, +9.404,+0.943
1683947760,+3.45, +7.912, +9.421,+0.942
1683947820,+3.45, +7.893, +9.435,+0.942
1683947880,+3.45, +7.931, +9.421,+0.943
1683947940,+3.45, +7.884, +9.435,+0.943
1683948000,+3.45, +7.875, +9.427,+0.942
1683948060,+3.45, +7.875, +9.421,+0.942
1683948120,+3.45, +7.969, +9.382,+0.942
1683948180,+3.45, +7.960, +9.384,+0.943
1683948240,+3.45, +7.960, +9.382,+0.942
1683948300,+3.45, +7.950, +9.425,+0.943
1683948360,+3.45, +7.950, +9.476,+0.943
1683948420,+3.45, +8.016, +9.476,+0.943
1683948480,+3.45, +8.035, +9.487,+0.943
1683948540,+3.45, +8.026, +9.491,+0.943
1683948600,+3.45, +8.064, +9.449,+0.943
1683948660,+3.45, +8.092, +9.439,+0.943
1683948720,+3.45, +8.092, +9.418,+0.943
1683948780,+3.45, +8.064, +9.407,+0.942
1683948840,+3.45, +7.988, +9.461,+0.942
1683948900,+3.45, +8.045, +9.521,+0.943
1683948960,+3.45, +8.092, +9.534,+0.942
1683949020,+3.45, +8.064, +9.526,+0.943
1683949080,+3.45, +8.149, +9.523,+0.943
1683949140,+3.45, +8.252, +9.676,+0.943
1683949200,+3.45, +8.524, +9.772,+0.944
1683949260,+3.45, +8.459, +9.654,+0.943
1683949320,+3.45, +8.777,+10.157,+0.945
1683949380,+3.45, +9.269,+10.616,+0.945
1683949440,+3.45, +9.620,+10.730,+0.946
1683949500,+3.45,+10.051,+10.705,+0.946
1683949560,+3.45,+10.234,+10.648,+0.946
1683949620,+3.45,+10.452,+10.631,+0.946
1683949680,+3.45,+10.661,+10.586,+0.946
1683949740,+3.45,+10.941,+10.558,+0.945
1683949800,+3.45,+11.095,+10.558,+0.945
1683949860,+3.45,+11.311,+10.607,+0.945
1683949920,+3.45,+11.481,+10.634,+0.946
1683949980,+3.45,+11.732,+10.588,+0.944
1683950040,+3.45,+11.874,+10.669,+0.945
1683950100,+3.45,+11.964,+10.667,+0.945
1683950160,+3.45,+11.981,+10.634,+0.945
1683950220,+3.45,+11.972,+10.505,+0.943
1683950280,+3.45,+11.794,+10.475,+0.943
1683950340,+3.45,+11.678,+10.509,+0.943
1683950400,+3.45,+11.705,+10.564,+0.944
1683950460,+3.45,+11.741,+10.606,+0.944
1683950520,+3.45,+11.767,+10.594,+0.944
1683950580,+3.45,+11.785,+10.563,+0.943
1683950640,+3.45,+11.696,+10.560,+0.943
1683950700,+3.45,+11.633,+10.432,+0.943
1683950760,+3.45,+11.293,+10.015,+0.941
1683950820,+3.45,+10.806,+10.145,+0.942
1683950880,+3.45,+10.743,+10.304,+0.942
1683950940,+3.45,+10.625,+10.328,+0.942
1683951000,+3.45,+10.534,+10.361,+0.942
1683951060,+3.45,+10.370,+10.256,+0.942
1683951120,+3.45,+10.288,+10.294,+0.943
1683951180,+3.45,+10.352,+10.316,+0.943
1683951240,+3.45,+10.425,+10.324,+0.943
1683951300,+3.45,+10.452,+10.375,+0.944
1683951360,+3.45,+10.516,+10.370,+0.943
1683951420,+3.45,+10.443,+10.416,+0.943
1683951480,+3.45,+10.570,+10.450,+0.944
1683951540,+3.45,+10.634,+10.487,+0.943
1683951600,+3.45,+10.724,+10.489,+0.943
1683951660,+3.45,+10.824,+10.486,+0.944
1683951720,+3.45,+10.842,+10.505,+0.944
1683951780,+3.45,+11.005,+10.516,+0.943
1683951840,+3.45,+11.023,+10.615,+0.944
1683951900,+3.45,+11.005,+10.648,+0.943
1683951960,+3.45,+10.978,+10.648,+0.943
1683952020,+3.45,+10.960,+10.656,+0.943
1683952080,+3.45,+10.960,+10.646,+0.943
1683952140,+3.45,+10.869,+10.509,+0.942
1683952200,+3.45,+10.697,+10.399,+0.943
1683952260,+3.45,+10.498,+10.376,+0.943
1683952320,+3.45,+10.334,+10.228,+0.942
1683952380,+3.45,+10.088,+10.199,+0.942
1683952440,+3.45,+10.033,+10.167,+0.942
1683952500,+3.45, +9.923,+10.206,+0.943
1683952560,+3.45, +9.905,+10.199,+0.942
1683952620,+3.45, +9.932,+10.201,+0.942
1683952680,+3.45, +9.877,+10.254,+0.943
1683952740,+3.45, +9.914,+10.253,+0.943
1683952800,+3.45, +9.914,+10.262,+0.943
1683952860,+3.45, +9.923,+10.289,+0.943
1683952920,+3.45, +9.969,+10.298,+0.943
1683952980,+3.45, +9.950,+10.333,+0.943
1683953040,+3.45, +9.969,+10.343,+0.943
1683953100,+3.45, +9.987,+10.328,+0.943
1683953160,+3.45, +9.987,+10.324,+0.943
1683953220,+3.45, +9.996,+10.332,+0.943
1683953280,+3.45, +9.996,+10.386,+0.943
1683953340,+3.45,+10.033,+10.422,+0.944
1683953400,+3.45,+10.069,+10.435,+0.943
1683953460,+3.45,+10.060,+10.452,+0.944
1683953520,+3.45,+10.069,+10.426,+0.943
1683953580,+3.45,+10.106,+10.407,+0.944
1683953640,+3.45,+10.079,+10.398,+0.943
1683953700,+3.45,+10.060,+10.378,+0.943
1683953760,+3.45, +9.987,+10.311,+0.943
1683953820,+3.45, +9.932,+10.317,+0.943
1683953880,+3.45, +9.831,+10.289,+0.943
1683953940,+3.45, +9.767,+10.312,+0.943
1683954000,+3.45, +9.721,+10.284,+0.942
1683954060,+3.45, +9.749,+10.267,+0.943
1683954120,+3.45, +9.684,+10.261,+0.943
1683954180,+3.45, +9.602,+10.266,+0.943
1683954240,+3.45, +9.611,+10.245,+0.943
1683954300,+3.45, +9.629,+10.217,+0.943
1683954360,+3.45, +9.629,+10.250,+0.943
1683954420,+3.45, +9.712,+10.292,+0.943
1683954480,+3.45, +9.767,+10.310,+0.944
1683954540,+3.45, +9.813,+10.324,+0.943
1683954600,+3.45, +9.923,+10.321,+0.944
1683954660,+3.45, +9.941,+10.298,+0.943
1683954720,+3.45, +9.914,+10.279,+0.943
1683954780,+3.45, +9.859,+10.289,+0.944
1683954840,+3.45, +9.987,+10.317,+0.944
1683954900,+3.45,+10.088,+10.399,+0.944
1683954960,+3.45,+10.370,+10.476,+0.945
1683955020,+3.45,+10.589,+10.579,+0.944
1683955080,+3.45,+10.670,+10.504,+0.943
1683955140,+3.45,+10.643,+10.449,+0.944
1683955200,+3.45,+10.598,+10.422,+0.944
1683955260,+3.45,+10.688,+10.452,+0.943
1683955320,+3.45,+10.625,+10.518,+0.944
1683955380,+3.45,+10.343,+10.050,+0.942
1683955440,+3.45,+10.188,+10.235,+0.943
1683955500,+3.45,+10.316,+10.287,+0.943
1683955560,+3.45,+10.334,+10.358,+0.943
1683955620,+3.45,+10.352,+10.425,+0.943
1683955680,+3.45,+10.407,+10.445,+0.943
1683955740,+3.45,+10.470,+10.436,+0.943
1683955800,+3.45,+10.461,+10.435,+0.943
1683955860,+3.45,+10.170,+10.118,+0.942
1683955920,+3.45, +9.978,+10.106,+0.942
1683955980,+3.45, +9.923,+10.139,+0.943
1683956040,+3.45, +9.859,+10.173,+0.943
1683956100,+3.45, +9.950,+10.201,+0.943
1683956160,+3.45, +9.941,+10.267,+0.943
1683956220,+3.45,+10.042,+10.292,+0.943
1683956280,+3.45,+10.115,+10.356,+0.944
1683956340,+3.45,+10.206,+10.443,+0.944
1683956400,+3.45,+10.507,+10.553,+0.944
1683956460,+3.45,+10.734,+10.615,+0.944
1683956520,+3.45,+11.032,+10.660,+0.944
1683956580,+3.45,+11.284,+10.639,+0.944
1683956640,+3.45,+10.461, +9.836,+0.941
1683956700,+3.45,+10.024,+10.057,+0.942
1683956760,+3.45, +9.804,+10.256,+0.942
1683956820,+3.45, +9.574,+10.337,+0.942
1683956880,+3.45, +9.565,+10.332,+0.942
1683956940,+3.45, +9.408,+10.360,+0.942
1683957000,+3.45, +9.389,+10.350,+0.942
1683957060,+3.45, +9.306,+10.384,+0.943
1683957120,+3.45, +9.297,+10.366,+0.942
1683957180,+3.45, +9.195,+10.403,+0.943
1683957240,+3.45, +9.167,+10.406,+0.943
1683957300,+3.45, +9.112,+10.420,+0.942
1683957360,+3.45, +9.130,+10.410,+0.943
1683957420,+3.45, +9.112,+10.417,+0.943
1683957480,+3.45, +9.149,+10.396,+0.943
1683957540,+3.45, +9.130,+10.398,+0.943
1683957600,+3.45, +9.102,+10.403,+0.943
1683957660,+3.45, +9.093,+10.418,+0.943
1683957720,+3.45, +9.112,+10.402,+0.943
1683957780,+3.45, +9.065,+10.423,+0.943
1683957840,+3.45, +9.028,+10.452,+0.943
1683957900,+3.45, +9.028,+10.487,+0.944
1683957960,+3.45, +9.000,+10.484,+0.943
1683958020,+3.45, +9.047,+10.473,+0.943
1683958080,+3.45, +8.972,+10.481,+0.943
1683958140,+3.45, +8.972,+10.486,+0.944
1683958200,+3.45, +9.010,+10.449,+0.943
1683958260,+3.45, +9.000,+10.446,+0.943
1683958320,+3.45, +9.019,+10.433,+0.943
1683958380,+3.45, +8.963,+10.465,+0.943
1683958440,+3.45, +9.028,+10.449,+0.943
1683958500,+3.45, +8.944,+10.487,+0.944
1683958560,+3.45, +8.963,+10.485,+0.944
1683958620,+3.45, +9.047,+10.428,+0.943
1683958680,+3.45, +9.010,+10.443,+0.944
1683958740,+3.45, +8.982,+10.450,+0.944
1683958800,+3.45, +8.954,+10.454,+0.943
1683958860,+3.45, +9.019,+10.426,+0.944
1683958920,+3.45, +8.982,+10.443,+0.944
1683958980,+3.45, +8.963,+10.438,+0.944
1683959040,+3.45, +9.065,+10.388,+0.943
1683959100,+3.45, +9.010,+10.408,+0.944
1683959160,+3.45, +9.000,+10.403,+0.943
1683959220,+3.45, +9.019,+10.374,+0.943
1683959280,+3.45, +8.944,+10.404,+0.943
1683959340,+3.45, +8.954,+10.397,+0.944
1683959400,+3.45, +8.954,+10.383,+0.943
1683959460,+3.45, +8.907,+10.401,+0.943
1683959520,+3.45, +8.935,+10.395,+0.943
1683959580,+3.45, +9.000,+10.377,+0.943
1683959640,+3.45, +8.954,+10.423,+0.944
1683959700,+3.45, +8.963,+10.466,+0.944
1683959760,+3.45, +8.972,+10.480,+0.944
1683959820,+3.45, +9.047,+10.487,+0.944
1683959880,+3.45, +9.028,+10.502,+0.944
1683959940,+3.45, +8.972,+10.520,+0.943
1683960000,+3.45, +8.991,+10.511,+0.944
1683960060,+3.45, +9.010,+10.489,+0.943
1683960120,+3.45, +9.093,+10.465,+0.943
1683960180,+3.45, +9.028,+10.496,+0.943
1683960240,+3.45, +9.019,+10.548,+0.944
1683960300,+3.45, +9.019,+10.561,+0.944
1683960360,+3.45, +8.991,+10.568,+0.944
1683960420,+3.45, +8.972,+10.577,+0.944
1683960480,+3.45, +8.944,+10.579,+0.943
1683960540,+3.45, +9.019,+10.557,+0.944
1683960600,+3.45, +9.037,+10.538,+0.944
1683960660,+3.45, +9.037,+10.539,+0.944
1683960720,+3.45, +9.019,+10.534,+0.943
1683960780,+3.45, +9.047,+10.527,+0.944
1683960840,+3.45, +9.028,+10.527,+0.944
1683960900,+3.45, +9.047,+10.515,+0.943
1683960960,+3.45, +9.065,+10.518,+0.944
1683961020,+3.45, +9.093,+10.492,+0.944
1683961080,+3.45, +9.158,+10.474,+0.944
1683961140,+3.45, +9.278,+10.475,+0.944
1683961200,+3.45, +9.371,+10.499,+0.944
1683961260,+3.45, +9.611,+10.537,+0.944
1683961320,+3.45, +9.795,+10.526,+0.944
1683961380,+3.45, +9.895,+10.518,+0.944
1683961440,+3.45, +9.960,+10.509,+0.945
1683961500,+3.45,+10.133,+10.551,+0.944
1683961560,+3.45,+10.106,+10.360,+0.943
1683961620,+3.45, +9.795,+10.323,+0.943
1683961680,+3.45, +9.648,+10.352,+0.943
1683961740,+3.45, +9.555,+10.437,+0.943
1683961800,+3.45, +9.500,+10.472,+0.943
1683961860,+3.45, +9.417,+10.522,+0.943
1683961920,+3.45, +9.371,+10.552,+0.944
1683961980,+3.45, +9.269,+10.572,+0.943
1683962040,+3.45, +9.306,+10.562,+0.943
1683962100,+3.45, +9.223,+10.599,+0.943
1683962160,+3.45, +9.241,+10.607,+0.944
1683962220,+3.45, +9.288,+10.586,+0.944
1683962280,+3.45, +9.325,+10.568,+0.944
1683962340,+3.45, +9.426,+10.548,+0.943
1683962400,+3.45, +9.463,+10.536,+0.944
1683962460,+3.45, +9.500,+10.514,+0.944
1683962520,+3.45, +9.473,+10.485,+0.943
1683962580,+3.45, +9.555,+10.464,+0.944
1683962640,+3.45, +9.519,+10.498,+0.944
1683962700,+3.45, +9.592,+10.478,+0.943
1683962760,+3.45, +9.592,+10.478,+0.943
1683962820,+3.45, +9.537,+10.407,+0.943
1683962880,+3.45, +9.454,+10.472,+0.944
1683962940,+3.45, +9.315,+10.524,+0.943
1683963000,+3.45, +9.315,+10.506,+0.943
1683963060,+3.45, +9.223,+10.521,+0.943
1683963120,+3.45, +9.269,+10.506,+0.943
1683963180,+3.45, +9.260,+10.491,+0.943
1683963240,+3.45, +9.177,+10.534,+0.944
1683963300,+3.45, +9.195,+10.517,+0.943
1683963360,+3.45, +9.223,+10.488,+0.943
1683963420,+3.45, +9.158,+10.494,+0.943
1683963480,+3.45, +9.177,+10.481,+0.943
1683963540,+3.45, +9.186,+10.484,+0.943
1683963600,+3.45, +9.130,+10.501,+0.943
1683963660,+3.45, +9.093,+10.362,+0.943
1683963720,+3.45, +9.000,+10.311,+0.943
1683963780,+3.45, +8.898,+10.304,+0.943
1683963840,+3.45, +8.898,+10.281,+0.943
1683963900,+3.45, +8.767,+10.323,+0.943
1683963960,+3.45, +8.749,+10.317,+0.943
1683964020,+3.45, +8.777,+10.306,+0.943
1683964080,+3.45, +8.777,+10.291,+0.943
1683964140,+3.45, +8.711,+10.312,+0.943
1683964200,+3.45, +8.758,+10.289,+0.943
1683964260,+3.45, +8.730,+10.296,+0.943
1683964320,+3.45, +8.683,+10.311,+0.943
1683964380,+3.45, +8.739,+10.301,+0.943
1683964440,+3.45, +8.711,+10.335,+0.943
1683964500,+3.45, +8.683,+10.350,+0.943
1683964560,+3.45, +8.683,+10.350,+0.943
1683964620,+3.45, +8.693,+10.352,+0.943
1683964680,+3.45, +8.777,+10.322,+0.943
1683964740,+3.45, +8.786,+10.322,+0.943
1683964800,+3.45, +8.851,+10.325,+0.943
1683964860,+3.45, +8.870,+10.373,+0.943
1683964920,+3.45, +8.851,+10.410,+0.943
1683964980,+3.45, +8.805,+10.447,+0.944
1683965040,+3.45, +8.814,+10.447,+0.943
1683965100,+3.45, +8.795,+10.448,+0.944
1683965160,+3.45, +8.833,+10.419,+0.944
1683965220,+3.45, +8.833,+10.430,+0.944
1683965280,+3.45, +8.842,+10.459,+0.944
1683965340,+3.45, +8.907,+10.421,+0.943
1683965400,+3.45, +8.898,+10.416,+0.944
1683965460,+3.45, +8.851,+10.419,+0.944
1683965520,+3.45, +8.870,+10.402,+0.944
1683965580,+3.45, +8.963,+10.332,+0.943
1683965640,+3.45, +8.926,+10.270,+0.943
1683965700,+3.45, +8.805,+10.129,+0.943
1683965760,+3.45, +8.646,+10.087,+0.943
1683965820,+3.45, +8.590,+10.044,+0.942
1683965880,+3.45, +8.581,+10.038,+0.943
1683965940,+3.45, +8.478,+10.067,+0.943
1683966000,+3.45, +8.506,+10.058,+0.943
1683966060,+3.45, +8.421,+10.096,+0.943
1683966120,+3.45, +8.468,+10.066,+0.943
1683966180,+3.45, +8.384,+10.104,+0.943
1683966240,+3.45, +8.412,+10.093,+0.943
1683966300,+3.45, +8.356,+10.118,+0.943
1683966360,+3.45, +8.365,+10.108,+0.943
1683966420,+3.45, +8.393,+10.103,+0.943
1683966480,+3.45, +8.337,+10.121,+0.943
1683966540,+3.45, +8.374,+10.103,+0.943
1683966600,+3.45, +8.365,+10.101,+0.943
1683966660,+3.45, +8.402,+10.091,+0.943
1683966720,+3.45, +8.374,+10.094,+0.943
1683966780,+3.45, +8.327,+10.125,+0.943
1683966840,+3.45, +8.393,+10.091,+0.943
1683966900,+3.45, +8.365,+10.105,+0.943
1683966960,+3.45, +8.365,+10.106,+0.943
1683967020,+3.45, +8.327,+10.127,+0.943
1683967080,+3.45, +8.374,+10.120,+0.943
1683967140,+3.45, +8.478,+10.117,+0.943
1683967200,+3.45, +8.496,+10.154,+0.943
1683967260,+3.45, +8.581,+10.187,+0.944
1683967320,+3.45, +8.655,+10.241,+0.944
1683967380,+3.45, +8.842,+10.293,+0.944
1683967440,+3.45, +9.028,+10.275,+0.944
1683967500,+3.45, +8.861,+10.132,+0.943
1683967560,+3.45, +8.739,+10.067,+0.943
1683967620,+3.45, +8.693, +9.992,+0.943
1683967680,+3.45, +8.562,+10.013,+0.943
1683967740,+3.45, +8.515,+10.015,+0.943
1683967800,+3.45, +8.459,+10.015,+0.943
1683967860,+3.45, +8.412,+10.021,+0.942
1683967920,+3.45, +8.402,+10.034,+0.943
1683967980,+3.45, +8.412,+10.032,+0.943
1683968040,+3.45, +8.337,+10.066,+0.943
1683968100,+3.45, +8.384,+10.045,+0.943
1683968160,+3.45, +8.384,+10.047,+0.943
1683968220,+3.45, +8.384,+10.062,+0.943
1683968280,+3.45, +8.421,+10.081,+0.943
1683968340,+3.45, +8.496,+10.176,+0.944
1683968400,+3.45, +8.655,+10.235,+0.944
1683968460,+3.45, +8.749,+10.330,+0.943
1683968520,+3.45, +8.861,+10.388,+0.944
1683968580,+3.45, +8.898,+10.425,+0.944
1683968640,+3.45, +8.972,+10.446,+0.944
1683968700,+3.45, +9.056,+10.445,+0.944
1683968760,+3.45, +8.982,+10.472,+0.944
1683968820,+3.45, +9.056,+10.419,+0.943
1683968880,+3.45, +8.991,+10.432,+0.943
1683968940,+3.45, +8.972,+10.389,+0.943
1683969000,+3.45, +8.917,+10.383,+0.944
1683969060,+3.45, +8.917,+10.326,+0.944
1683969120,+3.45, +8.851,+10.315,+0.943
1683969180,+3.45, +8.870,+10.271,+0.943
1683969240,+3.45, +8.870,+10.259,+0.944
1683969300,+3.45, +8.805,+10.277,+0.943
1683969360,+3.45, +8.898,+10.288,+0.944
1683969420,+3.45, +8.944,+10.383,+0.944
1683969480,+3.45, +9.047,+10.503,+0.944
1683969540,+3.45, +9.130,+10.588,+0.944
1683969600,+3.45, +9.399,+10.657,+0.945
1683969660,+3.45, +9.831,+10.957,+0.946
1683969720,+3.45,+10.307,+11.025,+0.946
1683969780,+3.45,+10.797,+11.033,+0.946
1683969840,+3.45,+11.023,+11.006,+0.946
1683969900,+3.45,+11.275,+11.016,+0.946
1683969960,+3.45,+10.770,+10.151,+0.942
1683970020,+3.45,+10.024,+10.174,+0.943
1683970080,+3.45, +9.987,+10.301,+0.943
1683970140,+3.45, +9.850,+10.398,+0.943
1683970200,+3.45, +9.776,+10.380,+0.943
1683970260,+3.45, +9.666,+10.411,+0.943
1683970320,+3.45, +9.657,+10.387,+0.943
1683970380,+3.45, +9.684,+10.402,+0.943
1683970440,+3.45, +9.675,+10.433,+0.943
1683970500,+3.45, +9.850,+10.500,+0.944
1683970560,+3.45, +9.996,+10.557,+0.944
1683970620,+3.45,+10.106,+10.688,+0.944
1683970680,+3.45,+10.316,+10.779,+0.944
1683970740,+3.45,+10.480,+10.849,+0.945
1683970800,+3.45,+10.616,+10.913,+0.945
1683970860,+3.45,+10.797,+10.901,+0.945
1683970920,+3.45,+10.951,+10.938,+0.945
1683970980,+3.45,+11.149,+10.865,+0.944
1683971040,+3.45,+11.185,+10.884,+0.945
1683971100,+3.45,+11.329,+10.857,+0.944
1683971160,+3.45,+11.499,+10.818,+0.944
1683971220,+3.45,+11.571,+10.802,+0.944
1683971280,+3.45,+11.023, +9.843,+0.941
1683971340,+3.45,+10.106, +9.741,+0.940
1683971400,+3.45, +9.730, +9.828,+0.941
1683971460,+3.45, +9.362, +9.873,+0.941
1683971520,+3.45, +9.177, +9.899,+0.941
1683971580,+3.45, +9.028, +9.962,+0.942
1683971640,+3.45, +8.972, +9.989,+0.942
1683971700,+3.45, +8.861,+10.034,+0.942
1683971760,+3.45, +8.926,+10.042,+0.942
1683971820,+3.45, +8.861,+10.125,+0.942
1683971880,+3.45, +8.917,+10.139,+0.943
1683971940,+3.45, +8.963,+10.174,+0.942
1683972000,+3.45, +8.972,+10.195,+0.943
1683972060,+3.45, +9.084,+10.228,+0.943
1683972120,+3.45, +9.214,+10.265,+0.943
1683972180,+3.45, +9.167,+10.240,+0.943
1683972240,+3.45, +9.149,+10.213,+0.943
1683972300,+3.45, +9.149,+10.219,+0.943
1683972360,+3.45, +9.195,+10.295,+0.944
1683972420,+3.45, +9.315,+10.335,+0.944
1683972480,+3.45, +9.620,+10.391,+0.944
1683972540,+3.45, +9.886,+10.572,+0.945
1683972600,+3.45,+10.270,+10.711,+0.945
1683972660,+3.45,+10.724,+10.822,+0.945
1683972720,+3.45,+11.005,+10.891,+0.945
1683972780,+3.45,+11.356,+10.959,+0.945
1683972840,+3.45,+11.580,+10.986,+0.946
1683972900,+3.45,+11.767,+11.019,+0.946
1683972960,+3.45,+11.946,+10.969,+0.945
1683973020,+3.45,+12.008,+10.932,+0.945
1683973080,+3.45,+12.035,+10.874,+0.944
1683973140,+3.45,+11.320, +9.637,+0.939
1683973200,+3.45,+10.434, +9.942,+0.941
1683973260,+3.45,+10.024, +9.931,+0.941
1683973320,+3.45, +9.712,+10.047,+0.941
1683973380,+3.45, +9.629,+10.068,+0.942
1683973440,+3.45, +9.509,+10.127,+0.942
1683973500,+3.45, +9.482,+10.173,+0.942
1683973560,+3.45, +9.454,+10.250,+0.942
1683973620,+3.45, +9.473,+10.302,+0.942
1683973680,+3.45, +9.611,+10.351,+0.943
1683973740,+3.45, +9.767,+10.460,+0.943
1683973800,+3.45, +9.960,+10.540,+0.944
1683973860,+3.45,+10.243,+10.652,+0.944
1683973920,+3.45,+10.461,+10.821,+0.944
1683973980,+3.45,+10.734,+10.843,+0.944
1683974040,+3.45,+10.905,+10.868,+0.944
1683974100,+3.45,+11.005,+10.902,+0.944
1683974160,+3.45,+11.185,+10.910,+0.944
1683974220,+3.45,+11.329,+10.904,+0.944
1683974280,+3.45,+11.391,+10.917,+0.944
1683974340,+3.45,+11.490,+10.901,+0.944
1683974400,+3.45,+11.508,+10.860,+0.944
1683974460,+3.45,+11.490,+10.883,+0.945
1683974520,+3.45,+11.598,+10.830,+0.944
1683974580,+3.45,+11.598,+10.845,+0.944
1683974640,+3.45,+11.499,+10.695,+0.943
1683974700,+3.45,+10.743, +9.932,+0.940
1683974760,+3.45,+10.033, +9.954,+0.941
1683974820,+3.45, +9.785,+10.080,+0.941
1683974880,+3.45, +9.509,+10.196,+0.942
1683974940,+3.45, +9.408,+10.330,+0.942
1683975000,+3.45, +9.611,+10.530,+0.943
1683975060,+3.45, +9.463,+10.429,+0.942
1683975120,+3.45, +9.343,+10.394,+0.942
1683975180,+3.45, +9.408,+10.478,+0.943
1683975240,+3.45, +9.592,+10.646,+0.944
1683975300,+3.45, +9.859,+10.755,+0.944
1683975360,+3.45,+10.042,+10.755,+0.944
1683975420,+3.45,+10.234,+10.780,+0.944
1683975480,+3.45,+10.398,+10.793,+0.944
1683975540,+3.45,+10.607,+10.877,+0.944
1683975600,+3.45,+10.833,+10.882,+0.945
1683975660,+3.45,+10.878,+10.893,+0.944
1683975720,+3.45,+11.041,+10.835,+0.944
1683975780,+3.45,+10.978,+10.790,+0.944
1683975840,+3.45,+10.752,+10.625,+0.942
1683975900,+3.45,+10.370,+10.324,+0.942
1683975960,+3.45, +9.739, +9.940,+0.941
1683976020,+3.45, +9.408, +9.928,+0.941
1683976080,+3.45, +9.158,+10.041,+0.942
1683976140,+3.45, +9.167,+10.142,+0.942
1683976200,+3.45, +9.362,+10.443,+0.943
1683976260,+3.45, +9.334,+10.347,+0.943
1683976320,+3.45, +9.325,+10.457,+0.943
1683976380,+3.45, +9.519,+10.643,+0.944
1683976440,+3.45, +9.914,+10.731,+0.944
1683976500,+3.45,+10.115,+10.847,+0.944
1683976560,+3.45,+10.425,+10.872,+0.945
1683976620,+3.45,+10.643,+10.874,+0.944
1683976680,+3.45,+10.806,+10.888,+0.945
1683976740,+3.45,+10.996,+10.857,+0.944
1683976800,+3.45,+11.077,+10.803,+0.944
1683976860,+3.45,+11.122,+10.794,+0.944
1683976920,+3.45,+11.140,+10.742,+0.943
1683976980,+3.45,+11.077,+10.581,+0.943
1683977040,+3.45,+10.598,+10.417,+0.943
1683977100,+3.45,+10.434,+10.550,+0.943
1683977160,+3.45,+10.370,+10.645,+0.944
1683977220,+3.45,+10.461,+10.676,+0.944
1683977280,+3.45,+10.616,+10.697,+0.944
1683977340,+3.45,+10.761,+10.745,+0.944
1683977400,+3.45,+10.842,+10.774,+0.943
1683977460,+3.45,+10.978,+10.772,+0.944
1683977520,+3.45,+10.978,+10.789,+0.944
1683977580,+3.45,+11.077,+10.762,+0.944
1683977640,+3.45,+11.077,+10.775,+0.944
1683977700,+3.45,+11.140,+10.770,+0.944
1683977760,+3.45,+10.752,+10.235,+0.941
1683977820,+3.45,+10.352,+10.324,+0.942
1683977880,+3.45,+10.060,+10.327,+0.942
1683977940,+3.45, +9.868,+10.368,+0.942
1683978000,+3.45, +9.776,+10.377,+0.942
1683978060,+3.45, +9.684,+10.463,+0.943
1683978120,+3.45, +9.795,+10.535,+0.943
1683978180,+3.45,+10.088,+10.672,+0.944
1683978240,+3.45,+10.206,+10.658,+0.944
1683978300,+3.45,+10.307,+10.649,+0.943
1683978360,+3.45,+10.380,+10.639,+0.943
1683978420,+3.45,+10.416,+10.662,+0.944
1683978480,+3.45,+10.507,+10.692,+0.944
1683978540,+3.45,+10.124,+10.027,+0.941
1683978600,+3.45, +9.565, +9.897,+0.941
1683978660,+3.45, +9.269, +9.948,+0.942
1683978720,+3.45, +9.121, +9.970,+0.941
1683978780,+3.45, +8.991,+10.070,+0.942
1683978840,+3.45, +9.047,+10.124,+0.942
1683978900,+3.45, +9.075,+10.204,+0.943
1683978960,+3.45, +9.130,+10.247,+0.942
1683979020,+3.45, +9.112,+10.363,+0.943
1683979080,+3.45, +9.288,+10.414,+0.943
1683979140,+3.45, +9.537,+10.498,+0.944
1683979200,+3.45, +9.739,+10.570,+0.944
1683979260,+3.45, +9.932,+10.596,+0.944
1683979320,+3.45,+10.079,+10.581,+0.944
1683979380,+3.45,+10.124,+10.422,+0.943
1683979440,+3.45, +9.840,+10.347,+0.943
1683979500,+3.45, +9.583,+10.341,+0.943
1683979560,+3.45, +9.546,+10.379,+0.943
1683979620,+3.45, +9.519,+10.394,+0.943
1683979680,+3.45, +9.500,+10.416,+0.943
1683979740,+3.45, +9.509,+10.426,+0.943
1683979800,+3.45, +9.555,+10.414,+0.943
1683979860,+3.45, +9.555,+10.447,+0.944
1683979920,+3.45, +9.574,+10.453,+0.943
1683979980,+3.45, +9.730,+10.528,+0.944
1683980040,+3.45, +9.868,+10.683,+0.945
1683980100,+3.45,+10.188,+10.698,+0.944
1683980160,+3.45,+10.480,+10.754,+0.945
1683980220,+3.45,+10.706,+10.813,+0.944
1683980280,+3.45,+10.896,+10.880,+0.945
1683980340,+3.45,+11.158,+10.910,+0.945
1683980400,+3.45,+11.275,+10.926,+0.945
1683980460,+3.45,+11.508,+10.920,+0.945
1683980520,+3.45,+11.633,+10.865,+0.945
1683980580,+3.45,+11.732,+10.861,+0.945
1683980640,+3.45,+11.758,+10.849,+0.944
1683980700,+3.45,+11.830,+10.825,+0.944
1683980760,+3.45,+11.839,+10.514,+0.942
1683980820,+3.45,+10.743, +9.913,+0.941
1683980880,+3.45,+10.298, +9.972,+0.941
1683980940,+3.45, +9.905,+10.175,+0.941
1683981000,+3.45, +9.721,+10.195,+0.942
1683981060,+3.45, +9.454,+10.218,+0.942
1683981120,+3.45, +9.297,+10.253,+0.941
1683981180,+3.45, +9.186,+10.306,+0.942
1683981240,+3.45, +9.121,+10.342,+0.942
1683981300,+3.45, +9.102,+10.350,+0.942
1683981360,+3.45, +9.019,+10.370,+0.942
1683981420,+3.45, +8.972,+10.383,+0.943
1683981480,+3.45, +8.982,+10.377,+0.942
1683981540,+3.45, +8.991,+10.389,+0.942
1683981600,+3.45, +8.972,+10.446,+0.943
1683981660,+3.45, +8.944,+10.501,+0.943
1683981720,+3.45, +8.982,+10.511,+0.943
1683981780,+3.45, +8.972,+10.519,+0.943
1683981840,+3.45, +8.944,+10.550,+0.943
1683981900,+3.45, +8.982,+10.548,+0.943
1683981960,+3.45, +9.056,+10.546,+0.943
1683982020,+3.45, +9.121,+10.521,+0.944
1683982080,+3.45, +9.177,+10.513,+0.944
1683982140,+3.45, +9.260,+10.494,+0.943
1683982200,+3.45, +9.426,+10.504,+0.944
1683982260,+3.45, +9.445,+10.497,+0.944
1683982320,+3.45, +9.519,+10.476,+0.943
1683982380,+3.45, +9.546,+10.482,+0.944
