7450-798456
OS REV: 1.03 Sensor Cal: 1539277937
Time (sec),  BV (Volts),  T (deg C),  DO (mg/l),  Q ()
1684155240,+3.45,+11.714,+10.455,+0.943
1684155300,+3.46,+11.723,+10.454,+0.943
1684155360,+3.46,+11.633,+10.496,+0.943
1684155420,+3.46,+11.633,+10.485,+0.942
1684155480,+3.46,+11.553,+10.510,+0.943
1684155540,+3.46,+11.553,+10.514,+0.943
1684155600,+3.46,+11.517,+10.522,+0.943
1684155660,+3.46,+11.589,+10.495,+0.943
1684155720,+3.46,+11.544,+10.517,+0.943
1684155780,+3.46,+11.598,+10.483,+0.943
1684155840,+3.46,+11.615,+10.481,+0.943
1684155900,+3.45,+11.535,+10.521,+0.943
1684155960,+3.46,+11.651,+10.474,+0.943
1684156020,+3.46,+11.696,+10.464,+0.943
1684156080,+3.46,+11.687,+10.478,+0.943
1684156140,+3.46,+11.669,+10.466,+0.943
1684156200,+3.46,+11.705,+10.427,+0.942
1684156260,+3.46,+11.607,+10.413,+0.943
1684156320,+3.46,+11.607,+10.400,+0.943
1684156380,+3.46,+11.535,+10.427,+0.943
1684156440,+3.46,+11.553,+10.416,+0.943
1684156500,+3.46,+11.427,+10.462,+0.943
1684156560,+3.46,+11.472,+10.431,+0.942
1684156620,+3.46,+11.445,+10.443,+0.943
1684156680,+3.46,+11.427,+10.444,+0.942
1684156740,+3.46,+11.436,+10.442,+0.943
1684156800,+3.46,+11.418,+10.447,+0.943
1684156860,+3.46,+11.391,+10.460,+0.943
1684156920,+3.46,+11.472,+10.431,+0.943
1684156980,+3.46,+11.472,+10.436,+0.943
1684157040,+3.46,+11.445,+10.437,+0.943
1684157100,+3.46,+11.454,+10.425,+0.943
1684157160,+3.46,+11.526,+10.395,+0.943
1684157220,+3.46,+11.445,+10.403,+0.943
1684157280,+3.46,+11.391,+10.411,+0.943
1684157340,+3.46,+11.454,+10.383,+0.943
1684157400,+3.46,+11.409,+10.386,+0.943
1684157460,+3.46,+11.374,+10.405,+0.942
1684157520,+3.46,+11.338,+10.425,+0.943
1684157580,+3.46,+11.338,+10.426,+0.943
1684157640,+3.46,+11.275,+10.452,+0.942
1684157700,+3.46,+11.302,+10.443,+0.942
1684157760,+3.46,+11.113,+10.427,+0.942
1684157820,+3.46,+10.987,+10.505,+0.942
1684157880,+3.46,+10.869,+10.566,+0.943
1684157940,+3.46,+10.788,+10.579,+0.943
1684158000,+3.46,+10.743,+10.580,+0.943
1684158060,+3.46,+10.752,+10.576,+0.943
1684158120,+3.46,+10.706,+10.568,+0.942
1684158180,+3.46,+10.643,+10.586,+0.942
1684158240,+3.46,+10.715,+10.551,+0.943
1684158300,+3.46,+10.643,+10.585,+0.943
1684158360,+3.46,+10.661,+10.557,+0.943
1684158420,+3.46,+10.679,+10.547,+0.943
1684158480,+3.46,+10.652,+10.551,+0.943
1684158540,+3.46,+10.616,+10.559,+0.943
1684158600,+3.46,+10.661,+10.531,+0.943
1684158660,+3.46,+10.697,+10.501,+0.942
1684158720,+3.46,+10.652,+10.562,+0.944
1684158780,+3.46,+10.770,+10.530,+0.943
1684158840,+3.46,+10.797,+10.530,+0.943
1684158900,+3.46,+10.941,+10.502,+0.943
1684158960,+3.46,+11.095,+10.500,+0.944
1684159020,+3.46,+11.302,+10.484,+0.943
1684159080,+3.46,+11.383,+10.497,+0.944
1684159140,+3.46,+11.544,+10.500,+0.944
1684159200,+3.46,+11.633,+10.489,+0.944
1684159260,+3.46,+11.741,+10.429,+0.943
1684159320,+3.46,+11.732,+10.429,+0.943
1684159380,+3.46,+11.803,+10.413,+0.944
1684159440,+3.46,+11.767,+10.430,+0.943
1684159500,+3.46,+11.892,+10.377,+0.943
1684159560,+3.46,+11.892,+10.367,+0.943
1684159620,+3.46,+11.883,+10.383,+0.943
1684159680,+3.46,+11.955,+10.357,+0.943
1684159740,+3.46,+11.955,+10.391,+0.944
1684159800,+3.46,+12.061,+10.363,+0.943
1684159860,+3.46,+12.026,+10.378,+0.943
1684159920,+3.45,+12.106,+10.394,+0.943
1684159980,+3.45,+12.213,+10.382,+0.943
1684160040,+3.46,+12.195,+10.389,+0.943
1684160100,+3.46,+12.177,+10.402,+0.943
1684160160,+3.46,+12.213,+10.395,+0.943
1684160220,+3.46,+12.221,+10.412,+0.943
1684160280,+3.46,+12.257,+10.394,+0.943
1684160340,+3.45,+12.292,+10.398,+0.943
1684160400,+3.45,+12.275,+10.420,+0.943
1684160460,+3.45,+12.310,+10.400,+0.943
1684160520,+3.46,+12.337,+10.404,+0.943
1684160580,+3.46,+12.372,+10.404,+0.943
1684160640,+3.46,+12.363,+10.416,+0.943
1684160700,+3.46,+12.328,+10.411,+0.943
1684160760,+3.46,+12.372,+10.386,+0.943
1684160820,+3.46,+12.284,+10.322,+0.942
1684160880,+3.46,+12.079,+10.226,+0.942
1684160940,+3.46,+11.857,+10.266,+0.942
1684161000,+3.46,+11.750,+10.318,+0.942
1684161060,+3.46,+11.803,+10.329,+0.943
1684161120,+3.46,+11.848,+10.306,+0.942
1684161180,+3.46,+11.883,+10.313,+0.943
1684161240,+3.46,+11.874,+10.334,+0.943
1684161300,+3.46,+11.901,+10.324,+0.943
1684161360,+3.46,+11.901,+10.333,+0.943
1684161420,+3.46,+11.883,+10.323,+0.943
1684161480,+3.46,+11.839,+10.326,+0.943
1684161540,+3.46,+11.874,+10.307,+0.943
1684161600,+3.46,+11.937,+10.325,+0.943
1684161660,+3.46,+11.981,+10.353,+0.943
1684161720,+3.46,+11.999,+10.337,+0.942
1684161780,+3.46,+11.999,+10.325,+0.943
1684161840,+3.46,+12.044,+10.330,+0.943
1684161900,+3.46,+12.124,+10.327,+0.942
1684161960,+3.46,+11.972,+10.230,+0.942
1684162020,+3.46,+11.732,+10.316,+0.942
1684162080,+3.46,+11.678,+10.302,+0.942
1684162140,+3.46,+11.589,+10.335,+0.943
1684162200,+3.46,+11.660,+10.373,+0.943
1684162260,+3.46,+11.696,+10.363,+0.943
1684162320,+3.46,+11.848,+10.342,+0.943
1684162380,+3.46,+11.857,+10.363,+0.943
1684162440,+3.46,+12.026,+10.342,+0.943
1684162500,+3.46,+12.035,+10.394,+0.943
1684162560,+3.46,+12.141,+10.417,+0.943
1684162620,+3.46,+12.230,+10.419,+0.943
1684162680,+3.46,+12.292,+10.430,+0.943
1684162740,+3.46,+12.363,+10.460,+0.943
1684162800,+3.46,+12.337,+10.490,+0.943
1684162860,+3.46,+12.026,+10.240,+0.941
1684162920,+3.46,+11.499,+10.217,+0.941
1684162980,+3.46,+11.383,+10.264,+0.942
1684163040,+3.46,+11.365,+10.321,+0.942
1684163100,+3.46,+11.454,+10.325,+0.943
1684163160,+3.46,+11.463,+10.279,+0.942
1684163220,+3.46,+11.284,+10.291,+0.942
1684163280,+3.46,+11.212,+10.291,+0.942
1684163340,+3.46,+11.041,+10.188,+0.942
1684163400,+3.46,+10.734,+10.191,+0.942
1684163460,+3.46,+10.643,+10.186,+0.942
1684163520,+3.46,+10.534,+10.209,+0.942
1684163580,+3.46,+10.443,+10.223,+0.942
1684163640,+3.46,+10.370,+10.260,+0.942
1684163700,+3.46,+10.543,+10.407,+0.943
1684163760,+3.46,+10.869,+10.517,+0.944
1684163820,+3.46,+11.230,+10.564,+0.944
1684163880,+3.46,+11.589,+10.558,+0.944
1684163940,+3.46,+11.839,+10.586,+0.944
1684164000,+3.46,+12.017,+10.579,+0.944
1684164060,+3.46,+12.133,+10.574,+0.944
1684164120,+3.46,+12.230,+10.552,+0.944
1684164180,+3.46,+12.292,+10.541,+0.944
1684164240,+3.46,+12.328,+10.507,+0.943
1684164300,+3.46,+12.363,+10.504,+0.943
1684164360,+3.46,+12.390,+10.513,+0.944
1684164420,+3.46,+12.452,+10.478,+0.943
1684164480,+3.46,+12.434,+10.485,+0.943
1684164540,+3.46,+12.425,+10.499,+0.943
1684164600,+3.46,+12.514,+10.466,+0.943
1684164660,+3.46,+12.496,+10.475,+0.942
1684164720,+3.46,+12.381,+10.223,+0.942
1684164780,+3.46,+11.990,+10.300,+0.942
1684164840,+3.46,+11.830,+10.318,+0.942
1684164900,+3.46,+11.776,+10.310,+0.942
1684164960,+3.46,+11.821,+10.277,+0.942
1684165020,+3.46,+11.660,+10.252,+0.942
1684165080,+3.46,+11.445,+10.172,+0.942
1684165140,+3.46,+11.176,+10.149,+0.942
1684165200,+3.46,+10.923,+10.226,+0.942
1684165260,+3.46,+10.941,+10.201,+0.942
1684165320,+3.46,+10.941,+10.249,+0.942
1684165380,+3.46,+11.059,+10.248,+0.942
1684165440,+3.46,+11.041,+10.221,+0.942
1684165500,+3.46,+10.969,+10.202,+0.943
1684165560,+3.46,+10.887,+10.272,+0.943
1684165620,+3.46,+11.050,+10.257,+0.943
1684165680,+3.46,+11.077,+10.267,+0.943
1684165740,+3.46,+11.176,+10.260,+0.943
1684165800,+3.46,+11.239,+10.258,+0.943
1684165860,+3.46,+11.284,+10.307,+0.943
1684165920,+3.46,+11.499,+10.292,+0.943
1684165980,+3.46,+11.598,+10.363,+0.943
1684166040,+3.46,+11.830,+10.348,+0.943
1684166100,+3.46,+12.061,+10.375,+0.944
1684166160,+3.46,+12.177,+10.385,+0.943
1684166220,+3.46,+11.874,+10.215,+0.943
1684166280,+3.46,+11.660,+10.207,+0.942
1684166340,+3.46,+11.580,+10.235,+0.943
1684166400,+3.46,+11.651,+10.257,+0.943
1684166460,+3.46,+11.741,+10.342,+0.943
1684166520,+3.46,+11.955,+10.352,+0.943
1684166580,+3.46,+12.186,+10.344,+0.943
1684166640,+3.46,+12.310,+10.343,+0.943
1684166700,+3.46,+12.346,+10.366,+0.943
1684166760,+3.46,+12.381,+10.167,+0.942
1684166820,+3.46,+11.669,+10.048,+0.942
1684166880,+3.46,+11.257,+10.071,+0.942
1684166940,+3.46,+10.978,+10.141,+0.942
1684167000,+3.46,+10.706,+10.159,+0.942
1684167060,+3.46,+10.425,+10.161,+0.941
1684167120,+3.46,+10.307,+10.160,+0.942
1684167180,+3.46,+10.288,+10.135,+0.942
1684167240,+3.46,+10.179,+10.188,+0.942
1684167300,+3.46,+10.179,+10.248,+0.942
1684167360,+3.46,+10.288,+10.262,+0.943
1684167420,+3.46,+10.307,+10.320,+0.943
1684167480,+3.46,+10.425,+10.402,+0.943
1684167540,+3.46,+10.579,+10.428,+0.943
1684167600,+3.46,+10.706,+10.394,+0.943
1684167660,+3.46,+10.788,+10.378,+0.943
1684167720,+3.46,+10.752,+10.411,+0.943
1684167780,+3.46,+10.851,+10.375,+0.943
1684167840,+3.46,+10.905,+10.375,+0.943
1684167900,+3.46,+10.969,+10.373,+0.943
1684167960,+3.46,+11.023,+10.371,+0.943
1684168020,+3.46,+11.023,+10.372,+0.943
1684168080,+3.46,+11.023,+10.372,+0.943
1684168140,+3.46,+11.014,+10.385,+0.943
1684168200,+3.46,+11.059,+10.377,+0.943
1684168260,+3.46,+10.987,+10.427,+0.943
1684168320,+3.46,+10.996,+10.452,+0.944
1684168380,+3.46,+11.059,+10.422,+0.943
1684168440,+3.46,+11.023,+10.426,+0.943
1684168500,+3.46,+11.059,+10.396,+0.943
1684168560,+3.46,+11.068,+10.385,+0.943
1684168620,+3.46,+11.023,+10.376,+0.943
1684168680,+3.46,+11.014,+10.396,+0.943
1684168740,+3.46,+11.059,+10.383,+0.943
1684168800,+3.46,+11.032,+10.408,+0.943
1684168860,+3.46,+10.996,+10.422,+0.943
1684168920,+3.46,+10.969,+10.410,+0.943
1684168980,+3.46,+10.987,+10.381,+0.943
1684169040,+3.46,+11.023,+10.344,+0.943
1684169100,+3.46,+10.905,+10.321,+0.943
1684169160,+3.46,+10.788,+10.271,+0.943
1684169220,+3.46,+10.761,+10.223,+0.942
1684169280,+3.46,+10.806,+10.229,+0.943
1684169340,+3.46,+10.761,+10.255,+0.943
1684169400,+3.46,+10.724,+10.281,+0.943
1684169460,+3.46,+10.743,+10.265,+0.943
1684169520,+3.46,+10.715,+10.276,+0.943
1684169580,+3.46,+10.670,+10.271,+0.943
1684169640,+3.46,+10.616,+10.250,+0.943
1684169700,+3.46,+10.589,+10.221,+0.943
1684169760,+3.46,+10.534,+10.250,+0.943
1684169820,+3.46,+10.625,+10.267,+0.943
1684169880,+3.46,+10.688,+10.306,+0.943
1684169940,+3.46,+10.860,+10.279,+0.943
1684170000,+3.46,+10.851,+10.299,+0.943
1684170060,+3.46,+10.833,+10.299,+0.943
1684170120,+3.46,+10.905,+10.316,+0.944
1684170180,+3.46,+10.960,+10.326,+0.944
1684170240,+3.46,+10.842,+10.209,+0.943
1684170300,+3.46,+10.752,+10.169,+0.943
1684170360,+3.46,+10.616,+10.123,+0.942
1684170420,+3.46,+10.507,+10.100,+0.942
1684170480,+3.46,+10.434,+10.111,+0.942
1684170540,+3.46,+10.316,+10.132,+0.942
1684170600,+3.46,+10.288,+10.134,+0.943
1684170660,+3.46,+10.188,+10.158,+0.943
1684170720,+3.46,+10.133,+10.195,+0.943
1684170780,+3.46,+10.106,+10.251,+0.943
1684170840,+3.46,+10.179,+10.210,+0.943
1684170900,+3.46,+10.225,+10.197,+0.943
1684170960,+3.46,+10.316,+10.169,+0.943
1684171020,+3.46,+10.443,+10.247,+0.943
1684171080,+3.46,+10.552,+10.287,+0.944
1684171140,+3.46,+10.770,+10.297,+0.944
1684171200,+3.46,+10.932,+10.284,+0.944
1684171260,+3.46,+10.616,+10.066,+0.943
1684171320,+3.46,+10.389,+10.085,+0.942
1684171380,+3.46,+10.279,+10.110,+0.942
1684171440,+3.46,+10.152,+10.126,+0.942
1684171500,+3.46,+10.042,+10.150,+0.943
1684171560,+3.46,+10.005,+10.154,+0.943
1684171620,+3.46, +9.978,+10.174,+0.943
1684171680,+3.46,+10.206,+10.241,+0.943
1684171740,+3.46,+10.507,+10.267,+0.944
1684171800,+3.46,+10.878,+10.289,+0.945
1684171860,+3.46,+11.176,+10.258,+0.945
1684171920,+3.46,+11.284,+10.239,+0.944
1684171980,+3.46,+11.374,+10.240,+0.944
1684172040,+3.46,+11.418,+10.206,+0.944
1684172100,+3.46,+11.454,+10.163,+0.943
1684172160,+3.46,+11.508,+10.146,+0.943
1684172220,+3.46,+11.499,+10.011,+0.943
1684172280,+3.46,+11.131,+10.001,+0.942
1684172340,+3.46,+10.797, +9.898,+0.941
1684172400,+3.46,+10.452, +9.897,+0.942
1684172460,+3.46,+10.152,+10.002,+0.942
1684172520,+3.46,+10.079,+10.049,+0.942
1684172580,+3.46,+10.161,+10.127,+0.943
1684172640,+3.46,+10.352,+10.137,+0.943
1684172700,+3.46,+10.470,+10.057,+0.943
1684172760,+3.46,+10.352,+10.044,+0.943
1684172820,+3.46,+10.434,+10.088,+0.943
1684172880,+3.46,+10.598,+10.147,+0.944
1684172940,+3.46,+11.041,+10.156,+0.944
1684173000,+3.46,+11.356,+10.173,+0.943
1684173060,+3.46,+11.642,+10.219,+0.944
1684173120,+3.46,+11.803,+10.243,+0.944
1684173180,+3.46,+11.972,+10.264,+0.943
1684173240,+3.46,+12.044,+10.326,+0.944
1684173300,+3.46,+12.124,+10.345,+0.944
1684173360,+3.46,+12.221,+10.340,+0.944
1684173420,+3.46,+12.266,+10.348,+0.944
1684173480,+3.46,+12.337,+10.333,+0.943
1684173540,+3.46,+12.372,+10.356,+0.943
1684173600,+3.46,+12.408,+10.280,+0.943
1684173660,+3.46,+12.221, +9.926,+0.942
1684173720,+3.46,+11.866, +9.750,+0.942
1684173780,+3.46,+11.544, +9.785,+0.941
1684173840,+3.46,+11.329, +9.987,+0.942
1684173900,+3.46,+11.257,+10.082,+0.942
1684173960,+3.46,+11.212,+10.202,+0.943
1684174020,+3.46,+11.203,+10.263,+0.942
1684174080,+3.46,+11.185,+10.241,+0.943
1684174140,+3.46,+11.104,+10.234,+0.943
1684174200,+3.46,+11.077,+10.247,+0.943
1684174260,+3.46,+11.059,+10.220,+0.943
1684174320,+3.46,+11.014,+10.142,+0.942
1684174380,+3.46,+11.014,+10.196,+0.943
1684174440,+3.46,+10.987,+10.259,+0.942
1684174500,+3.46,+11.050,+10.371,+0.943
1684174560,+3.46,+11.068,+10.338,+0.942
1684174620,+3.46,+11.086,+10.312,+0.943
1684174680,+3.46,+11.086,+10.310,+0.943
1684174740,+3.46,+11.059,+10.323,+0.943
1684174800,+3.46,+11.068,+10.327,+0.943
1684174860,+3.46,+11.041,+10.369,+0.943
1684174920,+3.46,+11.005,+10.363,+0.943
1684174980,+3.46,+10.960,+10.345,+0.943
1684175040,+3.46,+10.969,+10.406,+0.943
1684175100,+3.46,+10.941,+10.363,+0.942
1684175160,+3.46,+10.914,+10.399,+0.943
1684175220,+3.46,+10.860,+10.404,+0.943
1684175280,+3.46,+10.788,+10.277,+0.943
1684175340,+3.46,+10.688,+10.220,+0.942
1684175400,+3.46,+10.570,+10.287,+0.943
1684175460,+3.46,+10.607,+10.295,+0.943
1684175520,+3.46,+10.525,+10.307,+0.942
1684175580,+3.46,+10.589,+10.319,+0.943
1684175640,+3.46,+10.534,+10.346,+0.943
1684175700,+3.46,+10.489,+10.335,+0.943
1684175760,+3.46,+10.443,+10.330,+0.943
1684175820,+3.46,+10.443,+10.292,+0.943
1684175880,+3.46,+10.480,+10.206,+0.943
1684175940,+3.46,+10.361,+10.193,+0.943
1684176000,+3.46,+10.380,+10.159,+0.943
1684176060,+3.46,+10.216,+10.184,+0.943
1684176120,+3.46,+10.225,+10.156,+0.942
1684176180,+3.46,+10.216,+10.153,+0.942
1684176240,+3.46,+10.133,+10.208,+0.943
1684176300,+3.46,+10.124,+10.171,+0.943
1684176360,+3.46,+10.060,+10.184,+0.943
1684176420,+3.46, +9.978,+10.132,+0.943
1684176480,+3.46, +9.950,+10.069,+0.943
1684176540,+3.46, +9.868,+10.073,+0.942
1684176600,+3.46, +9.859,+10.073,+0.942
1684176660,+3.46, +9.795,+10.104,+0.943
1684176720,+3.46, +9.785,+10.106,+0.943
1684176780,+3.46, +9.712,+10.136,+0.943
1684176840,+3.46, +9.739,+10.115,+0.943
1684176900,+3.46, +9.684,+10.117,+0.943
1684176960,+3.46, +9.758,+10.076,+0.943
1684177020,+3.46, +9.684,+10.097,+0.943
1684177080,+3.46, +9.629,+10.098,+0.943
1684177140,+3.46, +9.509,+10.162,+0.943
1684177200,+3.46, +9.509,+10.130,+0.943
1684177260,+3.46, +9.500,+10.123,+0.943
1684177320,+3.46, +9.473,+10.129,+0.943
1684177380,+3.46, +9.426,+10.138,+0.943
1684177440,+3.46, +9.389,+10.144,+0.943
1684177500,+3.46, +9.426,+10.120,+0.943
1684177560,+3.46, +9.352,+10.138,+0.943
1684177620,+3.46, +9.417,+10.109,+0.943
1684177680,+3.46, +9.362,+10.125,+0.943
1684177740,+3.46, +9.371,+10.118,+0.943
1684177800,+3.46, +9.389,+10.089,+0.943
1684177860,+3.46, +9.399,+10.071,+0.943
1684177920,+3.46, +9.380,+10.096,+0.943
1684177980,+3.46, +9.380,+10.107,+0.943
1684178040,+3.46, +9.371,+10.102,+0.943
1684178100,+3.46, +9.334,+10.126,+0.943
1684178160,+3.46, +9.380,+10.117,+0.943
1684178220,+3.46, +9.371,+10.136,+0.943
1684178280,+3.46, +9.399,+10.137,+0.943
1684178340,+3.46, +9.334,+10.121,+0.943
1684178400,+3.46, +9.352,+10.095,+0.943
1684178460,+3.46, +9.334,+10.109,+0.943
1684178520,+3.46, +9.352,+10.093,+0.943
1684178580,+3.46, +9.325,+10.116,+0.943
1684178640,+3.46, +9.278,+10.133,+0.943
1684178700,+3.46, +9.269,+10.134,+0.943
1684178760,+3.46, +9.334,+10.103,+0.943
1684178820,+3.46, +9.297,+10.104,+0.943
1684178880,+3.46, +9.288,+10.089,+0.943
1684178940,+3.46, +9.315,+10.066,+0.943
1684179000,+3.46, +9.334,+10.049,+0.943
1684179060,+3.46, +9.260,+10.077,+0.943
1684179120,+3.46, +9.325,+10.043,+0.943
1684179180,+3.46, +9.306,+10.057,+0.943
1684179240,+3.46, +9.315,+10.056,+0.943
1684179300,+3.46, +9.352,+10.038,+0.943
1684179360,+3.46, +9.315,+10.064,+0.943
1684179420,+3.46, +9.352,+10.045,+0.943
1684179480,+3.46, +9.334,+10.049,+0.943
1684179540,+3.46, +9.371,+10.046,+0.943
1684179600,+3.46, +9.362,+10.051,+0.943
1684179660,+3.46, +9.371,+10.050,+0.944
1684179720,+3.46, +9.352,+10.045,+0.943
1684179780,+3.46, +9.436,+10.009,+0.943
1684179840,+3.46, +9.334,+10.061,+0.943
1684179900,+3.46, +9.399,+10.045,+0.943
1684179960,+3.46, +9.334,+10.077,+0.943
1684180020,+3.46, +9.362,+10.084,+0.943
1684180080,+3.46, +9.408,+10.075,+0.943
1684180140,+3.46, +9.306,+10.139,+0.944
1684180200,+3.46, +9.371,+10.119,+0.943
1684180260,+3.46, +9.325,+10.145,+0.944
1684180320,+3.46, +9.371,+10.118,+0.943
1684180380,+3.46, +9.343,+10.140,+0.943
1684180440,+3.46, +9.408,+10.131,+0.943
1684180500,+3.46, +9.352,+10.178,+0.943
1684180560,+3.46, +9.371,+10.197,+0.943
1684180620,+3.46, +9.426,+10.188,+0.943
1684180680,+3.46, +9.417,+10.167,+0.943
1684180740,+3.46, +9.509,+10.118,+0.943
1684180800,+3.46, +9.500,+10.107,+0.943
1684180860,+3.46, +9.528,+10.079,+0.943
1684180920,+3.46, +9.574,+10.062,+0.943
1684180980,+3.46, +9.528,+10.094,+0.944
1684181040,+3.46, +9.565,+10.073,+0.943
1684181100,+3.46, +9.537,+10.074,+0.943
1684181160,+3.46, +9.500,+10.101,+0.943
1684181220,+3.46, +9.583,+10.068,+0.943
1684181280,+3.46, +9.555,+10.088,+0.943
1684181340,+3.46, +9.583,+10.081,+0.943
1684181400,+3.46, +9.602,+10.071,+0.943
1684181460,+3.46, +9.583,+10.085,+0.943
1684181520,+3.46, +9.638,+10.060,+0.943
1684181580,+3.46, +9.620,+10.073,+0.943
1684181640,+3.46, +9.620,+10.079,+0.943
1684181700,+3.46, +9.629,+10.093,+0.943
1684181760,+3.46, +9.602,+10.117,+0.943
1684181820,+3.46, +9.648,+10.110,+0.943
1684181880,+3.46, +9.638,+10.146,+0.944
1684181940,+3.46, +9.703,+10.138,+0.943
1684182000,+3.46, +9.657,+10.181,+0.943
1684182060,+3.46, +9.657,+10.203,+0.944
1684182120,+3.46, +9.648,+10.212,+0.943
1684182180,+3.46, +9.703,+10.183,+0.943
1684182240,+3.46, +9.684,+10.185,+0.943
1684182300,+3.46, +9.657,+10.161,+0.943
1684182360,+3.46, +9.611,+10.127,+0.943
1684182420,+3.46, +9.574,+10.110,+0.943
1684182480,+3.46, +9.574,+10.103,+0.943
1684182540,+3.46, +9.537,+10.110,+0.943
1684182600,+3.46, +9.555,+10.097,+0.943
1684182660,+3.46, +9.555,+10.097,+0.943
1684182720,+3.46, +9.500,+10.116,+0.943
1684182780,+3.46, +9.537,+10.123,+0.943
1684182840,+3.46, +9.509,+10.157,+0.943
1684182900,+3.46, +9.537,+10.138,+0.943
1684182960,+3.46, +9.546,+10.168,+0.943
1684183020,+3.46, +9.528,+10.190,+0.943
1684183080,+3.46, +9.537,+10.171,+0.943
1684183140,+3.46, +9.491,+10.201,+0.943
1684183200,+3.46, +9.500,+10.220,+0.943
1684183260,+3.46, +9.491,+10.277,+0.943
1684183320,+3.46, +9.500,+10.299,+0.943
1684183380,+3.46, +9.500,+10.316,+0.943
1684183440,+3.46, +9.528,+10.330,+0.943
1684183500,+3.46, +9.491,+10.347,+0.944
1684183560,+3.46, +9.519,+10.333,+0.943
1684183620,+3.46, +9.426,+10.347,+0.943
1684183680,+3.46, +9.500,+10.325,+0.944
1684183740,+3.46, +9.491,+10.302,+0.943
1684183800,+3.46, +9.473,+10.295,+0.943
1684183860,+3.46, +9.482,+10.279,+0.943
1684183920,+3.46, +9.491,+10.270,+0.943
1684183980,+3.46, +9.491,+10.271,+0.943
1684184040,+3.46, +9.500,+10.270,+0.943
1684184100,+3.46, +9.537,+10.261,+0.943
1684184160,+3.46, +9.528,+10.262,+0.943
1684184220,+3.46, +9.482,+10.290,+0.943
1684184280,+3.46, +9.519,+10.277,+0.943
1684184340,+3.46, +9.491,+10.302,+0.943
1684184400,+3.46, +9.519,+10.315,+0.944
1684184460,+3.46, +9.491,+10.331,+0.943
1684184520,+3.46, +9.500,+10.341,+0.943
1684184580,+3.46, +9.491,+10.356,+0.943
1684184640,+3.46, +9.445,+10.376,+0.943
1684184700,+3.46, +9.380,+10.411,+0.943
1684184760,+3.46, +9.454,+10.385,+0.943
1684184820,+3.46, +9.445,+10.381,+0.943
1684184880,+3.46, +9.389,+10.405,+0.943
1684184940,+3.46, +9.454,+10.360,+0.943
1684185000,+3.46, +9.371,+10.371,+0.943
1684185060,+3.46, +9.343,+10.363,+0.943
1684185120,+3.46, +9.362,+10.365,+0.943
1684185180,+3.46, +9.352,+10.353,+0.943
1684185240,+3.46, +9.334,+10.363,+0.943
1684185300,+3.46, +9.325,+10.356,+0.943
1684185360,+3.46, +9.306,+10.354,+0.943
1684185420,+3.46, +9.371,+10.326,+0.943
1684185480,+3.46, +9.325,+10.344,+0.943
1684185540,+3.46, +9.306,+10.340,+0.943
1684185600,+3.46, +9.288,+10.346,+0.944
1684185660,+3.46, +9.325,+10.323,+0.943
1684185720,+3.46, +9.269,+10.360,+0.944
1684185780,+3.46, +9.315,+10.321,+0.943
1684185840,+3.46, +9.278,+10.332,+0.943
1684185900,+3.46, +9.352,+10.318,+0.943
1684185960,+3.46, +9.241,+10.364,+0.943
1684186020,+3.46, +9.241,+10.352,+0.943
1684186080,+3.46, +9.288,+10.331,+0.943
1684186140,+3.46, +9.195,+10.357,+0.943
1684186200,+3.46, +9.297,+10.334,+0.943
1684186260,+3.46, +9.269,+10.342,+0.943
1684186320,+3.46, +9.269,+10.351,+0.943
1684186380,+3.46, +9.186,+10.372,+0.943
1684186440,+3.46, +9.223,+10.360,+0.943
1684186500,+3.46, +9.214,+10.357,+0.943
1684186560,+3.46, +9.232,+10.355,+0.943
1684186620,+3.46, +9.204,+10.354,+0.943
1684186680,+3.46, +9.177,+10.370,+0.943
1684186740,+3.46, +9.214,+10.347,+0.943
1684186800,+3.46, +9.223,+10.330,+0.943
1684186860,+3.46, +9.214,+10.331,+0.943
1684186920,+3.46, +9.149,+10.350,+0.943
1684186980,+3.46, +9.260,+10.296,+0.943
1684187040,+3.46, +9.214,+10.312,+0.943
1684187100,+3.46, +9.195,+10.314,+0.943
1684187160,+3.46, +9.195,+10.314,+0.944
1684187220,+3.46, +9.195,+10.286,+0.942
1684187280,+3.46, +9.186,+10.303,+0.943
1684187340,+3.46, +9.214,+10.299,+0.943
1684187400,+3.46, +9.186,+10.317,+0.943
1684187460,+3.46, +9.167,+10.322,+0.943
1684187520,+3.46, +9.223,+10.320,+0.944
1684187580,+3.46, +9.195,+10.321,+0.943
1684187640,+3.46, +9.214,+10.306,+0.943
1684187700,+3.46, +9.204,+10.316,+0.943
1684187760,+3.46, +9.158,+10.335,+0.944
1684187820,+3.46, +9.214,+10.296,+0.943
1684187880,+3.46, +9.241,+10.286,+0.943
1684187940,+3.46, +9.269,+10.270,+0.943
1684188000,+3.46, +9.223,+10.298,+0.943
1684188060,+3.46, +9.232,+10.295,+0.943
1684188120,+3.46, +9.223,+10.301,+0.943
1684188180,+3.46, +9.223,+10.295,+0.943
1684188240,+3.46, +9.186,+10.304,+0.943
1684188300,+3.46, +9.260,+10.273,+0.943
1684188360,+3.46, +9.204,+10.302,+0.944
1684188420,+3.46, +9.251,+10.281,+0.943
1684188480,+3.46, +9.241,+10.297,+0.943
1684188540,+3.46, +9.278,+10.287,+0.943
1684188600,+3.46, +9.343,+10.269,+0.943
1684188660,+3.46, +9.325,+10.279,+0.943
1684188720,+3.46, +9.297,+10.288,+0.943
1684188780,+3.46, +9.278,+10.291,+0.943
1684188840,+3.46, +9.241,+10.300,+0.943
1684188900,+3.46, +9.241,+10.297,+0.943
1684188960,+3.46, +9.297,+10.274,+0.943
1684189020,+3.46, +9.278,+10.258,+0.943
1684189080,+3.46, +9.315,+10.223,+0.943
1684189140,+3.46, +9.251,+10.224,+0.944
1684189200,+3.46, +9.288,+10.171,+0.943
1684189260,+3.46, +9.251,+10.165,+0.944
1684189320,+3.46, +9.334,+10.103,+0.943
1684189380,+3.46, +9.232,+10.127,+0.943
1684189440,+3.46, +9.269,+10.111,+0.943
1684189500,+3.46, +9.204,+10.144,+0.943
1684189560,+3.46, +9.232,+10.142,+0.943
1684189620,+3.46, +9.223,+10.160,+0.943
1684189680,+3.46, +9.204,+10.184,+0.943
1684189740,+3.46, +9.214,+10.178,+0.943
1684189800,+3.46, +9.177,+10.203,+0.943
1684189860,+3.46, +9.269,+10.156,+0.943
1684189920,+3.46, +9.278,+10.151,+0.943
1684189980,+3.46, +9.195,+10.191,+0.944
1684190040,+3.46, +9.204,+10.177,+0.943
1684190100,+3.46, +9.260,+10.161,+0.943
1684190160,+3.46, +9.214,+10.161,+0.943
1684190220,+3.46, +9.214,+10.152,+0.943
1684190280,+3.46, +9.214,+10.145,+0.943
1684190340,+3.46, +9.195,+10.140,+0.943
1684190400,+3.46, +9.177,+10.150,+0.943
1684190460,+3.46, +9.130,+10.178,+0.943
1684190520,+3.46, +9.158,+10.157,+0.943
1684190580,+3.46, +9.158,+10.153,+0.943
1684190640,+3.46, +9.214,+10.121,+0.943
1684190700,+3.46, +9.195,+10.128,+0.943
1684190760,+3.46, +9.195,+10.144,+0.943
1684190820,+3.46, +9.260,+10.120,+0.943
1684190880,+3.46, +9.297,+10.098,+0.943
1684190940,+3.46, +9.223,+10.112,+0.943
1684191000,+3.46, +9.269,+10.093,+0.943
1684191060,+3.46, +9.297,+10.110,+0.943
1684191120,+3.46, +9.352,+10.091,+0.943
1684191180,+3.46, +9.269,+10.131,+0.943
1684191240,+3.46, +9.288,+10.125,+0.943
1684191300,+3.46, +9.306,+10.121,+0.944
1684191360,+3.46, +9.362,+10.092,+0.943
1684191420,+3.46, +9.343,+10.110,+0.943
1684191480,+3.46, +9.399,+10.121,+0.943
1684191540,+3.46, +9.482,+10.131,+0.943
1684191600,+3.46, +9.417,+10.195,+0.943
1684191660,+3.46, +9.463,+10.208,+0.944
1684191720,+3.46, +9.519,+10.196,+0.943
1684191780,+3.46, +9.638,+10.184,+0.944
1684191840,+3.46, +9.684,+10.150,+0.943
1684191900,+3.46, +9.657,+10.142,+0.943
1684191960,+3.46, +9.776,+10.090,+0.944
1684192020,+3.46, +9.795,+10.087,+0.944
1684192080,+3.46, +9.813,+10.070,+0.943
1684192140,+3.45, +9.850,+10.079,+0.943
1684192200,+3.46, +9.941,+10.070,+0.943
1684192260,+3.46,+10.024,+10.055,+0.944
1684192320,+3.46,+10.005,+10.076,+0.943
1684192380,+3.46,+10.033,+10.056,+0.943
1684192440,+3.46,+10.051,+10.069,+0.943
1684192500,+3.46,+10.069,+10.061,+0.943
1684192560,+3.46,+10.060,+10.063,+0.943
1684192620,+3.46,+10.097,+10.046,+0.943
1684192680,+3.46,+10.060,+10.060,+0.944
1684192740,+3.46,+10.115,+10.038,+0.943
1684192800,+3.46,+10.069,+10.047,+0.943
1684192860,+3.46,+10.115,+10.017,+0.943
1684192920,+3.46,+10.088,+10.027,+0.943
1684192980,+3.46,+10.106,+10.011,+0.943
1684193040,+3.46,+10.124,+10.019,+0.943
1684193100,+3.46,+10.143,+10.027,+0.943
1684193160,+3.46,+10.161,+10.049,+0.943
1684193220,+3.46,+10.216,+10.052,+0.943
1684193280,+3.46,+10.243,+10.090,+0.943
1684193340,+3.46,+10.252,+10.108,+0.943
1684193400,+3.46,+10.270,+10.139,+0.943
1684193460,+3.46,+10.234,+10.177,+0.943
1684193520,+3.46,+10.298,+10.163,+0.943
1684193580,+3.46,+10.279,+10.163,+0.943
1684193640,+3.46,+10.261,+10.141,+0.943
1684193700,+3.46,+10.243,+10.128,+0.943
1684193760,+3.46,+10.298,+10.094,+0.943
1684193820,+3.46,+10.261,+10.103,+0.943
1684193880,+3.46,+10.270,+10.088,+0.943
1684193940,+3.46,+10.307,+10.061,+0.943
1684194000,+3.46,+10.307,+10.062,+0.943
1684194060,+3.46,+10.298,+10.060,+0.943
1684194120,+3.46,+10.288,+10.048,+0.943
1684194180,+3.46,+10.288,+10.035,+0.943
1684194240,+3.46,+10.316,+10.014,+0.943
1684194300,+3.46,+10.334, +9.990,+0.943
1684194360,+3.46,+10.307, +9.993,+0.943
1684194420,+3.46,+10.288, +9.991,+0.943
1684194480,+3.46,+10.288, +9.974,+0.943
1684194540,+3.46,+10.288, +9.985,+0.943
1684194600,+3.46,+10.261, +9.935,+0.943
1684194660,+3.46,+10.188, +9.920,+0.943
1684194720,+3.46,+10.124, +9.916,+0.943
1684194780,+3.46,+10.170, +9.877,+0.943
1684194840,+3.46,+10.152, +9.892,+0.943
1684194900,+3.46,+10.152, +9.939,+0.943
1684194960,+3.46,+10.124, +9.984,+0.943
1684195020,+3.46,+10.206, +9.979,+0.943
1684195080,+3.46,+10.252,+10.030,+0.943
1684195140,+3.46,+10.279,+10.091,+0.944
1684195200,+3.46,+10.343,+10.108,+0.943
1684195260,+3.46,+10.498,+10.066,+0.943
1684195320,+3.46,+10.470,+10.085,+0.943
1684195380,+3.46,+10.461,+10.084,+0.943
1684195440,+3.46,+10.434,+10.099,+0.943
1684195500,+3.46,+10.516,+10.063,+0.943
1684195560,+3.46,+10.516,+10.044,+0.943
1684195620,+3.46,+10.480,+10.002,+0.943
1684195680,+3.46,+10.416, +9.958,+0.943
1684195740,+3.46,+10.370, +9.920,+0.942
1684195800,+3.46,+10.279, +9.936,+0.942
1684195860,+3.46,+10.234, +9.929,+0.943
1684195920,+3.46,+10.243, +9.894,+0.942
1684195980,+3.46,+10.161, +9.898,+0.943
1684196040,+3.46,+10.197, +9.834,+0.943
1684196100,+3.46,+10.143, +9.831,+0.943
1684196160,+3.46,+10.188, +9.793,+0.943
1684196220,+3.46,+10.188, +9.794,+0.943
1684196280,+3.46,+10.206, +9.833,+0.943
1684196340,+3.46,+10.243, +9.882,+0.942
1684196400,+3.46,+10.298, +9.935,+0.943
1684196460,+3.46,+10.252,+10.019,+0.943
1684196520,+3.46,+10.316,+10.063,+0.943
1684196580,+3.46,+10.425,+10.081,+0.943
1684196640,+3.46,+10.389,+10.113,+0.943
1684196700,+3.46,+10.480,+10.132,+0.944
1684196760,+3.46,+10.570,+10.115,+0.943
1684196820,+3.46,+10.616,+10.129,+0.943
1684196880,+3.46,+10.697,+10.121,+0.943
1684196940,+3.46,+10.724,+10.152,+0.944
1684197000,+3.46,+10.842,+10.127,+0.944
1684197060,+3.46,+10.824,+10.142,+0.943
1684197120,+3.46,+10.878,+10.140,+0.943
1684197180,+3.46,+10.951,+10.130,+0.943
1684197240,+3.46,+10.878,+10.099,+0.943
1684197300,+3.46,+10.788,+10.003,+0.943
1684197360,+3.46,+10.634, +9.969,+0.942
1684197420,+3.46,+10.534,+10.026,+0.943
1684197480,+3.46,+10.543,+10.066,+0.943
1684197540,+3.46,+10.507,+10.095,+0.943
1684197600,+3.46,+10.461,+10.104,+0.943
1684197660,+3.46,+10.398,+10.071,+0.943
1684197720,+3.46,+10.316,+10.021,+0.942
1684197780,+3.46,+10.252,+10.032,+0.943
1684197840,+3.46,+10.124,+10.048,+0.943
1684197900,+3.46,+10.161,+10.011,+0.943
1684197960,+3.46,+10.133, +9.999,+0.942
1684198020,+3.46,+10.042,+10.015,+0.942
1684198080,+3.46,+10.106, +9.978,+0.943
1684198140,+3.46,+10.088, +9.975,+0.943
1684198200,+3.46,+10.097, +9.959,+0.943
1684198260,+3.46,+10.097, +9.946,+0.943
1684198320,+3.46,+10.069, +9.953,+0.943
1684198380,+3.45, +9.978,+10.000,+0.943
1684198440,+3.46,+10.069, +9.987,+0.943
1684198500,+3.46,+10.042,+10.002,+0.943
1684198560,+3.46,+10.024,+10.026,+0.943
1684198620,+3.46,+10.069,+10.023,+0.943
1684198680,+3.46,+10.033,+10.052,+0.943
1684198740,+3.46,+10.060,+10.055,+0.943
1684198800,+3.46,+10.042,+10.072,+0.943
1684198860,+3.45,+10.024,+10.075,+0.943
1684198920,+3.46,+10.005,+10.077,+0.943
1684198980,+3.46,+10.015,+10.053,+0.943
1684199040,+3.45,+10.042,+10.037,+0.943
1684199100,+3.46,+10.115,+10.002,+0.943
1684199160,+3.46,+10.097, +9.987,+0.943
1684199220,+3.46,+10.060, +9.979,+0.943
1684199280,+3.46,+10.106, +9.962,+0.943
1684199340,+3.46,+10.133, +9.991,+0.943
1684199400,+3.46,+10.170,+10.023,+0.943
1684199460,+3.46,+10.325, +9.990,+0.943
1684199520,+3.46,+10.170, +9.986,+0.943
1684199580,+3.46,+10.179, +9.897,+0.943
1684199640,+3.46,+10.069, +9.854,+0.943
1684199700,+3.46,+10.033, +9.798,+0.943
1684199760,+3.46, +9.932, +9.760,+0.942
1684199820,+3.46, +9.850, +9.790,+0.943
1684199880,+3.46, +9.776, +9.937,+0.942
1684199940,+3.46, +9.739,+10.139,+0.943
1684200000,+3.46, +9.703,+10.242,+0.942
1684200060,+3.46, +9.675,+10.296,+0.943
1684200120,+3.46, +9.629,+10.327,+0.943
1684200180,+3.46, +9.620,+10.336,+0.943
1684200240,+3.46, +9.602,+10.336,+0.943
1684200300,+3.46, +9.611,+10.322,+0.943
1684200360,+3.46, +9.620,+10.306,+0.943
1684200420,+3.46, +9.629,+10.233,+0.943
1684200480,+3.46, +9.648,+10.205,+0.943
1684200540,+3.46, +9.611,+10.188,+0.943
1684200600,+3.46, +9.703,+10.093,+0.943
1684200660,+3.45, +9.749,+10.045,+0.944
1684200720,+3.46, +9.840,+10.005,+0.943
1684200780,+3.46, +9.923, +9.978,+0.943
1684200840,+3.46,+10.024, +9.942,+0.943
1684200900,+3.45,+10.060, +9.937,+0.943
1684200960,+3.46, +9.950, +9.986,+0.943
1684201020,+3.46,+10.060, +9.957,+0.943
1684201080,+3.46,+10.079, +9.955,+0.943
1684201140,+3.46,+10.161, +9.905,+0.943
1684201200,+3.46,+10.115, +9.896,+0.943
1684201260,+3.46,+10.115, +9.898,+0.943
1684201320,+3.46,+10.225, +9.863,+0.943
1684201380,+3.46,+10.334, +9.874,+0.944
1684201440,+3.46,+10.380, +9.932,+0.943
1684201500,+3.46,+10.561, +9.936,+0.943
1684201560,+3.46,+10.579,+10.030,+0.944
1684201620,+3.46,+10.752,+10.048,+0.944
1684201680,+3.46,+10.842,+10.088,+0.944
1684201740,+3.45,+11.014,+10.058,+0.943
1684201800,+3.46,+11.185,+10.039,+0.943
1684201860,+3.46,+11.293,+10.072,+0.944
1684201920,+3.46,+10.860, +9.633,+0.942
1684201980,+3.46,+10.598, +9.615,+0.941
1684202040,+3.46,+10.307, +9.731,+0.942
1684202100,+3.46,+10.179, +9.782,+0.942
1684202160,+3.46,+10.024, +9.845,+0.941
1684202220,+3.46, +9.978, +9.917,+0.943
1684202280,+3.46, +9.923, +9.987,+0.942
1684202340,+3.45, +9.886,+10.024,+0.942
1684202400,+3.45, +9.831,+10.068,+0.943
1684202460,+3.45, +9.795,+10.106,+0.942
1684202520,+3.46, +9.859,+10.100,+0.942
1684202580,+3.46, +9.795,+10.141,+0.943
1684202640,+3.45, +9.785,+10.183,+0.943
1684202700,+3.46, +9.795,+10.205,+0.943
1684202760,+3.46, +9.822,+10.190,+0.943
1684202820,+3.46, +9.822,+10.171,+0.943
1684202880,+3.46, +9.785,+10.272,+0.943
1684202940,+3.46, +9.850,+10.285,+0.943
1684203000,+3.46, +9.813,+10.312,+0.943
1684203060,+3.46, +9.868,+10.281,+0.943
1684203120,+3.46, +9.886,+10.293,+0.944
1684203180,+3.46, +9.895,+10.279,+0.943
1684203240,+3.46, +9.886,+10.275,+0.943
1684203300,+3.46, +9.914,+10.270,+0.943
1684203360,+3.45, +9.950,+10.254,+0.943
1684203420,+3.46, +9.914,+10.261,+0.943
1684203480,+3.46, +9.905,+10.249,+0.943
1684203540,+3.46, +9.914,+10.252,+0.943
1684203600,+3.46, +9.886,+10.253,+0.943
1684203660,+3.45, +9.859,+10.270,+0.943
1684203720,+3.46, +9.868,+10.263,+0.943
1684203780,+3.46, +9.831,+10.266,+0.943
1684203840,+3.46, +9.877,+10.249,+0.943
1684203900,+3.46, +9.941,+10.231,+0.943
1684203960,+3.46, +9.950,+10.231,+0.943
1684204020,+3.46, +9.950,+10.218,+0.943
1684204080,+3.46, +9.914,+10.217,+0.943
1684204140,+3.46,+10.042,+10.182,+0.943
1684204200,+3.46, +9.996,+10.136,+0.943
1684204260,+3.45,+10.015,+10.104,+0.943
1684204320,+3.46, +9.960,+10.123,+0.943
1684204380,+3.46, +9.923,+10.134,+0.943
1684204440,+3.46, +9.895,+10.188,+0.943
1684204500,+3.46, +9.840,+10.187,+0.943
1684204560,+3.46, +9.776,+10.177,+0.943
1684204620,+3.46, +9.785,+10.180,+0.943
1684204680,+3.46, +9.721,+10.192,+0.943
1684204740,+3.46, +9.657,+10.203,+0.943
1684204800,+3.46, +9.620,+10.230,+0.943
1684204860,+3.46, +9.648,+10.196,+0.943
1684204920,+3.46, +9.611,+10.214,+0.943
1684204980,+3.46, +9.629,+10.194,+0.943
1684205040,+3.46, +9.620,+10.196,+0.943
1684205100,+3.46, +9.638,+10.173,+0.943
1684205160,+3.46, +9.629,+10.147,+0.942
1684205220,+3.46, +9.574,+10.200,+0.943
1684205280,+3.46, +9.648,+10.143,+0.943
1684205340,+3.46, +9.565,+10.193,+0.943
1684205400,+3.46, +9.565,+10.196,+0.943
1684205460,+3.46, +9.519,+10.196,+0.943
1684205520,+3.46, +9.537,+10.189,+0.943
1684205580,+3.46, +9.491,+10.190,+0.943
1684205640,+3.46, +9.555,+10.155,+0.943
1684205700,+3.46, +9.519,+10.166,+0.943
1684205760,+3.46, +9.482,+10.188,+0.943
1684205820,+3.46, +9.509,+10.173,+0.943
1684205880,+3.46, +9.528,+10.168,+0.943
1684205940,+3.46, +9.509,+10.174,+0.943
1684206000,+3.46, +9.555,+10.144,+0.943
1684206060,+3.46, +9.537,+10.148,+0.943
1684206120,+3.46, +9.583,+10.150,+0.943
1684206180,+3.46, +9.666,+10.127,+0.943
1684206240,+3.46, +9.602,+10.150,+0.943
1684206300,+3.46, +9.611,+10.148,+0.943
1684206360,+3.46, +9.583,+10.169,+0.943
1684206420,+3.46, +9.528,+10.200,+0.943
1684206480,+3.46, +9.491,+10.223,+0.943
1684206540,+3.46, +9.555,+10.188,+0.943
1684206600,+3.46, +9.528,+10.199,+0.943
1684206660,+3.46, +9.519,+10.218,+0.943
1684206720,+3.46, +9.537,+10.211,+0.943
1684206780,+3.46, +9.555,+10.201,+0.943
1684206840,+3.46, +9.555,+10.193,+0.943
1684206900,+3.46, +9.537,+10.199,+0.943
1684206960,+3.46, +9.519,+10.188,+0.943
1684207020,+3.46, +9.537,+10.169,+0.943
1684207080,+3.46, +9.482,+10.187,+0.943
1684207140,+3.46, +9.454,+10.179,+0.943
1684207200,+3.46, +9.445,+10.195,+0.943
1684207260,+3.46, +9.463,+10.205,+0.943
1684207320,+3.46, +9.436,+10.226,+0.943
1684207380,+3.46, +9.519,+10.194,+0.943
1684207440,+3.46, +9.482,+10.211,+0.943
1684207500,+3.46, +9.445,+10.231,+0.943
1684207560,+3.46, +9.445,+10.236,+0.943
1684207620,+3.46, +9.473,+10.218,+0.943
1684207680,+3.46, +9.445,+10.231,+0.943
1684207740,+3.46, +9.445,+10.231,+0.943
1684207800,+3.46, +9.436,+10.231,+0.943
1684207860,+3.46, +9.426,+10.231,+0.943
1684207920,+3.46, +9.408,+10.254,+0.943
1684207980,+3.46, +9.371,+10.275,+0.943
1684208040,+3.46, +9.325,+10.283,+0.943
1684208100,+3.46, +9.288,+10.314,+0.943
1684208160,+3.46, +9.251,+10.311,+0.943
1684208220,+3.46, +9.232,+10.291,+0.943
1684208280,+3.46, +9.121,+10.274,+0.943
1684208340,+3.46, +9.149,+10.200,+0.943
1684208400,+3.46, +9.028,+10.206,+0.943
1684208460,+3.46, +9.028,+10.185,+0.943
1684208520,+3.46, +8.926,+10.213,+0.943
1684208580,+3.46, +9.019,+10.164,+0.943
1684208640,+3.46, +8.982,+10.170,+0.943
1684208700,+3.46, +8.963,+10.190,+0.943
1684208760,+3.46, +8.972,+10.189,+0.943
1684208820,+3.46, +8.972,+10.194,+0.943
1684208880,+3.46, +9.010,+10.166,+0.942
1684208940,+3.46, +9.019,+10.196,+0.943
1684209000,+3.46, +9.056,+10.232,+0.943
1684209060,+3.46, +9.065,+10.282,+0.944
1684209120,+3.46, +9.140,+10.284,+0.943
1684209180,+3.46, +9.214,+10.274,+0.944
1684209240,+3.46, +9.251,+10.290,+0.943
1684209300,+3.46, +9.417,+10.260,+0.944
1684209360,+3.46, +9.565,+10.201,+0.944
1684209420,+3.45, +9.666,+10.176,+0.944
1684209480,+3.46, +9.822,+10.132,+0.943
1684209540,+3.46, +9.941,+10.128,+0.944
1684209600,+3.46, +9.978,+10.140,+0.944
1684209660,+3.46,+10.152,+10.110,+0.943
1684209720,+3.46,+10.206,+10.121,+0.944
1684209780,+3.46,+10.225,+10.142,+0.944
1684209840,+3.46,+10.343,+10.162,+0.944
1684209900,+3.46,+10.407,+10.216,+0.944
1684209960,+3.46,+10.416,+10.233,+0.944
1684210020,+3.46,+10.380,+10.270,+0.944
1684210080,+3.46,+10.452,+10.229,+0.944
1684210140,+3.46,+10.489,+10.193,+0.943
1684210200,+3.46,+10.434,+10.181,+0.944
1684210260,+3.46,+10.498,+10.112,+0.943
1684210320,+3.46,+10.489,+10.097,+0.943
1684210380,+3.46,+10.561,+10.064,+0.943
1684210440,+3.46,+10.570,+10.059,+0.943
1684210500,+3.46,+10.570,+10.086,+0.944
1684210560,+3.46,+10.643,+10.034,+0.943
1684210620,+3.46,+10.579,+10.060,+0.943
1684210680,+3.46,+10.598,+10.039,+0.943
1684210740,+3.46,+10.670,+10.035,+0.943
1684210800,+3.46,+10.734,+10.022,+0.943
1684210860,+3.45,+10.833, +9.971,+0.943
1684210920,+3.45,+10.869, +9.935,+0.943
1684210980,+3.45,+10.932, +9.915,+0.943
1684211040,+3.45,+10.914, +9.902,+0.943
1684211100,+3.45,+10.969, +9.881,+0.943
1684211160,+3.46,+11.014, +9.862,+0.943
1684211220,+3.45,+11.059, +9.902,+0.944
1684211280,+3.45,+11.203, +9.853,+0.943
1684211340,+3.46,+11.239, +9.841,+0.943
1684211400,+3.46,+11.230, +9.854,+0.943
1684211460,+3.46,+11.347, +9.837,+0.943
1684211520,+3.46,+11.329, +9.905,+0.943
1684211580,+3.46,+11.535, +9.895,+0.943
1684211640,+3.46,+11.580, +9.893,+0.943
1684211700,+3.46,+11.598, +9.876,+0.943
1684211760,+3.45,+11.687, +9.862,+0.943
1684211820,+3.46,+11.785, +9.852,+0.943
1684211880,+3.46,+11.919, +9.828,+0.943
1684211940,+3.46,+11.937, +9.842,+0.943
1684212000,+3.45,+11.972, +9.861,+0.943
1684212060,+3.45,+12.061, +9.856,+0.943
1684212120,+3.46,+12.097, +9.876,+0.943
1684212180,+3.46,+12.124, +9.781,+0.942
1684212240,+3.45,+11.821, +9.842,+0.942
1684212300,+3.45,+11.883, +9.830,+0.942
1684212360,+3.46,+12.008, +9.817,+0.943
1684212420,+3.46,+11.964, +9.737,+0.942
1684212480,+3.46,+11.794, +9.701,+0.942
1684212540,+3.46,+11.669, +9.671,+0.942
1684212600,+3.46,+11.741, +9.692,+0.943
1684212660,+3.46,+11.892, +9.683,+0.943
1684212720,+3.46,+11.972, +9.724,+0.943
1684212780,+3.46,+12.070, +9.746,+0.942
1684212840,+3.46,+12.133, +9.806,+0.943
1684212900,+3.46,+11.883, +9.558,+0.941
1684212960,+3.46,+11.517, +9.644,+0.941
1684213020,+3.46,+11.212, +9.985,+0.942
1684213080,+3.46,+11.086,+10.078,+0.941
1684213140,+3.46,+10.932,+10.125,+0.942
1684213200,+3.46,+10.905,+10.109,+0.942
1684213260,+3.46,+10.815,+10.215,+0.942
1684213320,+3.46,+10.806,+10.270,+0.942
1684213380,+3.45,+10.761,+10.303,+0.943
1684213440,+3.46,+10.743,+10.289,+0.943
1684213500,+3.46,+10.697,+10.247,+0.942
1684213560,+3.46,+10.589,+10.201,+0.943
1684213620,+3.46,+10.570,+10.062,+0.942
1684213680,+3.46,+10.398, +9.893,+0.941
1684213740,+3.46,+10.270, +9.848,+0.942
1684213800,+3.46,+10.234, +9.857,+0.942
1684213860,+3.46,+10.097, +9.882,+0.942
1684213920,+3.46,+10.042, +9.901,+0.942
1684213980,+3.46,+10.060, +9.957,+0.942
1684214040,+3.46,+10.060, +9.931,+0.942
1684214100,+3.46,+10.033, +9.936,+0.942
1684214160,+3.46,+10.024, +9.901,+0.942
1684214220,+3.46, +9.996, +9.894,+0.942
1684214280,+3.46, +9.996, +9.897,+0.943
1684214340,+3.46,+10.079, +9.879,+0.943
1684214400,+3.46,+10.106, +9.901,+0.943
1684214460,+3.46,+10.133, +9.894,+0.943
1684214520,+3.46,+10.143, +9.871,+0.943
1684214580,+3.46,+10.234, +9.827,+0.943
1684214640,+3.46,+10.206, +9.909,+0.943
1684214700,+3.46,+10.279, +9.955,+0.943
1684214760,+3.46,+10.334, +9.965,+0.943
1684214820,+3.46,+10.334,+10.030,+0.943
1684214880,+3.46,+10.361,+10.036,+0.943
1684214940,+3.46,+10.307,+10.038,+0.943
1684215000,+3.46,+10.106, +9.965,+0.943
1684215060,+3.45, +9.969, +9.935,+0.942
1684215120,+3.46,+10.005, +9.896,+0.942
1684215180,+3.46,+10.033, +9.858,+0.943
1684215240,+3.46,+10.106, +9.849,+0.943
1684215300,+3.46,+10.079, +9.894,+0.943
1684215360,+3.46,+10.106, +9.904,+0.943
1684215420,+3.46,+10.170, +9.894,+0.943
1684215480,+3.46,+10.152, +9.936,+0.943
1684215540,+3.46,+10.243, +9.948,+0.943
1684215600,+3.46,+10.270,+10.053,+0.943
1684215660,+3.46,+10.288,+10.103,+0.943
1684215720,+3.46,+10.316,+10.101,+0.943
1684215780,+3.46,+10.343,+10.121,+0.943
1684215840,+3.46,+10.361,+10.141,+0.943
1684215900,+3.46,+10.398,+10.140,+0.943
1684215960,+3.46,+10.352,+10.165,+0.943
1684216020,+3.46,+10.389,+10.151,+0.943
1684216080,+3.46,+10.416,+10.164,+0.943
1684216140,+3.46,+10.425,+10.178,+0.943
1684216200,+3.46,+10.443,+10.140,+0.943
1684216260,+3.46,+10.389,+10.108,+0.943
1684216320,+3.46,+10.416,+10.049,+0.943
1684216380,+3.46,+10.389,+10.043,+0.943
1684216440,+3.46,+10.343,+10.010,+0.943
1684216500,+3.46,+10.389, +9.982,+0.943
1684216560,+3.46,+10.279,+10.037,+0.943
1684216620,+3.46,+10.206,+10.058,+0.943
1684216680,+3.46,+10.316,+10.006,+0.943
1684216740,+3.46,+10.298,+10.003,+0.943
1684216800,+3.46,+10.398, +9.987,+0.943
1684216860,+3.46,+10.461,+10.089,+0.943
1684216920,+3.46,+10.480,+10.197,+0.943
1684216980,+3.46,+10.543,+10.204,+0.943
1684217040,+3.46,+10.570,+10.221,+0.943
1684217100,+3.46,+10.634,+10.235,+0.943
1684217160,+3.46,+10.679,+10.233,+0.943
1684217220,+3.46,+10.679,+10.288,+0.943
1684217280,+3.46,+10.697,+10.360,+0.943
1684217340,+3.46,+10.724,+10.419,+0.943
1684217400,+3.46,+10.706,+10.469,+0.943
1684217460,+3.46,+10.770,+10.450,+0.943
1684217520,+3.46,+10.788,+10.342,+0.943
1684217580,+3.46,+10.788,+10.290,+0.943
1684217640,+3.46,+10.734,+10.225,+0.944
1684217700,+3.46,+10.697,+10.025,+0.943
1684217760,+3.46,+10.561, +9.945,+0.942
1684217820,+3.46,+10.407, +9.891,+0.942
1684217880,+3.46,+10.325, +9.848,+0.942
1684217940,+3.46,+10.197, +9.901,+0.942
1684218000,+3.46,+10.106, +9.891,+0.943
1684218060,+3.46,+10.033, +9.923,+0.942
1684218120,+3.46, +9.996, +9.897,+0.942
1684218180,+3.45, +9.969, +9.935,+0.943
1684218240,+3.46, +9.941, +9.955,+0.942
1684218300,+3.46, +9.905, +9.988,+0.943
1684218360,+3.46, +9.895, +9.985,+0.942
1684218420,+3.46, +9.895, +9.978,+0.942
1684218480,+3.46, +9.868, +9.990,+0.943
1684218540,+3.46, +9.850,+10.029,+0.943
1684218600,+3.45, +9.822,+10.047,+0.943
1684218660,+3.46, +9.831,+10.044,+0.943
1684218720,+3.46, +9.840,+10.019,+0.943
1684218780,+3.46, +9.804, +9.992,+0.943
1684218840,+3.46, +9.758,+10.003,+0.943
1684218900,+3.46, +9.767,+10.007,+0.943
1684218960,+3.46, +9.785, +9.997,+0.943
1684219020,+3.46, +9.822, +9.981,+0.943
1684219080,+3.46, +9.859, +9.971,+0.943
1684219140,+3.46, +9.850, +9.967,+0.943
1684219200,+3.46, +9.831, +9.984,+0.943
1684219260,+3.46, +9.822, +9.982,+0.943
1684219320,+3.46, +9.804, +9.989,+0.943
1684219380,+3.46, +9.859, +9.955,+0.943
1684219440,+3.46, +9.767, +9.937,+0.943
1684219500,+3.46, +9.739, +9.912,+0.943
1684219560,+3.46, +9.758, +9.882,+0.943
1684219620,+3.46, +9.675, +9.908,+0.943
1684219680,+3.46, +9.712, +9.875,+0.943
1684219740,+3.46, +9.749, +9.860,+0.943
1684219800,+3.46, +9.666, +9.906,+0.943
1684219860,+3.46, +9.629, +9.955,+0.943
1684219920,+3.46, +9.749, +9.950,+0.943
1684219980,+3.46, +9.675, +9.993,+0.943
1684220040,+3.46, +9.694, +9.991,+0.943
1684220100,+3.46, +9.666, +9.995,+0.942
1684220160,+3.46, +9.694, +9.983,+0.943
1684220220,+3.46, +9.648,+10.000,+0.943
1684220280,+3.46, +9.638, +9.999,+0.943
1684220340,+3.46, +9.666, +9.989,+0.943
1684220400,+3.46, +9.675, +9.971,+0.942
1684220460,+3.46, +9.620, +9.997,+0.943
1684220520,+3.46, +9.684, +9.947,+0.942
1684220580,+3.46, +9.611, +9.987,+0.943
1684220640,+3.46, +9.546,+10.022,+0.943
1684220700,+3.46, +9.611, +9.998,+0.943
1684220760,+3.46, +9.620,+10.000,+0.943
1684220820,+3.46, +9.638,+10.004,+0.943
1684220880,+3.46, +9.583,+10.031,+0.942
1684220940,+3.45, +9.565,+10.088,+0.943
1684221000,+3.46, +9.602,+10.090,+0.943
1684221060,+3.46, +9.592,+10.089,+0.943
1684221120,+3.46, +9.528,+10.108,+0.943
1684221180,+3.46, +9.592,+10.076,+0.943
1684221240,+3.46, +9.555,+10.097,+0.943
1684221300,+3.46, +9.519,+10.143,+0.943
1684221360,+3.46, +9.555,+10.195,+0.943
1684221420,+3.46, +9.537,+10.241,+0.943
1684221480,+3.46, +9.546,+10.247,+0.943
1684221540,+3.46, +9.602,+10.232,+0.943
1684221600,+3.46, +9.574,+10.232,+0.943
1684221660,+3.46, +9.574,+10.227,+0.943
1684221720,+3.46, +9.519,+10.262,+0.943
1684221780,+3.46, +9.546,+10.248,+0.944
1684221840,+3.46, +9.555,+10.221,+0.943
1684221900,+3.46, +9.574,+10.198,+0.943
1684221960,+3.46, +9.602,+10.182,+0.943
1684222020,+3.46, +9.509,+10.206,+0.943
1684222080,+3.46, +9.509,+10.200,+0.943
1684222140,+3.46, +9.592,+10.164,+0.943
1684222200,+3.46, +9.565,+10.166,+0.943
1684222260,+3.46, +9.555,+10.158,+0.943
1684222320,+3.46, +9.611,+10.135,+0.943
1684222380,+3.46, +9.592,+10.138,+0.943
1684222440,+3.46, +9.528,+10.176,+0.944
1684222500,+3.46, +9.537,+10.166,+0.943
1684222560,+3.46, +9.583,+10.135,+0.943
1684222620,+3.46, +9.546,+10.146,+0.943
1684222680,+3.46, +9.546,+10.134,+0.943
1684222740,+3.46, +9.528,+10.134,+0.942
1684222800,+3.46, +9.565,+10.116,+0.943
1684222860,+3.46, +9.528,+10.127,+0.943
1684222920,+3.46, +9.537,+10.124,+0.943
1684222980,+3.46, +9.565,+10.109,+0.943
1684223040,+3.46, +9.491,+10.132,+0.943
1684223100,+3.46, +9.500,+10.130,+0.943
1684223160,+3.46, +9.509,+10.131,+0.943
1684223220,+3.46, +9.500,+10.120,+0.943
1684223280,+3.46, +9.565,+10.103,+0.943
1684223340,+3.46, +9.537,+10.109,+0.943
1684223400,+3.46, +9.546,+10.113,+0.943
1684223460,+3.46, +9.546,+10.142,+0.943
1684223520,+3.46, +9.519,+10.182,+0.943
1684223580,+3.46, +9.500,+10.218,+0.943
1684223640,+3.46, +9.537,+10.208,+0.943
1684223700,+3.46, +9.519,+10.231,+0.943
1684223760,+3.46, +9.500,+10.250,+0.943
1684223820,+3.46, +9.528,+10.249,+0.943
1684223880,+3.46, +9.500,+10.268,+0.943
1684223940,+3.46, +9.528,+10.257,+0.943
1684224000,+3.46, +9.509,+10.272,+0.943
1684224060,+3.46, +9.482,+10.320,+0.943
1684224120,+3.46, +9.463,+10.316,+0.943
1684224180,+3.46, +9.491,+10.314,+0.943
1684224240,+3.46, +9.491,+10.321,+0.943
1684224300,+3.46, +9.463,+10.346,+0.943
1684224360,+3.45, +9.491,+10.336,+0.943
1684224420,+3.46, +9.500,+10.339,+0.943
1684224480,+3.46, +9.417,+10.359,+0.943
1684224540,+3.46, +9.454,+10.344,+0.943
1684224600,+3.46, +9.399,+10.359,+0.943
1684224660,+3.45, +9.491,+10.315,+0.943
1684224720,+3.46, +9.436,+10.345,+0.944
1684224780,+3.46, +9.482,+10.336,+0.943
1684224840,+3.46, +9.491,+10.342,+0.943
1684224900,+3.46, +9.463,+10.347,+0.943
1684224960,+3.46, +9.399,+10.379,+0.943
1684225020,+3.46, +9.417,+10.400,+0.943
1684225080,+3.46, +9.509,+10.364,+0.943
1684225140,+3.46, +9.408,+10.436,+0.944
1684225200,+3.46, +9.454,+10.406,+0.943
1684225260,+3.46, +9.473,+10.403,+0.943
1684225320,+3.46, +9.491,+10.391,+0.943
1684225380,+3.46, +9.500,+10.379,+0.943
1684225440,+3.46, +9.426,+10.409,+0.943
1684225500,+3.46, +9.463,+10.392,+0.943
1684225560,+3.46, +9.454,+10.394,+0.943
1684225620,+3.46, +9.537,+10.350,+0.943
1684225680,+3.46, +9.463,+10.388,+0.943
1684225740,+3.45, +9.454,+10.384,+0.943
1684225800,+3.46, +9.454,+10.378,+0.943
1684225860,+3.46, +9.482,+10.366,+0.943
1684225920,+3.46, +9.500,+10.348,+0.943
1684225980,+3.46, +9.519,+10.326,+0.943
1684226040,+3.46, +9.473,+10.348,+0.943
1684226100,+3.46, +9.482,+10.350,+0.943
1684226160,+3.46, +9.454,+10.366,+0.943
1684226220,+3.46, +9.454,+10.358,+0.943
1684226280,+3.46, +9.445,+10.372,+0.943
1684226340,+3.46, +9.482,+10.359,+0.943
1684226400,+3.46, +9.408,+10.396,+0.943
1684226460,+3.46, +9.445,+10.382,+0.943
1684226520,+3.46, +9.500,+10.347,+0.943
1684226580,+3.46, +9.463,+10.372,+0.943
1684226640,+3.46, +9.528,+10.357,+0.943
1684226700,+3.46, +9.436,+10.388,+0.943
1684226760,+3.46, +9.482,+10.367,+0.943
1684226820,+3.46, +9.482,+10.361,+0.943
1684226880,+3.46, +9.436,+10.372,+0.944
1684226940,+3.46, +9.537,+10.311,+0.943
1684227000,+3.46, +9.463,+10.344,+0.943
1684227060,+3.46, +9.491,+10.319,+0.943
1684227120,+3.46, +9.491,+10.326,+0.943
1684227180,+3.46, +9.445,+10.333,+0.943
1684227240,+3.45, +9.463,+10.330,+0.943
1684227300,+3.46, +9.509,+10.312,+0.943
1684227360,+3.46, +9.473,+10.319,+0.943
1684227420,+3.45, +9.509,+10.285,+0.943
1684227480,+3.46, +9.482,+10.291,+0.943
1684227540,+3.45, +9.528,+10.272,+0.943
1684227600,+3.45, +9.482,+10.290,+0.943
1684227660,+3.46, +9.473,+10.278,+0.943
1684227720,+3.45, +9.482,+10.282,+0.943
1684227780,+3.46, +9.491,+10.272,+0.943
1684227840,+3.46, +9.463,+10.273,+0.943
1684227900,+3.46, +9.519,+10.256,+0.943
1684227960,+3.45, +9.491,+10.273,+0.944
1684228020,+3.45, +9.500,+10.265,+0.943
1684228080,+3.46, +9.500,+10.267,+0.943
1684228140,+3.45, +9.445,+10.301,+0.943
1684228200,+3.45, +9.482,+10.302,+0.943
1684228260,+3.45, +9.491,+10.298,+0.943
1684228320,+3.46, +9.509,+10.295,+0.943
1684228380,+3.46, +9.454,+10.312,+0.943
1684228440,+3.45, +9.473,+10.311,+0.943
1684228500,+3.46, +9.537,+10.293,+0.943
1684228560,+3.46, +9.473,+10.325,+0.943
1684228620,+3.46, +9.463,+10.341,+0.943
1684228680,+3.45, +9.491,+10.338,+0.943
1684228740,+3.45, +9.546,+10.320,+0.943
1684228800,+3.45, +9.482,+10.351,+0.943
1684228860,+3.46, +9.473,+10.382,+0.943
1684228920,+3.46, +9.473,+10.381,+0.943
1684228980,+3.46, +9.528,+10.373,+0.943
1684229040,+3.45, +9.482,+10.403,+0.943
1684229100,+3.45, +9.519,+10.388,+0.943
1684229160,+3.46, +9.519,+10.395,+0.943
1684229220,+3.46, +9.500,+10.387,+0.943
1684229280,+3.46, +9.528,+10.376,+0.943
1684229340,+3.45, +9.528,+10.356,+0.943
1684229400,+3.45, +9.509,+10.345,+0.943
1684229460,+3.46, +9.491,+10.341,+0.943
1684229520,+3.46, +9.463,+10.338,+0.943
1684229580,+3.46, +9.454,+10.323,+0.943
1684229640,+3.46, +9.417,+10.342,+0.943
1684229700,+3.46, +9.482,+10.301,+0.943
1684229760,+3.46, +9.445,+10.313,+0.943
1684229820,+3.46, +9.445,+10.314,+0.943
1684229880,+3.45, +9.463,+10.300,+0.943
1684229940,+3.45, +9.463,+10.292,+0.943
1684230000,+3.46, +9.463,+10.292,+0.943
1684230060,+3.46, +9.500,+10.278,+0.943
1684230120,+3.45, +9.426,+10.286,+0.943
1684230180,+3.46, +9.445,+10.287,+0.944
1684230240,+3.45, +9.537,+10.238,+0.943
1684230300,+3.46, +9.445,+10.255,+0.943
1684230360,+3.46, +9.509,+10.218,+0.943
1684230420,+3.46, +9.500,+10.209,+0.943
1684230480,+3.46, +9.463,+10.220,+0.943
1684230540,+3.45, +9.500,+10.199,+0.943
1684230600,+3.46, +9.482,+10.203,+0.943
1684230660,+3.46, +9.454,+10.211,+0.943
1684230720,+3.45, +9.473,+10.203,+0.943
1684230780,+3.46, +9.519,+10.176,+0.943
1684230840,+3.45, +9.519,+10.179,+0.943
1684230900,+3.46, +9.509,+10.182,+0.943
1684230960,+3.45, +9.509,+10.185,+0.943
1684231020,+3.46, +9.519,+10.183,+0.943
1684231080,+3.46, +9.574,+10.170,+0.943
1684231140,+3.45, +9.602,+10.169,+0.943
1684231200,+3.45, +9.602,+10.174,+0.943
1684231260,+3.45, +9.583,+10.193,+0.943
1684231320,+3.45, +9.574,+10.213,+0.943
1684231380,+3.45, +9.638,+10.195,+0.943
1684231440,+3.45, +9.648,+10.199,+0.943
1684231500,+3.45, +9.675,+10.185,+0.943
1684231560,+3.45, +9.638,+10.198,+0.943
1684231620,+3.45, +9.657,+10.198,+0.943
1684231680,+3.45, +9.648,+10.195,+0.943
1684231740,+3.46, +9.620,+10.209,+0.943
1684231800,+3.45, +9.666,+10.199,+0.943
1684231860,+3.45, +9.666,+10.204,+0.943
1684231920,+3.45, +9.657,+10.222,+0.943
1684231980,+3.45, +9.611,+10.253,+0.943
1684232040,+3.45, +9.657,+10.238,+0.943
1684232100,+3.46, +9.592,+10.279,+0.943
1684232160,+3.45, +9.620,+10.267,+0.943
1684232220,+3.45, +9.638,+10.264,+0.943
1684232280,+3.45, +9.620,+10.271,+0.943
1684232340,+3.45, +9.666,+10.247,+0.943
1684232400,+3.46, +9.739,+10.191,+0.944
1684232460,+3.45, +9.932,+10.154,+0.944
1684232520,+3.45,+10.088,+10.228,+0.944
1684232580,+3.46,+10.216,+10.258,+0.944
1684232640,+3.46,+10.325,+10.242,+0.944
1684232700,+3.45,+10.398,+10.222,+0.943
1684232760,+3.46,+10.398,+10.253,+0.944
1684232820,+3.46,+10.489,+10.230,+0.944
1684232880,+3.46,+10.498,+10.226,+0.943
1684232940,+3.45,+10.525,+10.241,+0.944
1684233000,+3.46,+10.561,+10.233,+0.944
1684233060,+3.46,+10.598,+10.228,+0.943
1684233120,+3.46,+10.598,+10.234,+0.943
1684233180,+3.45,+10.634,+10.242,+0.943
1684233240,+3.45,+10.625,+10.259,+0.943
1684233300,+3.45,+10.579,+10.283,+0.943
1684233360,+3.46,+10.652,+10.265,+0.943
1684233420,+3.45,+10.661,+10.266,+0.943
1684233480,+3.45,+10.706,+10.248,+0.943
1684233540,+3.45,+10.634,+10.285,+0.943
1684233600,+3.46,+10.697,+10.264,+0.944
1684233660,+3.46,+10.706,+10.242,+0.943
1684233720,+3.45,+10.670,+10.253,+0.943
1684233780,+3.45,+10.661,+10.271,+0.943
1684233840,+3.45,+10.706,+10.273,+0.944
1684233900,+3.45,+10.761,+10.242,+0.943
1684233960,+3.45,+10.724,+10.274,+0.943
1684234020,+3.46,+10.752,+10.274,+0.943
1684234080,+3.45,+10.734,+10.278,+0.943
1684234140,+3.45,+10.788,+10.260,+0.943
1684234200,+3.46,+10.788,+10.270,+0.943
1684234260,+3.45,+10.842,+10.249,+0.943
1684234320,+3.45,+10.752,+10.281,+0.943
1684234380,+3.45,+10.797,+10.267,+0.943
1684234440,+3.45,+10.779,+10.253,+0.943
1684234500,+3.45,+10.752,+10.257,+0.943
1684234560,+3.45,+10.743,+10.250,+0.943
1684234620,+3.45,+10.734,+10.227,+0.942
1684234680,+3.45,+10.715,+10.232,+0.943
1684234740,+3.45,+10.697,+10.226,+0.943
1684234800,+3.46,+10.688,+10.222,+0.943
1684234860,+3.45,+10.661,+10.191,+0.943
1684234920,+3.45,+10.607,+10.157,+0.943
1684234980,+3.45,+10.598,+10.129,+0.943
1684235040,+3.45,+10.589,+10.126,+0.943
1684235100,+3.46,+10.543,+10.207,+0.943
1684235160,+3.46,+10.516,+10.245,+0.942
1684235220,+3.46,+10.534,+10.265,+0.943
1684235280,+3.45,+10.534,+10.288,+0.943
1684235340,+3.46,+10.525,+10.321,+0.943
1684235400,+3.46,+10.579,+10.290,+0.943
1684235460,+3.46,+10.507,+10.256,+0.943
1684235520,+3.46,+10.534,+10.221,+0.943
1684235580,+3.46,+10.480,+10.233,+0.943
1684235640,+3.46,+10.489,+10.223,+0.943
1684235700,+3.46,+10.480,+10.193,+0.943
1684235760,+3.46,+10.489,+10.175,+0.943
1684235820,+3.46,+10.507,+10.183,+0.943
1684235880,+3.46,+10.461,+10.223,+0.943
1684235940,+3.46,+10.498,+10.201,+0.943
1684236000,+3.46,+10.489,+10.193,+0.943
1684236060,+3.46,+10.507,+10.291,+0.943
1684236120,+3.46,+10.507,+10.338,+0.943
1684236180,+3.46,+10.507,+10.364,+0.943
1684236240,+3.46,+10.525,+10.356,+0.943
1684236300,+3.45,+10.534,+10.365,+0.943
1684236360,+3.46,+10.470,+10.408,+0.943
1684236420,+3.46,+10.498,+10.395,+0.943
1684236480,+3.45,+10.516,+10.400,+0.943
1684236540,+3.46,+10.470,+10.436,+0.943
1684236600,+3.45,+10.507,+10.393,+0.943
1684236660,+3.46,+10.270,+10.252,+0.942
1684236720,+3.46,+10.152,+10.244,+0.943
1684236780,+3.46,+10.197,+10.200,+0.943
1684236840,+3.46,+10.161,+10.136,+0.942
1684236900,+3.45,+10.042,+10.112,+0.942
1684236960,+3.45, +9.923,+10.081,+0.942
1684237020,+3.45, +9.804,+10.048,+0.942
1684237080,+3.45, +9.785,+10.049,+0.942
1684237140,+3.46, +9.859,+10.058,+0.943
1684237200,+3.45, +9.941,+10.074,+0.943
1684237260,+3.45,+10.033,+10.132,+0.944
1684237320,+3.45,+10.024,+10.195,+0.943
1684237380,+3.46,+10.124,+10.205,+0.943
1684237440,+3.46,+10.188,+10.206,+0.943
1684237500,+3.46,+10.252,+10.214,+0.943
1684237560,+3.46,+10.234,+10.237,+0.943
1684237620,+3.46,+10.261,+10.240,+0.943
1684237680,+3.46,+10.243,+10.272,+0.943
1684237740,+3.46,+10.307,+10.294,+0.944
1684237800,+3.46,+10.307,+10.320,+0.944
1684237860,+3.46,+10.261,+10.361,+0.943
1684237920,+3.46,+10.316,+10.354,+0.943
1684237980,+3.46,+10.352,+10.366,+0.943
1684238040,+3.46,+10.352,+10.398,+0.943
1684238100,+3.46,+10.343,+10.422,+0.943
1684238160,+3.46,+10.334,+10.448,+0.943
1684238220,+3.46,+10.316,+10.461,+0.943
1684238280,+3.45,+10.361,+10.442,+0.943
1684238340,+3.45,+10.352,+10.452,+0.943
1684238400,+3.46,+10.370,+10.451,+0.943
1684238460,+3.46,+10.316,+10.468,+0.943
1684238520,+3.46,+10.361,+10.454,+0.943
1684238580,+3.46,+10.343,+10.463,+0.943
1684238640,+3.45,+10.380,+10.449,+0.943
1684238700,+3.46,+10.334,+10.466,+0.943
1684238760,+3.46,+10.334,+10.473,+0.943
1684238820,+3.46,+10.316,+10.468,+0.942
1684238880,+3.45,+10.443,+10.438,+0.943
1684238940,+3.45,+10.370,+10.471,+0.943
1684239000,+3.46,+10.370,+10.471,+0.943
1684239060,+3.45,+10.389,+10.472,+0.943
1684239120,+3.46,+10.307,+10.502,+0.943
1684239180,+3.45,+10.380,+10.478,+0.944
1684239240,+3.46,+10.361,+10.505,+0.943
1684239300,+3.46,+10.334,+10.542,+0.943
1684239360,+3.46,+10.389,+10.500,+0.943
1684239420,+3.46,+10.380,+10.503,+0.943
1684239480,+3.46,+10.370,+10.506,+0.944
1684239540,+3.46,+10.380,+10.477,+0.943
1684239600,+3.46,+10.389,+10.475,+0.943
1684239660,+3.46,+10.361,+10.485,+0.944
1684239720,+3.46,+10.380,+10.451,+0.943
1684239780,+3.46,+10.361,+10.428,+0.943
1684239840,+3.46,+10.370,+10.413,+0.943
1684239900,+3.46,+10.334,+10.426,+0.943
1684239960,+3.46,+10.370,+10.407,+0.943
1684240020,+3.46,+10.334,+10.423,+0.943
1684240080,+3.45,+10.288,+10.433,+0.943
1684240140,+3.45,+10.389,+10.397,+0.943
1684240200,+3.46,+10.380,+10.401,+0.943
1684240260,+3.46,+10.398,+10.377,+0.943
1684240320,+3.46,+10.370,+10.378,+0.943
1684240380,+3.46,+10.425,+10.361,+0.943
1684240440,+3.46,+10.398,+10.368,+0.943
1684240500,+3.46,+10.407,+10.348,+0.943
1684240560,+3.46,+10.380,+10.366,+0.943
1684240620,+3.46,+10.398,+10.320,+0.943
1684240680,+3.46,+10.307,+10.332,+0.943
1684240740,+3.46,+10.316,+10.302,+0.943
1684240800,+3.46,+10.288,+10.272,+0.943
1684240860,+3.46,+10.270,+10.251,+0.943
1684240920,+3.46,+10.279,+10.241,+0.943
1684240980,+3.46,+10.298,+10.236,+0.943
1684241040,+3.45,+10.298,+10.250,+0.943
1684241100,+3.46,+10.270,+10.253,+0.943
1684241160,+3.46,+10.298,+10.233,+0.943
1684241220,+3.46,+10.252,+10.244,+0.943
1684241280,+3.46,+10.288,+10.229,+0.943
1684241340,+3.46,+10.298,+10.225,+0.943
1684241400,+3.46,+10.279,+10.224,+0.943
1684241460,+3.46,+10.316,+10.205,+0.943
1684241520,+3.46,+10.307,+10.204,+0.943
1684241580,+3.46,+10.288,+10.199,+0.943
