7450-798456
OS REV: 1.03 Sensor Cal: 1539277937
Time (sec),  BV (Volts),  T (deg C),  DO (mg/l),  Q ()
1685537640,+3.47,+17.426, +9.755,+0.942
1685537700,+3.47,+17.384, +9.756,+0.942
1685537760,+3.47,+17.392, +9.740,+0.942
1685537820,+3.47,+17.409, +9.746,+0.942
1685537880,+3.47,+17.460, +9.736,+0.942
1685537940,+3.47,+17.494, +9.731,+0.942
1685538000,+3.47,+17.485, +9.743,+0.942
1685538060,+3.47,+17.511, +9.742,+0.943
1685538120,+3.47,+17.307, +9.403,+0.940
1685538180,+3.47,+17.027, +9.767,+0.942
1685538240,+3.47,+17.214, +9.729,+0.942
1685538300,+3.47,+17.256, +9.667,+0.942
1685538360,+3.47,+17.146, +9.687,+0.942
1685538420,+3.47,+17.180, +9.694,+0.942
1685538480,+3.47,+17.189, +9.661,+0.941
1685538540,+3.47,+17.189, +9.678,+0.942
1685538600,+3.47,+17.155, +9.683,+0.942
1685538660,+3.47,+17.155, +9.684,+0.942
1685538720,+3.47,+17.163, +9.665,+0.942
1685538780,+3.47,+17.163, +9.674,+0.942
1685538840,+3.47,+17.146, +9.673,+0.942
1685538900,+3.47,+17.146, +9.674,+0.941
1685538960,+3.47,+17.180, +9.676,+0.942
1685539020,+3.47,+17.180, +9.683,+0.942
1685539080,+3.47,+17.197, +9.676,+0.942
1685539140,+3.47,+17.180, +9.695,+0.942
1685539200,+3.47,+17.163, +9.697,+0.942
1685539260,+3.47,+17.197, +9.681,+0.942
1685539320,+3.47,+17.256, +9.662,+0.942
1685539380,+3.47,+17.239, +9.663,+0.942
1685539440,+3.47,+17.256, +9.659,+0.942
1685539500,+3.47,+17.256, +9.673,+0.942
1685539560,+3.47,+17.256, +9.669,+0.942
1685539620,+3.47,+17.282, +9.653,+0.942
1685539680,+3.47,+17.239, +9.658,+0.942
1685539740,+3.47,+17.290, +9.648,+0.942
1685539800,+3.47,+17.316, +9.656,+0.942
1685539860,+3.47,+17.299, +9.650,+0.942
1685539920,+3.47,+17.290, +9.654,+0.942
1685539980,+3.47,+17.290, +9.664,+0.942
1685540040,+3.47,+17.265, +9.661,+0.941
1685540100,+3.47,+17.299, +9.668,+0.942
1685540160,+3.47,+17.333, +9.658,+0.942
1685540220,+3.47,+17.299, +9.655,+0.942
1685540280,+3.47,+17.350, +9.635,+0.942
1685540340,+3.47,+17.367, +9.634,+0.942
1685540400,+3.47,+17.350, +9.647,+0.943
1685540460,+3.47,+17.341, +9.643,+0.942
1685540520,+3.47,+17.375, +9.631,+0.942
1685540580,+3.47,+17.316, +9.652,+0.942
1685540640,+3.47,+17.392, +9.618,+0.942
1685540700,+3.47,+17.341, +9.628,+0.942
1685540760,+3.47,+17.367, +9.624,+0.942
1685540820,+3.47,+17.392, +9.613,+0.942
1685540880,+3.47,+17.341, +9.644,+0.942
1685540940,+3.47,+17.409, +9.622,+0.942
1685541000,+3.47,+17.367, +9.653,+0.942
1685541060,+3.47,+16.789, +9.586,+0.941
1685541120,+3.47,+16.951, +9.727,+0.943
1685541180,+3.47,+17.172, +9.698,+0.942
1685541240,+3.47,+17.248, +9.694,+0.942
1685541300,+3.47,+17.265, +9.695,+0.942
1685541360,+3.47,+17.316, +9.680,+0.942
1685541420,+3.47,+17.341, +9.672,+0.942
1685541480,+3.47,+17.350, +9.662,+0.942
1685541540,+3.47,+17.375, +9.664,+0.942
1685541600,+3.47,+17.384, +9.646,+0.942
1685541660,+3.47,+17.417, +9.639,+0.942
1685541720,+3.47,+17.358, +9.650,+0.942
1685541780,+3.47,+17.384, +9.646,+0.942
1685541840,+3.47,+17.350, +9.632,+0.941
1685541900,+3.47,+17.341, +9.630,+0.942
1685541960,+3.47,+17.358, +9.630,+0.942
1685542020,+3.47,+17.392, +9.614,+0.942
1685542080,+3.47,+17.384, +9.624,+0.942
1685542140,+3.47,+17.417, +9.613,+0.942
1685542200,+3.47,+17.434, +9.628,+0.942
1685542260,+3.47,+17.434, +9.641,+0.942
1685542320,+3.47,+17.375, +9.671,+0.942
1685542380,+3.47,+17.417, +9.660,+0.942
1685542440,+3.47,+17.426, +9.654,+0.942
1685542500,+3.47,+17.409, +9.673,+0.942
1685542560,+3.47,+17.375, +9.670,+0.942
1685542620,+3.47,+17.409, +9.657,+0.941
1685542680,+3.47,+17.434, +9.666,+0.942
1685542740,+3.47,+17.434, +9.670,+0.942
1685542800,+3.47,+17.434, +9.668,+0.942
1685542860,+3.47,+17.417, +9.685,+0.942
1685542920,+3.47,+17.460, +9.661,+0.942
1685542980,+3.47,+17.451, +9.648,+0.942
1685543040,+3.47,+17.392, +9.670,+0.942
1685543100,+3.47,+17.443, +9.637,+0.942
1685543160,+3.47,+17.460, +9.621,+0.942
1685543220,+3.47,+17.434, +9.628,+0.942
1685543280,+3.47,+17.460, +9.634,+0.942
1685543340,+3.47,+17.417, +9.638,+0.942
1685543400,+3.47,+17.451, +9.637,+0.942
1685543460,+3.47,+17.443, +9.648,+0.942
1685543520,+3.47,+17.417, +9.651,+0.942
1685543580,+3.47,+17.494, +9.649,+0.943
1685543640,+3.47,+17.519, +9.631,+0.942
1685543700,+3.47,+17.426, +9.655,+0.942
1685543760,+3.47,+17.468, +9.628,+0.942
1685543820,+3.47,+17.434, +9.627,+0.941
1685543880,+3.47,+17.460, +9.612,+0.942
1685543940,+3.47,+17.502, +9.467,+0.941
1685544000,+3.47,+16.900, +9.505,+0.941
1685544060,+3.47,+16.823, +9.566,+0.941
1685544120,+3.47,+16.849, +9.655,+0.942
1685544180,+3.47,+17.019, +9.689,+0.942
1685544240,+3.47,+17.163, +9.639,+0.942
1685544300,+3.47,+17.146, +9.665,+0.942
1685544360,+3.47,+17.155, +9.688,+0.942
1685544420,+3.47,+17.222, +9.659,+0.942
1685544480,+3.47,+17.265, +9.655,+0.942
1685544540,+3.47,+17.316, +9.658,+0.942
1685544600,+3.47,+17.341, +9.652,+0.942
1685544660,+3.47,+17.384, +9.643,+0.942
1685544720,+3.47,+17.384, +9.635,+0.942
1685544780,+3.47,+17.392, +9.620,+0.942
1685544840,+3.47,+17.417, +9.617,+0.942
1685544900,+3.47,+17.434, +9.627,+0.942
1685544960,+3.47,+17.426, +9.621,+0.942
1685545020,+3.47,+17.409, +9.640,+0.942
1685545080,+3.47,+17.409, +9.634,+0.942
1685545140,+3.47,+16.823, +9.434,+0.941
1685545200,+3.47,+16.840, +9.610,+0.942
1685545260,+3.47,+16.968, +9.585,+0.942
1685545320,+3.47,+16.985, +9.568,+0.942
1685545380,+3.47,+17.070, +9.576,+0.942
1685545440,+3.47,+17.146, +9.567,+0.941
1685545500,+3.47,+17.222, +9.586,+0.942
1685545560,+3.47,+17.307, +9.584,+0.942
1685545620,+3.47,+17.290, +9.619,+0.942
1685545680,+3.47,+17.384, +9.615,+0.942
1685545740,+3.47,+17.333, +9.643,+0.942
1685545800,+3.47,+17.426, +9.616,+0.942
1685545860,+3.47,+17.434, +9.640,+0.942
1685545920,+3.47,+17.485, +9.642,+0.942
1685545980,+3.47,+17.460, +9.654,+0.943
1685546040,+3.47,+17.494, +9.633,+0.942
1685546100,+3.47,+17.451, +9.657,+0.942
1685546160,+3.47,+17.477, +9.653,+0.942
1685546220,+3.47,+17.502, +9.634,+0.942
1685546280,+3.47,+17.451, +9.619,+0.941
1685546340,+3.47,+17.400, +9.621,+0.942
1685546400,+3.47,+17.460, +9.617,+0.942
1685546460,+3.47,+17.460, +9.616,+0.942
1685546520,+3.47,+16.031, +9.070,+0.938
1685546580,+3.47,+15.035, +9.253,+0.938
1685546640,+3.47,+14.370, +9.572,+0.939
1685546700,+3.47,+14.074, +9.682,+0.939
1685546760,+3.47,+13.909, +9.722,+0.939
1685546820,+3.47,+13.813, +9.731,+0.939
1685546880,+3.47,+13.674, +9.758,+0.939
1685546940,+3.47,+13.682, +9.776,+0.939
1685547000,+3.47,+13.935, +9.894,+0.941
1685547060,+3.47,+14.560, +9.827,+0.941
1685547120,+3.47,+14.966, +9.763,+0.942
1685547180,+3.47,+15.173, +9.735,+0.941
1685547240,+3.47,+15.482, +9.676,+0.942
1685547300,+3.47,+15.697, +9.699,+0.943
1685547360,+3.47,+15.962, +9.639,+0.942
1685547420,+3.47,+16.073, +9.617,+0.942
1685547480,+3.47,+16.219, +9.591,+0.941
1685547540,+3.47,+16.278, +9.600,+0.941
1685547600,+3.47,+16.398, +9.578,+0.941
1685547660,+3.47,+16.449, +9.578,+0.941
1685547720,+3.47,+16.508, +9.603,+0.942
1685547780,+3.47,+16.602, +9.586,+0.942
1685547840,+3.47,+16.713, +9.556,+0.941
1685547900,+3.47,+16.840, +9.536,+0.942
1685547960,+3.47,+16.866, +9.558,+0.942
1685548020,+3.47,+16.840, +9.545,+0.942
1685548080,+3.47,+16.687, +9.402,+0.940
1685548140,+3.47,+16.670, +9.427,+0.941
1685548200,+3.47,+16.721, +9.428,+0.941
1685548260,+3.47,+16.679, +9.446,+0.941
1685548320,+3.47,+16.679, +9.462,+0.942
1685548380,+3.47,+16.721, +9.475,+0.941
1685548440,+3.47,+16.789, +9.490,+0.942
1685548500,+3.47,+16.832, +9.490,+0.942
1685548560,+3.47,+16.840, +9.485,+0.941
1685548620,+3.47,+16.891, +9.497,+0.941
1685548680,+3.47,+16.934, +9.489,+0.942
1685548740,+3.47,+16.900, +9.501,+0.941
1685548800,+3.47,+16.908, +9.506,+0.942
1685548860,+3.47,+16.976, +9.462,+0.941
1685548920,+3.47,+16.942, +9.493,+0.942
1685548980,+3.47,+16.908, +9.515,+0.941
1685549040,+3.47,+16.900, +9.520,+0.942
1685549100,+3.47,+16.908, +9.510,+0.941
1685549160,+3.47,+16.985, +9.480,+0.941
1685549220,+3.47,+17.070, +9.503,+0.941
1685549280,+3.47,+17.087, +9.495,+0.941
1685549340,+3.47,+17.129, +9.506,+0.942
1685549400,+3.47,+17.214, +9.460,+0.942
1685549460,+3.47,+17.222, +9.431,+0.942
1685549520,+3.47,+17.265, +9.454,+0.942
1685549580,+3.47,+17.307, +9.515,+0.942
1685549640,+3.47,+17.367, +9.434,+0.942
1685549700,+3.47,+17.392, +9.408,+0.942
1685549760,+3.47,+17.443, +9.369,+0.941
1685549820,+3.47,+17.460, +9.440,+0.941
1685549880,+3.47,+17.485, +9.547,+0.942
1685549940,+3.47,+17.502, +9.571,+0.942
1685550000,+3.47,+17.536, +9.570,+0.942
1685550060,+3.47,+17.494, +9.539,+0.942
1685550120,+3.47,+17.485, +9.484,+0.942
1685550180,+3.47,+17.443, +9.425,+0.942
1685550240,+3.47,+17.468, +9.393,+0.942
1685550300,+3.47,+17.392, +9.431,+0.941
1685550360,+3.47,+17.434, +9.405,+0.942
1685550420,+3.47,+17.375, +9.409,+0.941
1685550480,+3.47,+17.341, +9.421,+0.942
1685550540,+3.47,+17.358, +9.435,+0.942
1685550600,+3.47,+17.392, +9.453,+0.942
1685550660,+3.47,+17.375, +9.496,+0.941
1685550720,+3.47,+17.358, +9.547,+0.942
1685550780,+3.47,+17.434, +9.554,+0.942
1685550840,+3.47,+17.443, +9.575,+0.942
1685550900,+3.47,+17.443, +9.591,+0.942
1685550960,+3.47,+17.400, +9.609,+0.942
1685551020,+3.47,+17.400, +9.494,+0.941
1685551080,+3.47,+17.307, +9.168,+0.941
1685551140,+3.47,+17.027, +9.294,+0.941
1685551200,+3.47,+16.934, +9.384,+0.942
1685551260,+3.47,+16.908, +9.399,+0.941
1685551320,+3.47,+16.900, +9.366,+0.941
1685551380,+3.47,+16.832, +9.403,+0.941
1685551440,+3.47,+16.730, +9.419,+0.941
1685551500,+3.47,+16.679, +9.340,+0.940
1685551560,+3.47,+16.406, +9.019,+0.938
1685551620,+3.47,+15.620, +9.366,+0.940
1685551680,+3.47,+15.499, +9.457,+0.940
1685551740,+3.47,+15.414, +9.480,+0.941
1685551800,+3.47,+15.439, +9.515,+0.941
1685551860,+3.47,+15.517, +9.532,+0.941
1685551920,+3.47,+15.628, +9.494,+0.940
1685551980,+3.47,+15.688, +9.493,+0.941
1685552040,+3.47,+15.748, +9.516,+0.941
1685552100,+3.47,+15.851, +9.510,+0.941
1685552160,+3.47,+15.919, +9.480,+0.941
1685552220,+3.47,+16.065, +9.457,+0.941
1685552280,+3.47,+16.193, +9.463,+0.942
1685552340,+3.47,+16.270, +9.449,+0.941
1685552400,+3.47,+16.449, +9.381,+0.941
1685552460,+3.47,+16.560, +9.409,+0.942
1685552520,+3.47,+16.755, +9.359,+0.941
1685552580,+3.47,+16.679, +9.346,+0.941
1685552640,+3.47,+16.687, +9.302,+0.941
1685552700,+3.47,+16.560, +9.243,+0.941
1685552760,+3.47,+16.585, +9.370,+0.941
1685552820,+3.47,+16.551, +9.468,+0.941
1685552880,+3.47,+16.440, +9.543,+0.941
1685552940,+3.47,+16.457, +9.522,+0.941
1685553000,+3.47,+16.406, +9.487,+0.941
1685553060,+3.47,+16.364, +9.336,+0.940
1685553120,+3.47,+16.039, +9.320,+0.940
1685553180,+3.47,+15.791, +9.339,+0.940
1685553240,+3.47,+15.594, +9.428,+0.940
1685553300,+3.47,+15.577, +9.449,+0.940
1685553360,+3.47,+15.508, +9.486,+0.941
1685553420,+3.47,+15.525, +9.501,+0.940
1685553480,+3.47,+15.611, +9.497,+0.941
1685553540,+3.47,+15.697, +9.511,+0.941
1685553600,+3.47,+15.662, +9.521,+0.941
1685553660,+3.47,+15.782, +9.513,+0.941
1685553720,+3.47,+15.620, +9.340,+0.940
1685553780,+3.47,+15.336, +9.469,+0.940
1685553840,+3.47,+15.268, +9.422,+0.940
1685553900,+3.47,+15.121, +9.450,+0.939
1685553960,+3.47,+15.026, +9.489,+0.940
1685554020,+3.47,+14.837, +9.571,+0.940
1685554080,+3.47,+14.776, +9.629,+0.939
1685554140,+3.47,+14.750, +9.639,+0.940
1685554200,+3.47,+14.655, +9.669,+0.940
1685554260,+3.47,+14.629, +9.676,+0.941
1685554320,+3.47,+14.621, +9.676,+0.940
1685554380,+3.47,+14.517, +9.703,+0.940
1685554440,+3.47,+14.526, +9.711,+0.940
1685554500,+3.47,+14.474, +9.725,+0.941
1685554560,+3.47,+14.396, +9.834,+0.941
1685554620,+3.47,+14.292, +9.907,+0.941
1685554680,+3.47,+14.257, +9.906,+0.941
1685554740,+3.47,+14.283, +9.868,+0.941
1685554800,+3.47,+14.239, +9.873,+0.940
1685554860,+3.47,+14.196, +9.890,+0.941
1685554920,+3.47,+14.179, +9.869,+0.941
1685554980,+3.47,+14.257, +9.809,+0.941
1685555040,+3.47,+14.318, +9.752,+0.941
1685555100,+3.47,+14.422, +9.733,+0.941
1685555160,+3.47,+14.612, +9.728,+0.942
1685555220,+3.47,+14.690, +9.709,+0.941
1685555280,+3.47,+14.785, +9.674,+0.942
1685555340,+3.47,+14.871, +9.652,+0.941
1685555400,+3.47,+14.776, +9.630,+0.941
1685555460,+3.47,+14.716, +9.639,+0.941
1685555520,+3.47,+14.586, +9.633,+0.940
1685555580,+3.47,+14.396, +9.718,+0.941
1685555640,+3.47,+14.361, +9.751,+0.941
1685555700,+3.47,+14.248, +9.779,+0.940
1685555760,+3.47,+14.283, +9.760,+0.941
1685555820,+3.47,+14.309, +9.725,+0.941
1685555880,+3.47,+14.092, +9.732,+0.940
1685555940,+3.47,+14.022, +9.779,+0.941
1685556000,+3.47,+13.883, +9.887,+0.940
1685556060,+3.47,+13.900, +9.904,+0.940
1685556120,+3.47,+13.787, +9.926,+0.941
1685556180,+3.47,+13.770, +9.912,+0.941
1685556240,+3.47,+13.709, +9.920,+0.941
1685556300,+3.47,+13.656, +9.949,+0.941
1685556360,+3.47,+13.770, +9.904,+0.941
1685556420,+3.47,+13.770, +9.884,+0.941
1685556480,+3.47,+13.787, +9.880,+0.941
1685556540,+3.47,+13.866, +9.817,+0.941
1685556600,+3.47,+13.857, +9.786,+0.941
1685556660,+3.47,+13.866, +9.764,+0.940
1685556720,+3.47,+13.831, +9.783,+0.941
1685556780,+3.47,+13.796, +9.817,+0.941
1685556840,+3.47,+13.813, +9.808,+0.941
1685556900,+3.47,+13.743, +9.813,+0.941
1685556960,+3.47,+13.761, +9.805,+0.941
1685557020,+3.47,+13.796, +9.793,+0.941
1685557080,+3.47,+13.874, +9.748,+0.941
1685557140,+3.47,+13.979, +9.716,+0.942
1685557200,+3.47,+14.100, +9.664,+0.941
1685557260,+3.47,+14.196, +9.629,+0.942
1685557320,+3.47,+14.274, +9.598,+0.941
1685557380,+3.47,+14.326, +9.580,+0.941
1685557440,+3.47,+14.309, +9.635,+0.942
1685557500,+3.47,+14.707, +9.594,+0.942
1685557560,+3.47,+14.966, +9.628,+0.943
1685557620,+3.47,+15.138, +9.620,+0.942
1685557680,+3.47,+15.225, +9.612,+0.942
1685557740,+3.47,+15.353, +9.602,+0.942
1685557800,+3.47,+15.405, +9.575,+0.941
1685557860,+3.47,+15.448, +9.635,+0.942
1685557920,+3.47,+15.104, +9.312,+0.939
1685557980,+3.47,+14.491, +9.501,+0.939
1685558040,+3.47,+14.092, +9.676,+0.940
1685558100,+3.47,+13.996, +9.749,+0.940
1685558160,+3.47,+13.909, +9.753,+0.940
1685558220,+3.47,+13.822, +9.762,+0.940
1685558280,+3.47,+13.804, +9.753,+0.940
1685558340,+3.47,+13.726, +9.777,+0.941
1685558400,+3.47,+13.752, +9.828,+0.941
1685558460,+3.47,+13.700, +9.873,+0.941
1685558520,+3.47,+13.612, +9.841,+0.940
1685558580,+3.47,+13.508, +9.749,+0.940
1685558640,+3.47,+13.411, +9.778,+0.940
1685558700,+3.47,+13.271, +9.799,+0.940
1685558760,+3.47,+13.131, +9.829,+0.940
1685558820,+3.47,+13.104, +9.823,+0.940
1685558880,+3.47,+13.025, +9.850,+0.941
1685558940,+3.47,+12.955, +9.780,+0.940
1685559000,+3.47,+12.858, +9.796,+0.940
1685559060,+3.47,+12.832, +9.793,+0.940
1685559120,+3.47,+12.735, +9.798,+0.940
1685559180,+3.47,+12.629, +9.834,+0.940
1685559240,+3.47,+12.487, +9.745,+0.940
1685559300,+3.47,+12.221, +9.837,+0.940
1685559360,+3.47,+12.061, +9.840,+0.940
1685559420,+3.47,+11.955, +9.864,+0.940
1685559480,+3.47,+11.839, +9.851,+0.940
1685559540,+3.47,+11.741, +9.835,+0.941
1685559600,+3.47,+11.660, +9.827,+0.940
1685559660,+3.47,+11.553, +9.846,+0.941
1685559720,+3.47,+11.508, +9.837,+0.941
1685559780,+3.47,+11.445, +9.866,+0.941
1685559840,+3.47,+11.445, +9.863,+0.941
1685559900,+3.47,+11.418, +9.853,+0.940
1685559960,+3.47,+11.436, +9.849,+0.941
1685560020,+3.47,+11.427, +9.844,+0.941
1685560080,+3.47,+11.427, +9.850,+0.941
1685560140,+3.47,+11.400, +9.859,+0.941
1685560200,+3.47,+11.409, +9.864,+0.941
1685560260,+3.47,+11.499, +9.845,+0.941
1685560320,+3.47,+11.526, +9.865,+0.942
1685560380,+3.47,+11.499, +9.871,+0.941
1685560440,+3.47,+11.535, +9.889,+0.941
1685560500,+3.47,+11.651, +9.879,+0.942
1685560560,+3.47,+11.678, +9.935,+0.942
1685560620,+3.47,+11.785, +9.935,+0.942
1685560680,+3.47,+11.812, +9.977,+0.942
1685560740,+3.47,+11.955, +9.959,+0.942
1685560800,+3.47,+12.008, +9.954,+0.942
1685560860,+3.47,+12.133, +9.916,+0.942
1685560920,+3.47,+12.213, +9.895,+0.942
1685560980,+3.47,+12.310, +9.887,+0.942
1685561040,+3.47,+12.319, +9.852,+0.942
1685561100,+3.47,+12.381, +9.809,+0.941
1685561160,+3.47,+12.372, +9.815,+0.942
1685561220,+3.47,+12.408, +9.845,+0.942
1685561280,+3.47,+12.372, +9.742,+0.941
1685561340,+3.47,+12.275, +9.774,+0.942
1685561400,+3.47,+12.159, +9.786,+0.941
1685561460,+3.47,+12.079, +9.876,+0.941
1685561520,+3.47,+12.061, +9.930,+0.941
1685561580,+3.47,+12.044, +9.952,+0.941
1685561640,+3.47,+11.999, +9.960,+0.941
1685561700,+3.47,+12.026, +9.933,+0.941
1685561760,+3.47,+11.990, +9.922,+0.942
1685561820,+3.47,+11.972, +9.932,+0.941
1685561880,+3.47,+11.981, +9.930,+0.941
1685561940,+3.47,+11.928, +9.929,+0.941
1685562000,+3.47,+11.883, +9.953,+0.942
1685562060,+3.47,+11.874, +9.907,+0.941
1685562120,+3.47,+11.821, +9.912,+0.941
1685562180,+3.47,+11.776, +9.979,+0.941
1685562240,+3.47,+11.767, +9.972,+0.941
1685562300,+3.47,+11.696,+10.009,+0.942
1685562360,+3.47,+11.714, +9.992,+0.942
1685562420,+3.47,+11.732, +9.989,+0.941
1685562480,+3.47,+11.678,+10.002,+0.941
1685562540,+3.47,+11.660, +9.989,+0.941
1685562600,+3.47,+11.732, +9.951,+0.941
1685562660,+3.47,+11.696, +9.971,+0.942
1685562720,+3.47,+11.687, +9.962,+0.942
1685562780,+3.47,+11.732, +9.936,+0.941
1685562840,+3.47,+11.696, +9.950,+0.942
1685562900,+3.47,+11.714, +9.942,+0.942
1685562960,+3.47,+11.732, +9.935,+0.942
1685563020,+3.47,+11.705, +9.940,+0.942
1685563080,+3.47,+11.714, +9.932,+0.942
1685563140,+3.47,+11.732, +9.923,+0.942
1685563200,+3.47,+11.678, +9.942,+0.942
1685563260,+3.47,+11.723, +9.903,+0.941
1685563320,+3.47,+11.732, +9.902,+0.942
1685563380,+3.47,+11.714, +9.887,+0.942
1685563440,+3.47,+11.883, +9.852,+0.942
1685563500,+3.47,+11.910, +9.860,+0.942
1685563560,+3.47,+11.928, +9.884,+0.942
1685563620,+3.47,+11.937, +9.873,+0.941
1685563680,+3.47,+11.910, +9.857,+0.942
1685563740,+3.47,+11.812, +9.809,+0.941
1685563800,+3.47,+11.803, +9.770,+0.941
1685563860,+3.47,+11.776, +9.798,+0.941
1685563920,+3.47,+11.687, +9.820,+0.941
1685563980,+3.47,+11.633, +9.823,+0.941
1685564040,+3.47,+11.571, +9.655,+0.941
1685564100,+3.47,+11.463, +9.571,+0.941
1685564160,+3.47,+11.338, +9.573,+0.941
1685564220,+3.47,+11.248, +9.599,+0.941
1685564280,+3.47,+11.185, +9.618,+0.941
1685564340,+3.47,+11.167, +9.624,+0.941
1685564400,+3.47,+11.113, +9.643,+0.941
1685564460,+3.47,+11.140, +9.622,+0.941
1685564520,+3.47,+11.095, +9.634,+0.941
1685564580,+3.47,+11.050, +9.649,+0.941
1685564640,+3.47,+11.068, +9.647,+0.941
1685564700,+3.47,+11.095, +9.644,+0.941
1685564760,+3.47,+11.212, +9.616,+0.941
1685564820,+3.47,+11.239, +9.612,+0.941
1685564880,+3.47,+11.302, +9.636,+0.941
1685564940,+3.47,+11.400, +9.681,+0.941
1685565000,+3.47,+11.463, +9.798,+0.942
1685565060,+3.47,+11.580, +9.858,+0.942
1685565120,+3.47,+11.562, +9.914,+0.943
1685565180,+3.47,+11.660, +9.875,+0.942
1685565240,+3.47,+11.758, +9.761,+0.942
1685565300,+3.47,+11.785, +9.848,+0.942
1685565360,+3.47,+11.839, +9.821,+0.942
1685565420,+3.47,+11.830, +9.896,+0.942
1685565480,+3.47,+11.812, +9.960,+0.942
1685565540,+3.47,+11.714,+10.002,+0.941
1685565600,+3.47,+11.776,+10.008,+0.941
1685565660,+3.47,+11.714, +9.925,+0.941
1685565720,+3.47,+11.544, +9.753,+0.942
1685565780,+3.47,+11.454, +9.737,+0.942
1685565840,+3.47,+11.463, +9.714,+0.941
1685565900,+3.47,+11.472, +9.703,+0.941
1685565960,+3.47,+11.463, +9.673,+0.941
1685566020,+3.47,+11.463, +9.658,+0.941
1685566080,+3.47,+11.472, +9.635,+0.941
1685566140,+3.47,+11.400, +9.656,+0.942
1685566200,+3.47,+11.427, +9.650,+0.942
1685566260,+3.47,+11.356, +9.667,+0.942
1685566320,+3.47,+11.374, +9.632,+0.941
1685566380,+3.47,+11.365, +9.672,+0.941
1685566440,+3.47,+11.311, +9.688,+0.941
1685566500,+3.47,+11.311, +9.694,+0.941
1685566560,+3.47,+11.302, +9.687,+0.941
1685566620,+3.47,+11.293, +9.685,+0.941
1685566680,+3.47,+11.293, +9.673,+0.942
1685566740,+3.47,+11.257, +9.544,+0.941
1685566800,+3.47,+11.104, +9.484,+0.941
1685566860,+3.47,+11.077, +9.494,+0.941
1685566920,+3.47,+11.050, +9.536,+0.941
1685566980,+3.47,+11.095, +9.518,+0.941
1685567040,+3.47,+11.014, +9.560,+0.941
1685567100,+3.47,+11.041, +9.591,+0.941
1685567160,+3.47,+11.122, +9.587,+0.941
1685567220,+3.47,+11.077, +9.636,+0.942
1685567280,+3.47,+11.167, +9.607,+0.941
1685567340,+3.47,+11.167, +9.651,+0.941
1685567400,+3.47,+11.284, +9.667,+0.942
1685567460,+3.47,+11.374, +9.648,+0.942
1685567520,+3.47,+11.427, +9.686,+0.941
1685567580,+3.47,+11.463, +9.705,+0.942
1685567640,+3.47,+11.562, +9.688,+0.942
1685567700,+3.47,+11.705, +9.685,+0.941
1685567760,+3.47,+11.741, +9.664,+0.942
1685567820,+3.47,+11.750, +9.690,+0.942
1685567880,+3.47,+11.785, +9.716,+0.942
1685567940,+3.47,+11.723, +9.741,+0.942
1685568000,+3.47,+11.705, +9.754,+0.942
1685568060,+3.47,+11.669, +9.754,+0.942
1685568120,+3.47,+11.660, +9.750,+0.941
1685568180,+3.47,+11.642, +9.748,+0.941
1685568240,+3.47,+11.642, +9.742,+0.942
1685568300,+3.47,+11.615, +9.738,+0.941
1685568360,+3.47,+11.660, +9.717,+0.941
1685568420,+3.47,+11.615, +9.732,+0.941
1685568480,+3.47,+11.642, +9.729,+0.942
1685568540,+3.47,+11.723, +9.742,+0.942
1685568600,+3.47,+11.678, +9.756,+0.942
1685568660,+3.47,+11.705, +9.719,+0.941
1685568720,+3.47,+11.624, +9.696,+0.941
1685568780,+3.47,+11.642, +9.684,+0.941
1685568840,+3.47,+11.580, +9.710,+0.942
1685568900,+3.47,+11.642, +9.674,+0.941
1685568960,+3.47,+11.669, +9.653,+0.941
1685569020,+3.47,+11.651, +9.645,+0.941
1685569080,+3.47,+11.633, +9.651,+0.942
1685569140,+3.47,+11.669, +9.631,+0.941
1685569200,+3.47,+11.723, +9.623,+0.941
1685569260,+3.47,+11.741, +9.699,+0.942
1685569320,+3.47,+11.874, +9.686,+0.942
1685569380,+3.47,+11.848, +9.698,+0.942
1685569440,+3.47,+11.857, +9.653,+0.942
1685569500,+3.47,+11.857, +9.616,+0.942
1685569560,+3.47,+11.830, +9.605,+0.941
1685569620,+3.47,+11.803, +9.601,+0.942
1685569680,+3.47,+11.794, +9.534,+0.941
1685569740,+3.47,+11.687, +9.505,+0.941
1685569800,+3.47,+11.615, +9.499,+0.941
1685569860,+3.47,+11.615, +9.465,+0.941
1685569920,+3.47,+11.615, +9.437,+0.941
1685569980,+3.47,+11.651, +9.428,+0.941
1685570040,+3.47,+11.723, +9.469,+0.941
1685570100,+3.47,+11.821, +9.584,+0.942
1685570160,+3.47,+11.946, +9.584,+0.942
1685570220,+3.47,+11.901, +9.517,+0.942
1685570280,+3.47,+11.839, +9.483,+0.941
1685570340,+3.47,+11.910, +9.556,+0.942
1685570400,+3.47,+11.910, +9.617,+0.942
1685570460,+3.47,+11.972, +9.651,+0.941
1685570520,+3.47,+12.035, +9.610,+0.941
1685570580,+3.47,+12.053, +9.620,+0.941
1685570640,+3.47,+12.070, +9.631,+0.942
1685570700,+3.47,+12.159, +9.692,+0.942
1685570760,+3.47,+12.248, +9.686,+0.941
1685570820,+3.47,+12.292, +9.662,+0.942
1685570880,+3.47,+12.239, +9.662,+0.942
1685570940,+3.47,+12.168, +9.620,+0.942
1685571000,+3.47,+12.195, +9.575,+0.941
1685571060,+3.47,+12.195, +9.584,+0.941
1685571120,+3.47,+12.177, +9.628,+0.942
1685571180,+3.47,+12.186, +9.631,+0.941
1685571240,+3.47,+12.319, +9.646,+0.942
1685571300,+3.47,+12.638, +9.581,+0.942
1685571360,+3.47,+13.157, +9.498,+0.943
1685571420,+3.47,+13.578, +9.478,+0.942
1685571480,+3.47,+13.909, +9.459,+0.943
1685571540,+3.47,+14.135, +9.442,+0.942
1685571600,+3.47,+14.370, +9.425,+0.942
1685571660,+3.47,+14.491, +9.472,+0.942
1685571720,+3.47,+14.560, +9.445,+0.942
1685571780,+3.47,+14.465, +9.269,+0.942
1685571840,+3.47,+14.361, +9.305,+0.941
1685571900,+3.47,+14.404, +9.351,+0.941
1685571960,+3.47,+14.361, +9.282,+0.941
1685572020,+3.47,+14.248, +9.499,+0.941
1685572080,+3.47,+13.804, +9.291,+0.940
1685572140,+3.47,+13.726, +9.451,+0.941
1685572200,+3.47,+13.709, +9.470,+0.941
1685572260,+3.47,+13.665, +9.431,+0.940
1685572320,+3.47,+13.674, +9.489,+0.941
1685572380,+3.47,+13.796, +9.505,+0.941
1685572440,+3.47,+13.839, +9.527,+0.941
1685572500,+3.47,+13.961, +9.586,+0.941
1685572560,+3.47,+13.961, +9.678,+0.941
1685572620,+3.47,+14.040, +9.748,+0.942
1685572680,+3.47,+14.127, +9.589,+0.941
1685572740,+3.47,+14.074, +9.551,+0.941
1685572800,+3.47,+14.048, +9.530,+0.941
1685572860,+3.47,+13.961, +9.518,+0.940
1685572920,+3.47,+13.953, +9.518,+0.941
1685572980,+3.47,+13.961, +9.493,+0.940
1685573040,+3.47,+13.979, +9.471,+0.940
1685573100,+3.47,+13.970, +9.450,+0.941
1685573160,+3.47,+13.883, +9.464,+0.941
1685573220,+3.47,+13.926, +9.455,+0.941
1685573280,+3.47,+13.822, +9.544,+0.940
1685573340,+3.47,+13.743, +9.484,+0.940
1685573400,+3.47,+13.700, +9.474,+0.940
1685573460,+3.47,+13.639, +9.476,+0.940
1685573520,+3.47,+13.612, +9.500,+0.941
1685573580,+3.47,+13.499, +9.304,+0.940
1685573640,+3.47,+13.175, +9.291,+0.940
1685573700,+3.47,+13.078, +9.321,+0.940
1685573760,+3.47,+13.025, +9.375,+0.941
1685573820,+3.47,+13.069, +9.415,+0.941
1685573880,+3.47,+13.157, +9.411,+0.941
1685573940,+3.47,+13.262, +9.396,+0.941
1685574000,+3.47,+13.262, +9.373,+0.940
1685574060,+3.47,+13.245, +9.415,+0.941
1685574120,+3.47,+13.297, +9.454,+0.941
1685574180,+3.47,+13.333, +9.448,+0.941
1685574240,+3.47,+13.359, +9.487,+0.941
1685574300,+3.47,+13.376, +9.435,+0.941
1685574360,+3.47,+13.333, +9.411,+0.941
1685574420,+3.47,+13.245, +9.374,+0.940
1685574480,+3.47,+13.183, +9.365,+0.940
1685574540,+3.47,+13.043, +9.353,+0.940
1685574600,+3.47,+13.025, +9.368,+0.940
1685574660,+3.47,+12.981, +9.406,+0.941
1685574720,+3.47,+12.929, +9.423,+0.941
1685574780,+3.47,+12.876, +9.420,+0.941
1685574840,+3.47,+12.796, +9.436,+0.940
1685574900,+3.47,+12.779, +9.437,+0.941
1685574960,+3.47,+12.726, +9.432,+0.940
1685575020,+3.47,+12.708, +9.449,+0.941
1685575080,+3.47,+12.735, +9.435,+0.941
1685575140,+3.47,+12.770, +9.313,+0.940
1685575200,+3.47,+12.673, +9.394,+0.941
1685575260,+3.47,+12.540, +9.534,+0.941
1685575320,+3.47,+12.523, +9.545,+0.940
1685575380,+3.47,+12.416, +9.628,+0.941
1685575440,+3.47,+12.416, +9.618,+0.941
1685575500,+3.47,+12.416, +9.637,+0.941
1685575560,+3.47,+12.452, +9.583,+0.940
1685575620,+3.47,+12.443, +9.574,+0.941
1685575680,+3.47,+12.505, +9.558,+0.941
1685575740,+3.47,+12.611, +9.499,+0.941
1685575800,+3.47,+12.425, +9.446,+0.941
1685575860,+3.47,+12.284, +9.594,+0.940
1685575920,+3.47,+12.124, +9.766,+0.940
1685575980,+3.47,+11.999, +9.702,+0.941
1685576040,+3.47,+11.972, +9.699,+0.941
1685576100,+3.47,+11.937, +9.722,+0.941
1685576160,+3.47,+11.928, +9.728,+0.941
1685576220,+3.47,+11.910, +9.730,+0.941
1685576280,+3.47,+11.848, +9.736,+0.941
1685576340,+3.47,+11.830, +9.746,+0.941
1685576400,+3.47,+11.901, +9.722,+0.941
1685576460,+3.47,+11.874, +9.725,+0.942
1685576520,+3.47,+11.857, +9.680,+0.941
1685576580,+3.47,+11.839, +9.622,+0.941
1685576640,+3.47,+11.794, +9.607,+0.941
1685576700,+3.47,+11.732, +9.643,+0.941
1685576760,+3.47,+11.723, +9.663,+0.941
1685576820,+3.47,+11.723, +9.678,+0.941
1685576880,+3.47,+11.758, +9.648,+0.941
1685576940,+3.47,+11.678, +9.654,+0.941
1685577000,+3.47,+11.705, +9.631,+0.941
1685577060,+3.47,+11.642, +9.642,+0.941
1685577120,+3.47,+11.705, +9.605,+0.941
1685577180,+3.47,+11.651, +9.604,+0.941
1685577240,+3.47,+11.678, +9.491,+0.941
1685577300,+3.47,+11.624, +9.438,+0.941
1685577360,+3.47,+11.589, +9.418,+0.941
1685577420,+3.47,+11.499, +9.407,+0.941
1685577480,+3.47,+11.472, +9.419,+0.941
1685577540,+3.47,+11.418, +9.433,+0.941
1685577600,+3.47,+11.418, +9.431,+0.941
1685577660,+3.47,+11.418, +9.437,+0.941
1685577720,+3.47,+11.400, +9.440,+0.941
1685577780,+3.47,+11.400, +9.422,+0.941
1685577840,+3.47,+11.374, +9.415,+0.941
1685577900,+3.47,+11.374, +9.410,+0.941
1685577960,+3.47,+11.400, +9.395,+0.941
1685578020,+3.47,+11.383, +9.423,+0.942
1685578080,+3.47,+11.454, +9.458,+0.941
1685578140,+3.47,+11.544, +9.514,+0.941
1685578200,+3.47,+11.589, +9.596,+0.942
1685578260,+3.47,+11.589, +9.639,+0.942
1685578320,+3.47,+11.669, +9.620,+0.941
1685578380,+3.47,+11.687, +9.627,+0.942
1685578440,+3.47,+11.714, +9.625,+0.942
1685578500,+3.47,+11.794, +9.592,+0.942
1685578560,+3.47,+11.776, +9.591,+0.941
1685578620,+3.47,+11.857, +9.577,+0.941
1685578680,+3.47,+11.866, +9.587,+0.941
1685578740,+3.47,+11.910, +9.595,+0.941
1685578800,+3.47,+11.937, +9.562,+0.941
1685578860,+3.47,+11.981, +9.483,+0.941
1685578920,+3.47,+11.937, +9.475,+0.942
1685578980,+3.47,+11.981, +9.428,+0.941
1685579040,+3.47,+11.892, +9.441,+0.941
1685579100,+3.47,+11.972, +9.392,+0.941
1685579160,+3.47,+11.919, +9.489,+0.941
1685579220,+3.47,+11.981, +9.579,+0.942
1685579280,+3.47,+11.937, +9.643,+0.942
1685579340,+3.47,+11.910, +9.671,+0.942
1685579400,+3.47,+11.892, +9.716,+0.941
1685579460,+3.47,+11.937, +9.692,+0.942
1685579520,+3.47,+11.892, +9.709,+0.942
1685579580,+3.47,+11.866, +9.727,+0.941
1685579640,+3.47,+11.919, +9.704,+0.941
1685579700,+3.47,+11.874, +9.719,+0.941
1685579760,+3.47,+11.839, +9.754,+0.941
1685579820,+3.47,+11.883, +9.741,+0.941
1685579880,+3.47,+11.892, +9.732,+0.941
1685579940,+3.47,+11.839, +9.710,+0.941
1685580000,+3.47,+11.874, +9.818,+0.941
1685580060,+3.47,+11.794, +9.777,+0.941
1685580120,+3.47,+11.651, +9.468,+0.941
1685580180,+3.47,+11.580, +9.346,+0.941
1685580240,+3.47,+11.517, +9.331,+0.941
1685580300,+3.47,+11.508, +9.328,+0.941
1685580360,+3.47,+11.481, +9.341,+0.941
1685580420,+3.47,+11.535, +9.364,+0.941
1685580480,+3.47,+11.624, +9.418,+0.941
1685580540,+3.47,+11.696, +9.513,+0.942
1685580600,+3.47,+11.785, +9.565,+0.942
1685580660,+3.47,+11.981, +9.623,+0.942
1685580720,+3.47,+12.292, +9.619,+0.942
1685580780,+3.47,+12.478, +9.590,+0.942
1685580840,+3.47,+12.540, +9.554,+0.942
1685580900,+3.47,+12.505, +9.525,+0.942
1685580960,+3.47,+12.478, +9.330,+0.942
1685581020,+3.47,+12.372, +9.281,+0.941
1685581080,+3.47,+12.292, +9.304,+0.941
1685581140,+3.47,+12.221, +9.320,+0.941
1685581200,+3.47,+12.213, +9.317,+0.941
1685581260,+3.47,+12.204, +9.328,+0.941
1685581320,+3.47,+12.230, +9.308,+0.941
1685581380,+3.47,+12.284, +9.348,+0.941
1685581440,+3.47,+12.408, +9.376,+0.941
1685581500,+3.47,+12.832, +9.717,+0.945
1685581560,+3.47,+13.961, +9.469,+0.944
1685581620,+3.47,+14.742, +9.309,+0.944
1685581680,+3.47,+15.207, +9.154,+0.943
1685581740,+3.47,+14.257, +8.677,+0.938
1685581800,+3.47,+13.804, +9.311,+0.942
1685581860,+3.47,+13.796, +8.963,+0.940
1685581920,+3.47,+13.543, +9.149,+0.940
1685581980,+3.47,+13.874, +9.219,+0.942
1685582040,+3.47,+14.300, +9.176,+0.942
1685582100,+3.47,+14.776, +9.300,+0.943
1685582160,+3.47,+15.156, +9.281,+0.943
1685582220,+3.47,+15.568, +9.274,+0.942
1685582280,+3.47,+15.808, +9.278,+0.942
1685582340,+3.47,+16.039, +9.273,+0.942
1685582400,+3.47,+16.107, +9.345,+0.942
1685582460,+3.47,+16.338, +9.282,+0.942
1685582520,+3.47,+16.398, +9.233,+0.942
1685582580,+3.47,+16.406, +9.203,+0.942
1685582640,+3.47,+16.525, +9.148,+0.942
1685582700,+3.47,+16.551, +9.154,+0.942
1685582760,+3.47,+16.560, +9.152,+0.941
1685582820,+3.47,+16.534, +9.186,+0.942
1685582880,+3.47,+16.619, +9.169,+0.941
1685582940,+3.47,+16.636, +9.181,+0.941
1685583000,+3.47,+16.713, +9.115,+0.941
1685583060,+3.47,+16.755, +9.086,+0.941
1685583120,+3.47,+16.840, +9.110,+0.941
1685583180,+3.47,+16.925, +9.113,+0.942
1685583240,+3.47,+16.917, +9.125,+0.941
1685583300,+3.47,+16.951, +9.212,+0.941
1685583360,+3.47,+17.010, +9.230,+0.941
1685583420,+3.47,+16.993, +9.240,+0.941
1685583480,+3.47,+16.993, +9.251,+0.941
1685583540,+3.47,+17.036, +9.217,+0.941
1685583600,+3.47,+16.993, +9.214,+0.941
1685583660,+3.47,+17.053, +9.230,+0.941
1685583720,+3.47,+17.078, +9.172,+0.941
1685583780,+3.47,+17.036, +9.167,+0.941
1685583840,+3.47,+17.087, +9.093,+0.941
1685583900,+3.47,+17.036, +9.099,+0.941
1685583960,+3.47,+17.061, +9.106,+0.941
1685584020,+3.47,+17.095, +9.224,+0.941
1685584080,+3.47,+17.070, +9.305,+0.941
1685584140,+3.47,+17.070, +9.239,+0.941
1685584200,+3.47,+17.087, +9.215,+0.941
1685584260,+3.47,+17.095, +9.217,+0.941
1685584320,+3.47,+17.061, +9.202,+0.942
1685584380,+3.47,+17.027, +9.164,+0.941
1685584440,+3.47,+17.010, +9.132,+0.941
1685584500,+3.47,+16.908, +9.200,+0.941
1685584560,+3.47,+16.849, +9.337,+0.941
1685584620,+3.47,+16.840, +9.448,+0.941
1685584680,+3.47,+16.823, +9.493,+0.942
1685584740,+3.47,+16.798, +9.501,+0.941
1685584800,+3.47,+16.781, +9.495,+0.941
1685584860,+3.47,+16.781, +9.498,+0.941
1685584920,+3.47,+16.730, +9.494,+0.941
1685584980,+3.47,+16.713, +9.498,+0.941
1685585040,+3.47,+16.738, +9.495,+0.941
1685585100,+3.47,+16.840, +9.445,+0.941
1685585160,+3.47,+16.815, +9.427,+0.941
1685585220,+3.47,+16.713, +9.023,+0.940
1685585280,+3.47,+16.278, +9.041,+0.940
1685585340,+3.47,+16.039, +9.022,+0.940
1685585400,+3.47,+15.662, +8.952,+0.939
1685585460,+3.47,+15.439, +9.040,+0.940
1685585520,+3.47,+15.388, +9.028,+0.939
1685585580,+3.47,+15.233, +9.072,+0.940
1685585640,+3.47,+15.216, +9.089,+0.940
1685585700,+3.47,+15.293, +9.135,+0.940
1685585760,+3.47,+15.482, +9.176,+0.940
1685585820,+3.47,+15.680, +9.233,+0.941
1685585880,+3.47,+15.800, +9.295,+0.941
1685585940,+3.47,+15.911, +9.310,+0.941
1685586000,+3.47,+16.048, +9.309,+0.941
1685586060,+3.47,+16.082, +9.302,+0.941
1685586120,+3.47,+16.253, +9.281,+0.941
1685586180,+3.47,+16.227, +9.283,+0.941
1685586240,+3.47,+16.372, +9.250,+0.941
1685586300,+3.47,+16.304, +9.182,+0.940
1685586360,+3.47,+15.662, +8.883,+0.938
1685586420,+3.47,+15.585, +9.269,+0.941
1685586480,+3.47,+15.156, +8.747,+0.937
1685586540,+3.47,+14.335, +8.918,+0.937
1685586600,+3.47,+13.874, +9.043,+0.938
1685586660,+3.47,+13.420, +9.170,+0.938
1685586720,+3.47,+13.140, +9.233,+0.939
1685586780,+3.47,+12.946, +9.323,+0.939
1685586840,+3.47,+12.779, +9.355,+0.939
1685586900,+3.47,+12.638, +9.407,+0.939
1685586960,+3.47,+12.576, +9.439,+0.940
1685587020,+3.47,+12.461, +9.491,+0.940
1685587080,+3.47,+12.284, +9.498,+0.940
1685587140,+3.47,+12.097, +9.380,+0.939
1685587200,+3.47,+12.008, +9.383,+0.939
1685587260,+3.47,+11.972, +9.416,+0.940
1685587320,+3.47,+11.883, +9.446,+0.940
1685587380,+3.47,+11.883, +9.447,+0.940
1685587440,+3.47,+11.892, +9.463,+0.940
1685587500,+3.47,+11.883, +9.479,+0.940
1685587560,+3.47,+11.928, +9.572,+0.941
1685587620,+3.47,+12.230, +9.512,+0.941
1685587680,+3.47,+12.346, +9.504,+0.941
1685587740,+3.47,+12.629, +9.495,+0.942
1685587800,+3.47,+13.140, +9.538,+0.942
1685587860,+3.47,+13.752, +9.537,+0.943
1685587920,+3.47,+14.335, +9.489,+0.943
1685587980,+3.47,+14.664, +9.169,+0.941
1685588040,+3.47,+14.257, +9.193,+0.941
1685588100,+3.47,+14.005, +9.124,+0.940
1685588160,+3.47,+13.726, +9.230,+0.940
1685588220,+3.47,+13.604, +9.292,+0.940
1685588280,+3.47,+13.473, +9.334,+0.940
1685588340,+3.47,+13.324, +9.365,+0.940
1685588400,+3.47,+13.245, +9.339,+0.940
1685588460,+3.47,+13.227, +9.228,+0.940
1685588520,+3.47,+12.752, +9.116,+0.939
1685588580,+3.47,+12.470, +9.250,+0.940
1685588640,+3.47,+12.363, +9.302,+0.940
1685588700,+3.47,+12.354, +9.371,+0.941
1685588760,+3.47,+12.416, +9.390,+0.941
1685588820,+3.47,+12.673, +9.494,+0.942
1685588880,+3.47,+12.867, +9.477,+0.942
1685588940,+3.47,+13.034, +9.478,+0.941
1685589000,+3.47,+13.183, +9.587,+0.941
1685589060,+3.47,+13.271, +9.748,+0.942
1685589120,+3.47,+13.411, +9.772,+0.942
1685589180,+3.47,+13.508, +9.806,+0.941
1685589240,+3.47,+13.586, +9.782,+0.941
1685589300,+3.47,+13.630, +9.789,+0.942
1685589360,+3.47,+13.735, +9.794,+0.941
1685589420,+3.47,+13.813, +9.758,+0.942
1685589480,+3.47,+13.883, +9.694,+0.941
1685589540,+3.47,+14.005, +9.624,+0.942
1685589600,+3.47,+14.283, +9.492,+0.942
1685589660,+3.47,+14.448, +9.408,+0.942
1685589720,+3.47,+14.543, +9.359,+0.942
1685589780,+3.47,+14.629, +9.349,+0.942
1685589840,+3.47,+14.690, +9.339,+0.941
1685589900,+3.47,+14.742, +9.336,+0.941
1685589960,+3.47,+14.750, +9.315,+0.941
1685590020,+3.47,+14.448, +9.182,+0.940
1685590080,+3.47,+14.196, +9.216,+0.940
1685590140,+3.47,+13.883, +9.263,+0.939
1685590200,+3.47,+13.639, +9.372,+0.940
1685590260,+3.47,+13.578, +9.390,+0.940
1685590320,+3.47,+13.499, +9.404,+0.941
1685590380,+3.47,+13.403, +9.405,+0.940
1685590440,+3.47,+13.324, +9.405,+0.940
1685590500,+3.47,+13.324, +9.367,+0.940
1685590560,+3.47,+13.271, +9.392,+0.940
1685590620,+3.47,+13.245, +9.435,+0.941
1685590680,+3.47,+13.236, +9.471,+0.941
1685590740,+3.47,+13.245, +9.481,+0.941
1685590800,+3.47,+13.324, +9.485,+0.941
1685590860,+3.47,+13.306, +9.531,+0.941
1685590920,+3.47,+13.368, +9.553,+0.941
1685590980,+3.47,+13.385, +9.555,+0.941
1685591040,+3.47,+13.446, +9.529,+0.941
1685591100,+3.47,+13.455, +9.551,+0.941
1685591160,+3.47,+13.411, +9.585,+0.941
1685591220,+3.47,+13.446, +9.568,+0.941
1685591280,+3.47,+13.490, +9.551,+0.941
1685591340,+3.47,+13.455, +9.563,+0.941
1685591400,+3.47,+13.464, +9.549,+0.941
1685591460,+3.47,+13.490, +9.545,+0.941
1685591520,+3.47,+13.455, +9.555,+0.941
1685591580,+3.47,+13.508, +9.538,+0.941
1685591640,+3.47,+13.612, +9.507,+0.941
1685591700,+3.47,+13.534, +9.510,+0.940
1685591760,+3.47,+13.508, +9.514,+0.941
1685591820,+3.47,+13.604, +9.434,+0.941
1685591880,+3.47,+13.595, +9.405,+0.941
1685591940,+3.47,+13.569, +9.388,+0.941
1685592000,+3.47,+13.639, +9.367,+0.941
1685592060,+3.47,+13.647, +9.348,+0.940
1685592120,+3.47,+13.647, +9.362,+0.941
1685592180,+3.47,+13.682, +9.349,+0.941
1685592240,+3.47,+13.778, +9.344,+0.941
1685592300,+3.47,+13.804, +9.392,+0.941
1685592360,+3.47,+13.726, +9.371,+0.941
1685592420,+3.47,+13.691, +9.552,+0.941
1685592480,+3.47,+13.726, +9.602,+0.941
1685592540,+3.47,+13.726, +9.686,+0.941
1685592600,+3.47,+13.752, +9.662,+0.941
1685592660,+3.47,+13.717, +9.604,+0.941
1685592720,+3.47,+13.709, +9.578,+0.941
1685592780,+3.47,+13.726, +9.558,+0.941
1685592840,+3.47,+13.665, +9.489,+0.941
1685592900,+3.47,+13.691, +9.457,+0.940
1685592960,+3.47,+13.621, +9.486,+0.941
1685593020,+3.47,+13.656, +9.495,+0.941
1685593080,+3.47,+13.595, +9.448,+0.941
1685593140,+3.47,+13.578, +9.577,+0.940
1685593200,+3.47,+13.490, +9.489,+0.941
1685593260,+3.47,+13.245, +9.440,+0.940
1685593320,+3.47,+13.148, +9.486,+0.940
1685593380,+3.47,+13.122, +9.520,+0.941
1685593440,+3.47,+13.043, +9.549,+0.940
1685593500,+3.47,+13.008, +9.532,+0.940
1685593560,+3.47,+12.990, +9.555,+0.941
1685593620,+3.47,+13.017, +9.532,+0.940
1685593680,+3.47,+13.025, +9.571,+0.941
1685593740,+3.47,+13.096, +9.583,+0.941
1685593800,+3.47,+13.192, +9.580,+0.941
1685593860,+3.47,+13.210, +9.575,+0.941
1685593920,+3.47,+13.227, +9.614,+0.941
1685593980,+3.47,+13.210, +9.605,+0.941
1685594040,+3.47,+13.262, +9.627,+0.941
1685594100,+3.47,+13.236, +9.626,+0.941
1685594160,+3.47,+13.157, +9.566,+0.941
1685594220,+3.47,+13.166, +9.675,+0.941
1685594280,+3.47,+13.131, +9.745,+0.941
1685594340,+3.47,+13.113, +9.738,+0.941
1685594400,+3.47,+13.087, +9.705,+0.941
1685594460,+3.47,+13.034, +9.671,+0.941
1685594520,+3.47,+13.017, +9.638,+0.941
1685594580,+3.47,+12.964, +9.635,+0.940
1685594640,+3.47,+13.008, +9.624,+0.941
1685594700,+3.47,+12.981, +9.613,+0.941
1685594760,+3.47,+13.017, +9.606,+0.941
1685594820,+3.47,+13.034, +9.624,+0.941
1685594880,+3.47,+13.025, +9.660,+0.941
1685594940,+3.47,+13.060, +9.670,+0.941
1685595000,+3.47,+13.025, +9.691,+0.941
1685595060,+3.47,+13.017, +9.691,+0.941
1685595120,+3.47,+13.017, +9.695,+0.941
1685595180,+3.47,+13.069, +9.669,+0.940
1685595240,+3.47,+13.017, +9.709,+0.942
1685595300,+3.47,+13.087, +9.674,+0.941
1685595360,+3.47,+13.060, +9.687,+0.942
1685595420,+3.47,+12.981, +9.708,+0.941
1685595480,+3.47,+13.043, +9.682,+0.941
1685595540,+3.47,+13.087, +9.686,+0.941
1685595600,+3.47,+13.060, +9.704,+0.941
1685595660,+3.47,+13.060, +9.709,+0.941
1685595720,+3.47,+13.078, +9.700,+0.941
1685595780,+3.47,+13.060, +9.704,+0.941
1685595840,+3.47,+13.060, +9.721,+0.941
1685595900,+3.47,+13.078, +9.747,+0.941
1685595960,+3.47,+13.025, +9.773,+0.941
1685596020,+3.47,+13.008, +9.784,+0.941
1685596080,+3.47,+13.025, +9.755,+0.941
1685596140,+3.47,+13.043, +9.704,+0.941
1685596200,+3.47,+13.043, +9.747,+0.941
1685596260,+3.47,+12.999, +9.646,+0.941
1685596320,+3.47,+12.946, +9.593,+0.940
1685596380,+3.47,+12.876, +9.616,+0.941
1685596440,+3.47,+12.814, +9.689,+0.941
1685596500,+3.47,+12.858, +9.650,+0.941
1685596560,+3.47,+12.788, +9.681,+0.941
1685596620,+3.47,+12.752, +9.702,+0.941
1685596680,+3.47,+12.699, +9.708,+0.942
1685596740,+3.47,+12.761, +9.660,+0.940
1685596800,+3.47,+12.743, +9.666,+0.941
1685596860,+3.47,+12.691, +9.654,+0.941
1685596920,+3.47,+12.735, +9.608,+0.941
1685596980,+3.47,+12.699, +9.603,+0.941
1685597040,+3.47,+12.717, +9.599,+0.941
1685597100,+3.47,+12.752, +9.574,+0.941
1685597160,+3.47,+12.752, +9.568,+0.941
1685597220,+3.47,+12.646, +9.466,+0.941
1685597280,+3.47,+12.523, +9.506,+0.941
1685597340,+3.47,+12.478, +9.544,+0.941
1685597400,+3.47,+12.416, +9.571,+0.941
1685597460,+3.47,+12.399, +9.590,+0.941
1685597520,+3.47,+12.434, +9.569,+0.941
1685597580,+3.47,+12.470, +9.541,+0.941
1685597640,+3.47,+12.461, +9.520,+0.941
1685597700,+3.47,+12.470, +9.513,+0.941
1685597760,+3.47,+12.532, +9.509,+0.941
1685597820,+3.47,+12.549, +9.524,+0.942
1685597880,+3.47,+12.611, +9.522,+0.941
1685597940,+3.47,+12.620, +9.547,+0.941
1685598000,+3.47,+12.708, +9.553,+0.941
1685598060,+3.47,+12.717, +9.567,+0.941
1685598120,+3.47,+12.761, +9.569,+0.941
1685598180,+3.47,+12.735, +9.592,+0.941
1685598240,+3.47,+12.805, +9.609,+0.941
1685598300,+3.47,+12.849, +9.625,+0.941
1685598360,+3.47,+12.805, +9.710,+0.941
1685598420,+3.47,+12.832, +9.734,+0.941
1685598480,+3.47,+12.823, +9.752,+0.941
1685598540,+3.47,+12.858, +9.738,+0.941
1685598600,+3.47,+12.805, +9.746,+0.941
1685598660,+3.47,+12.788, +9.709,+0.941
1685598720,+3.47,+12.796, +9.639,+0.941
1685598780,+3.47,+12.814, +9.634,+0.941
1685598840,+3.47,+12.805, +9.701,+0.941
1685598900,+3.47,+12.814, +9.715,+0.941
1685598960,+3.47,+12.788, +9.782,+0.941
1685599020,+3.47,+12.858, +9.769,+0.941
1685599080,+3.47,+12.849, +9.647,+0.941
1685599140,+3.47,+12.832, +9.456,+0.941
1685599200,+3.47,+12.752, +9.497,+0.941
1685599260,+3.47,+12.682, +9.537,+0.941
1685599320,+3.47,+12.673, +9.507,+0.941
1685599380,+3.47,+12.655, +9.537,+0.941
1685599440,+3.47,+12.620, +9.552,+0.941
1685599500,+3.47,+12.611, +9.545,+0.941
1685599560,+3.47,+12.593, +9.533,+0.941
1685599620,+3.47,+12.611, +9.529,+0.941
1685599680,+3.47,+12.620, +9.526,+0.941
1685599740,+3.47,+12.593, +9.544,+0.941
1685599800,+3.47,+12.593, +9.543,+0.941
1685599860,+3.47,+12.611, +9.542,+0.941
1685599920,+3.47,+12.602, +9.547,+0.941
1685599980,+3.47,+12.558, +9.607,+0.941
1685600040,+3.47,+12.585, +9.633,+0.941
1685600100,+3.47,+12.593, +9.647,+0.941
1685600160,+3.47,+12.620, +9.657,+0.941
1685600220,+3.47,+12.629, +9.646,+0.941
1685600280,+3.47,+12.664, +9.676,+0.941
1685600340,+3.47,+12.682, +9.714,+0.941
1685600400,+3.47,+12.646, +9.701,+0.941
1685600460,+3.47,+12.629, +9.610,+0.941
1685600520,+3.47,+12.585, +9.554,+0.941
1685600580,+3.47,+12.514, +9.583,+0.941
1685600640,+3.47,+12.452, +9.564,+0.941
1685600700,+3.47,+12.399, +9.569,+0.941
1685600760,+3.47,+12.372, +9.532,+0.941
1685600820,+3.47,+12.266, +9.536,+0.940
1685600880,+3.47,+12.168, +9.569,+0.941
1685600940,+3.47,+12.141, +9.579,+0.941
1685601000,+3.47,+12.115, +9.586,+0.941
1685601060,+3.47,+12.026, +9.625,+0.941
1685601120,+3.47,+12.017, +9.624,+0.942
1685601180,+3.47,+12.044, +9.602,+0.941
1685601240,+3.47,+12.061, +9.607,+0.941
1685601300,+3.47,+12.079, +9.601,+0.941
1685601360,+3.47,+12.150, +9.587,+0.941
1685601420,+3.47,+12.186, +9.608,+0.941
1685601480,+3.47,+12.213, +9.610,+0.942
1685601540,+3.47,+12.230, +9.588,+0.941
1685601600,+3.47,+12.221, +9.601,+0.941
1685601660,+3.47,+12.195, +9.598,+0.941
1685601720,+3.47,+12.221, +9.597,+0.941
1685601780,+3.47,+12.213, +9.607,+0.941
1685601840,+3.47,+12.230, +9.594,+0.941
1685601900,+3.47,+12.168, +9.615,+0.941
1685601960,+3.47,+12.159, +9.608,+0.941
1685602020,+3.47,+12.239, +9.591,+0.941
1685602080,+3.47,+12.195, +9.595,+0.941
1685602140,+3.47,+12.195, +9.596,+0.941
1685602200,+3.47,+12.141, +9.618,+0.941
1685602260,+3.47,+12.186, +9.597,+0.941
1685602320,+3.47,+12.213, +9.584,+0.941
1685602380,+3.47,+12.150, +9.595,+0.941
1685602440,+3.47,+12.177, +9.573,+0.941
1685602500,+3.47,+12.177, +9.570,+0.941
1685602560,+3.47,+12.221, +9.561,+0.941
1685602620,+3.47,+12.221, +9.557,+0.941
1685602680,+3.47,+12.266, +9.563,+0.942
1685602740,+3.47,+12.310, +9.555,+0.941
1685602800,+3.47,+12.257, +9.552,+0.941
1685602860,+3.47,+12.257, +9.534,+0.941
1685602920,+3.47,+12.221, +9.553,+0.941
1685602980,+3.47,+12.168, +9.602,+0.941
1685603040,+3.47,+12.106, +9.637,+0.941
1685603100,+3.47,+12.159, +9.635,+0.942
1685603160,+3.47,+12.159, +9.630,+0.941
1685603220,+3.47,+12.070, +9.659,+0.942
1685603280,+3.47,+12.124, +9.621,+0.941
1685603340,+3.47,+12.168, +9.597,+0.941
1685603400,+3.47,+12.221, +9.579,+0.941
1685603460,+3.47,+12.319, +9.578,+0.941
1685603520,+3.47,+12.381, +9.578,+0.942
1685603580,+3.47,+12.408, +9.572,+0.942
1685603640,+3.47,+12.390, +9.583,+0.941
1685603700,+3.47,+12.416, +9.576,+0.941
1685603760,+3.47,+12.399, +9.570,+0.941
1685603820,+3.47,+12.363, +9.537,+0.942
1685603880,+3.47,+12.328, +9.541,+0.941
1685603940,+3.47,+12.275, +9.529,+0.941
1685604000,+3.47,+12.248, +9.549,+0.941
1685604060,+3.47,+12.186, +9.566,+0.941
1685604120,+3.47,+12.115, +9.613,+0.941
1685604180,+3.47,+12.070, +9.640,+0.941
1685604240,+3.47,+12.044, +9.653,+0.941
1685604300,+3.47,+12.088, +9.645,+0.941
1685604360,+3.47,+12.070, +9.654,+0.941
1685604420,+3.47,+12.053, +9.648,+0.941
1685604480,+3.47,+12.035, +9.647,+0.941
1685604540,+3.47,+12.079, +9.633,+0.941
1685604600,+3.47,+12.044, +9.649,+0.941
1685604660,+3.47,+12.141, +9.652,+0.941
1685604720,+3.47,+12.248, +9.626,+0.942
1685604780,+3.47,+12.275, +9.579,+0.941
1685604840,+3.47,+12.257, +9.675,+0.942
1685604900,+3.47,+12.408, +9.677,+0.941
1685604960,+3.47,+12.390, +9.701,+0.941
1685605020,+3.47,+12.292, +9.633,+0.941
1685605080,+3.47,+12.239, +9.611,+0.941
1685605140,+3.47,+12.159, +9.633,+0.941
1685605200,+3.47,+12.133, +9.618,+0.941
1685605260,+3.47,+12.124, +9.620,+0.941
1685605320,+3.47,+12.088, +9.632,+0.941
1685605380,+3.47,+12.106, +9.635,+0.942
1685605440,+3.47,+12.150, +9.597,+0.941
1685605500,+3.47,+12.053, +9.646,+0.942
1685605560,+3.47,+12.115, +9.616,+0.941
1685605620,+3.47,+12.044, +9.670,+0.941
1685605680,+3.47,+11.972, +9.716,+0.941
1685605740,+3.47,+11.955, +9.729,+0.941
1685605800,+3.47,+11.990, +9.709,+0.941
1685605860,+3.47,+11.937, +9.755,+0.942
1685605920,+3.47,+11.955, +9.753,+0.941
1685605980,+3.47,+11.990, +9.745,+0.941
1685606040,+3.47,+11.981, +9.758,+0.941
1685606100,+3.47,+11.981, +9.744,+0.941
1685606160,+3.47,+11.955, +9.770,+0.941
1685606220,+3.47,+11.874, +9.766,+0.941
1685606280,+3.47,+11.741, +9.780,+0.942
1685606340,+3.47,+11.812, +9.732,+0.941
1685606400,+3.47,+11.794, +9.737,+0.941
1685606460,+3.47,+11.732, +9.732,+0.941
1685606520,+3.47,+11.741, +9.725,+0.941
1685606580,+3.47,+11.723, +9.726,+0.941
1685606640,+3.47,+11.723, +9.721,+0.941
1685606700,+3.47,+11.767, +9.722,+0.942
1685606760,+3.47,+11.741, +9.744,+0.942
1685606820,+3.47,+11.785, +9.760,+0.942
1685606880,+3.47,+11.803, +9.788,+0.941
1685606940,+3.47,+11.874, +9.773,+0.942
1685607000,+3.47,+11.919, +9.749,+0.942
1685607060,+3.47,+11.910, +9.743,+0.942
1685607120,+3.47,+11.964, +9.715,+0.941
1685607180,+3.47,+11.972, +9.714,+0.942
1685607240,+3.47,+12.035, +9.714,+0.941
1685607300,+3.47,+12.035, +9.723,+0.942
1685607360,+3.47,+12.061, +9.711,+0.942
1685607420,+3.47,+12.044, +9.724,+0.942
1685607480,+3.47,+12.017, +9.688,+0.941
1685607540,+3.47,+12.008, +9.688,+0.941
1685607600,+3.47,+11.964, +9.723,+0.941
1685607660,+3.47,+11.937, +9.733,+0.941
1685607720,+3.47,+11.901, +9.749,+0.941
1685607780,+3.47,+11.857, +9.767,+0.941
1685607840,+3.47,+11.848, +9.767,+0.941
1685607900,+3.47,+11.874, +9.756,+0.942
1685607960,+3.47,+11.937, +9.719,+0.941
1685608020,+3.47,+11.964, +9.708,+0.941
1685608080,+3.47,+11.937, +9.736,+0.942
1685608140,+3.47,+11.964, +9.727,+0.941
1685608200,+3.47,+11.990, +9.725,+0.941
1685608260,+3.47,+11.964, +9.748,+0.941
1685608320,+3.47,+12.017, +9.739,+0.941
1685608380,+3.47,+12.008, +9.764,+0.941
1685608440,+3.47,+12.035, +9.769,+0.942
1685608500,+3.47,+12.026, +9.775,+0.942
1685608560,+3.47,+12.106, +9.778,+0.941
1685608620,+3.47,+12.070, +9.836,+0.941
1685608680,+3.47,+11.999, +9.859,+0.941
1685608740,+3.47,+12.008, +9.855,+0.941
1685608800,+3.47,+11.946, +9.877,+0.941
1685608860,+3.47,+12.008, +9.867,+0.942
1685608920,+3.47,+11.946, +9.870,+0.941
1685608980,+3.47,+11.946, +9.842,+0.942
1685609040,+3.47,+11.955, +9.826,+0.941
1685609100,+3.47,+11.964, +9.817,+0.941
1685609160,+3.47,+12.026, +9.790,+0.941
1685609220,+3.47,+11.972, +9.824,+0.941
1685609280,+3.47,+11.981, +9.839,+0.942
1685609340,+3.47,+11.972, +9.844,+0.941
1685609400,+3.47,+11.990, +9.839,+0.941
1685609460,+3.47,+12.053, +9.818,+0.942
1685609520,+3.47,+11.981, +9.830,+0.941
1685609580,+3.47,+11.981, +9.842,+0.942
1685609640,+3.47,+12.035, +9.819,+0.941
1685609700,+3.47,+11.999, +9.843,+0.942
1685609760,+3.47,+11.990, +9.849,+0.941
1685609820,+3.47,+11.990, +9.861,+0.942
1685609880,+3.47,+12.044, +9.843,+0.942
1685609940,+3.47,+12.044, +9.837,+0.941
1685610000,+3.47,+12.026, +9.846,+0.941
1685610060,+3.47,+12.079, +9.825,+0.941
1685610120,+3.47,+12.053, +9.846,+0.941
1685610180,+3.47,+12.035, +9.860,+0.942
1685610240,+3.47,+12.044, +9.845,+0.942
1685610300,+3.47,+12.070, +9.831,+0.941
1685610360,+3.47,+12.008, +9.855,+0.941
1685610420,+3.47,+12.053, +9.839,+0.941
1685610480,+3.47,+12.079, +9.826,+0.941
1685610540,+3.47,+12.017, +9.869,+0.941
1685610600,+3.47,+12.061, +9.855,+0.941
1685610660,+3.47,+12.097, +9.839,+0.941
1685610720,+3.47,+12.053, +9.867,+0.941
1685610780,+3.47,+12.017, +9.924,+0.941
1685610840,+3.47,+12.044, +9.903,+0.941
1685610900,+3.47,+12.061, +9.893,+0.941
1685610960,+3.47,+12.053, +9.904,+0.941
1685611020,+3.47,+12.008, +9.921,+0.942
1685611080,+3.47,+12.044, +9.899,+0.941
1685611140,+3.47,+12.008, +9.904,+0.941
1685611200,+3.47,+12.008, +9.904,+0.941
1685611260,+3.47,+12.044, +9.915,+0.941
1685611320,+3.47,+12.061, +9.943,+0.941
1685611380,+3.47,+12.035, +9.955,+0.941
1685611440,+3.47,+12.026, +9.950,+0.941
1685611500,+3.47,+12.053, +9.940,+0.941
1685611560,+3.47,+12.008, +9.948,+0.942
1685611620,+3.47,+12.026, +9.938,+0.941
1685611680,+3.47,+12.026, +9.937,+0.941
1685611740,+3.47,+12.008, +9.936,+0.941
1685611800,+3.47,+12.026, +9.936,+0.942
1685611860,+3.47,+12.088, +9.903,+0.941
1685611920,+3.47,+11.972, +9.942,+0.941
1685611980,+3.47,+12.017, +9.924,+0.941
1685612040,+3.47,+12.079, +9.896,+0.942
1685612100,+3.47,+12.026, +9.931,+0.941
1685612160,+3.47,+12.017, +9.935,+0.941
1685612220,+3.47,+11.955, +9.888,+0.941
1685612280,+3.47,+11.937, +9.880,+0.941
1685612340,+3.47,+11.910, +9.881,+0.941
1685612400,+3.47,+11.857, +9.904,+0.942
1685612460,+3.47,+11.910, +9.878,+0.941
1685612520,+3.47,+11.892, +9.869,+0.942
1685612580,+3.47,+11.866, +9.872,+0.941
1685612640,+3.47,+11.839, +9.857,+0.941
1685612700,+3.47,+11.767, +9.863,+0.941
1685612760,+3.47,+11.857, +9.809,+0.941
1685612820,+3.47,+11.794, +9.808,+0.941
1685612880,+3.47,+11.758, +9.763,+0.941
1685612940,+3.47,+11.669, +9.703,+0.941
1685613000,+3.47,+11.544, +9.712,+0.941
1685613060,+3.47,+11.615, +9.666,+0.941
1685613120,+3.47,+11.499, +9.692,+0.941
1685613180,+3.47,+11.517, +9.662,+0.941
1685613240,+3.47,+11.517, +9.662,+0.941
1685613300,+3.47,+11.481, +9.679,+0.941
1685613360,+3.47,+11.508, +9.671,+0.941
1685613420,+3.47,+11.535, +9.664,+0.941
1685613480,+3.47,+11.490, +9.693,+0.941
1685613540,+3.47,+11.526, +9.730,+0.941
1685613600,+3.47,+11.553, +9.743,+0.941
1685613660,+3.47,+11.553, +9.746,+0.942
1685613720,+3.47,+11.544, +9.716,+0.941
1685613780,+3.47,+11.490, +9.729,+0.941
1685613840,+3.47,+11.562, +9.714,+0.941
1685613900,+3.47,+11.526, +9.708,+0.941
1685613960,+3.47,+11.562, +9.712,+0.941
1685614020,+3.47,+11.598, +9.721,+0.941
1685614080,+3.47,+11.562, +9.758,+0.942
1685614140,+3.47,+11.624, +9.781,+0.942
1685614200,+3.47,+11.687, +9.772,+0.942
1685614260,+3.47,+11.669, +9.797,+0.942
1685614320,+3.47,+11.776, +9.810,+0.942
1685614380,+3.47,+11.785, +9.891,+0.941
1685614440,+3.47,+11.830, +9.950,+0.942
1685614500,+3.47,+11.883,+10.034,+0.942
1685614560,+3.47,+11.848,+10.063,+0.942
1685614620,+3.47,+11.946,+10.074,+0.942
1685614680,+3.47,+12.017,+10.059,+0.942
1685614740,+3.47,+12.106,+10.035,+0.942
1685614800,+3.47,+12.079,+10.028,+0.941
1685614860,+3.47,+12.213, +9.991,+0.942
1685614920,+3.47,+12.284, +9.978,+0.942
1685614980,+3.47,+12.301, +9.971,+0.942
1685615040,+3.47,+12.337, +9.953,+0.942
1685615100,+3.47,+12.390, +9.928,+0.942
1685615160,+3.47,+12.399, +9.911,+0.941
1685615220,+3.47,+12.337, +9.927,+0.942
1685615280,+3.47,+12.381, +9.897,+0.941
1685615340,+3.47,+12.337, +9.941,+0.941
1685615400,+3.47,+12.452, +9.909,+0.942
1685615460,+3.47,+12.381, +9.941,+0.941
1685615520,+3.47,+12.346, +9.956,+0.942
1685615580,+3.47,+12.381, +9.934,+0.941
1685615640,+3.47,+12.390, +9.928,+0.941
1685615700,+3.47,+12.337, +9.932,+0.941
1685615760,+3.47,+12.372, +9.917,+0.942
1685615820,+3.47,+12.328, +9.934,+0.942
1685615880,+3.47,+12.416, +9.897,+0.941
1685615940,+3.47,+12.381, +9.911,+0.941
1685616000,+3.47,+12.319, +9.921,+0.941
1685616060,+3.47,+12.337, +9.907,+0.941
1685616120,+3.47,+12.346, +9.922,+0.941
1685616180,+3.47,+12.408, +9.931,+0.941
1685616240,+3.47,+12.496, +9.946,+0.941
1685616300,+3.47,+12.549,+10.036,+0.942
1685616360,+3.47,+12.735, +9.961,+0.942
1685616420,+3.47,+12.796, +9.942,+0.941
1685616480,+3.47,+12.911, +9.888,+0.942
1685616540,+3.47,+13.008, +9.840,+0.941
1685616600,+3.47,+12.937, +9.854,+0.941
1685616660,+3.47,+12.840, +9.836,+0.941
1685616720,+3.47,+12.814, +9.794,+0.940
1685616780,+3.47,+12.699, +9.853,+0.941
1685616840,+3.47,+12.655, +9.898,+0.941
1685616900,+3.47,+12.567, +9.941,+0.941
1685616960,+3.47,+12.540, +9.951,+0.941
1685617020,+3.47,+12.505, +9.983,+0.941
1685617080,+3.47,+12.487,+10.005,+0.941
1685617140,+3.47,+12.478,+10.013,+0.941
1685617200,+3.47,+12.558, +9.980,+0.941
1685617260,+3.47,+12.514, +9.998,+0.941
1685617320,+3.47,+12.558, +9.991,+0.941
1685617380,+3.47,+12.602, +9.974,+0.941
1685617440,+3.47,+12.629, +9.972,+0.941
1685617500,+3.47,+12.664, +9.956,+0.941
1685617560,+3.47,+12.664, +9.951,+0.941
1685617620,+3.47,+12.691, +9.934,+0.941
1685617680,+3.47,+12.699, +9.903,+0.941
1685617740,+3.47,+12.691, +9.897,+0.941
1685617800,+3.47,+12.602, +9.979,+0.941
1685617860,+3.47,+12.558,+10.033,+0.941
1685617920,+3.47,+12.549,+10.043,+0.941
1685617980,+3.47,+12.558,+10.001,+0.941
1685618040,+3.47,+12.496, +9.961,+0.941
1685618100,+3.47,+12.478,+10.016,+0.941
1685618160,+3.47,+12.549, +9.987,+0.941
1685618220,+3.47,+12.629, +9.963,+0.941
1685618280,+3.47,+12.638, +9.947,+0.941
1685618340,+3.47,+12.620, +9.939,+0.941
1685618400,+3.47,+12.673, +9.916,+0.941
1685618460,+3.47,+12.699, +9.912,+0.942
1685618520,+3.47,+12.664, +9.922,+0.941
1685618580,+3.47,+12.664, +9.935,+0.941
1685618640,+3.47,+12.664, +9.937,+0.941
1685618700,+3.47,+12.611, +9.947,+0.941
1685618760,+3.47,+12.593, +9.929,+0.941
1685618820,+3.47,+12.576, +9.941,+0.941
1685618880,+3.47,+12.629, +9.935,+0.941
1685618940,+3.47,+12.593, +9.956,+0.942
1685619000,+3.47,+12.620, +9.942,+0.941
1685619060,+3.47,+12.646, +9.931,+0.941
1685619120,+3.47,+12.655, +9.946,+0.941
1685619180,+3.47,+12.682, +9.955,+0.941
1685619240,+3.47,+12.735, +9.948,+0.941
1685619300,+3.47,+12.646,+10.021,+0.941
1685619360,+3.47,+12.752, +9.982,+0.941
1685619420,+3.47,+12.655, +9.961,+0.941
1685619480,+3.47,+12.682, +9.898,+0.941
1685619540,+3.47,+12.620, +9.897,+0.941
1685619600,+3.47,+12.699, +9.872,+0.941
1685619660,+3.47,+12.664, +9.886,+0.941
1685619720,+3.47,+12.717, +9.897,+0.941
1685619780,+3.47,+12.691, +9.929,+0.942
1685619840,+3.47,+12.699, +9.929,+0.941
1685619900,+3.47,+12.699, +9.946,+0.941
1685619960,+3.47,+12.699, +9.948,+0.941
1685620020,+3.47,+12.779, +9.964,+0.941
1685620080,+3.47,+12.832, +9.997,+0.941
1685620140,+3.47,+12.911,+10.002,+0.941
1685620200,+3.47,+12.876,+10.028,+0.941
1685620260,+3.47,+12.743,+10.022,+0.940
1685620320,+3.47,+12.629,+10.070,+0.941
1685620380,+3.47,+12.664,+10.062,+0.941
1685620440,+3.47,+12.638,+10.090,+0.942
1685620500,+3.47,+12.611,+10.051,+0.941
1685620560,+3.47,+12.638,+10.055,+0.941
1685620620,+3.47,+12.567,+10.099,+0.941
1685620680,+3.47,+12.549,+10.116,+0.941
1685620740,+3.47,+12.558,+10.108,+0.941
1685620800,+3.47,+12.514,+10.073,+0.941
1685620860,+3.47,+12.478,+10.070,+0.941
1685620920,+3.47,+12.487,+10.064,+0.941
1685620980,+3.47,+12.505,+10.044,+0.941
1685621040,+3.47,+12.505,+10.029,+0.941
1685621100,+3.47,+12.461,+10.010,+0.941
1685621160,+3.47,+12.478,+10.010,+0.941
1685621220,+3.47,+12.558,+10.027,+0.941
1685621280,+3.47,+12.558,+10.127,+0.942
1685621340,+3.47,+12.814,+10.103,+0.943
1685621400,+3.47,+12.990,+10.016,+0.942
1685621460,+3.47,+13.175, +9.990,+0.942
1685621520,+3.47,+13.438, +9.932,+0.942
1685621580,+3.47,+13.586, +9.911,+0.942
1685621640,+3.47,+13.700, +9.972,+0.942
1685621700,+3.47,+13.918,+10.031,+0.942
1685621760,+3.47,+14.170,+10.084,+0.943
1685621820,+3.47,+14.309,+10.132,+0.943
1685621880,+3.47,+14.543,+10.158,+0.943
1685621940,+3.47,+14.794,+10.141,+0.943
1685622000,+3.47,+14.906,+10.171,+0.943
1685622060,+3.47,+15.104,+10.149,+0.943
1685622120,+3.47,+15.147,+10.142,+0.942
1685622180,+3.47,+15.259,+10.088,+0.942
1685622240,+3.47,+15.328,+10.049,+0.942
1685622300,+3.47,+15.302,+10.061,+0.942
1685622360,+3.47,+15.285,+10.000,+0.942
1685622420,+3.47,+15.173, +9.972,+0.941
1685622480,+3.47,+15.104,+10.017,+0.941
1685622540,+3.47,+15.044,+10.074,+0.942
1685622600,+3.47,+15.052,+10.063,+0.941
1685622660,+3.47,+15.113,+10.026,+0.941
1685622720,+3.47,+15.164,+10.031,+0.941
1685622780,+3.47,+15.199, +9.996,+0.942
1685622840,+3.47,+15.225, +9.971,+0.941
1685622900,+3.47,+15.259, +9.971,+0.941
1685622960,+3.47,+15.250,+10.003,+0.942
1685623020,+3.47,+15.379,+10.030,+0.942
1685623080,+3.47,+15.517,+10.003,+0.942
1685623140,+3.47,+15.602, +9.946,+0.942
1685623200,+3.47,+15.680, +9.921,+0.942
1685623260,+3.47,+15.748, +9.878,+0.942
1685623320,+3.47,+15.345, +9.670,+0.939
1685623380,+3.47,+14.655, +9.637,+0.938
1685623440,+3.47,+14.118, +9.835,+0.939
1685623500,+3.47,+13.796, +9.898,+0.939
1685623560,+3.47,+13.586, +9.988,+0.940
1685623620,+3.47,+13.490, +9.984,+0.940
1685623680,+3.47,+13.341,+10.043,+0.940
1685623740,+3.47,+13.315,+10.073,+0.941
1685623800,+3.47,+13.254,+10.078,+0.940
1685623860,+3.47,+13.280,+10.073,+0.940
1685623920,+3.47,+13.376,+10.115,+0.941
1685623980,+3.47,+13.578,+10.023,+0.941
