7450-798456
OS REV: 1.03 Sensor Cal: 1539277937
Time (sec),  BV (Volts),  T (deg C),  DO (mg/l),  Q ()
1683118440,+3.46,+21.244, +7.801,+0.929
1683118500,+3.46,+21.813, +7.749,+0.934
1683118560,+3.46,+22.206, +7.713,+0.936
1683118620,+3.46,+22.474, +7.672,+0.941
1683118680,+3.46,+22.558, +7.662,+0.941
1683118740,+3.46,+22.625, +7.653,+0.941
1683118800,+3.46,+22.591, +7.676,+0.941
1683118860,+3.46,+22.642, +7.649,+0.941
1683118920,+3.46,+22.600, +7.668,+0.941
1683118980,+3.46,+22.549, +7.677,+0.941
1683119040,+3.46,+22.508, +7.679,+0.941
1683119100,+3.46,+22.474, +7.690,+0.941
1683119160,+3.46,+22.424, +7.695,+0.941
1683119220,+3.46,+22.357, +7.707,+0.941
1683119280,+3.46,+22.307, +7.708,+0.940
1683119340,+3.46,+22.248, +7.721,+0.940
1683119400,+3.46,+22.164, +7.730,+0.940
1683119460,+3.46,+22.072, +7.751,+0.940
1683119520,+3.46,+22.081, +7.744,+0.940
1683119580,+3.46,+22.005, +7.760,+0.940
1683119640,+3.46,+21.947, +7.767,+0.940
1683119700,+3.46,+21.855, +7.790,+0.940
1683119760,+3.46,+21.805, +7.794,+0.940
1683119820,+3.46,+21.779, +7.789,+0.940
1683119880,+3.46,+21.687, +7.810,+0.940
1683119940,+3.46,+21.654, +7.807,+0.939
1683120000,+3.46,+21.612, +7.818,+0.940
1683120060,+3.46,+21.528, +7.839,+0.940
1683120120,+3.46,+21.478, +7.844,+0.940
1683120180,+3.46,+21.436, +7.849,+0.940
1683120240,+3.46,+21.411, +7.848,+0.940
1683120300,+3.46,+21.378, +7.854,+0.940
1683120360,+3.46,+21.286, +7.872,+0.940
1683120420,+3.46,+21.269, +7.861,+0.939
1683120480,+3.46,+21.252, +7.865,+0.939
1683120540,+3.46,+21.193, +7.883,+0.940
1683120600,+3.46,+21.143, +7.882,+0.940
1683120660,+3.46,+21.110, +7.890,+0.940
1683120720,+3.46,+21.135, +7.882,+0.940
1683120780,+3.46,+21.076, +7.908,+0.941
1683120840,+3.46,+21.168, +7.880,+0.940
1683120900,+3.46,+21.177, +7.884,+0.940
1683120960,+3.46,+21.210, +7.868,+0.940
1683121020,+3.46,+21.135, +7.882,+0.940
1683121080,+3.46,+21.185, +7.870,+0.940
1683121140,+3.46,+21.168, +7.872,+0.940
1683121200,+3.46,+21.168, +7.878,+0.940
1683121260,+3.46,+21.160, +7.872,+0.940
1683121320,+3.46,+21.185, +7.873,+0.940
1683121380,+3.46,+21.118, +7.893,+0.940
1683121440,+3.46,+21.202, +7.869,+0.940
1683121500,+3.46,+21.126, +7.884,+0.940
1683121560,+3.46,+21.110, +7.890,+0.940
1683121620,+3.46,+21.143, +7.888,+0.941
1683121680,+3.46,+21.135, +7.884,+0.940
1683121740,+3.46,+21.143, +7.880,+0.940
1683121800,+3.46,+21.160, +7.874,+0.940
1683121860,+3.46,+21.068, +7.904,+0.941
1683121920,+3.46,+21.152, +7.873,+0.940
1683121980,+3.46,+21.126, +7.887,+0.941
1683122040,+3.46,+21.093, +7.883,+0.940
1683122100,+3.46,+21.143, +7.881,+0.941
1683122160,+3.46,+21.135, +7.877,+0.941
1683122220,+3.46,+21.110, +7.887,+0.941
1683122280,+3.46,+21.085, +7.895,+0.941
1683122340,+3.46,+21.060, +7.889,+0.940
1683122400,+3.46,+21.085, +7.884,+0.940
1683122460,+3.46,+21.060, +7.899,+0.941
1683122520,+3.46,+21.026, +7.901,+0.940
1683122580,+3.46,+21.051, +7.887,+0.940
1683122640,+3.46,+21.018, +7.904,+0.940
1683122700,+3.46,+21.026, +7.896,+0.940
1683122760,+3.46,+21.060, +7.882,+0.940
1683122820,+3.46,+21.009, +7.899,+0.940
1683122880,+3.46,+21.051, +7.886,+0.940
1683122940,+3.46,+21.026, +7.902,+0.941
1683123000,+3.46,+21.001, +7.903,+0.940
1683123060,+3.46,+21.001, +7.901,+0.940
1683123120,+3.46,+21.001, +7.897,+0.940
1683123180,+3.46,+20.959, +7.904,+0.940
1683123240,+3.46,+20.976, +7.905,+0.940
1683123300,+3.46,+20.951, +7.909,+0.940
1683123360,+3.46,+20.942, +7.910,+0.940
1683123420,+3.46,+20.959, +7.902,+0.940
1683123480,+3.46,+20.959, +7.899,+0.940
1683123540,+3.46,+20.993, +7.888,+0.940
1683123600,+3.46,+21.001, +7.887,+0.940
1683123660,+3.46,+20.959, +7.897,+0.940
1683123720,+3.46,+20.892, +7.913,+0.940
1683123780,+3.46,+20.900, +7.910,+0.940
1683123840,+3.46,+20.951, +7.906,+0.941
1683123900,+3.46,+20.875, +7.918,+0.940
1683123960,+3.46,+20.892, +7.915,+0.940
1683124020,+3.47,+20.875, +7.916,+0.940
1683124080,+3.47,+20.867, +7.920,+0.940
1683124140,+3.47,+20.867, +7.915,+0.940
1683124200,+3.47,+20.859, +7.924,+0.940
1683124260,+3.47,+20.808, +7.937,+0.941
1683124320,+3.46,+20.825, +7.925,+0.940
1683124380,+3.47,+20.850, +7.918,+0.940
1683124440,+3.47,+20.808, +7.932,+0.940
1683124500,+3.46,+20.808, +7.927,+0.940
1683124560,+3.47,+20.850, +7.913,+0.940
1683124620,+3.46,+20.775, +7.936,+0.940
1683124680,+3.47,+20.808, +7.926,+0.940
1683124740,+3.47,+20.783, +7.930,+0.940
1683124800,+3.47,+20.800, +7.927,+0.940
1683124860,+3.47,+20.758, +7.927,+0.939
1683124920,+3.47,+20.733, +7.941,+0.940
1683124980,+3.47,+20.724, +7.947,+0.940
1683125040,+3.47,+20.741, +7.931,+0.939
1683125100,+3.47,+20.716, +7.938,+0.940
1683125160,+3.47,+20.716, +7.942,+0.940
1683125220,+3.47,+20.741, +7.927,+0.940
1683125280,+3.47,+20.699, +7.937,+0.940
1683125340,+3.47,+20.699, +7.944,+0.940
1683125400,+3.47,+20.674, +7.944,+0.940
1683125460,+3.47,+20.666, +7.942,+0.940
1683125520,+3.47,+20.515, +7.981,+0.940
1683125580,+3.47,+20.490, +7.984,+0.940
1683125640,+3.47,+20.482, +7.973,+0.939
1683125700,+3.47,+20.331, +8.001,+0.939
1683125760,+3.47,+20.222, +8.030,+0.939
1683125820,+3.47,+20.129, +8.042,+0.939
1683125880,+3.47,+20.029, +8.061,+0.939
1683125940,+3.47,+19.895, +8.080,+0.939
1683126000,+3.47,+19.827, +8.089,+0.939
1683126060,+3.47,+19.769, +8.097,+0.939
1683126120,+3.47,+19.760, +8.092,+0.939
1683126180,+3.47,+19.676, +8.113,+0.939
1683126240,+3.47,+19.626, +8.116,+0.939
1683126300,+3.47,+19.584, +8.125,+0.939
1683126360,+3.47,+19.492, +8.146,+0.939
1683126420,+3.47,+19.408, +8.157,+0.939
1683126480,+3.47,+19.349, +8.156,+0.938
1683126540,+3.47,+19.340, +8.158,+0.938
1683126600,+3.47,+19.282, +8.169,+0.939
1683126660,+3.47,+19.223, +8.174,+0.938
1683126720,+3.47,+19.164, +8.184,+0.938
1683126780,+3.47,+19.122, +8.197,+0.938
1683126840,+3.47,+19.063, +8.211,+0.939
1683126900,+3.47,+19.004, +8.216,+0.938
1683126960,+3.47,+19.004, +8.208,+0.938
1683127020,+3.47,+18.928, +8.220,+0.938
1683127080,+3.47,+18.802, +8.245,+0.938
1683127140,+3.47,+18.760, +8.265,+0.939
1683127200,+3.47,+18.726, +8.262,+0.938
1683127260,+3.47,+18.667, +8.267,+0.938
1683127320,+3.47,+18.642, +8.260,+0.938
1683127380,+3.47,+18.566, +8.282,+0.938
1683127440,+3.47,+18.457, +8.301,+0.938
1683127500,+3.47,+18.381, +8.322,+0.938
1683127560,+3.47,+18.356, +8.319,+0.938
1683127620,+3.47,+18.347, +8.323,+0.938
1683127680,+3.47,+18.271, +8.331,+0.938
1683127740,+3.47,+18.254, +8.336,+0.937
1683127800,+3.47,+18.263, +8.328,+0.937
1683127860,+3.47,+18.322, +8.315,+0.938
1683127920,+3.47,+18.246, +8.339,+0.938
1683127980,+3.47,+18.221, +8.340,+0.938
1683128040,+3.47,+18.195, +8.341,+0.937
1683128100,+3.47,+18.153, +8.347,+0.938
1683128160,+3.47,+18.018, +8.378,+0.938
1683128220,+3.47,+17.959, +8.385,+0.937
1683128280,+3.47,+17.883, +8.401,+0.937
1683128340,+3.47,+17.866, +8.393,+0.937
1683128400,+3.47,+17.764, +8.423,+0.937
1683128460,+3.47,+17.714, +8.428,+0.937
1683128520,+3.47,+17.680, +8.429,+0.937
1683128580,+3.47,+17.587, +8.454,+0.937
1683128640,+3.47,+17.604, +8.439,+0.937
1683128700,+3.47,+17.578, +8.445,+0.937
1683128760,+3.47,+17.511, +8.464,+0.937
1683128820,+3.47,+17.477, +8.465,+0.937
1683128880,+3.47,+17.417, +8.471,+0.937
1683128940,+3.47,+17.417, +8.465,+0.937
1683129000,+3.47,+17.358, +8.475,+0.936
1683129060,+3.47,+17.316, +8.488,+0.937
1683129120,+3.47,+17.316, +8.498,+0.937
1683129180,+3.47,+17.256, +8.506,+0.937
1683129240,+3.47,+17.256, +8.498,+0.937
1683129300,+3.47,+17.316, +8.478,+0.936
1683129360,+3.47,+17.324, +8.493,+0.937
1683129420,+3.47,+17.333, +8.495,+0.937
1683129480,+3.47,+17.409, +8.476,+0.937
1683129540,+3.47,+17.443, +8.476,+0.937
1683129600,+3.47,+17.451, +8.471,+0.937
1683129660,+3.47,+17.502, +8.458,+0.937
1683129720,+3.47,+17.536, +8.459,+0.937
1683129780,+3.47,+17.570, +8.462,+0.938
1683129840,+3.47,+17.612, +8.443,+0.937
1683129900,+3.47,+17.671, +8.444,+0.937
1683129960,+3.47,+17.773, +8.418,+0.937
1683130020,+3.47,+17.764, +8.426,+0.937
1683130080,+3.47,+17.824, +8.420,+0.937
1683130140,+3.47,+17.866, +8.422,+0.938
1683130200,+3.47,+17.908, +8.403,+0.937
1683130260,+3.47,+17.883, +8.403,+0.937
1683130320,+3.47,+17.925, +8.395,+0.937
1683130380,+3.47,+17.874, +8.402,+0.937
1683130440,+3.47,+17.781, +8.419,+0.937
1683130500,+3.47,+17.764, +8.421,+0.937
1683130560,+3.47,+17.688, +8.436,+0.937
1683130620,+3.47,+17.612, +8.444,+0.937
1683130680,+3.47,+17.570, +8.450,+0.937
1683130740,+3.47,+17.502, +8.462,+0.937
1683130800,+3.47,+17.468, +8.457,+0.936
1683130860,+3.47,+17.434, +8.462,+0.936
1683130920,+3.47,+17.367, +8.477,+0.937
1683130980,+3.47,+17.282, +8.494,+0.937
1683131040,+3.47,+17.214, +8.513,+0.937
1683131100,+3.47,+17.155, +8.522,+0.937
1683131160,+3.47,+17.070, +8.534,+0.937
1683131220,+3.47,+17.053, +8.527,+0.936
1683131280,+3.47,+16.993, +8.540,+0.936
1683131340,+3.47,+16.925, +8.562,+0.937
1683131400,+3.47,+16.874, +8.571,+0.937
1683131460,+3.47,+16.883, +8.553,+0.936
1683131520,+3.47,+16.798, +8.573,+0.937
1683131580,+3.47,+16.730, +8.590,+0.936
1683131640,+3.47,+16.687, +8.599,+0.936
1683131700,+3.47,+16.662, +8.603,+0.937
1683131760,+3.47,+16.619, +8.609,+0.936
1683131820,+3.47,+16.585, +8.611,+0.936
1683131880,+3.47,+16.466, +8.639,+0.936
1683131940,+3.47,+16.389, +8.663,+0.937
1683132000,+3.47,+16.398, +8.650,+0.936
1683132060,+3.47,+16.338, +8.662,+0.936
1683132120,+3.47,+16.304, +8.672,+0.937
1683132180,+3.47,+16.321, +8.662,+0.937
1683132240,+3.47,+16.278, +8.666,+0.936
1683132300,+3.47,+16.295, +8.666,+0.937
1683132360,+3.47,+16.244, +8.685,+0.937
1683132420,+3.47,+16.210, +8.672,+0.936
1683132480,+3.47,+16.227, +8.676,+0.937
1683132540,+3.47,+16.184, +8.679,+0.936
1683132600,+3.47,+16.116, +8.704,+0.937
1683132660,+3.47,+16.133, +8.695,+0.937
1683132720,+3.47,+16.125, +8.685,+0.936
1683132780,+3.47,+16.090, +8.696,+0.936
1683132840,+3.47,+16.082, +8.696,+0.936
1683132900,+3.47,+16.031, +8.707,+0.936
1683132960,+3.47,+16.056, +8.699,+0.936
1683133020,+3.47,+15.979, +8.714,+0.936
1683133080,+3.47,+15.945, +8.725,+0.936
1683133140,+3.47,+15.928, +8.724,+0.936
1683133200,+3.47,+15.851, +8.747,+0.936
1683133260,+3.47,+15.877, +8.737,+0.936
1683133320,+3.47,+15.851, +8.746,+0.937
1683133380,+3.47,+15.782, +8.755,+0.936
1683133440,+3.47,+15.808, +8.746,+0.936
1683133500,+3.47,+15.842, +8.742,+0.937
1683133560,+3.47,+15.748, +8.760,+0.936
1683133620,+3.47,+15.748, +8.754,+0.936
1683133680,+3.47,+15.731, +8.769,+0.937
1683133740,+3.47,+15.714, +8.761,+0.936
1683133800,+3.47,+15.722, +8.759,+0.936
1683133860,+3.47,+15.645, +8.791,+0.937
1683133920,+3.47,+15.714, +8.768,+0.937
1683133980,+3.47,+15.705, +8.770,+0.937
1683134040,+3.47,+15.731, +8.757,+0.936
1683134100,+3.47,+15.731, +8.764,+0.937
1683134160,+3.47,+15.671, +8.786,+0.937
1683134220,+3.47,+15.722, +8.763,+0.936
1683134280,+3.47,+15.714, +8.773,+0.937
1683134340,+3.47,+15.740, +8.766,+0.937
1683134400,+3.47,+15.714, +8.775,+0.937
1683134460,+3.47,+15.765, +8.758,+0.937
1683134520,+3.47,+15.757, +8.765,+0.937
1683134580,+3.47,+15.740, +8.778,+0.937
1683134640,+3.47,+15.757, +8.762,+0.937
1683134700,+3.47,+15.774, +8.755,+0.937
1683134760,+3.47,+15.800, +8.743,+0.936
1683134820,+3.47,+15.740, +8.771,+0.937
1683134880,+3.47,+15.774, +8.752,+0.937
1683134940,+3.47,+15.748, +8.761,+0.937
1683135000,+3.47,+15.740, +8.764,+0.937
1683135060,+3.47,+15.697, +8.776,+0.937
1683135120,+3.47,+15.688, +8.774,+0.937
1683135180,+3.47,+15.697, +8.773,+0.937
1683135240,+3.47,+15.697, +8.759,+0.936
1683135300,+3.47,+15.637, +8.785,+0.937
1683135360,+3.47,+15.637, +8.776,+0.937
1683135420,+3.47,+15.620, +8.786,+0.937
1683135480,+3.47,+15.594, +8.796,+0.937
1683135540,+3.47,+15.594, +8.790,+0.936
1683135600,+3.47,+15.671, +8.765,+0.936
1683135660,+3.47,+15.577, +8.790,+0.936
1683135720,+3.47,+15.568, +8.791,+0.936
1683135780,+3.47,+15.551, +8.800,+0.937
1683135840,+3.47,+15.568, +8.792,+0.936
1683135900,+3.47,+15.560, +8.801,+0.937
1683135960,+3.47,+15.611, +8.777,+0.937
1683136020,+3.47,+15.517, +8.811,+0.937
1683136080,+3.47,+15.499, +8.813,+0.937
1683136140,+3.47,+15.508, +8.806,+0.937
1683136200,+3.47,+15.439, +8.825,+0.936
1683136260,+3.47,+15.482, +8.810,+0.937
1683136320,+3.47,+15.448, +8.815,+0.936
1683136380,+3.47,+15.414, +8.826,+0.936
1683136440,+3.47,+15.431, +8.829,+0.937
1683136500,+3.47,+15.431, +8.815,+0.936
1683136560,+3.47,+15.379, +8.831,+0.937
1683136620,+3.47,+15.302, +8.856,+0.936
1683136680,+3.47,+15.328, +8.840,+0.936
1683136740,+3.47,+15.276, +8.857,+0.937
1683136800,+3.47,+15.319, +8.841,+0.936
1683136860,+3.47,+15.250, +8.871,+0.937
1683136920,+3.47,+15.276, +8.844,+0.936
1683136980,+3.47,+15.225, +8.864,+0.936
1683137040,+3.47,+15.164, +8.885,+0.937
1683137100,+3.47,+15.199, +8.862,+0.936
1683137160,+3.47,+15.216, +8.850,+0.936
1683137220,+3.47,+15.156, +8.875,+0.936
1683137280,+3.47,+15.138, +8.877,+0.936
1683137340,+3.47,+15.113, +8.882,+0.936
1683137400,+3.47,+15.113, +8.870,+0.936
1683137460,+3.47,+15.104, +8.879,+0.936
1683137520,+3.47,+15.061, +8.891,+0.936
1683137580,+3.47,+15.070, +8.892,+0.937
1683137640,+3.47,+14.992, +8.902,+0.936
1683137700,+3.47,+15.018, +8.895,+0.936
1683137760,+3.47,+14.940, +8.919,+0.936
1683137820,+3.47,+14.940, +8.916,+0.936
1683137880,+3.47,+14.958, +8.915,+0.937
1683137940,+3.47,+14.897, +8.931,+0.937
1683138000,+3.47,+14.914, +8.914,+0.936
1683138060,+3.47,+14.837, +8.932,+0.936
1683138120,+3.47,+14.880, +8.917,+0.936
1683138180,+3.47,+14.785, +8.949,+0.936
1683138240,+3.47,+14.768, +8.949,+0.936
1683138300,+3.47,+14.742, +8.955,+0.936
1683138360,+3.47,+14.733, +8.958,+0.936
1683138420,+3.47,+14.716, +8.953,+0.936
1683138480,+3.47,+14.673, +8.963,+0.936
1683138540,+3.47,+14.664, +8.961,+0.936
1683138600,+3.47,+14.690, +8.953,+0.936
1683138660,+3.47,+14.595, +8.990,+0.937
1683138720,+3.47,+14.612, +8.979,+0.936
1683138780,+3.47,+14.595, +8.971,+0.936
1683138840,+3.47,+14.569, +8.981,+0.936
1683138900,+3.47,+14.534, +8.993,+0.936
1683138960,+3.47,+14.517, +8.998,+0.936
1683139020,+3.47,+14.439, +9.021,+0.936
1683139080,+3.47,+14.439, +9.013,+0.936
1683139140,+3.47,+14.482, +8.992,+0.936
1683139200,+3.47,+14.430, +9.008,+0.936
1683139260,+3.47,+14.387, +9.017,+0.936
1683139320,+3.47,+14.344, +9.034,+0.936
1683139380,+3.47,+14.300, +9.041,+0.936
1683139440,+3.47,+14.266, +9.047,+0.936
1683139500,+3.47,+14.231, +9.056,+0.936
1683139560,+3.47,+14.179, +9.070,+0.936
1683139620,+3.47,+14.161, +9.062,+0.936
1683139680,+3.47,+14.109, +9.077,+0.936
1683139740,+3.47,+14.057, +9.099,+0.936
1683139800,+3.47,+14.057, +9.080,+0.936
1683139860,+3.47,+13.961, +9.117,+0.936
1683139920,+3.47,+13.926, +9.111,+0.936
1683139980,+3.47,+13.935, +9.113,+0.936
1683140040,+3.47,+13.883, +9.121,+0.936
1683140100,+3.47,+13.839, +9.134,+0.936
1683140160,+3.47,+13.839, +9.125,+0.935
1683140220,+3.47,+13.839, +9.127,+0.936
1683140280,+3.47,+13.770, +9.146,+0.936
1683140340,+3.47,+13.770, +9.135,+0.935
1683140400,+3.47,+13.726, +9.145,+0.935
1683140460,+3.47,+13.674, +9.154,+0.935
1683140520,+3.47,+13.595, +9.185,+0.936
1683140580,+3.47,+13.551, +9.190,+0.936
1683140640,+3.47,+13.499, +9.204,+0.936
1683140700,+3.47,+13.446, +9.217,+0.936
1683140760,+3.47,+13.438, +9.205,+0.936
1683140820,+3.47,+13.394, +9.220,+0.936
1683140880,+3.47,+13.306, +9.240,+0.936
1683140940,+3.47,+13.254, +9.251,+0.935
1683141000,+3.47,+13.219, +9.253,+0.935
1683141060,+3.47,+13.192, +9.264,+0.936
1683141120,+3.47,+13.140, +9.265,+0.935
1683141180,+3.47,+13.069, +9.294,+0.936
1683141240,+3.47,+13.052, +9.283,+0.935
1683141300,+3.47,+12.937, +9.316,+0.935
1683141360,+3.47,+12.920, +9.322,+0.935
1683141420,+3.47,+12.893, +9.323,+0.936
1683141480,+3.47,+12.823, +9.337,+0.935
1683141540,+3.47,+12.779, +9.349,+0.935
1683141600,+3.47,+12.726, +9.356,+0.935
1683141660,+3.47,+12.691, +9.369,+0.935
1683141720,+3.47,+12.691, +9.364,+0.935
1683141780,+3.47,+12.558, +9.399,+0.935
1683141840,+3.47,+12.593, +9.375,+0.935
1683141900,+3.47,+12.540, +9.393,+0.935
1683141960,+3.47,+12.487, +9.408,+0.935
1683142020,+3.47,+12.425, +9.418,+0.935
1683142080,+3.47,+12.354, +9.437,+0.935
1683142140,+3.47,+12.310, +9.456,+0.936
1683142200,+3.47,+12.319, +9.446,+0.935
1683142260,+3.47,+12.337, +9.433,+0.935
1683142320,+3.47,+12.230, +9.467,+0.936
1683142380,+3.47,+12.150, +9.479,+0.935
1683142440,+3.47,+12.186, +9.468,+0.935
1683142500,+3.47,+12.115, +9.490,+0.935
1683142560,+3.47,+12.061, +9.508,+0.935
1683142620,+3.47,+12.035, +9.515,+0.936
1683142680,+3.47,+12.106, +9.479,+0.935
1683142740,+3.47,+12.035, +9.503,+0.936
1683142800,+3.47,+11.999, +9.513,+0.936
1683142860,+3.47,+11.990, +9.510,+0.935
1683142920,+3.47,+11.937, +9.519,+0.935
1683142980,+3.47,+11.892, +9.528,+0.935
1683143040,+3.47,+11.874, +9.545,+0.936
1683143100,+3.47,+11.848, +9.533,+0.935
1683143160,+3.47,+11.839, +9.545,+0.935
1683143220,+3.47,+11.830, +9.542,+0.935
1683143280,+3.47,+11.803, +9.550,+0.935
1683143340,+3.47,+11.767, +9.561,+0.935
1683143400,+3.47,+11.741, +9.568,+0.935
1683143460,+3.47,+11.750, +9.564,+0.936
1683143520,+3.47,+11.705, +9.570,+0.935
1683143580,+3.47,+11.687, +9.579,+0.936
1683143640,+3.47,+11.687, +9.578,+0.936
1683143700,+3.47,+11.642, +9.596,+0.936
1683143760,+3.47,+11.624, +9.598,+0.936
1683143820,+3.47,+11.580, +9.610,+0.936
1683143880,+3.47,+11.624, +9.592,+0.936
1683143940,+3.47,+11.651, +9.579,+0.935
1683144000,+3.47,+11.535, +9.622,+0.936
1683144060,+3.47,+11.571, +9.614,+0.936
1683144120,+3.47,+11.571, +9.606,+0.936
1683144180,+3.47,+11.553, +9.601,+0.935
1683144240,+3.47,+11.508, +9.621,+0.936
1683144300,+3.47,+11.535, +9.602,+0.935
1683144360,+3.47,+11.499, +9.617,+0.936
1683144420,+3.47,+11.436, +9.638,+0.936
1683144480,+3.47,+11.454, +9.629,+0.936
1683144540,+3.47,+11.454, +9.633,+0.936
1683144600,+3.47,+11.445, +9.630,+0.936
1683144660,+3.47,+11.463, +9.624,+0.936
1683144720,+3.47,+11.445, +9.626,+0.936
1683144780,+3.47,+11.383, +9.650,+0.936
1683144840,+3.47,+11.383, +9.654,+0.936
1683144900,+3.47,+11.427, +9.626,+0.936
1683144960,+3.47,+11.356, +9.653,+0.936
1683145020,+3.47,+11.347, +9.642,+0.935
1683145080,+3.47,+11.338, +9.651,+0.936
1683145140,+3.47,+11.248, +9.681,+0.936
1683145200,+3.47,+11.311, +9.657,+0.936
1683145260,+3.47,+11.320, +9.648,+0.935
1683145320,+3.47,+11.311, +9.662,+0.936
1683145380,+3.47,+11.374, +9.642,+0.936
1683145440,+3.47,+11.374, +9.650,+0.936
1683145500,+3.47,+11.472, +9.612,+0.936
1683145560,+3.47,+11.418, +9.639,+0.936
1683145620,+3.47,+11.445, +9.633,+0.936
1683145680,+3.47,+11.463, +9.638,+0.936
1683145740,+3.47,+11.490, +9.627,+0.936
1683145800,+3.47,+11.580, +9.598,+0.936
1683145860,+3.47,+11.562, +9.608,+0.936
1683145920,+3.47,+11.598, +9.602,+0.936
1683145980,+3.47,+11.607, +9.593,+0.936
1683146040,+3.47,+11.642, +9.585,+0.936
1683146100,+3.47,+11.571, +9.603,+0.936
1683146160,+3.47,+11.589, +9.593,+0.936
1683146220,+3.47,+11.624, +9.588,+0.936
1683146280,+3.47,+11.624, +9.580,+0.936
1683146340,+3.47,+11.535, +9.606,+0.936
1683146400,+3.47,+11.562, +9.597,+0.936
1683146460,+3.47,+11.526, +9.613,+0.936
1683146520,+3.47,+11.499, +9.615,+0.936
1683146580,+3.47,+11.535, +9.589,+0.936
1683146640,+3.47,+11.508, +9.594,+0.935
1683146700,+3.47,+11.472, +9.622,+0.936
1683146760,+3.47,+11.481, +9.608,+0.936
1683146820,+3.47,+11.436, +9.628,+0.936
1683146880,+3.47,+11.427, +9.613,+0.935
1683146940,+3.47,+11.427, +9.627,+0.936
1683147000,+3.47,+11.383, +9.637,+0.936
1683147060,+3.47,+11.374, +9.647,+0.936
1683147120,+3.47,+11.356, +9.645,+0.936
1683147180,+3.47,+11.383, +9.636,+0.936
1683147240,+3.47,+11.302, +9.658,+0.936
1683147300,+3.47,+11.356, +9.644,+0.936
1683147360,+3.47,+11.320, +9.664,+0.937
1683147420,+3.47,+11.329, +9.645,+0.936
1683147480,+3.47,+11.266, +9.681,+0.937
1683147540,+3.47,+11.302, +9.667,+0.936
1683147600,+3.47,+11.365, +9.639,+0.936
1683147660,+3.47,+11.347, +9.647,+0.936
1683147720,+3.47,+11.418, +9.629,+0.936
1683147780,+3.47,+11.383, +9.642,+0.936
1683147840,+3.47,+11.454, +9.622,+0.936
1683147900,+3.47,+11.472, +9.622,+0.936
1683147960,+3.47,+11.517, +9.605,+0.936
1683148020,+3.47,+11.544, +9.602,+0.936
1683148080,+3.47,+11.615, +9.580,+0.936
1683148140,+3.47,+11.642, +9.579,+0.936
1683148200,+3.47,+11.696, +9.561,+0.936
1683148260,+3.47,+11.669, +9.590,+0.937
1683148320,+3.47,+11.678, +9.584,+0.936
1683148380,+3.47,+11.687, +9.582,+0.937
1683148440,+3.47,+11.705, +9.571,+0.936
1683148500,+3.47,+11.714, +9.565,+0.936
1683148560,+3.47,+11.723, +9.567,+0.936
1683148620,+3.47,+11.758, +9.558,+0.936
1683148680,+3.47,+11.803, +9.534,+0.936
1683148740,+3.47,+11.758, +9.558,+0.936
1683148800,+3.47,+11.803, +9.543,+0.936
1683148860,+3.47,+11.821, +9.543,+0.936
1683148920,+3.47,+11.848, +9.535,+0.936
1683148980,+3.47,+11.812, +9.548,+0.936
1683149040,+3.47,+11.866, +9.519,+0.936
1683149100,+3.47,+11.839, +9.536,+0.936
1683149160,+3.47,+11.857, +9.528,+0.936
1683149220,+3.47,+11.767, +9.561,+0.936
1683149280,+3.47,+11.776, +9.554,+0.936
1683149340,+3.47,+11.803, +9.549,+0.937
1683149400,+3.47,+11.821, +9.540,+0.936
1683149460,+3.47,+11.848, +9.522,+0.936
1683149520,+3.47,+11.821, +9.544,+0.937
1683149580,+3.47,+11.776, +9.545,+0.936
1683149640,+3.47,+11.776, +9.546,+0.936
1683149700,+3.47,+11.758, +9.551,+0.936
1683149760,+3.47,+11.714, +9.564,+0.936
1683149820,+3.47,+11.678, +9.576,+0.936
1683149880,+3.47,+11.687, +9.570,+0.936
1683149940,+3.47,+11.642, +9.583,+0.936
1683150000,+3.47,+11.624, +9.585,+0.936
1683150060,+3.47,+11.642, +9.574,+0.936
1683150120,+3.47,+11.633, +9.575,+0.936
1683150180,+3.47,+11.624, +9.578,+0.936
1683150240,+3.47,+11.589, +9.586,+0.936
1683150300,+3.47,+11.553, +9.591,+0.936
1683150360,+3.47,+11.490, +9.619,+0.937
1683150420,+3.47,+11.526, +9.601,+0.936
1683150480,+3.47,+11.508, +9.597,+0.936
1683150540,+3.47,+11.481, +9.613,+0.937
1683150600,+3.47,+11.508, +9.595,+0.936
1683150660,+3.47,+11.418, +9.631,+0.936
1683150720,+3.47,+11.356, +9.648,+0.936
1683150780,+3.47,+11.418, +9.635,+0.937
1683150840,+3.47,+11.365, +9.638,+0.936
1683150900,+3.47,+11.409, +9.623,+0.936
1683150960,+3.47,+11.409, +9.622,+0.936
1683151020,+3.47,+11.347, +9.645,+0.936
1683151080,+3.47,+11.338, +9.635,+0.936
1683151140,+3.47,+11.329, +9.654,+0.936
1683151200,+3.47,+11.347, +9.636,+0.936
1683151260,+3.47,+11.338, +9.636,+0.936
1683151320,+3.47,+11.311, +9.654,+0.936
1683151380,+3.47,+11.239, +9.682,+0.937
1683151440,+3.47,+11.239, +9.665,+0.936
1683151500,+3.47,+11.176, +9.690,+0.936
1683151560,+3.47,+11.248, +9.664,+0.936
1683151620,+3.47,+11.221, +9.674,+0.936
1683151680,+3.47,+11.212, +9.683,+0.937
1683151740,+3.47,+11.212, +9.670,+0.936
1683151800,+3.47,+11.167, +9.687,+0.936
1683151860,+3.47,+11.176, +9.683,+0.936
1683151920,+3.47,+11.221, +9.666,+0.936
1683151980,+3.47,+11.158, +9.684,+0.936
1683152040,+3.47,+11.140, +9.690,+0.936
1683152100,+3.47,+11.086, +9.704,+0.936
1683152160,+3.47,+11.050, +9.715,+0.936
1683152220,+3.47,+11.068, +9.708,+0.936
1683152280,+3.47,+11.077, +9.696,+0.936
1683152340,+3.47,+11.014, +9.721,+0.936
1683152400,+3.47,+11.005, +9.719,+0.936
1683152460,+3.47,+10.923, +9.746,+0.936
1683152520,+3.47,+10.960, +9.729,+0.936
1683152580,+3.47,+10.969, +9.725,+0.936
1683152640,+3.47,+10.878, +9.744,+0.936
1683152700,+3.47,+10.869, +9.759,+0.936
1683152760,+3.47,+10.824, +9.769,+0.936
1683152820,+3.47,+10.770, +9.792,+0.937
1683152880,+3.47,+10.806, +9.764,+0.936
1683152940,+3.47,+10.743, +9.782,+0.936
1683153000,+3.47,+10.770, +9.773,+0.936
1683153060,+3.47,+10.697, +9.793,+0.936
1683153120,+3.47,+10.652, +9.799,+0.936
1683153180,+3.47,+10.661, +9.797,+0.936
1683153240,+3.47,+10.652, +9.794,+0.936
1683153300,+3.47,+10.598, +9.822,+0.936
1683153360,+3.47,+10.543, +9.820,+0.935
1683153420,+3.47,+10.543, +9.824,+0.936
1683153480,+3.47,+10.534, +9.824,+0.936
1683153540,+3.47,+10.534, +9.815,+0.936
1683153600,+3.47,+10.498, +9.825,+0.936
1683153660,+3.47,+10.425, +9.850,+0.936
1683153720,+3.47,+10.380, +9.869,+0.936
1683153780,+3.47,+10.352, +9.871,+0.936
1683153840,+3.47,+10.325, +9.871,+0.935
1683153900,+3.47,+10.261, +9.899,+0.936
1683153960,+3.47,+10.325, +9.862,+0.935
1683154020,+3.47,+10.234, +9.896,+0.936
1683154080,+3.47,+10.188, +9.912,+0.936
1683154140,+3.47,+10.161, +9.926,+0.936
1683154200,+3.47,+10.106, +9.932,+0.936
1683154260,+3.47,+10.051, +9.944,+0.936
1683154320,+3.47,+10.069, +9.939,+0.936
1683154380,+3.47,+10.051, +9.937,+0.936
1683154440,+3.47, +9.996, +9.965,+0.936
1683154500,+3.47, +9.987, +9.964,+0.936
1683154560,+3.47, +9.987, +9.951,+0.936
1683154620,+3.47, +9.941, +9.963,+0.935
1683154680,+3.47, +9.923, +9.972,+0.936
1683154740,+3.47, +9.895, +9.978,+0.936
1683154800,+3.47, +9.914, +9.964,+0.936
1683154860,+3.47, +9.831, +9.989,+0.935
1683154920,+3.47, +9.822, +9.983,+0.935
1683154980,+3.47, +9.831, +9.985,+0.936
1683155040,+3.47, +9.767,+10.010,+0.936
1683155100,+3.47, +9.712,+10.022,+0.936
1683155160,+3.47, +9.675,+10.038,+0.936
1683155220,+3.47, +9.684,+10.031,+0.936
1683155280,+3.47, +9.675,+10.036,+0.936
1683155340,+3.47, +9.694,+10.024,+0.936
1683155400,+3.47, +9.620,+10.046,+0.936
1683155460,+3.47, +9.648,+10.032,+0.936
1683155520,+3.47, +9.620,+10.038,+0.936
1683155580,+3.47, +9.611,+10.044,+0.936
1683155640,+3.47, +9.574,+10.052,+0.936
1683155700,+3.47, +9.546,+10.053,+0.935
1683155760,+3.47, +9.519,+10.070,+0.936
1683155820,+3.47, +9.546,+10.050,+0.936
1683155880,+3.47, +9.537,+10.055,+0.936
1683155940,+3.47, +9.491,+10.074,+0.936
1683156000,+3.47, +9.445,+10.083,+0.936
1683156060,+3.47, +9.454,+10.077,+0.936
1683156120,+3.47, +9.389,+10.094,+0.936
1683156180,+3.47, +9.473,+10.069,+0.936
1683156240,+3.47, +9.417,+10.080,+0.936
1683156300,+3.47, +9.389,+10.087,+0.936
1683156360,+3.47, +9.325,+10.118,+0.936
1683156420,+3.47, +9.343,+10.099,+0.935
1683156480,+3.47, +9.315,+10.119,+0.936
1683156540,+3.47, +9.315,+10.111,+0.936
1683156600,+3.47, +9.278,+10.131,+0.936
1683156660,+3.47, +9.241,+10.139,+0.936
1683156720,+3.47, +9.232,+10.119,+0.935
1683156780,+3.47, +9.251,+10.122,+0.936
1683156840,+3.47, +9.269,+10.115,+0.936
1683156900,+3.47, +9.195,+10.140,+0.936
1683156960,+3.47, +9.204,+10.141,+0.936
1683157020,+3.47, +9.177,+10.139,+0.936
1683157080,+3.47, +9.149,+10.153,+0.936
1683157140,+3.47, +9.140,+10.148,+0.936
1683157200,+3.47, +9.177,+10.134,+0.936
1683157260,+3.47, +9.121,+10.152,+0.936
1683157320,+3.47, +9.093,+10.157,+0.936
1683157380,+3.47, +9.075,+10.158,+0.935
1683157440,+3.47, +9.084,+10.158,+0.936
1683157500,+3.47, +9.028,+10.186,+0.936
1683157560,+3.47, +8.982,+10.202,+0.936
1683157620,+3.47, +9.019,+10.178,+0.936
1683157680,+3.47, +8.926,+10.218,+0.936
1683157740,+3.47, +8.991,+10.176,+0.935
1683157800,+3.47, +8.982,+10.181,+0.935
1683157860,+3.47, +8.926,+10.201,+0.935
1683157920,+3.47, +8.944,+10.198,+0.936
1683157980,+3.47, +8.935,+10.201,+0.936
1683158040,+3.47, +8.898,+10.222,+0.936
1683158100,+3.47, +8.870,+10.222,+0.936
1683158160,+3.47, +8.889,+10.212,+0.936
1683158220,+3.47, +8.889,+10.223,+0.936
1683158280,+3.47, +8.935,+10.201,+0.936
1683158340,+3.47, +8.917,+10.199,+0.936
1683158400,+3.47, +8.842,+10.219,+0.936
1683158460,+3.47, +8.879,+10.218,+0.936
1683158520,+3.47, +8.851,+10.213,+0.935
1683158580,+3.47, +8.842,+10.227,+0.936
1683158640,+3.47, +8.851,+10.217,+0.936
1683158700,+3.47, +8.823,+10.224,+0.936
1683158760,+3.47, +8.786,+10.241,+0.936
1683158820,+3.47, +8.823,+10.231,+0.936
1683158880,+3.47, +8.814,+10.228,+0.936
1683158940,+3.47, +8.823,+10.224,+0.936
1683159000,+3.47, +8.758,+10.259,+0.936
1683159060,+3.47, +8.786,+10.239,+0.936
1683159120,+3.47, +8.777,+10.244,+0.936
1683159180,+3.47, +8.786,+10.233,+0.936
1683159240,+3.47, +8.795,+10.225,+0.936
1683159300,+3.47, +8.823,+10.224,+0.936
1683159360,+3.47, +8.833,+10.214,+0.936
1683159420,+3.47, +8.795,+10.235,+0.936
1683159480,+3.47, +8.758,+10.236,+0.936
1683159540,+3.47, +8.823,+10.215,+0.936
1683159600,+3.47, +8.786,+10.232,+0.936
1683159660,+3.47, +8.842,+10.210,+0.936
1683159720,+3.47, +8.777,+10.240,+0.936
1683159780,+3.47, +8.758,+10.248,+0.936
1683159840,+3.47, +8.795,+10.230,+0.936
1683159900,+3.47, +8.795,+10.228,+0.936
1683159960,+3.47, +8.758,+10.242,+0.936
1683160020,+3.47, +8.730,+10.262,+0.936
1683160080,+3.47, +8.777,+10.234,+0.936
1683160140,+3.47, +8.823,+10.207,+0.936
1683160200,+3.47, +8.749,+10.244,+0.936
1683160260,+3.47, +8.749,+10.239,+0.936
1683160320,+3.47, +8.730,+10.257,+0.936
1683160380,+3.47, +8.730,+10.250,+0.936
1683160440,+3.47, +8.786,+10.233,+0.936
1683160500,+3.47, +8.777,+10.239,+0.936
1683160560,+3.47, +8.749,+10.241,+0.936
1683160620,+3.47, +8.758,+10.241,+0.936
1683160680,+3.47, +8.758,+10.234,+0.936
1683160740,+3.47, +8.749,+10.244,+0.936
1683160800,+3.47, +8.749,+10.239,+0.936
1683160860,+3.47, +8.683,+10.267,+0.936
1683160920,+3.47, +8.702,+10.258,+0.936
1683160980,+3.47, +8.693,+10.258,+0.936
1683161040,+3.47, +8.665,+10.272,+0.936
1683161100,+3.47, +8.655,+10.272,+0.936
1683161160,+3.47, +8.702,+10.257,+0.936
1683161220,+3.47, +8.730,+10.238,+0.936
1683161280,+3.47, +8.702,+10.251,+0.936
1683161340,+3.47, +8.702,+10.250,+0.936
1683161400,+3.47, +8.730,+10.240,+0.936
1683161460,+3.47, +8.693,+10.257,+0.936
1683161520,+3.47, +8.711,+10.249,+0.936
1683161580,+3.47, +8.693,+10.256,+0.936
1683161640,+3.47, +8.618,+10.273,+0.936
1683161700,+3.47, +8.665,+10.258,+0.936
1683161760,+3.47, +8.655,+10.258,+0.936
1683161820,+3.46, +8.627,+10.271,+0.936
1683161880,+3.47, +8.637,+10.275,+0.937
1683161940,+3.47, +8.599,+10.285,+0.936
1683162000,+3.47, +8.665,+10.265,+0.936
1683162060,+3.47, +8.618,+10.270,+0.936
1683162120,+3.47, +8.627,+10.267,+0.936
1683162180,+3.47, +8.590,+10.286,+0.936
1683162240,+3.47, +8.599,+10.270,+0.936
1683162300,+3.47, +8.646,+10.265,+0.936
1683162360,+3.47, +8.581,+10.284,+0.936
1683162420,+3.47, +8.543,+10.310,+0.936
1683162480,+3.47, +8.571,+10.286,+0.936
1683162540,+3.47, +8.609,+10.278,+0.936
1683162600,+3.46, +8.599,+10.270,+0.936
1683162660,+3.47, +8.571,+10.288,+0.936
1683162720,+3.46, +8.590,+10.280,+0.936
1683162780,+3.46, +8.581,+10.278,+0.936
1683162840,+3.47, +8.524,+10.297,+0.936
1683162900,+3.47, +8.524,+10.305,+0.936
1683162960,+3.47, +8.571,+10.285,+0.936
1683163020,+3.47, +8.515,+10.300,+0.936
1683163080,+3.47, +8.506,+10.295,+0.936
1683163140,+3.47, +8.496,+10.307,+0.936
1683163200,+3.47, +8.496,+10.308,+0.936
1683163260,+3.47, +8.468,+10.308,+0.936
1683163320,+3.47, +8.487,+10.307,+0.936
1683163380,+3.47, +8.468,+10.303,+0.936
1683163440,+3.47, +8.468,+10.307,+0.936
1683163500,+3.47, +8.402,+10.326,+0.936
1683163560,+3.47, +8.365,+10.347,+0.936
1683163620,+3.47, +8.412,+10.323,+0.936
1683163680,+3.47, +8.402,+10.323,+0.936
1683163740,+3.47, +8.384,+10.331,+0.936
1683163800,+3.47, +8.356,+10.339,+0.936
1683163860,+3.47, +8.365,+10.341,+0.936
1683163920,+3.47, +8.365,+10.344,+0.937
1683163980,+3.46, +8.384,+10.323,+0.936
1683164040,+3.47, +8.337,+10.344,+0.936
1683164100,+3.47, +8.299,+10.354,+0.936
1683164160,+3.47, +8.318,+10.347,+0.936
1683164220,+3.47, +8.309,+10.357,+0.936
1683164280,+3.47, +8.365,+10.324,+0.936
1683164340,+3.47, +8.299,+10.357,+0.936
1683164400,+3.47, +8.337,+10.343,+0.936
1683164460,+3.47, +8.271,+10.365,+0.936
1683164520,+3.47, +8.271,+10.362,+0.936
1683164580,+3.47, +8.299,+10.347,+0.936
1683164640,+3.46, +8.252,+10.372,+0.936
1683164700,+3.47, +8.252,+10.363,+0.936
1683164760,+3.47, +8.299,+10.346,+0.936
1683164820,+3.47, +8.224,+10.377,+0.936
1683164880,+3.47, +8.243,+10.372,+0.936
1683164940,+3.46, +8.252,+10.364,+0.936
1683165000,+3.47, +8.233,+10.374,+0.936
1683165060,+3.47, +8.233,+10.367,+0.936
1683165120,+3.47, +8.196,+10.377,+0.936
1683165180,+3.47, +8.177,+10.385,+0.936
1683165240,+3.47, +8.130,+10.408,+0.936
1683165300,+3.47, +8.196,+10.377,+0.936
1683165360,+3.46, +8.196,+10.372,+0.936
1683165420,+3.46, +8.167,+10.385,+0.936
1683165480,+3.46, +8.149,+10.386,+0.936
1683165540,+3.47, +8.167,+10.388,+0.936
1683165600,+3.47, +8.130,+10.387,+0.936
1683165660,+3.46, +8.092,+10.410,+0.936
1683165720,+3.47, +8.083,+10.406,+0.936
1683165780,+3.47, +8.026,+10.434,+0.936
1683165840,+3.47, +8.083,+10.407,+0.936
1683165900,+3.46, +8.054,+10.409,+0.936
1683165960,+3.47, +7.998,+10.440,+0.936
1683166020,+3.47, +7.988,+10.438,+0.936
1683166080,+3.47, +8.016,+10.417,+0.936
1683166140,+3.47, +7.950,+10.444,+0.936
1683166200,+3.46, +7.960,+10.441,+0.936
1683166260,+3.47, +7.979,+10.433,+0.936
1683166320,+3.47, +7.893,+10.460,+0.936
1683166380,+3.47, +7.950,+10.433,+0.936
1683166440,+3.46, +7.893,+10.460,+0.936
1683166500,+3.47, +7.893,+10.451,+0.936
1683166560,+3.47, +7.865,+10.451,+0.935
1683166620,+3.47, +7.827,+10.472,+0.935
1683166680,+3.47, +7.808,+10.481,+0.936
1683166740,+3.47, +7.827,+10.473,+0.936
1683166800,+3.46, +7.846,+10.456,+0.935
1683166860,+3.47, +7.789,+10.478,+0.936
1683166920,+3.47, +7.780,+10.487,+0.936
1683166980,+3.46, +7.761,+10.486,+0.936
1683167040,+3.47, +7.789,+10.473,+0.936
1683167100,+3.46, +7.761,+10.482,+0.936
1683167160,+3.46, +7.694,+10.512,+0.936
1683167220,+3.46, +7.647,+10.522,+0.935
1683167280,+3.46, +7.666,+10.517,+0.936
1683167340,+3.46, +7.618,+10.539,+0.936
1683167400,+3.46, +7.571,+10.555,+0.936
1683167460,+3.46, +7.637,+10.527,+0.936
1683167520,+3.46, +7.599,+10.529,+0.935
1683167580,+3.46, +7.561,+10.550,+0.936
1683167640,+3.46, +7.580,+10.543,+0.936
1683167700,+3.46, +7.609,+10.525,+0.935
1683167760,+3.46, +7.618,+10.519,+0.936
1683167820,+3.46, +7.571,+10.542,+0.936
1683167880,+3.46, +7.599,+10.528,+0.936
1683167940,+3.46, +7.609,+10.528,+0.936
1683168000,+3.46, +7.514,+10.557,+0.936
1683168060,+3.46, +7.494,+10.558,+0.935
1683168120,+3.46, +7.466,+10.570,+0.936
1683168180,+3.46, +7.456,+10.571,+0.936
1683168240,+3.46, +7.485,+10.548,+0.935
1683168300,+3.46, +7.494,+10.546,+0.935
1683168360,+3.46, +7.390,+10.587,+0.935
1683168420,+3.46, +7.437,+10.570,+0.936
1683168480,+3.46, +7.409,+10.578,+0.936
1683168540,+3.46, +7.447,+10.563,+0.936
1683168600,+3.46, +7.456,+10.559,+0.936
1683168660,+3.46, +7.361,+10.591,+0.935
1683168720,+3.46, +7.351,+10.597,+0.935
1683168780,+3.46, +7.409,+10.575,+0.936
1683168840,+3.46, +7.323,+10.609,+0.936
1683168900,+3.46, +7.323,+10.604,+0.936
1683168960,+3.46, +7.332,+10.594,+0.935
1683169020,+3.46, +7.332,+10.592,+0.935
1683169080,+3.46, +7.323,+10.591,+0.935
1683169140,+3.46, +7.361,+10.599,+0.936
1683169200,+3.46, +7.332,+10.586,+0.935
1683169260,+3.46, +7.323,+10.599,+0.936
1683169320,+3.46, +7.332,+10.588,+0.935
1683169380,+3.46, +7.237,+10.632,+0.936
1683169440,+3.46, +7.275,+10.609,+0.936
1683169500,+3.46, +7.304,+10.598,+0.936
1683169560,+3.46, +7.284,+10.611,+0.936
1683169620,+3.46, +7.246,+10.611,+0.935
1683169680,+3.46, +7.131,+10.669,+0.936
1683169740,+3.46, +7.217,+10.624,+0.935
1683169800,+3.46, +7.179,+10.644,+0.936
1683169860,+3.46, +7.198,+10.629,+0.936
1683169920,+3.46, +7.169,+10.631,+0.935
1683169980,+3.46, +7.160,+10.645,+0.936
1683170040,+3.46, +7.093,+10.664,+0.935
1683170100,+3.46, +7.150,+10.642,+0.936
1683170160,+3.46, +7.064,+10.684,+0.936
1683170220,+3.46, +7.160,+10.630,+0.935
1683170280,+3.46, +7.083,+10.665,+0.936
1683170340,+3.46, +7.112,+10.651,+0.935
1683170400,+3.46, +7.073,+10.661,+0.935
1683170460,+3.46, +6.987,+10.698,+0.936
1683170520,+3.46, +6.977,+10.708,+0.936
1683170580,+3.46, +7.045,+10.674,+0.936
1683170640,+3.46, +7.006,+10.694,+0.936
1683170700,+3.46, +7.006,+10.685,+0.935
1683170760,+3.46, +6.977,+10.702,+0.936
1683170820,+3.46, +7.035,+10.662,+0.935
1683170880,+3.46, +6.987,+10.691,+0.936
1683170940,+3.46, +7.016,+10.674,+0.935
1683171000,+3.46, +6.929,+10.718,+0.936
1683171060,+3.46, +6.949,+10.702,+0.935
1683171120,+3.46, +6.977,+10.692,+0.936
1683171180,+3.46, +7.025,+10.665,+0.935
1683171240,+3.46, +6.987,+10.679,+0.935
1683171300,+3.46, +6.929,+10.701,+0.935
1683171360,+3.46, +6.900,+10.722,+0.936
1683171420,+3.46, +6.920,+10.705,+0.935
1683171480,+3.46, +6.949,+10.695,+0.936
1683171540,+3.46, +6.939,+10.698,+0.936
1683171600,+3.46, +6.939,+10.703,+0.936
1683171660,+3.46, +6.900,+10.705,+0.935
1683171720,+3.46, +6.891,+10.709,+0.935
1683171780,+3.46, +6.881,+10.723,+0.936
1683171840,+3.46, +6.910,+10.697,+0.935
1683171900,+3.46, +6.862,+10.724,+0.936
1683171960,+3.46, +6.862,+10.717,+0.935
1683172020,+3.46, +6.852,+10.732,+0.936
1683172080,+3.46, +6.862,+10.727,+0.936
1683172140,+3.46, +6.871,+10.716,+0.936
1683172200,+3.46, +6.881,+10.713,+0.936
1683172260,+3.46, +6.891,+10.699,+0.935
1683172320,+3.46, +6.794,+10.745,+0.936
1683172380,+3.46, +6.852,+10.712,+0.935
1683172440,+3.46, +6.785,+10.749,+0.936
1683172500,+3.46, +6.746,+10.762,+0.936
1683172560,+3.46, +6.794,+10.740,+0.936
1683172620,+3.46, +6.852,+10.709,+0.935
1683172680,+3.46, +6.794,+10.732,+0.936
1683172740,+3.46, +6.746,+10.751,+0.935
1683172800,+3.46, +6.736,+10.754,+0.935
1683172860,+3.46, +6.785,+10.734,+0.935
1683172920,+3.46, +6.775,+10.744,+0.936
1683172980,+3.46, +6.794,+10.719,+0.935
1683173040,+3.46, +6.727,+10.756,+0.936
1683173100,+3.46, +6.804,+10.712,+0.935
1683173160,+3.46, +6.640,+10.787,+0.935
1683173220,+3.46, +6.707,+10.760,+0.935
1683173280,+3.46, +6.717,+10.761,+0.936
1683173340,+3.46, +6.698,+10.766,+0.936
1683173400,+3.46, +6.698,+10.769,+0.936
1683173460,+3.46, +6.727,+10.748,+0.935
1683173520,+3.46, +6.688,+10.770,+0.936
1683173580,+3.46, +6.717,+10.753,+0.935
1683173640,+3.46, +6.736,+10.747,+0.935
1683173700,+3.46, +6.736,+10.756,+0.936
1683173760,+3.46, +6.727,+10.754,+0.936
1683173820,+3.46, +6.736,+10.757,+0.936
1683173880,+3.46, +6.669,+10.785,+0.936
1683173940,+3.46, +6.717,+10.771,+0.936
1683174000,+3.46, +6.794,+10.739,+0.936
1683174060,+3.46, +6.746,+10.752,+0.936
1683174120,+3.46, +6.736,+10.756,+0.936
1683174180,+3.46, +6.736,+10.747,+0.935
1683174240,+3.46, +6.794,+10.729,+0.935
1683174300,+3.46, +6.785,+10.726,+0.935
1683174360,+3.46, +6.756,+10.752,+0.936
1683174420,+3.46, +6.746,+10.757,+0.936
1683174480,+3.46, +6.678,+10.788,+0.936
1683174540,+3.46, +6.765,+10.751,+0.936
1683174600,+3.46, +6.794,+10.733,+0.935
1683174660,+3.46, +6.910,+10.690,+0.936
1683174720,+3.46, +6.804,+10.734,+0.936
1683174780,+3.46, +6.785,+10.751,+0.936
1683174840,+3.46, +6.794,+10.746,+0.936
1683174900,+3.46, +6.823,+10.732,+0.935
1683174960,+3.46, +6.871,+10.720,+0.936
1683175020,+3.46, +6.871,+10.718,+0.936
1683175080,+3.46, +6.900,+10.703,+0.935
1683175140,+3.46, +6.910,+10.715,+0.936
1683175200,+3.46, +6.900,+10.717,+0.936
1683175260,+3.46, +6.910,+10.711,+0.936
1683175320,+3.46, +6.987,+10.683,+0.936
1683175380,+3.46, +6.968,+10.690,+0.935
1683175440,+3.46, +6.968,+10.696,+0.936
1683175500,+3.46, +7.045,+10.666,+0.936
1683175560,+3.46, +7.016,+10.683,+0.936
1683175620,+3.46, +7.093,+10.654,+0.936
1683175680,+3.46, +7.121,+10.642,+0.936
1683175740,+3.46, +7.141,+10.644,+0.936
1683175800,+3.46, +7.179,+10.633,+0.936
1683175860,+3.46, +7.121,+10.648,+0.935
1683175920,+3.46, +7.179,+10.634,+0.936
1683175980,+3.46, +7.237,+10.612,+0.936
1683176040,+3.46, +7.217,+10.623,+0.936
1683176100,+3.46, +7.256,+10.625,+0.936
1683176160,+3.46, +7.275,+10.606,+0.936
1683176220,+3.46, +7.342,+10.585,+0.936
1683176280,+3.46, +7.332,+10.600,+0.936
1683176340,+3.46, +7.370,+10.596,+0.936
1683176400,+3.46, +7.418,+10.578,+0.936
1683176460,+3.46, +7.456,+10.563,+0.936
1683176520,+3.46, +7.504,+10.549,+0.936
1683176580,+3.46, +7.523,+10.545,+0.936
1683176640,+3.46, +7.571,+10.540,+0.936
1683176700,+3.46, +7.637,+10.513,+0.936
1683176760,+3.46, +7.609,+10.532,+0.936
1683176820,+3.46, +7.647,+10.534,+0.936
1683176880,+3.46, +7.761,+10.485,+0.936
1683176940,+3.46, +7.799,+10.471,+0.936
1683177000,+3.46, +7.865,+10.455,+0.936
1683177060,+3.46, +7.893,+10.452,+0.936
1683177120,+3.46, +7.875,+10.463,+0.936
1683177180,+3.46, +7.960,+10.436,+0.936
1683177240,+3.46, +7.979,+10.421,+0.935
1683177300,+3.46, +7.960,+10.447,+0.936
1683177360,+3.46, +8.045,+10.417,+0.936
1683177420,+3.46, +8.149,+10.378,+0.936
1683177480,+3.46, +8.130,+10.400,+0.936
1683177540,+3.46, +8.177,+10.386,+0.936
1683177600,+3.46, +8.205,+10.380,+0.936
1683177660,+3.46, +8.280,+10.358,+0.936
1683177720,+3.46, +8.327,+10.337,+0.936
1683177780,+3.46, +8.365,+10.331,+0.936
1683177840,+3.46, +8.346,+10.357,+0.936
1683177900,+3.46, +8.515,+10.291,+0.936
1683177960,+3.46, +8.534,+10.301,+0.937
1683178020,+3.46, +8.609,+10.274,+0.936
1683178080,+3.46, +8.655,+10.265,+0.936
1683178140,+3.46, +8.721,+10.247,+0.936
1683178200,+3.46, +8.777,+10.237,+0.936
1683178260,+3.46, +8.805,+10.229,+0.936
1683178320,+3.46, +8.935,+10.188,+0.936
1683178380,+3.46, +8.982,+10.179,+0.936
1683178440,+3.46, +9.000,+10.178,+0.936
1683178500,+3.46, +9.010,+10.179,+0.936
1683178560,+3.46, +9.102,+10.149,+0.936
1683178620,+3.46, +9.158,+10.148,+0.936
1683178680,+3.46, +9.149,+10.146,+0.936
1683178740,+3.46, +9.251,+10.120,+0.936
1683178800,+3.46, +9.315,+10.099,+0.936
1683178860,+3.46, +9.334,+10.086,+0.936
1683178920,+3.46, +9.334,+10.102,+0.936
1683178980,+3.46, +9.334,+10.111,+0.936
1683179040,+3.46, +9.408,+10.090,+0.936
1683179100,+3.46, +9.454,+10.075,+0.936
1683179160,+3.46, +9.519,+10.045,+0.936
1683179220,+3.46, +9.482,+10.066,+0.936
1683179280,+3.46, +9.546,+10.042,+0.936
1683179340,+3.46, +9.583,+10.042,+0.936
1683179400,+3.46, +9.648,+10.016,+0.936
1683179460,+3.46, +9.638,+10.031,+0.936
1683179520,+3.46, +9.739, +9.993,+0.936
1683179580,+3.46, +9.730,+10.003,+0.936
1683179640,+3.46, +9.767, +9.994,+0.936
1683179700,+3.46, +9.767, +9.996,+0.936
1683179760,+3.46, +9.804, +9.983,+0.936
1683179820,+3.46, +9.840, +9.980,+0.936
1683179880,+3.46, +9.859, +9.968,+0.936
1683179940,+3.46, +9.831, +9.998,+0.936
1683180000,+3.46, +9.941, +9.958,+0.936
1683180060,+3.46, +9.895, +9.969,+0.936
1683180120,+3.46, +9.960, +9.950,+0.936
1683180180,+3.46,+10.005, +9.940,+0.936
1683180240,+3.46,+10.042, +9.933,+0.936
1683180300,+3.46,+10.005, +9.939,+0.936
1683180360,+3.46,+10.042, +9.933,+0.936
1683180420,+3.46,+10.060, +9.924,+0.936
1683180480,+3.46,+10.069, +9.936,+0.936
1683180540,+3.46,+10.170, +9.898,+0.936
1683180600,+3.46,+10.216, +9.883,+0.936
1683180660,+3.46,+10.188, +9.895,+0.936
1683180720,+3.46,+10.188, +9.898,+0.936
1683180780,+3.46,+10.234, +9.879,+0.935
1683180840,+3.46,+10.279, +9.874,+0.936
1683180900,+3.46,+10.261, +9.887,+0.936
1683180960,+3.46,+10.316, +9.868,+0.936
1683181020,+3.46,+10.398, +9.843,+0.936
1683181080,+3.46,+10.370, +9.850,+0.935
1683181140,+3.46,+10.434, +9.842,+0.936
1683181200,+3.46,+10.470, +9.840,+0.936
1683181260,+3.46,+10.589, +9.786,+0.936
1683181320,+3.46,+10.570, +9.805,+0.936
1683181380,+3.46,+10.579, +9.810,+0.936
1683181440,+3.46,+10.670, +9.781,+0.936
1683181500,+3.46,+10.734, +9.772,+0.936
1683181560,+3.46,+10.896, +9.728,+0.936
1683181620,+3.46,+10.996, +9.711,+0.936
1683181680,+3.46,+11.122, +9.681,+0.935
1683181740,+3.46,+11.293, +9.644,+0.936
1683181800,+3.46,+11.472, +9.610,+0.936
1683181860,+3.46,+11.642, +9.569,+0.936
1683181920,+3.46,+11.758, +9.545,+0.936
1683181980,+3.46,+11.946, +9.498,+0.936
1683182040,+3.46,+12.026, +9.479,+0.935
1683182100,+3.46,+12.159, +9.452,+0.936
1683182160,+3.46,+12.248, +9.431,+0.935
1683182220,+3.46,+12.399, +9.397,+0.936
1683182280,+3.46,+12.461, +9.393,+0.936
1683182340,+3.46,+12.585, +9.361,+0.936
1683182400,+3.46,+12.699, +9.331,+0.935
1683182460,+3.46,+12.735, +9.328,+0.935
1683182520,+3.46,+12.805, +9.314,+0.935
1683182580,+3.46,+12.920, +9.284,+0.935
1683182640,+3.46,+12.981, +9.276,+0.936
1683182700,+3.46,+12.973, +9.281,+0.935
1683182760,+3.46,+13.052, +9.255,+0.935
1683182820,+3.46,+13.069, +9.254,+0.935
1683182880,+3.46,+13.043, +9.267,+0.935
1683182940,+3.46,+13.043, +9.271,+0.936
1683183000,+3.46,+13.078, +9.252,+0.935
1683183060,+3.46,+13.131, +9.239,+0.935
1683183120,+3.46,+13.104, +9.253,+0.935
1683183180,+3.46,+13.148, +9.245,+0.935
1683183240,+3.46,+13.166, +9.245,+0.935
1683183300,+3.46,+13.271, +9.207,+0.935
1683183360,+3.46,+13.289, +9.218,+0.936
1683183420,+3.46,+13.359, +9.203,+0.936
1683183480,+3.46,+13.420, +9.191,+0.936
1683183540,+3.46,+13.446, +9.187,+0.935
1683183600,+3.46,+13.543, +9.158,+0.935
1683183660,+3.46,+13.656, +9.134,+0.935
1683183720,+3.46,+13.743, +9.118,+0.935
1683183780,+3.46,+13.831, +9.094,+0.935
1683183840,+3.46,+13.935, +9.067,+0.935
1683183900,+3.46,+14.031, +9.062,+0.935
1683183960,+3.46,+14.144, +9.040,+0.935
1683184020,+3.46,+14.309, +9.002,+0.935
1683184080,+3.46,+14.543, +8.937,+0.935
1683184140,+3.46,+14.586, +8.943,+0.935
1683184200,+3.46,+14.742, +8.913,+0.935
1683184260,+3.46,+14.880, +8.881,+0.935
1683184320,+3.46,+14.966, +8.871,+0.936
1683184380,+3.46,+15.070, +8.847,+0.935
1683184440,+3.46,+15.216, +8.812,+0.935
1683184500,+3.46,+15.328, +8.802,+0.936
1683184560,+3.46,+15.499, +8.770,+0.936
1683184620,+3.46,+15.645, +8.731,+0.936
1683184680,+3.46,+15.782, +8.704,+0.936
1683184740,+3.46,+15.919, +8.683,+0.936
1683184800,+3.46,+16.048, +8.662,+0.936
1683184860,+3.46,+16.090, +8.658,+0.936
1683184920,+3.46,+16.236, +8.621,+0.936
1683184980,+3.46,+16.287, +8.610,+0.936
1683185040,+3.46,+16.355, +8.598,+0.936
1683185100,+3.46,+16.389, +8.603,+0.936
1683185160,+3.46,+16.440, +8.588,+0.936
1683185220,+3.46,+16.440, +8.582,+0.936
1683185280,+3.46,+16.364, +8.604,+0.936
1683185340,+3.46,+16.364, +8.599,+0.936
1683185400,+3.46,+16.355, +8.612,+0.937
1683185460,+3.46,+16.278, +8.623,+0.936
1683185520,+3.46,+16.236, +8.629,+0.936
1683185580,+3.46,+16.193, +8.645,+0.937
1683185640,+3.46,+16.201, +8.642,+0.936
1683185700,+3.46,+16.193, +8.636,+0.936
1683185760,+3.46,+16.219, +8.627,+0.936
1683185820,+3.46,+16.227, +8.634,+0.936
1683185880,+3.46,+16.219, +8.639,+0.937
1683185940,+3.46,+16.210, +8.645,+0.936
1683186000,+3.46,+16.304, +8.611,+0.936
1683186060,+3.46,+16.389, +8.602,+0.936
1683186120,+3.46,+16.517, +8.569,+0.936
1683186180,+3.46,+16.594, +8.560,+0.936
1683186240,+3.46,+16.636, +8.546,+0.936
1683186300,+3.46,+16.679, +8.541,+0.936
1683186360,+3.46,+16.696, +8.543,+0.936
1683186420,+3.46,+16.670, +8.538,+0.936
1683186480,+3.46,+16.645, +8.555,+0.937
1683186540,+3.46,+16.585, +8.565,+0.936
1683186600,+3.46,+16.611, +8.562,+0.937
1683186660,+3.46,+16.619, +8.551,+0.936
1683186720,+3.46,+16.619, +8.552,+0.936
1683186780,+3.46,+16.594, +8.567,+0.936
1683186840,+3.46,+16.645, +8.549,+0.936
1683186900,+3.46,+16.645, +8.547,+0.936
1683186960,+3.46,+16.517, +8.585,+0.936
1683187020,+3.46,+16.534, +8.580,+0.937
1683187080,+3.46,+16.491, +8.589,+0.937
1683187140,+3.46,+16.491, +8.586,+0.936
1683187200,+3.46,+16.508, +8.578,+0.936
1683187260,+3.46,+16.491, +8.593,+0.937
1683187320,+3.46,+16.474, +8.600,+0.937
1683187380,+3.46,+16.474, +8.587,+0.937
1683187440,+3.46,+16.474, +8.591,+0.937
1683187500,+3.46,+16.423, +8.600,+0.936
1683187560,+3.46,+16.338, +8.624,+0.937
1683187620,+3.46,+16.364, +8.612,+0.936
1683187680,+3.46,+16.338, +8.627,+0.937
1683187740,+3.46,+16.329, +8.617,+0.936
1683187800,+3.46,+16.381, +8.607,+0.936
1683187860,+3.46,+16.474, +8.576,+0.935
1683187920,+3.46,+16.551, +8.575,+0.936
1683187980,+3.46,+16.645, +8.553,+0.936
1683188040,+3.46,+16.721, +8.539,+0.937
1683188100,+3.46,+16.772, +8.530,+0.937
1683188160,+3.46,+16.781, +8.536,+0.937
1683188220,+3.46,+16.738, +8.539,+0.936
1683188280,+3.46,+16.772, +8.534,+0.937
1683188340,+3.46,+16.798, +8.528,+0.937
1683188400,+3.46,+16.679, +8.545,+0.936
1683188460,+3.46,+16.738, +8.541,+0.937
1683188520,+3.46,+16.772, +8.523,+0.936
1683188580,+3.46,+16.798, +8.506,+0.936
1683188640,+3.46,+16.713, +8.534,+0.936
1683188700,+3.46,+16.687, +8.552,+0.937
1683188760,+3.46,+16.704, +8.532,+0.936
1683188820,+3.46,+16.628, +8.559,+0.936
1683188880,+3.46,+16.653, +8.548,+0.936
1683188940,+3.46,+16.611, +8.563,+0.936
1683189000,+3.46,+16.628, +8.548,+0.936
1683189060,+3.46,+16.577, +8.565,+0.936
1683189120,+3.46,+16.568, +8.571,+0.936
1683189180,+3.46,+16.568, +8.567,+0.936
1683189240,+3.46,+16.457, +8.597,+0.936
1683189300,+3.46,+16.483, +8.596,+0.936
1683189360,+3.46,+16.406, +8.611,+0.936
1683189420,+3.46,+16.406, +8.604,+0.936
1683189480,+3.46,+16.398, +8.603,+0.936
1683189540,+3.46,+16.381, +8.604,+0.935
1683189600,+3.46,+16.338, +8.626,+0.936
1683189660,+3.46,+16.261, +8.643,+0.936
1683189720,+3.46,+16.253, +8.637,+0.935
1683189780,+3.46,+16.261, +8.639,+0.936
1683189840,+3.46,+16.193, +8.647,+0.935
1683189900,+3.46,+16.159, +8.656,+0.935
1683189960,+3.46,+16.116, +8.673,+0.935
1683190020,+3.46,+16.090, +8.680,+0.935
1683190080,+3.46,+16.099, +8.671,+0.935
1683190140,+3.46,+16.116, +8.661,+0.935
1683190200,+3.46,+16.099, +8.671,+0.935
1683190260,+3.46,+16.082, +8.683,+0.935
1683190320,+3.46,+16.244, +8.629,+0.935
1683190380,+3.46,+16.329, +8.611,+0.935
1683190440,+3.46,+16.372, +8.606,+0.935
1683190500,+3.46,+16.415, +8.598,+0.935
1683190560,+3.46,+16.398, +8.609,+0.935
1683190620,+3.46,+16.406, +8.605,+0.935
1683190680,+3.46,+16.381, +8.622,+0.936
1683190740,+3.46,+16.346, +8.625,+0.935
1683190800,+3.46,+16.329, +8.633,+0.936
1683190860,+3.46,+16.364, +8.617,+0.935
1683190920,+3.46,+16.346, +8.623,+0.935
1683190980,+3.46,+16.423, +8.600,+0.935
1683191040,+3.46,+16.398, +8.611,+0.935
1683191100,+3.46,+16.381, +8.622,+0.936
1683191160,+3.46,+16.329, +8.636,+0.936
1683191220,+3.46,+16.355, +8.613,+0.935
1683191280,+3.46,+16.304, +8.634,+0.935
1683191340,+3.46,+16.338, +8.621,+0.935
1683191400,+3.46,+16.312, +8.622,+0.935
1683191460,+3.46,+16.219, +8.651,+0.935
1683191520,+3.46,+16.236, +8.638,+0.935
1683191580,+3.46,+16.184, +8.660,+0.935
1683191640,+3.46,+16.219, +8.644,+0.935
1683191700,+3.46,+16.253, +8.641,+0.935
1683191760,+3.46,+16.244, +8.646,+0.935
1683191820,+3.46,+16.312, +8.628,+0.935
1683191880,+3.46,+16.466, +8.596,+0.935
1683191940,+3.46,+16.619, +8.561,+0.935
1683192000,+3.46,+16.798, +8.522,+0.935
1683192060,+3.46,+16.959, +8.495,+0.935
1683192120,+3.46,+17.010, +8.496,+0.936
1683192180,+3.46,+17.087, +8.476,+0.936
1683192240,+3.46,+17.146, +8.464,+0.936
1683192300,+3.46,+17.214, +8.449,+0.936
1683192360,+3.46,+17.155, +8.472,+0.936
1683192420,+3.46,+17.214, +8.449,+0.936
1683192480,+3.46,+17.222, +8.463,+0.936
1683192540,+3.46,+17.189, +8.466,+0.936
1683192600,+3.46,+17.189, +8.468,+0.936
1683192660,+3.46,+17.239, +8.453,+0.936
1683192720,+3.46,+17.222, +8.461,+0.936
1683192780,+3.46,+17.180, +8.475,+0.936
1683192840,+3.46,+17.197, +8.472,+0.936
1683192900,+3.46,+17.189, +8.473,+0.936
1683192960,+3.46,+17.155, +8.483,+0.936
1683193020,+3.46,+17.180, +8.474,+0.936
1683193080,+3.46,+17.197, +8.482,+0.936
1683193140,+3.46,+17.239, +8.477,+0.936
1683193200,+3.46,+17.358, +8.442,+0.936
1683193260,+3.46,+17.375, +8.437,+0.936
1683193320,+3.46,+17.400, +8.439,+0.937
1683193380,+3.46,+17.426, +8.424,+0.936
1683193440,+3.46,+17.392, +8.441,+0.936
1683193500,+3.46,+17.392, +8.440,+0.936
1683193560,+3.46,+17.451, +8.435,+0.937
1683193620,+3.46,+17.400, +8.445,+0.936
1683193680,+3.46,+17.367, +8.452,+0.936
1683193740,+3.46,+17.316, +8.465,+0.936
1683193800,+3.46,+17.290, +8.475,+0.936
1683193860,+3.46,+17.273, +8.479,+0.936
1683193920,+3.46,+17.282, +8.473,+0.936
1683193980,+3.46,+17.299, +8.465,+0.936
1683194040,+3.46,+17.248, +8.475,+0.936
1683194100,+3.46,+17.239, +8.481,+0.936
1683194160,+3.46,+17.231, +8.478,+0.936
1683194220,+3.46,+17.214, +8.479,+0.936
1683194280,+3.46,+17.180, +8.492,+0.936
1683194340,+3.46,+17.172, +8.494,+0.936
1683194400,+3.46,+17.163, +8.491,+0.936
1683194460,+3.46,+17.129, +8.505,+0.936
1683194520,+3.46,+17.104, +8.515,+0.936
1683194580,+3.46,+17.087, +8.511,+0.936
1683194640,+3.46,+17.078, +8.509,+0.936
1683194700,+3.46,+17.053, +8.519,+0.936
1683194760,+3.46,+17.061, +8.507,+0.936
1683194820,+3.46,+17.044, +8.513,+0.936
1683194880,+3.46,+17.002, +8.532,+0.936
1683194940,+3.46,+17.010, +8.519,+0.936
1683195000,+3.46,+17.053, +8.515,+0.936
1683195060,+3.46,+16.951, +8.531,+0.935
1683195120,+3.46,+17.010, +8.514,+0.935
1683195180,+3.46,+16.951, +8.529,+0.936
1683195240,+3.46,+16.934, +8.529,+0.935
1683195300,+3.46,+16.917, +8.547,+0.936
1683195360,+3.46,+16.925, +8.530,+0.936
1683195420,+3.46,+16.900, +8.542,+0.936
1683195480,+3.46,+16.815, +8.562,+0.936
1683195540,+3.46,+16.840, +8.556,+0.936
1683195600,+3.46,+16.789, +8.567,+0.936
1683195660,+3.46,+16.798, +8.560,+0.936
1683195720,+3.46,+16.781, +8.560,+0.936
1683195780,+3.46,+16.687, +8.585,+0.936
1683195840,+3.46,+16.704, +8.579,+0.936
1683195900,+3.46,+16.696, +8.582,+0.936
1683195960,+3.46,+16.696, +8.577,+0.936
1683196020,+3.46,+16.662, +8.587,+0.936
1683196080,+3.46,+16.670, +8.580,+0.936
1683196140,+3.46,+16.679, +8.577,+0.936
1683196200,+3.46,+16.713, +8.565,+0.936
1683196260,+3.46,+16.687, +8.572,+0.935
1683196320,+3.46,+16.789, +8.562,+0.936
1683196380,+3.46,+16.840, +8.557,+0.936
1683196440,+3.46,+17.010, +8.526,+0.936
1683196500,+3.46,+17.155, +8.507,+0.936
1683196560,+3.46,+17.282, +8.491,+0.937
1683196620,+3.46,+17.485, +8.455,+0.937
1683196680,+3.46,+17.578, +8.428,+0.936
1683196740,+3.46,+17.739, +8.405,+0.937
1683196800,+3.46,+17.857, +8.385,+0.937
1683196860,+3.46,+17.942, +8.359,+0.937
1683196920,+3.46,+18.086, +8.331,+0.937
1683196980,+3.46,+18.128, +8.320,+0.937
1683197040,+3.46,+18.170, +8.299,+0.937
1683197100,+3.46,+18.195, +8.305,+0.938
1683197160,+3.46,+18.212, +8.293,+0.937
1683197220,+3.46,+18.195, +8.307,+0.938
1683197280,+3.46,+18.195, +8.299,+0.937
1683197340,+3.46,+18.238, +8.291,+0.937
1683197400,+3.46,+18.297, +8.283,+0.938
1683197460,+3.46,+18.339, +8.282,+0.937
1683197520,+3.46,+18.381, +8.268,+0.937
1683197580,+3.46,+18.415, +8.260,+0.937
1683197640,+3.46,+18.389, +8.273,+0.937
1683197700,+3.46,+18.415, +8.268,+0.937
1683197760,+3.46,+18.482, +8.258,+0.937
1683197820,+3.46,+18.516, +8.258,+0.937
1683197880,+3.46,+18.667, +8.219,+0.936
1683197940,+3.46,+18.827, +8.195,+0.937
1683198000,+3.46,+18.819, +8.330,+0.937
1683198060,+3.46,+18.954, +7.640,+0.937
1683198120,+3.46,+16.508, +9.766,+0.938
1683198180,+3.46,+15.233, +9.854,+0.937
1683198240,+3.46,+13.245, +9.600,+0.938
1683198300,+3.47,+12.372, +9.869,+0.939
1683198360,+3.47,+11.741,+10.108,+0.939
1683198420,+3.47,+11.257,+10.293,+0.941
1683198480,+3.47,+10.969,+10.336,+0.940
1683198540,+3.47,+10.670,+10.426,+0.941
1683198600,+3.47,+10.489,+10.499,+0.942
1683198660,+3.47,+10.288,+10.505,+0.942
1683198720,+3.47,+10.188,+10.502,+0.942
1683198780,+3.47,+10.060,+10.548,+0.942
1683198840,+3.47, +9.960,+10.590,+0.943
1683198900,+3.47, +9.923,+10.592,+0.943
1683198960,+3.47, +9.914,+10.622,+0.943
1683199020,+3.47, +9.923,+10.594,+0.943
1683199080,+3.47, +9.840,+10.654,+0.944
1683199140,+3.47, +9.813,+10.660,+0.943
1683199200,+3.47, +9.758,+10.695,+0.944
1683199260,+3.47, +9.758,+10.682,+0.944
1683199320,+3.47, +9.730,+10.689,+0.944
1683199380,+3.47, +9.675,+10.701,+0.945
1683199440,+3.47, +9.657,+10.700,+0.944
1683199500,+3.47, +9.638,+10.711,+0.945
1683199560,+3.47, +9.611,+10.736,+0.945
1683199620,+3.47, +9.629,+10.712,+0.944
1683199680,+3.47, +9.592,+10.742,+0.945
1683199740,+3.47, +9.611,+10.731,+0.945
1683199800,+3.47, +9.611,+10.724,+0.945
1683199860,+3.47, +9.537,+10.752,+0.945
1683199920,+3.47, +9.546,+10.728,+0.945
1683199980,+3.47, +9.519,+10.713,+0.945
1683200040,+3.47, +9.555,+10.694,+0.945
1683200100,+3.47, +9.445,+10.730,+0.945
1683200160,+3.47, +9.509,+10.709,+0.945
1683200220,+3.47, +9.500,+10.722,+0.946
1683200280,+3.47, +9.454,+10.751,+0.946
1683200340,+3.47, +9.482,+10.721,+0.946
1683200400,+3.47, +9.473,+10.753,+0.945
1683200460,+3.47, +9.463,+10.752,+0.945
1683200520,+3.47, +9.491,+10.731,+0.945
1683200580,+3.47, +9.454,+10.754,+0.946
1683200640,+3.47, +9.500,+10.737,+0.945
1683200700,+3.47, +9.509,+10.733,+0.945
1683200760,+3.47, +9.482,+10.753,+0.946
1683200820,+3.47, +9.482,+10.759,+0.946
1683200880,+3.47, +9.454,+10.771,+0.946
1683200940,+3.47, +9.473,+10.757,+0.945
1683201000,+3.47, +9.445,+10.789,+0.946
1683201060,+3.47, +9.500,+10.768,+0.946
1683201120,+3.47, +9.463,+10.811,+0.946
1683201180,+3.47, +9.500,+10.788,+0.946
1683201240,+3.47, +9.555,+10.767,+0.946
1683201300,+3.47, +9.555,+10.783,+0.946
1683201360,+3.47, +9.528,+10.813,+0.946
1683201420,+3.47, +9.583,+10.795,+0.946
1683201480,+3.47, +9.555,+10.817,+0.945
1683201540,+3.47, +9.565,+10.798,+0.945
1683201600,+3.47, +9.546,+10.793,+0.946
1683201660,+3.47, +9.528,+10.803,+0.946
1683201720,+3.47, +9.555,+10.784,+0.945
1683201780,+3.47, +9.528,+10.781,+0.946
1683201840,+3.47, +9.509,+10.792,+0.946
1683201900,+3.47, +9.519,+10.788,+0.946
1683201960,+3.47, +9.482,+10.798,+0.945
1683202020,+3.47, +9.555,+10.767,+0.946
1683202080,+3.47, +9.528,+10.788,+0.946
1683202140,+3.47, +9.528,+10.775,+0.946
1683202200,+3.47, +9.519,+10.766,+0.945
1683202260,+3.47, +9.519,+10.787,+0.946
1683202320,+3.47, +9.509,+10.782,+0.946
1683202380,+3.47, +9.528,+10.791,+0.946
1683202440,+3.47, +9.509,+10.799,+0.946
1683202500,+3.47, +9.491,+10.815,+0.946
1683202560,+3.47, +9.436,+10.849,+0.946
1683202620,+3.47, +9.473,+10.846,+0.946
1683202680,+3.47, +9.454,+10.865,+0.946
1683202740,+3.47, +9.436,+10.866,+0.945
1683202800,+3.47, +9.509,+10.835,+0.945
1683202860,+3.47, +9.500,+10.850,+0.946
1683202920,+3.47, +9.454,+10.881,+0.946
1683202980,+3.47, +9.436,+10.893,+0.946
1683203040,+3.47, +9.454,+10.864,+0.946
1683203100,+3.47, +9.445,+10.873,+0.946
1683203160,+3.47, +9.463,+10.855,+0.945
1683203220,+3.47, +9.408,+10.883,+0.946
1683203280,+3.47, +9.473,+10.852,+0.945
1683203340,+3.47, +9.417,+10.879,+0.946
1683203400,+3.47, +9.399,+10.842,+0.945
1683203460,+3.47, +9.241,+10.812,+0.946
1683203520,+3.47, +9.251,+10.733,+0.945
1683203580,+3.47, +9.232,+10.723,+0.946
1683203640,+3.47, +9.158,+10.730,+0.945
1683203700,+3.47, +9.223,+10.687,+0.945
1683203760,+3.47, +9.232,+10.674,+0.946
1683203820,+3.47, +9.232,+10.660,+0.945
1683203880,+3.47, +9.241,+10.655,+0.945
1683203940,+3.47, +9.204,+10.659,+0.945
1683204000,+3.47, +9.177,+10.688,+0.946
1683204060,+3.47, +9.195,+10.670,+0.946
1683204120,+3.47, +9.278,+10.631,+0.945
1683204180,+3.47, +9.186,+10.683,+0.946
1683204240,+3.47, +9.195,+10.680,+0.946
1683204300,+3.47, +9.214,+10.669,+0.945
1683204360,+3.47, +9.241,+10.669,+0.945
1683204420,+3.47, +9.186,+10.709,+0.946
1683204480,+3.47, +9.214,+10.699,+0.946
1683204540,+3.47, +9.214,+10.713,+0.946
1683204600,+3.47, +9.214,+10.721,+0.946
1683204660,+3.47, +9.195,+10.741,+0.946
1683204720,+3.47, +9.214,+10.746,+0.946
1683204780,+3.47, +9.269,+10.733,+0.946
