7450-798456
OS REV: 1.03 Sensor Cal: 1539277937
Time (sec),  BV (Volts),  T (deg C),  DO (mg/l),  Q ()
1684241640,+3.45,+10.270,+10.198,+0.943
1684241700,+3.46,+10.243,+10.214,+0.944
1684241760,+3.46,+10.261,+10.197,+0.942
1684241820,+3.46,+10.243,+10.218,+0.943
1684241880,+3.46,+10.197,+10.304,+0.943
1684241940,+3.46,+10.188,+10.359,+0.943
1684242000,+3.46,+10.179,+10.430,+0.943
1684242060,+3.46,+10.152,+10.483,+0.943
1684242120,+3.46,+10.243,+10.466,+0.943
1684242180,+3.45,+10.152,+10.515,+0.944
1684242240,+3.46,+10.170,+10.507,+0.943
1684242300,+3.46,+10.243,+10.481,+0.943
1684242360,+3.46,+10.188,+10.499,+0.943
1684242420,+3.46,+10.234,+10.478,+0.943
1684242480,+3.45,+10.170,+10.498,+0.943
1684242540,+3.46,+10.179,+10.485,+0.943
1684242600,+3.46,+10.216,+10.485,+0.943
1684242660,+3.46,+10.179,+10.494,+0.943
1684242720,+3.46,+10.161,+10.510,+0.943
1684242780,+3.46,+10.225,+10.488,+0.944
1684242840,+3.46,+10.179,+10.511,+0.944
1684242900,+3.46,+10.270,+10.460,+0.943
1684242960,+3.46,+10.188,+10.493,+0.943
1684243020,+3.46,+10.161,+10.508,+0.943
1684243080,+3.46,+10.179,+10.514,+0.943
1684243140,+3.46,+10.197,+10.498,+0.943
1684243200,+3.46,+10.225,+10.485,+0.943
1684243260,+3.46,+10.197,+10.465,+0.943
1684243320,+3.46,+10.234,+10.441,+0.944
1684243380,+3.46,+10.498,+10.410,+0.944
1684243440,+3.45,+10.688,+10.387,+0.944
1684243500,+3.45,+10.887,+10.395,+0.944
1684243560,+3.46,+10.923,+10.395,+0.944
1684243620,+3.46,+11.095,+10.301,+0.944
1684243680,+3.45,+11.203,+10.174,+0.944
1684243740,+3.46,+11.266,+10.129,+0.943
1684243800,+3.46,+11.427,+10.063,+0.944
1684243860,+3.45,+11.490,+10.067,+0.943
1684243920,+3.46,+11.571,+10.047,+0.943
1684243980,+3.45,+11.580,+10.080,+0.944
1684244040,+3.45,+11.696,+10.046,+0.943
1684244100,+3.45,+11.660,+10.040,+0.943
1684244160,+3.45,+11.642,+10.023,+0.943
1684244220,+3.45,+11.678, +9.994,+0.943
1684244280,+3.46,+11.607, +9.980,+0.943
1684244340,+3.45,+11.571, +9.980,+0.943
1684244400,+3.46,+11.589, +9.980,+0.943
1684244460,+3.45,+11.499,+10.018,+0.943
1684244520,+3.45,+11.481,+10.037,+0.943
1684244580,+3.46,+11.454,+10.083,+0.942
1684244640,+3.46,+11.356,+10.128,+0.942
1684244700,+3.45,+11.230,+10.140,+0.942
1684244760,+3.45,+11.203,+10.124,+0.942
1684244820,+3.45,+11.158,+10.149,+0.943
1684244880,+3.45,+11.185,+10.136,+0.943
1684244940,+3.45,+11.167,+10.123,+0.942
1684245000,+3.45,+11.185,+10.119,+0.942
1684245060,+3.46,+11.167,+10.145,+0.943
1684245120,+3.46,+11.212,+10.141,+0.942
1684245180,+3.46,+11.293,+10.140,+0.943
1684245240,+3.45,+11.338,+10.122,+0.943
1684245300,+3.45,+11.365, +9.997,+0.942
1684245360,+3.45,+10.951,+10.069,+0.942
1684245420,+3.46,+10.688,+10.196,+0.942
1684245480,+3.46,+10.543,+10.302,+0.942
1684245540,+3.46,+10.443,+10.368,+0.942
1684245600,+3.46,+10.443,+10.364,+0.942
1684245660,+3.46,+10.389,+10.392,+0.942
1684245720,+3.46,+10.380,+10.381,+0.942
1684245780,+3.46,+10.298,+10.423,+0.943
1684245840,+3.46,+10.325,+10.425,+0.943
1684245900,+3.46,+10.480,+10.447,+0.943
1684245960,+3.46,+10.697,+10.407,+0.943
1684246020,+3.45,+10.833,+10.414,+0.944
1684246080,+3.45,+10.996,+10.388,+0.943
1684246140,+3.45,+11.140,+10.368,+0.944
1684246200,+3.45,+11.095,+10.376,+0.944
1684246260,+3.46,+11.257,+10.284,+0.943
1684246320,+3.46,+11.329,+10.231,+0.943
1684246380,+3.46,+11.490,+10.158,+0.943
1684246440,+3.45,+11.499,+10.153,+0.943
1684246500,+3.46,+11.508,+10.133,+0.943
1684246560,+3.46,+11.517,+10.115,+0.943
1684246620,+3.46,+11.589,+10.067,+0.943
1684246680,+3.46,+11.544,+10.185,+0.943
1684246740,+3.46,+11.580,+10.138,+0.943
1684246800,+3.46,+11.526,+10.165,+0.943
1684246860,+3.46,+11.481,+10.247,+0.943
1684246920,+3.46,+11.463,+10.285,+0.943
1684246980,+3.46,+11.391,+10.344,+0.943
1684247040,+3.46,+11.374,+10.337,+0.943
1684247100,+3.46,+11.427,+10.322,+0.943
1684247160,+3.46,+11.374,+10.331,+0.943
1684247220,+3.46,+11.436,+10.300,+0.943
1684247280,+3.46,+11.383,+10.314,+0.943
1684247340,+3.46,+11.445,+10.268,+0.943
1684247400,+3.46,+11.508,+10.203,+0.942
1684247460,+3.46,+11.526,+10.160,+0.943
1684247520,+3.46,+11.544,+10.135,+0.943
1684247580,+3.46,+11.687,+10.062,+0.942
1684247640,+3.46,+11.741,+10.045,+0.943
1684247700,+3.45,+11.839,+10.038,+0.943
1684247760,+3.45,+11.981,+10.046,+0.943
1684247820,+3.45,+12.106,+10.050,+0.943
1684247880,+3.46,+12.168,+10.080,+0.943
1684247940,+3.45,+12.213,+10.106,+0.943
1684248000,+3.45,+12.221,+10.162,+0.943
1684248060,+3.45,+11.919, +9.797,+0.941
1684248120,+3.46,+11.374, +9.964,+0.941
1684248180,+3.45,+11.095, +9.979,+0.941
1684248240,+3.46,+10.833,+10.070,+0.941
1684248300,+3.46,+10.679,+10.131,+0.942
1684248360,+3.46,+10.598,+10.170,+0.941
1684248420,+3.46,+10.470,+10.245,+0.942
1684248480,+3.46,+10.416,+10.258,+0.942
1684248540,+3.46,+10.416,+10.263,+0.942
1684248600,+3.46,+10.334,+10.281,+0.942
1684248660,+3.46,+10.343,+10.275,+0.943
1684248720,+3.46,+10.352,+10.260,+0.942
1684248780,+3.46,+10.325,+10.276,+0.943
1684248840,+3.46,+10.352,+10.269,+0.943
1684248900,+3.46,+10.389,+10.264,+0.943
1684248960,+3.46,+10.407,+10.264,+0.943
1684249020,+3.46,+10.434,+10.264,+0.943
1684249080,+3.46,+10.461,+10.256,+0.943
1684249140,+3.46,+10.525,+10.241,+0.943
1684249200,+3.46,+10.480,+10.258,+0.943
1684249260,+3.46,+10.552,+10.237,+0.943
1684249320,+3.46,+10.552,+10.231,+0.943
1684249380,+3.46,+10.543,+10.228,+0.943
1684249440,+3.46,+10.552,+10.229,+0.943
1684249500,+3.45,+10.607,+10.208,+0.943
1684249560,+3.45,+10.697,+10.190,+0.943
1684249620,+3.46,+10.724,+10.217,+0.944
1684249680,+3.46,+10.869,+10.195,+0.943
1684249740,+3.45,+11.158,+10.249,+0.944
1684249800,+3.46,+11.409,+10.217,+0.944
1684249860,+3.46,+11.624,+10.212,+0.944
1684249920,+3.46,+11.776,+10.240,+0.944
1684249980,+3.46,+11.928,+10.244,+0.943
1684250040,+3.46,+12.097,+10.249,+0.943
1684250100,+3.46,+11.767, +9.968,+0.942
1684250160,+3.45,+11.400, +9.930,+0.941
1684250220,+3.45,+11.005, +9.973,+0.942
1684250280,+3.46,+10.706,+10.058,+0.942
1684250340,+3.46,+10.534,+10.126,+0.942
1684250400,+3.46,+10.425,+10.183,+0.942
1684250460,+3.46,+10.461,+10.202,+0.942
1684250520,+3.46,+10.461,+10.204,+0.942
1684250580,+3.46,+10.443,+10.191,+0.942
1684250640,+3.46,+10.443,+10.197,+0.942
1684250700,+3.46,+10.480,+10.211,+0.943
1684250760,+3.46,+10.534,+10.207,+0.942
1684250820,+3.46,+10.480,+10.245,+0.943
1684250880,+3.46,+10.570,+10.196,+0.943
1684250940,+3.46,+10.579,+10.185,+0.943
1684251000,+3.46,+10.724,+10.184,+0.943
1684251060,+3.46,+10.914,+10.197,+0.944
1684251120,+3.45,+10.969,+10.173,+0.943
1684251180,+3.45,+11.059,+10.130,+0.943
1684251240,+3.45,+10.951,+10.111,+0.943
1684251300,+3.46,+10.987,+10.105,+0.943
1684251360,+3.46,+11.023,+10.090,+0.943
1684251420,+3.46,+11.041,+10.084,+0.943
1684251480,+3.46,+11.068,+10.069,+0.942
1684251540,+3.45,+11.059,+10.097,+0.943
1684251600,+3.46,+11.059,+10.081,+0.943
1684251660,+3.45,+11.059,+10.105,+0.943
1684251720,+3.45,+11.041,+10.117,+0.943
1684251780,+3.46,+11.140,+10.097,+0.943
1684251840,+3.45,+11.140,+10.129,+0.943
1684251900,+3.46,+11.176,+10.148,+0.943
1684251960,+3.45,+11.140,+10.176,+0.943
1684252020,+3.46,+11.221,+10.157,+0.943
1684252080,+3.45,+11.194,+10.189,+0.943
1684252140,+3.46,+11.302,+10.147,+0.943
1684252200,+3.46,+11.329,+10.153,+0.943
1684252260,+3.46,+11.463,+10.113,+0.943
1684252320,+3.46,+11.544,+10.094,+0.943
1684252380,+3.46,+11.589,+10.076,+0.943
1684252440,+3.46,+11.687,+10.035,+0.943
1684252500,+3.46,+11.633,+10.068,+0.943
1684252560,+3.45,+11.750,+10.034,+0.943
1684252620,+3.46,+11.794,+10.058,+0.943
1684252680,+3.46,+11.946,+10.063,+0.943
1684252740,+3.45,+12.097,+10.056,+0.943
1684252800,+3.45,+12.195,+10.078,+0.943
1684252860,+3.45,+12.257,+10.113,+0.943
1684252920,+3.46,+12.319,+10.135,+0.943
1684252980,+3.46,+12.434,+10.133,+0.943
1684253040,+3.46,+12.487,+10.147,+0.943
1684253100,+3.46,+12.532,+10.149,+0.943
1684253160,+3.46,+12.576,+10.141,+0.943
1684253220,+3.46,+12.505,+10.108,+0.942
1684253280,+3.46,+12.514,+10.106,+0.943
1684253340,+3.46,+12.470,+10.102,+0.942
1684253400,+3.46,+12.461,+10.105,+0.943
1684253460,+3.46,+12.523,+10.083,+0.943
1684253520,+3.46,+12.470,+10.105,+0.943
1684253580,+3.46,+12.523,+10.084,+0.942
1684253640,+3.46,+12.611,+10.142,+0.942
1684253700,+3.46,+12.602,+10.173,+0.943
1684253760,+3.46,+12.682,+10.188,+0.943
1684253820,+3.46,+12.664,+10.228,+0.943
1684253880,+3.46,+12.673,+10.220,+0.943
1684253940,+3.46,+12.496, +9.993,+0.942
1684254000,+3.46,+12.381, +9.934,+0.942
1684254060,+3.46,+12.230, +9.949,+0.942
1684254120,+3.45,+12.106, +9.977,+0.942
1684254180,+3.46,+12.079, +9.979,+0.942
1684254240,+3.46,+12.044, +9.999,+0.942
1684254300,+3.46,+12.106,+10.013,+0.942
1684254360,+3.45,+12.141,+10.047,+0.942
1684254420,+3.46,+12.186,+10.065,+0.942
1684254480,+3.46,+12.266,+10.057,+0.942
1684254540,+3.45,+12.221,+10.087,+0.942
1684254600,+3.46,+12.292,+10.087,+0.943
1684254660,+3.45,+12.319,+10.106,+0.942
1684254720,+3.46,+12.390,+10.134,+0.943
1684254780,+3.46,+12.496,+10.133,+0.943
1684254840,+3.46,+12.532,+10.132,+0.943
1684254900,+3.46,+12.567,+10.139,+0.943
1684254960,+3.46,+12.638,+10.131,+0.943
1684255020,+3.46,+12.620,+10.152,+0.942
1684255080,+3.46,+12.699,+10.136,+0.942
1684255140,+3.46,+12.726,+10.133,+0.942
1684255200,+3.46,+12.708,+10.151,+0.943
1684255260,+3.46,+12.540, +9.695,+0.940
1684255320,+3.46,+11.705, +9.903,+0.941
1684255380,+3.46,+11.750,+10.113,+0.942
1684255440,+3.46,+12.124,+10.215,+0.943
1684255500,+3.46,+12.408,+10.262,+0.943
1684255560,+3.46,+12.514,+10.272,+0.942
1684255620,+3.46,+12.611,+10.266,+0.943
1684255680,+3.46,+12.638,+10.287,+0.943
1684255740,+3.46,+12.682,+10.277,+0.943
1684255800,+3.46,+12.319, +9.986,+0.941
1684255860,+3.46,+11.928, +9.848,+0.941
1684255920,+3.46,+11.803, +9.932,+0.942
1684255980,+3.46,+11.821, +9.956,+0.942
1684256040,+3.46,+12.008, +9.982,+0.942
1684256100,+3.46,+12.106,+10.027,+0.943
1684256160,+3.46,+12.221,+10.021,+0.942
1684256220,+3.46,+12.266,+10.041,+0.942
1684256280,+3.46,+12.390,+10.029,+0.942
1684256340,+3.46,+12.363,+10.075,+0.942
1684256400,+3.46,+12.337,+10.102,+0.942
1684256460,+3.46,+12.372,+10.067,+0.943
1684256520,+3.46,+12.319,+10.050,+0.942
1684256580,+3.46,+12.239,+10.079,+0.943
1684256640,+3.46,+12.248,+10.056,+0.942
1684256700,+3.46,+12.266,+10.054,+0.942
1684256760,+3.46,+12.319,+10.063,+0.942
1684256820,+3.46,+12.337,+10.113,+0.942
1684256880,+3.46,+12.443,+10.105,+0.943
1684256940,+3.46,+12.416,+10.131,+0.943
1684257000,+3.46,+12.425,+10.132,+0.942
1684257060,+3.46,+12.496,+10.118,+0.942
1684257120,+3.46,+12.523,+10.124,+0.943
1684257180,+3.46,+12.532,+10.127,+0.942
1684257240,+3.46,+12.558,+10.140,+0.943
1684257300,+3.46,+12.576,+10.155,+0.943
1684257360,+3.46,+12.593,+10.146,+0.942
1684257420,+3.46,+12.708,+10.152,+0.943
1684257480,+3.46,+12.655,+10.168,+0.943
1684257540,+3.46,+12.620,+10.072,+0.942
1684257600,+3.46,+12.461, +9.980,+0.942
1684257660,+3.46,+12.372,+10.012,+0.942
1684257720,+3.46,+12.408,+10.012,+0.942
1684257780,+3.46,+12.319,+10.057,+0.942
1684257840,+3.46,+12.346,+10.074,+0.942
1684257900,+3.46,+12.354,+10.079,+0.942
1684257960,+3.46,+12.141, +9.782,+0.940
1684258020,+3.46,+11.839, +9.826,+0.942
1684258080,+3.46,+11.794, +9.877,+0.942
1684258140,+3.46,+11.821, +9.946,+0.942
1684258200,+3.46,+11.910, +9.920,+0.942
1684258260,+3.46,+11.883, +9.979,+0.943
1684258320,+3.46,+11.964, +9.986,+0.942
1684258380,+3.46,+11.990,+10.000,+0.943
1684258440,+3.46,+12.115, +9.976,+0.942
1684258500,+3.46,+12.141, +9.978,+0.943
1684258560,+3.46,+12.213, +9.981,+0.943
1684258620,+3.46,+12.248,+10.001,+0.942
1684258680,+3.46,+12.159, +9.825,+0.941
1684258740,+3.46,+11.919, +9.780,+0.942
1684258800,+3.46,+11.767, +9.932,+0.943
1684258860,+3.46,+11.901, +9.923,+0.943
1684258920,+3.46,+12.017, +9.917,+0.943
1684258980,+3.46,+12.026, +9.925,+0.942
1684259040,+3.46,+12.097, +9.939,+0.942
1684259100,+3.46,+12.106, +9.990,+0.943
1684259160,+3.46,+12.204, +9.990,+0.942
1684259220,+3.46,+12.204, +9.989,+0.942
1684259280,+3.46,+11.714, +9.815,+0.941
1684259340,+3.46,+11.598, +9.928,+0.942
1684259400,+3.46,+11.266, +9.808,+0.941
1684259460,+3.46,+11.167, +9.919,+0.942
1684259520,+3.46,+11.104, +9.875,+0.942
1684259580,+3.46,+11.041, +9.922,+0.943
1684259640,+3.46,+11.077, +9.974,+0.942
1684259700,+3.46,+11.014,+10.045,+0.943
1684259760,+3.46,+11.086, +9.973,+0.942
1684259820,+3.46,+11.113, +9.957,+0.942
1684259880,+3.46,+11.122, +9.925,+0.942
1684259940,+3.46,+11.167, +9.923,+0.943
1684260000,+3.46,+11.149, +9.946,+0.942
1684260060,+3.46,+11.230, +9.927,+0.943
1684260120,+3.46,+11.275, +9.940,+0.942
1684260180,+3.46,+11.374, +9.946,+0.943
1684260240,+3.46,+11.526, +9.986,+0.943
1684260300,+3.46,+11.732, +9.972,+0.943
1684260360,+3.46,+11.741, +9.992,+0.943
1684260420,+3.46,+11.767, +9.964,+0.943
1684260480,+3.46,+11.830, +9.955,+0.943
1684260540,+3.46,+11.857, +9.958,+0.943
1684260600,+3.46,+11.866, +9.966,+0.943
1684260660,+3.46,+11.972, +9.962,+0.943
1684260720,+3.46,+12.061, +9.974,+0.943
1684260780,+3.46,+12.177, +9.991,+0.943
1684260840,+3.46,+12.257,+10.030,+0.943
1684260900,+3.46,+12.275,+10.056,+0.943
1684260960,+3.46,+12.301,+10.053,+0.943
1684261020,+3.46,+12.346,+10.048,+0.943
1684261080,+3.46,+12.408,+10.044,+0.943
1684261140,+3.46,+12.399,+10.079,+0.943
1684261200,+3.46,+12.115, +9.979,+0.942
1684261260,+3.46,+12.141,+10.127,+0.943
1684261320,+3.46,+12.275,+10.157,+0.943
1684261380,+3.46,+12.328,+10.076,+0.942
1684261440,+3.46,+12.346,+10.038,+0.943
1684261500,+3.46,+12.319,+10.050,+0.943
1684261560,+3.46,+12.328,+10.001,+0.942
1684261620,+3.46,+12.195, +9.996,+0.942
1684261680,+3.46,+12.141, +9.966,+0.943
1684261740,+3.46,+12.079, +9.947,+0.942
1684261800,+3.46,+12.070, +9.933,+0.942
1684261860,+3.46,+12.088, +9.917,+0.942
1684261920,+3.46,+12.026, +9.952,+0.943
1684261980,+3.46,+12.070, +9.941,+0.942
1684262040,+3.46,+12.088, +9.959,+0.942
1684262100,+3.46,+12.088, +9.963,+0.942
1684262160,+3.46,+12.097, +9.976,+0.943
1684262220,+3.46,+12.115, +9.984,+0.942
1684262280,+3.46,+12.141, +9.998,+0.942
1684262340,+3.46,+12.204, +9.980,+0.942
1684262400,+3.46,+12.213, +9.987,+0.943
1684262460,+3.46,+12.248, +9.969,+0.943
1684262520,+3.46,+12.284, +9.954,+0.942
1684262580,+3.46,+12.257, +9.953,+0.942
1684262640,+3.46,+12.230, +9.953,+0.942
1684262700,+3.46,+12.266, +9.949,+0.943
1684262760,+3.46,+12.275, +9.961,+0.943
1684262820,+3.46,+12.292, +9.966,+0.943
1684262880,+3.46,+12.337, +9.987,+0.943
1684262940,+3.46,+12.381,+10.018,+0.943
1684263000,+3.46,+12.461,+10.035,+0.942
1684263060,+3.46,+12.416,+10.134,+0.942
1684263120,+3.46,+12.470,+10.150,+0.942
1684263180,+3.46,+12.470,+10.163,+0.942
1684263240,+3.46,+12.470,+10.153,+0.943
1684263300,+3.46,+12.461,+10.156,+0.943
1684263360,+3.46,+12.434,+10.175,+0.943
1684263420,+3.46,+12.478,+10.173,+0.943
1684263480,+3.46,+12.487,+10.185,+0.943
1684263540,+3.46,+12.487,+10.188,+0.942
1684263600,+3.46,+12.425,+10.226,+0.943
1684263660,+3.46,+12.470,+10.197,+0.942
1684263720,+3.46,+12.487,+10.218,+0.942
1684263780,+3.46,+12.540,+10.198,+0.942
1684263840,+3.46,+12.532,+10.195,+0.942
1684263900,+3.46,+12.576,+10.178,+0.942
1684263960,+3.46,+12.558,+10.195,+0.943
1684264020,+3.46,+12.602,+10.193,+0.942
1684264080,+3.46,+12.620,+10.208,+0.942
1684264140,+3.46,+12.602,+10.216,+0.942
1684264200,+3.46,+12.585,+10.216,+0.942
1684264260,+3.46,+12.576,+10.046,+0.942
1684264320,+3.46,+12.354, +9.954,+0.942
1684264380,+3.46,+12.257, +9.955,+0.942
1684264440,+3.46,+12.204, +9.980,+0.942
1684264500,+3.46,+12.195, +9.969,+0.942
1684264560,+3.46,+12.133, +9.988,+0.942
1684264620,+3.46,+12.124, +9.973,+0.942
1684264680,+3.46,+12.141, +9.961,+0.942
1684264740,+3.46,+12.141, +9.950,+0.942
1684264800,+3.46,+12.150, +9.946,+0.942
1684264860,+3.46,+12.168, +9.934,+0.942
1684264920,+3.46,+12.177, +9.926,+0.942
1684264980,+3.46,+12.177, +9.942,+0.942
1684265040,+3.46,+12.177, +9.947,+0.943
1684265100,+3.46,+12.186, +9.931,+0.942
1684265160,+3.46,+12.204, +9.927,+0.942
1684265220,+3.46,+12.248, +9.903,+0.942
1684265280,+3.46,+12.213, +9.919,+0.943
1684265340,+3.46,+12.221, +9.905,+0.942
1684265400,+3.46,+12.159, +9.927,+0.942
1684265460,+3.46,+12.239, +9.915,+0.943
1684265520,+3.46,+12.275, +9.891,+0.942
1684265580,+3.46,+12.230, +9.912,+0.942
1684265640,+3.46,+12.248, +9.914,+0.942
1684265700,+3.46,+12.248, +9.926,+0.943
1684265760,+3.46,+12.292, +9.916,+0.943
1684265820,+3.46,+12.257, +9.935,+0.942
1684265880,+3.46,+12.284, +9.947,+0.942
1684265940,+3.46,+12.372, +9.955,+0.942
1684266000,+3.46,+12.363,+10.001,+0.943
1684266060,+3.46,+12.363,+10.019,+0.943
1684266120,+3.46,+12.416,+10.001,+0.943
1684266180,+3.46,+12.408,+10.010,+0.942
1684266240,+3.46,+12.496,+10.020,+0.942
1684266300,+3.46,+12.478,+10.102,+0.943
1684266360,+3.46,+12.540,+10.067,+0.942
1684266420,+3.46,+12.478,+10.109,+0.942
1684266480,+3.46,+12.487,+10.114,+0.943
1684266540,+3.46,+12.461,+10.100,+0.942
1684266600,+3.46,+12.514,+10.080,+0.942
1684266660,+3.46,+12.461,+10.102,+0.943
1684266720,+3.46,+12.452,+10.095,+0.943
1684266780,+3.46,+12.461,+10.078,+0.942
1684266840,+3.46,+12.487,+10.073,+0.943
1684266900,+3.46,+12.443,+10.083,+0.943
1684266960,+3.46,+12.514,+10.050,+0.942
1684267020,+3.46,+12.523,+10.046,+0.942
1684267080,+3.46,+12.505,+10.057,+0.943
1684267140,+3.46,+12.505,+10.062,+0.942
1684267200,+3.46,+12.514,+10.061,+0.943
1684267260,+3.46,+12.558,+10.052,+0.943
1684267320,+3.46,+12.549,+10.057,+0.943
1684267380,+3.46,+12.576,+10.043,+0.943
1684267440,+3.46,+12.558,+10.023,+0.942
1684267500,+3.46,+12.514,+10.024,+0.942
1684267560,+3.46,+12.505, +9.989,+0.942
1684267620,+3.46,+12.470, +9.961,+0.942
1684267680,+3.46,+12.478, +9.944,+0.942
1684267740,+3.46,+12.505, +9.923,+0.942
1684267800,+3.46,+12.408, +9.958,+0.942
1684267860,+3.46,+12.434, +9.942,+0.942
1684267920,+3.46,+12.425, +9.955,+0.943
1684267980,+3.46,+12.425, +9.934,+0.942
1684268040,+3.46,+12.425, +9.914,+0.942
1684268100,+3.46,+12.346, +9.945,+0.943
1684268160,+3.46,+12.354, +9.926,+0.942
1684268220,+3.46,+12.319, +9.926,+0.942
1684268280,+3.46,+12.328, +9.897,+0.942
1684268340,+3.46,+12.230, +9.920,+0.942
1684268400,+3.46,+12.319, +9.900,+0.942
1684268460,+3.46,+12.310, +9.896,+0.942
1684268520,+3.46,+12.310, +9.897,+0.942
1684268580,+3.46,+12.248, +9.946,+0.943
1684268640,+3.46,+12.292, +9.941,+0.942
1684268700,+3.46,+12.337, +9.970,+0.942
1684268760,+3.46,+12.337,+10.030,+0.942
1684268820,+3.46,+12.390,+10.028,+0.942
1684268880,+3.46,+12.390,+10.034,+0.942
1684268940,+3.46,+12.319,+10.083,+0.943
1684269000,+3.46,+12.425,+10.041,+0.942
1684269060,+3.46,+12.399,+10.046,+0.942
1684269120,+3.46,+12.390,+10.040,+0.942
1684269180,+3.46,+12.408,+10.033,+0.943
1684269240,+3.46,+12.425,+10.019,+0.942
1684269300,+3.46,+12.416,+10.023,+0.943
1684269360,+3.46,+12.381,+10.050,+0.943
1684269420,+3.46,+12.416,+10.028,+0.942
1684269480,+3.46,+12.363,+10.044,+0.942
1684269540,+3.46,+12.434,+10.053,+0.942
1684269600,+3.46,+12.496,+10.064,+0.942
1684269660,+3.46,+12.461,+10.074,+0.942
1684269720,+3.46,+12.443,+10.083,+0.943
1684269780,+3.46,+12.399,+10.099,+0.942
1684269840,+3.46,+12.461,+10.083,+0.943
1684269900,+3.46,+12.505,+10.079,+0.943
1684269960,+3.46,+12.434,+10.115,+0.942
1684270020,+3.46,+12.461,+10.107,+0.942
1684270080,+3.46,+12.434,+10.099,+0.942
1684270140,+3.46,+12.461,+10.119,+0.943
1684270200,+3.46,+12.470,+10.147,+0.943
1684270260,+3.46,+12.452,+10.150,+0.942
1684270320,+3.46,+12.470,+10.142,+0.942
1684270380,+3.46,+12.443,+10.156,+0.942
1684270440,+3.46,+12.470,+10.148,+0.942
1684270500,+3.46,+12.478,+10.164,+0.943
1684270560,+3.46,+12.487,+10.150,+0.942
1684270620,+3.46,+12.540,+10.145,+0.943
1684270680,+3.46,+12.514,+10.148,+0.943
1684270740,+3.46,+12.505,+10.142,+0.943
1684270800,+3.46,+12.496,+10.128,+0.942
1684270860,+3.46,+12.470,+10.134,+0.942
1684270920,+3.46,+12.514,+10.123,+0.943
1684270980,+3.46,+12.505,+10.126,+0.943
1684271040,+3.46,+12.514,+10.100,+0.942
1684271100,+3.46,+12.540,+10.090,+0.942
1684271160,+3.46,+12.487,+10.091,+0.942
1684271220,+3.46,+12.505,+10.086,+0.942
1684271280,+3.46,+12.496,+10.081,+0.942
1684271340,+3.46,+12.549,+10.060,+0.943
1684271400,+3.46,+12.576,+10.057,+0.943
1684271460,+3.46,+12.532,+10.070,+0.942
1684271520,+3.46,+12.549,+10.047,+0.943
1684271580,+3.46,+12.487,+10.041,+0.942
1684271640,+3.46,+12.514,+10.028,+0.943
1684271700,+3.46,+12.576, +9.998,+0.942
1684271760,+3.46,+12.532,+10.012,+0.943
1684271820,+3.46,+12.576, +9.965,+0.942
1684271880,+3.46,+12.487,+10.003,+0.942
1684271940,+3.46,+12.514, +9.987,+0.942
1684272000,+3.46,+12.540, +9.979,+0.942
1684272060,+3.46,+12.496, +9.995,+0.942
1684272120,+3.46,+12.523, +9.980,+0.942
1684272180,+3.46,+12.470, +9.982,+0.942
1684272240,+3.46,+12.496, +9.970,+0.943
1684272300,+3.46,+12.487, +9.970,+0.943
1684272360,+3.46,+12.461, +9.974,+0.943
1684272420,+3.46,+12.461, +9.943,+0.942
1684272480,+3.46,+12.416, +9.958,+0.942
1684272540,+3.46,+12.425, +9.989,+0.942
1684272600,+3.46,+12.381,+10.030,+0.942
1684272660,+3.46,+12.434,+10.021,+0.943
1684272720,+3.46,+12.443,+10.018,+0.942
1684272780,+3.46,+12.425,+10.031,+0.942
1684272840,+3.46,+12.478,+10.017,+0.943
1684272900,+3.46,+12.434,+10.023,+0.942
1684272960,+3.46,+12.390,+10.029,+0.942
1684273020,+3.46,+12.390,+10.027,+0.942
1684273080,+3.46,+12.390,+10.022,+0.942
1684273140,+3.46,+12.425,+10.009,+0.942
1684273200,+3.46,+12.381,+10.024,+0.942
1684273260,+3.46,+12.399,+10.018,+0.942
1684273320,+3.46,+12.319,+10.046,+0.943
1684273380,+3.46,+12.363,+10.020,+0.943
1684273440,+3.46,+12.337,+10.021,+0.943
1684273500,+3.46,+12.310,+10.036,+0.942
1684273560,+3.46,+12.284,+10.075,+0.943
1684273620,+3.46,+12.266,+10.078,+0.942
1684273680,+3.46,+12.266,+10.078,+0.942
1684273740,+3.46,+12.284,+10.064,+0.942
1684273800,+3.46,+12.257,+10.067,+0.943
1684273860,+3.46,+12.275,+10.043,+0.942
1684273920,+3.46,+12.266,+10.047,+0.943
1684273980,+3.46,+12.310,+10.021,+0.942
1684274040,+3.46,+12.301,+10.036,+0.943
1684274100,+3.46,+12.266,+10.061,+0.943
1684274160,+3.46,+12.239,+10.073,+0.942
1684274220,+3.46,+12.266,+10.066,+0.943
1684274280,+3.46,+12.292,+10.055,+0.942
1684274340,+3.46,+12.328,+10.043,+0.942
1684274400,+3.46,+12.292,+10.079,+0.943
1684274460,+3.46,+12.310,+10.059,+0.942
1684274520,+3.46,+12.301,+10.059,+0.943
1684274580,+3.46,+12.354,+10.028,+0.942
1684274640,+3.46,+12.284,+10.029,+0.942
1684274700,+3.46,+12.275,+10.027,+0.943
1684274760,+3.46,+12.363, +9.973,+0.942
1684274820,+3.46,+12.319, +9.991,+0.943
1684274880,+3.46,+12.363, +9.978,+0.943
1684274940,+3.46,+12.381, +9.972,+0.942
1684275000,+3.46,+12.337, +9.971,+0.942
1684275060,+3.46,+12.354, +9.991,+0.942
1684275120,+3.46,+12.328,+10.015,+0.942
1684275180,+3.46,+12.328,+10.029,+0.942
1684275240,+3.46,+12.328,+10.035,+0.943
1684275300,+3.46,+12.319,+10.036,+0.942
1684275360,+3.46,+12.381,+10.017,+0.943
1684275420,+3.46,+12.301,+10.049,+0.942
1684275480,+3.46,+12.354,+10.044,+0.942
1684275540,+3.46,+12.319,+10.075,+0.942
1684275600,+3.46,+12.346,+10.090,+0.942
1684275660,+3.46,+12.354,+10.116,+0.943
1684275720,+3.46,+12.337,+10.139,+0.943
1684275780,+3.46,+12.292,+10.171,+0.943
1684275840,+3.46,+12.328,+10.161,+0.943
1684275900,+3.46,+12.328,+10.166,+0.943
1684275960,+3.46,+12.354,+10.133,+0.942
1684276020,+3.46,+12.363,+10.127,+0.942
1684276080,+3.46,+12.390,+10.099,+0.942
1684276140,+3.46,+12.346,+10.105,+0.943
1684276200,+3.46,+12.319,+10.108,+0.942
1684276260,+3.46,+12.390,+10.092,+0.942
1684276320,+3.46,+12.319,+10.160,+0.943
1684276380,+3.46,+12.301,+10.184,+0.943
1684276440,+3.46,+12.363,+10.179,+0.943
1684276500,+3.46,+12.301,+10.207,+0.942
1684276560,+3.46,+12.354,+10.211,+0.942
1684276620,+3.46,+12.319,+10.244,+0.943
1684276680,+3.46,+12.310,+10.246,+0.942
1684276740,+3.46,+12.354,+10.227,+0.942
1684276800,+3.46,+12.354,+10.208,+0.942
1684276860,+3.46,+12.310,+10.226,+0.942
1684276920,+3.46,+12.328,+10.211,+0.942
1684276980,+3.46,+12.275,+10.234,+0.942
1684277040,+3.46,+12.319,+10.217,+0.943
1684277100,+3.46,+12.301,+10.225,+0.942
1684277160,+3.46,+12.319,+10.219,+0.943
1684277220,+3.46,+12.292,+10.209,+0.942
1684277280,+3.46,+12.248,+10.217,+0.943
1684277340,+3.46,+12.292,+10.179,+0.942
1684277400,+3.46,+12.301,+10.174,+0.943
1684277460,+3.46,+12.310,+10.166,+0.943
1684277520,+3.46,+12.319,+10.161,+0.943
1684277580,+3.46,+12.284,+10.163,+0.943
1684277640,+3.46,+12.301,+10.142,+0.942
1684277700,+3.46,+12.257,+10.155,+0.943
1684277760,+3.46,+12.292,+10.126,+0.942
1684277820,+3.46,+12.266,+10.154,+0.943
1684277880,+3.46,+12.319,+10.120,+0.943
1684277940,+3.46,+12.310,+10.109,+0.942
1684278000,+3.46,+12.310,+10.094,+0.942
1684278060,+3.46,+12.310,+10.097,+0.942
1684278120,+3.46,+12.354,+10.091,+0.942
1684278180,+3.46,+12.284,+10.078,+0.942
1684278240,+3.46,+12.266,+10.007,+0.942
1684278300,+3.46,+12.239, +9.976,+0.943
1684278360,+3.46,+12.239, +9.941,+0.942
1684278420,+3.46,+12.248, +9.918,+0.942
1684278480,+3.46,+12.204, +9.955,+0.943
1684278540,+3.46,+12.168, +9.967,+0.943
1684278600,+3.46,+12.195, +9.956,+0.942
1684278660,+3.46,+12.133, +9.999,+0.943
1684278720,+3.46,+12.141, +9.976,+0.942
1684278780,+3.46,+12.106, +9.997,+0.943
1684278840,+3.46,+12.124, +9.983,+0.943
1684278900,+3.46,+12.070,+10.008,+0.943
1684278960,+3.46,+12.133, +9.990,+0.942
1684279020,+3.46,+12.124,+10.015,+0.943
1684279080,+3.46,+12.079,+10.038,+0.943
1684279140,+3.46,+12.097,+10.030,+0.942
1684279200,+3.46,+11.981, +9.962,+0.942
1684279260,+3.46,+12.017, +9.996,+0.942
1684279320,+3.46,+11.964,+10.058,+0.942
1684279380,+3.46,+11.883,+10.049,+0.942
1684279440,+3.46,+11.821, +9.959,+0.942
1684279500,+3.46,+11.750, +9.952,+0.942
1684279560,+3.46,+11.696,+10.001,+0.942
1684279620,+3.46,+11.687,+10.149,+0.942
1684279680,+3.46,+11.642,+10.093,+0.942
1684279740,+3.46,+11.598,+10.063,+0.942
1684279800,+3.46,+11.624,+10.132,+0.943
1684279860,+3.46,+11.589,+10.224,+0.943
1684279920,+3.46,+11.589,+10.255,+0.943
1684279980,+3.46,+11.598,+10.303,+0.942
1684280040,+3.46,+11.562,+10.336,+0.942
1684280100,+3.46,+11.526,+10.294,+0.943
1684280160,+3.46,+11.544,+10.205,+0.943
1684280220,+3.46,+11.508,+10.159,+0.943
1684280280,+3.46,+11.427,+10.199,+0.943
1684280340,+3.46,+11.472,+10.171,+0.942
1684280400,+3.46,+11.481,+10.153,+0.943
1684280460,+3.46,+11.499,+10.101,+0.942
1684280520,+3.46,+11.409,+10.097,+0.943
1684280580,+3.46,+11.365,+10.079,+0.943
1684280640,+3.46,+11.374,+10.047,+0.943
1684280700,+3.46,+11.365,+10.058,+0.942
1684280760,+3.46,+11.409,+10.091,+0.942
1684280820,+3.46,+11.427,+10.121,+0.942
1684280880,+3.46,+11.418,+10.150,+0.943
1684280940,+3.46,+11.302,+10.040,+0.943
1684281000,+3.46,+11.284, +9.930,+0.943
1684281060,+3.46,+11.194, +9.810,+0.942
1684281120,+3.46,+10.996, +9.826,+0.942
1684281180,+3.46,+10.887, +9.811,+0.942
1684281240,+3.46,+10.923, +9.798,+0.942
1684281300,+3.46,+10.788, +9.820,+0.942
1684281360,+3.46,+10.697, +9.852,+0.943
1684281420,+3.46,+10.761, +9.806,+0.942
1684281480,+3.46,+10.706, +9.831,+0.942
1684281540,+3.46,+10.589, +9.893,+0.941
1684281600,+3.46,+10.516,+10.052,+0.943
1684281660,+3.46,+10.516,+10.104,+0.943
1684281720,+3.46,+10.443,+10.148,+0.942
1684281780,+3.46,+10.461,+10.160,+0.942
1684281840,+3.46,+10.407,+10.185,+0.943
1684281900,+3.46,+10.370,+10.201,+0.943
1684281960,+3.46,+10.398,+10.160,+0.943
1684282020,+3.46,+10.325,+10.173,+0.943
1684282080,+3.46,+10.352,+10.128,+0.943
1684282140,+3.46,+10.325,+10.131,+0.943
1684282200,+3.46,+10.279,+10.148,+0.943
1684282260,+3.46,+10.325,+10.122,+0.942
1684282320,+3.46,+10.307,+10.136,+0.943
1684282380,+3.46,+10.298,+10.134,+0.943
1684282440,+3.46,+10.288,+10.155,+0.943
1684282500,+3.46,+10.380,+10.111,+0.943
1684282560,+3.46,+10.370,+10.123,+0.943
1684282620,+3.46,+10.389,+10.111,+0.943
1684282680,+3.46,+10.334,+10.134,+0.943
1684282740,+3.46,+10.325,+10.113,+0.943
1684282800,+3.46,+10.343,+10.087,+0.943
1684282860,+3.46,+10.352,+10.054,+0.943
1684282920,+3.46,+10.288,+10.073,+0.943
1684282980,+3.46,+10.270,+10.074,+0.943
1684283040,+3.46,+10.307,+10.054,+0.943
1684283100,+3.46,+10.316,+10.076,+0.943
1684283160,+3.46,+10.288,+10.091,+0.942
1684283220,+3.46,+10.343,+10.085,+0.943
1684283280,+3.46,+10.288,+10.078,+0.943
1684283340,+3.46,+10.307,+10.069,+0.943
1684283400,+3.46,+10.343,+10.048,+0.943
1684283460,+3.46,+10.343,+10.043,+0.943
1684283520,+3.46,+10.279,+10.066,+0.943
1684283580,+3.46,+10.298,+10.067,+0.943
1684283640,+3.46,+10.307,+10.072,+0.943
1684283700,+3.46,+10.261,+10.093,+0.943
1684283760,+3.46,+10.243,+10.109,+0.943
1684283820,+3.46,+10.316,+10.106,+0.943
1684283880,+3.46,+10.298,+10.120,+0.943
1684283940,+3.46,+10.270,+10.137,+0.942
1684284000,+3.46,+10.288,+10.154,+0.943
1684284060,+3.46,+10.316,+10.149,+0.943
1684284120,+3.46,+10.298,+10.143,+0.943
1684284180,+3.46,+10.261,+10.121,+0.943
1684284240,+3.46,+10.243,+10.166,+0.943
1684284300,+3.46,+10.133,+10.243,+0.943
1684284360,+3.46,+10.143,+10.240,+0.943
1684284420,+3.46,+10.106,+10.253,+0.942
1684284480,+3.46,+10.060,+10.283,+0.943
1684284540,+3.46,+10.051,+10.295,+0.943
1684284600,+3.46,+10.042,+10.300,+0.943
1684284660,+3.46, +9.905,+10.337,+0.943
1684284720,+3.46, +9.969,+10.314,+0.943
1684284780,+3.46, +9.941,+10.326,+0.943
1684284840,+3.46, +9.941,+10.320,+0.943
1684284900,+3.46, +9.923,+10.321,+0.943
1684284960,+3.46, +9.877,+10.322,+0.943
1684285020,+3.46, +9.886,+10.312,+0.943
1684285080,+3.46, +9.822,+10.319,+0.943
1684285140,+3.46, +9.850,+10.308,+0.943
1684285200,+3.46, +9.795,+10.325,+0.944
1684285260,+3.46, +9.813,+10.302,+0.943
1684285320,+3.46, +9.850,+10.278,+0.943
1684285380,+3.46, +9.850,+10.270,+0.943
1684285440,+3.46, +9.831,+10.264,+0.943
1684285500,+3.46, +9.831,+10.237,+0.943
1684285560,+3.46, +9.813,+10.231,+0.943
1684285620,+3.46, +9.813,+10.217,+0.943
1684285680,+3.46, +9.712,+10.243,+0.943
1684285740,+3.46, +9.730,+10.216,+0.943
1684285800,+3.46, +9.739,+10.222,+0.943
1684285860,+3.46, +9.776,+10.202,+0.943
1684285920,+3.46, +9.730,+10.214,+0.943
1684285980,+3.46, +9.739,+10.206,+0.943
1684286040,+3.46, +9.694,+10.205,+0.943
1684286100,+3.46, +9.684,+10.210,+0.943
1684286160,+3.46, +9.657,+10.216,+0.943
1684286220,+3.46, +9.703,+10.194,+0.943
1684286280,+3.46, +9.694,+10.192,+0.943
1684286340,+3.46, +9.749,+10.159,+0.943
1684286400,+3.46, +9.684,+10.185,+0.943
1684286460,+3.46, +9.666,+10.196,+0.944
1684286520,+3.46, +9.703,+10.151,+0.943
1684286580,+3.46, +9.648,+10.158,+0.943
1684286640,+3.46, +9.675,+10.135,+0.943
1684286700,+3.46, +9.712,+10.122,+0.943
1684286760,+3.46, +9.675,+10.140,+0.943
1684286820,+3.46, +9.684,+10.134,+0.943
1684286880,+3.46, +9.657,+10.157,+0.943
1684286940,+3.46, +9.684,+10.147,+0.943
1684287000,+3.46, +9.721,+10.132,+0.943
1684287060,+3.46, +9.666,+10.152,+0.943
1684287120,+3.46, +9.758,+10.121,+0.943
1684287180,+3.46, +9.703,+10.141,+0.943
1684287240,+3.46, +9.721,+10.120,+0.943
1684287300,+3.46, +9.758,+10.083,+0.943
1684287360,+3.46, +9.730,+10.084,+0.943
1684287420,+3.46, +9.739,+10.069,+0.943
1684287480,+3.46, +9.767,+10.047,+0.943
1684287540,+3.46, +9.785,+10.050,+0.943
1684287600,+3.46, +9.822,+10.045,+0.943
1684287660,+3.46, +9.831,+10.041,+0.943
1684287720,+3.46, +9.822,+10.040,+0.943
1684287780,+3.46, +9.840,+10.032,+0.943
1684287840,+3.46, +9.804,+10.059,+0.943
1684287900,+3.46, +9.822,+10.044,+0.943
1684287960,+3.46, +9.859,+10.040,+0.943
1684288020,+3.46, +9.831,+10.049,+0.943
1684288080,+3.46, +9.840,+10.049,+0.943
1684288140,+3.46, +9.877,+10.023,+0.943
1684288200,+3.46, +9.840,+10.035,+0.943
1684288260,+3.46, +9.895,+10.015,+0.943
1684288320,+3.46, +9.886,+10.006,+0.943
1684288380,+3.46, +9.795,+10.044,+0.943
1684288440,+3.46, +9.914, +9.986,+0.943
1684288500,+3.46, +9.941, +9.985,+0.943
1684288560,+3.46, +9.868,+10.032,+0.943
1684288620,+3.46, +9.923,+10.028,+0.943
1684288680,+3.46, +9.950,+10.027,+0.943
1684288740,+3.46, +9.932,+10.035,+0.943
1684288800,+3.46, +9.950,+10.043,+0.943
1684288860,+3.46, +9.969,+10.045,+0.943
1684288920,+3.46, +9.987,+10.039,+0.943
1684288980,+3.46,+10.015,+10.040,+0.943
1684289040,+3.46,+10.051,+10.029,+0.943
1684289100,+3.46,+10.042,+10.028,+0.943
1684289160,+3.46,+10.042,+10.027,+0.943
1684289220,+3.46, +9.996,+10.049,+0.943
1684289280,+3.46,+10.069,+10.023,+0.943
1684289340,+3.46,+10.033,+10.019,+0.942
1684289400,+3.46,+10.005,+10.041,+0.943
1684289460,+3.46,+10.069,+10.013,+0.943
1684289520,+3.46,+10.060,+10.028,+0.943
1684289580,+3.46,+10.069,+10.017,+0.943
1684289640,+3.46,+10.152, +9.980,+0.943
1684289700,+3.46,+10.115,+10.006,+0.944
1684289760,+3.46,+10.042,+10.026,+0.943
1684289820,+3.46,+10.060,+10.008,+0.943
1684289880,+3.46,+10.133, +9.980,+0.943
1684289940,+3.46,+10.088,+10.007,+0.943
1684290000,+3.46,+10.133, +9.974,+0.943
1684290060,+3.46,+10.152, +9.965,+0.943
1684290120,+3.46,+10.106, +9.977,+0.943
1684290180,+3.46,+10.106, +9.975,+0.943
1684290240,+3.46,+10.115, +9.964,+0.943
1684290300,+3.46,+10.097, +9.959,+0.943
1684290360,+3.46,+10.060, +9.964,+0.943
1684290420,+3.46,+10.170, +9.919,+0.943
1684290480,+3.46,+10.097, +9.973,+0.943
1684290540,+3.46,+10.124, +9.980,+0.943
1684290600,+3.46,+10.097,+10.026,+0.943
1684290660,+3.46,+10.115,+10.021,+0.943
1684290720,+3.46,+10.060,+10.048,+0.943
1684290780,+3.46, +9.978,+10.024,+0.943
1684290840,+3.46, +9.987, +9.936,+0.942
1684290900,+3.46, +9.950, +9.898,+0.942
1684290960,+3.46, +9.996, +9.893,+0.942
1684291020,+3.46, +9.960, +9.989,+0.943
1684291080,+3.46, +9.914,+10.053,+0.943
1684291140,+3.46, +9.950,+10.065,+0.943
1684291200,+3.46, +9.932,+10.090,+0.943
1684291260,+3.46, +9.932,+10.098,+0.943
1684291320,+3.46, +9.923,+10.098,+0.943
1684291380,+3.46, +9.969,+10.082,+0.943
1684291440,+3.46, +9.941,+10.061,+0.943
1684291500,+3.46, +9.969,+10.049,+0.943
1684291560,+3.46, +9.996,+10.028,+0.943
1684291620,+3.46, +9.978,+10.040,+0.943
1684291680,+3.46, +9.923,+10.064,+0.943
1684291740,+3.46,+10.024,+10.037,+0.942
1684291800,+3.46,+10.024,+10.061,+0.943
1684291860,+3.46,+10.069,+10.053,+0.943
1684291920,+3.46,+10.179,+10.014,+0.943
1684291980,+3.46,+10.225,+10.008,+0.943
1684292040,+3.46,+10.279, +9.999,+0.943
1684292100,+3.46,+10.352, +9.972,+0.943
1684292160,+3.46,+10.279, +9.944,+0.943
1684292220,+3.46,+10.234, +9.921,+0.943
1684292280,+3.46,+10.206, +9.924,+0.943
1684292340,+3.46,+10.188, +9.955,+0.943
1684292400,+3.46,+10.179, +9.963,+0.943
1684292460,+3.46,+10.252, +9.938,+0.943
1684292520,+3.46,+10.261, +9.955,+0.943
1684292580,+3.46,+10.316, +9.960,+0.944
1684292640,+3.46,+10.316, +9.962,+0.944
1684292700,+3.46,+10.380, +9.945,+0.943
1684292760,+3.46,+10.352, +9.969,+0.943
1684292820,+3.46,+10.288, +9.983,+0.943
1684292880,+3.46,+10.352, +9.935,+0.943
1684292940,+3.46,+10.307, +9.942,+0.943
1684293000,+3.46,+10.325, +9.928,+0.943
1684293060,+3.46,+10.288, +9.937,+0.943
1684293120,+3.46,+10.252, +9.970,+0.943
1684293180,+3.46,+10.380, +9.924,+0.943
1684293240,+3.46,+10.389, +9.914,+0.943
1684293300,+3.46,+10.425, +9.917,+0.943
1684293360,+3.46,+10.443, +9.918,+0.943
1684293420,+3.46,+10.470, +9.946,+0.943
1684293480,+3.46,+10.589, +9.930,+0.943
1684293540,+3.46,+10.534, +9.969,+0.943
1684293600,+3.46,+10.607, +9.948,+0.943
1684293660,+3.46,+10.579, +9.983,+0.943
1684293720,+3.46,+10.616, +9.979,+0.943
1684293780,+3.46,+10.634, +9.979,+0.943
1684293840,+3.46,+10.670, +9.979,+0.943
1684293900,+3.46,+10.688, +9.969,+0.943
1684293960,+3.46,+10.643, +9.993,+0.943
1684294020,+3.46,+10.724, +9.975,+0.943
1684294080,+3.46,+10.734, +9.980,+0.943
1684294140,+3.46,+10.706, +9.984,+0.943
1684294200,+3.46,+10.706, +9.994,+0.943
1684294260,+3.46,+10.743, +9.978,+0.943
1684294320,+3.46,+10.761, +9.968,+0.943
1684294380,+3.46,+10.715, +9.977,+0.943
1684294440,+3.46,+10.743, +9.934,+0.943
1684294500,+3.46,+10.752, +9.919,+0.943
1684294560,+3.46,+10.761, +9.918,+0.942
1684294620,+3.46,+10.734, +9.954,+0.943
1684294680,+3.46,+10.788, +9.909,+0.942
1684294740,+3.46,+10.797, +9.930,+0.943
1684294800,+3.46,+10.779, +9.970,+0.943
1684294860,+3.46,+10.833, +9.976,+0.943
1684294920,+3.46,+10.770,+10.004,+0.943
1684294980,+3.46,+10.770,+10.041,+0.943
1684295040,+3.46,+10.806,+10.030,+0.943
1684295100,+3.46,+10.842,+10.035,+0.943
1684295160,+3.46,+10.824,+10.066,+0.943
1684295220,+3.46,+10.851,+10.062,+0.943
1684295280,+3.46,+10.896,+10.049,+0.943
1684295340,+3.46,+10.842,+10.065,+0.943
1684295400,+3.46,+10.932,+10.013,+0.943
1684295460,+3.46,+10.860,+10.039,+0.943
1684295520,+3.46,+10.914,+10.022,+0.943
1684295580,+3.46,+10.941,+10.002,+0.943
1684295640,+3.46,+10.941,+10.013,+0.943
1684295700,+3.46,+10.951,+10.037,+0.943
1684295760,+3.46,+11.005,+10.048,+0.943
1684295820,+3.46,+10.996,+10.065,+0.943
1684295880,+3.46,+11.077,+10.060,+0.943
1684295940,+3.46,+11.050,+10.074,+0.942
1684296000,+3.46,+11.140,+10.059,+0.943
1684296060,+3.46,+11.140,+10.062,+0.943
1684296120,+3.46,+11.167,+10.060,+0.943
1684296180,+3.46,+11.149,+10.063,+0.942
1684296240,+3.46,+11.176,+10.078,+0.943
1684296300,+3.46,+11.167,+10.092,+0.943
1684296360,+3.46,+11.194,+10.076,+0.943
1684296420,+3.46,+11.194,+10.078,+0.943
1684296480,+3.46,+11.221,+10.063,+0.943
1684296540,+3.46,+11.230,+10.059,+0.943
1684296600,+3.46,+11.221,+10.071,+0.943
1684296660,+3.46,+11.239,+10.066,+0.943
1684296720,+3.46,+11.248,+10.067,+0.943
1684296780,+3.46,+11.230,+10.084,+0.943
1684296840,+3.46,+11.284,+10.072,+0.943
1684296900,+3.46,+11.275,+10.088,+0.943
1684296960,+3.46,+11.266,+10.112,+0.943
1684297020,+3.46,+11.329,+10.081,+0.943
1684297080,+3.46,+11.311,+10.094,+0.943
1684297140,+3.46,+11.374,+10.062,+0.943
1684297200,+3.46,+11.293,+10.063,+0.943
1684297260,+3.46,+11.356,+10.031,+0.943
1684297320,+3.46,+11.383,+10.007,+0.943
1684297380,+3.46,+11.374, +9.988,+0.943
1684297440,+3.46,+11.445, +9.939,+0.943
1684297500,+3.46,+11.445, +9.937,+0.943
1684297560,+3.46,+11.400, +9.938,+0.943
1684297620,+3.46,+11.383, +9.920,+0.943
1684297680,+3.46,+11.427, +9.910,+0.943
1684297740,+3.46,+11.472, +9.907,+0.943
1684297800,+3.46,+11.383, +9.935,+0.943
1684297860,+3.46,+11.409, +9.913,+0.942
1684297920,+3.46,+11.490, +9.878,+0.942
1684297980,+3.46,+11.490, +9.895,+0.942
1684298040,+3.46,+11.472, +9.919,+0.943
1684298100,+3.46,+11.490, +9.898,+0.942
1684298160,+3.46,+11.472, +9.877,+0.943
1684298220,+3.46,+11.463, +9.817,+0.942
1684298280,+3.46,+11.436, +9.888,+0.942
1684298340,+3.46,+11.391, +9.915,+0.942
1684298400,+3.46,+11.409, +9.909,+0.943
1684298460,+3.46,+11.409, +9.905,+0.943
1684298520,+3.46,+11.400, +9.916,+0.943
1684298580,+3.46,+11.338, +9.936,+0.943
1684298640,+3.46,+11.383, +9.895,+0.943
1684298700,+3.46,+11.436, +9.854,+0.942
1684298760,+3.46,+11.400, +9.863,+0.943
1684298820,+3.46,+11.374, +9.873,+0.943
1684298880,+3.46,+11.418, +9.852,+0.943
1684298940,+3.46,+11.374, +9.857,+0.943
1684299000,+3.46,+11.409, +9.839,+0.943
1684299060,+3.46,+11.418, +9.818,+0.943
1684299120,+3.46,+11.427, +9.797,+0.942
1684299180,+3.46,+11.418, +9.814,+0.943
1684299240,+3.46,+11.463, +9.807,+0.942
1684299300,+3.46,+11.472, +9.841,+0.943
1684299360,+3.46,+11.535, +9.873,+0.943
1684299420,+3.46,+11.517, +9.918,+0.943
1684299480,+3.46,+11.562, +9.909,+0.942
1684299540,+3.46,+11.508, +9.930,+0.942
1684299600,+3.46,+11.517, +9.950,+0.943
1684299660,+3.46,+11.535, +9.942,+0.943
1684299720,+3.46,+11.571, +9.931,+0.943
1684299780,+3.46,+11.580, +9.943,+0.943
1684299840,+3.46,+11.589, +9.983,+0.943
1684299900,+3.46,+11.598,+10.022,+0.943
1684299960,+3.46,+11.535,+10.072,+0.943
1684300020,+3.46,+11.562,+10.077,+0.942
1684300080,+3.46,+11.517,+10.062,+0.943
1684300140,+3.46,+11.526,+10.000,+0.942
1684300200,+3.46,+11.508, +9.873,+0.943
1684300260,+3.46,+11.490, +9.843,+0.943
1684300320,+3.46,+11.409, +9.845,+0.943
1684300380,+3.46,+11.374, +9.856,+0.943
1684300440,+3.46,+11.374, +9.901,+0.943
1684300500,+3.46,+11.329, +9.956,+0.943
1684300560,+3.46,+11.329, +9.991,+0.942
1684300620,+3.46,+11.320, +9.996,+0.942
1684300680,+3.46,+11.239,+10.073,+0.942
1684300740,+3.46,+11.320,+10.132,+0.942
1684300800,+3.46,+11.266,+10.158,+0.943
1684300860,+3.46,+11.293,+10.177,+0.943
1684300920,+3.46,+11.320,+10.164,+0.943
1684300980,+3.46,+11.275,+10.150,+0.943
1684301040,+3.46,+11.302,+10.135,+0.943
1684301100,+3.46,+11.338,+10.098,+0.942
1684301160,+3.46,+11.302,+10.114,+0.943
1684301220,+3.46,+11.320,+10.099,+0.943
1684301280,+3.46,+11.347,+10.073,+0.943
1684301340,+3.46,+11.257,+10.112,+0.943
1684301400,+3.46,+11.248,+10.113,+0.942
1684301460,+3.46,+11.311,+10.083,+0.942
1684301520,+3.46,+11.311,+10.088,+0.943
1684301580,+3.46,+11.158,+10.070,+0.942
1684301640,+3.46,+11.203,+10.026,+0.943
1684301700,+3.46,+11.230,+10.008,+0.943
1684301760,+3.46,+11.131,+10.029,+0.942
1684301820,+3.46,+11.086,+10.062,+0.943
1684301880,+3.46,+11.149,+10.060,+0.943
1684301940,+3.46,+11.131,+10.079,+0.943
1684302000,+3.46,+11.086,+10.106,+0.943
1684302060,+3.46,+11.122,+10.100,+0.943
1684302120,+3.46,+11.122,+10.104,+0.943
1684302180,+3.46,+11.158,+10.121,+0.943
1684302240,+3.46,+11.131,+10.160,+0.943
1684302300,+3.46,+11.176,+10.171,+0.943
1684302360,+3.46,+11.167,+10.190,+0.943
1684302420,+3.46,+11.167,+10.212,+0.943
1684302480,+3.46,+11.122,+10.238,+0.943
1684302540,+3.46,+11.158,+10.219,+0.943
1684302600,+3.46,+11.176,+10.194,+0.943
1684302660,+3.46,+11.140,+10.214,+0.943
1684302720,+3.46,+11.131,+10.228,+0.943
1684302780,+3.46,+11.167,+10.202,+0.943
1684302840,+3.46,+11.167,+10.216,+0.943
1684302900,+3.46,+11.167,+10.198,+0.943
1684302960,+3.46,+11.176,+10.194,+0.943
1684303020,+3.46,+11.158,+10.190,+0.943
1684303080,+3.46,+11.140,+10.203,+0.943
1684303140,+3.46,+11.194,+10.186,+0.943
1684303200,+3.46,+11.194,+10.182,+0.943
1684303260,+3.46,+11.131,+10.222,+0.943
1684303320,+3.46,+11.221,+10.182,+0.943
1684303380,+3.46,+11.230,+10.170,+0.943
1684303440,+3.46,+11.212,+10.173,+0.942
1684303500,+3.46,+11.212,+10.174,+0.943
1684303560,+3.46,+11.230,+10.157,+0.942
1684303620,+3.46,+11.257,+10.155,+0.943
1684303680,+3.46,+11.266,+10.156,+0.943
1684303740,+3.46,+11.203,+10.167,+0.942
1684303800,+3.46,+11.194,+10.172,+0.943
1684303860,+3.46,+11.275,+10.137,+0.943
1684303920,+3.46,+11.257,+10.150,+0.943
1684303980,+3.46,+11.230,+10.155,+0.943
1684304040,+3.46,+11.230,+10.133,+0.943
1684304100,+3.46,+11.203,+10.105,+0.942
1684304160,+3.46,+11.185,+10.096,+0.943
1684304220,+3.46,+11.167,+10.109,+0.943
1684304280,+3.46,+11.140,+10.142,+0.943
1684304340,+3.46,+11.113,+10.132,+0.943
1684304400,+3.46,+11.149,+10.122,+0.942
1684304460,+3.46,+11.095,+10.180,+0.943
1684304520,+3.46,+11.068,+10.211,+0.943
1684304580,+3.46,+10.969,+10.270,+0.942
1684304640,+3.46,+11.032,+10.257,+0.943
1684304700,+3.46,+11.023,+10.272,+0.943
1684304760,+3.46,+11.014,+10.269,+0.943
1684304820,+3.46,+11.005,+10.266,+0.943
1684304880,+3.46,+10.987,+10.270,+0.943
1684304940,+3.46,+10.978,+10.267,+0.943
1684305000,+3.46,+10.978,+10.262,+0.943
1684305060,+3.46,+10.978,+10.269,+0.944
1684305120,+3.46,+11.005,+10.236,+0.943
1684305180,+3.46,+10.951,+10.244,+0.943
1684305240,+3.46,+11.023,+10.203,+0.943
1684305300,+3.46,+10.987,+10.202,+0.943
1684305360,+3.46,+10.987,+10.197,+0.943
1684305420,+3.46,+10.951,+10.209,+0.943
1684305480,+3.46,+10.996,+10.174,+0.943
1684305540,+3.46,+10.923,+10.135,+0.942
1684305600,+3.46,+10.905,+10.106,+0.943
1684305660,+3.46,+10.842,+10.126,+0.943
1684305720,+3.46,+10.896,+10.094,+0.943
1684305780,+3.46,+10.851,+10.108,+0.943
1684305840,+3.46,+10.878,+10.095,+0.943
1684305900,+3.46,+10.896,+10.089,+0.943
1684305960,+3.46,+10.860,+10.086,+0.943
1684306020,+3.46,+10.896,+10.070,+0.943
1684306080,+3.46,+10.833,+10.088,+0.943
1684306140,+3.46,+10.824,+10.086,+0.943
1684306200,+3.46,+10.887,+10.075,+0.943
1684306260,+3.46,+10.860,+10.071,+0.942
1684306320,+3.46,+10.851,+10.085,+0.943
1684306380,+3.46,+10.860,+10.054,+0.943
1684306440,+3.46,+10.833,+10.047,+0.943
1684306500,+3.46,+10.833,+10.045,+0.943
1684306560,+3.46,+10.851,+10.038,+0.943
1684306620,+3.46,+10.860,+10.037,+0.943
1684306680,+3.46,+10.815,+10.045,+0.943
1684306740,+3.46,+10.779,+10.054,+0.943
1684306800,+3.46,+10.806,+10.017,+0.942
1684306860,+3.46,+10.770,+10.038,+0.943
1684306920,+3.46,+10.797,+10.007,+0.943
1684306980,+3.46,+10.788, +9.993,+0.943
1684307040,+3.46,+10.752,+10.014,+0.942
1684307100,+3.46,+10.598,+10.088,+0.943
1684307160,+3.46,+10.679,+10.070,+0.942
1684307220,+3.46,+10.625,+10.113,+0.943
1684307280,+3.46,+10.643,+10.111,+0.943
1684307340,+3.46,+10.643,+10.118,+0.943
1684307400,+3.46,+10.679,+10.109,+0.942
1684307460,+3.46,+10.598,+10.157,+0.943
1684307520,+3.46,+10.652,+10.133,+0.943
1684307580,+3.46,+10.616,+10.141,+0.943
1684307640,+3.46,+10.625,+10.156,+0.943
1684307700,+3.46,+10.661,+10.158,+0.943
1684307760,+3.46,+10.743,+10.121,+0.943
1684307820,+3.46,+10.797,+10.023,+0.943
1684307880,+3.46,+10.797,+10.022,+0.943
1684307940,+3.46,+10.815,+10.024,+0.943
1684308000,+3.46,+10.851,+10.049,+0.943
1684308060,+3.46,+10.860,+10.077,+0.943
1684308120,+3.46,+10.923,+10.071,+0.943
1684308180,+3.46,+10.941,+10.062,+0.943
1684308240,+3.46,+10.996,+10.049,+0.943
1684308300,+3.46,+11.014,+10.065,+0.943
1684308360,+3.46,+11.077,+10.064,+0.943
1684308420,+3.46,+11.023,+10.112,+0.944
1684308480,+3.46,+11.104,+10.076,+0.943
1684308540,+3.46,+11.086,+10.093,+0.943
1684308600,+3.46,+11.131,+10.092,+0.943
1684308660,+3.46,+11.131,+10.114,+0.943
1684308720,+3.46,+11.185,+10.115,+0.943
1684308780,+3.46,+11.293,+10.079,+0.943
1684308840,+3.46,+11.239,+10.104,+0.943
1684308900,+3.46,+11.275,+10.099,+0.943
1684308960,+3.46,+11.338,+10.084,+0.943
1684309020,+3.46,+11.320,+10.101,+0.943
1684309080,+3.46,+11.320,+10.131,+0.943
1684309140,+3.46,+11.365,+10.130,+0.943
1684309200,+3.46,+11.374,+10.143,+0.943
1684309260,+3.46,+11.347,+10.154,+0.943
1684309320,+3.46,+11.338,+10.169,+0.943
1684309380,+3.46,+11.436,+10.136,+0.943
1684309440,+3.46,+11.418,+10.152,+0.943
1684309500,+3.46,+11.365,+10.176,+0.943
1684309560,+3.46,+11.427,+10.152,+0.943
1684309620,+3.46,+11.436,+10.161,+0.943
1684309680,+3.46,+11.400,+10.175,+0.943
1684309740,+3.46,+11.445,+10.149,+0.943
1684309800,+3.46,+11.436,+10.153,+0.943
1684309860,+3.46,+11.436,+10.154,+0.943
1684309920,+3.46,+11.436,+10.147,+0.943
1684309980,+3.46,+11.400,+10.168,+0.943
1684310040,+3.46,+11.472,+10.124,+0.943
1684310100,+3.46,+11.409,+10.114,+0.943
1684310160,+3.46,+11.445,+10.070,+0.943
1684310220,+3.46,+11.454,+10.045,+0.943
1684310280,+3.46,+11.445,+10.040,+0.943
1684310340,+3.46,+11.481,+10.011,+0.943
1684310400,+3.46,+11.418,+10.014,+0.942
1684310460,+3.46,+11.481, +9.977,+0.943
1684310520,+3.46,+11.535, +9.896,+0.942
1684310580,+3.46,+11.517, +9.888,+0.943
1684310640,+3.46,+11.580, +9.868,+0.943
1684310700,+3.46,+11.678, +9.908,+0.943
1684310760,+3.46,+11.723, +9.988,+0.942
1684310820,+3.46,+11.767,+10.055,+0.943
1684310880,+3.46,+11.741,+10.108,+0.943
1684310940,+3.46,+11.848,+10.161,+0.943
1684311000,+3.46,+11.892,+10.188,+0.942
1684311060,+3.46,+11.946,+10.212,+0.943
1684311120,+3.46,+12.061,+10.190,+0.943
1684311180,+3.46,+12.150,+10.242,+0.944
1684311240,+3.46,+12.354,+10.205,+0.943
1684311300,+3.46,+12.532,+10.158,+0.943
1684311360,+3.46,+12.523,+10.160,+0.943
1684311420,+3.46,+12.576,+10.151,+0.943
1684311480,+3.46,+12.646,+10.143,+0.943
1684311540,+3.46,+12.699,+10.129,+0.943
1684311600,+3.46,+12.682,+10.141,+0.943
1684311660,+3.46,+12.708,+10.136,+0.943
1684311720,+3.46,+12.726,+10.121,+0.943
1684311780,+3.46,+12.735,+10.116,+0.942
1684311840,+3.46,+12.796,+10.100,+0.943
1684311900,+3.46,+12.717,+10.119,+0.943
1684311960,+3.46,+12.770,+10.093,+0.943
1684312020,+3.46,+12.814,+10.067,+0.942
1684312080,+3.46,+12.761,+10.091,+0.942
1684312140,+3.46,+12.779,+10.099,+0.943
1684312200,+3.46,+12.743,+10.118,+0.943
1684312260,+3.46,+12.752,+10.113,+0.942
1684312320,+3.46,+12.858,+10.067,+0.942
1684312380,+3.46,+12.735,+10.104,+0.942
1684312440,+3.46,+12.735,+10.103,+0.943
1684312500,+3.46,+12.752,+10.086,+0.942
1684312560,+3.46,+12.796,+10.100,+0.943
1684312620,+3.46,+12.796,+10.115,+0.942
1684312680,+3.46,+12.788,+10.148,+0.943
1684312740,+3.46,+12.743,+10.149,+0.942
1684312800,+3.46,+12.796,+10.137,+0.943
1684312860,+3.46,+12.761,+10.151,+0.943
1684312920,+3.46,+12.823,+10.114,+0.942
1684312980,+3.46,+12.770,+10.131,+0.942
1684313040,+3.46,+12.805, +9.977,+0.941
1684313100,+3.46,+12.540,+10.100,+0.942
1684313160,+3.46,+12.425,+10.149,+0.942
1684313220,+3.46,+12.337,+10.171,+0.942
1684313280,+3.46,+12.266,+10.209,+0.942
1684313340,+3.46,+12.177,+10.166,+0.942
1684313400,+3.46,+12.044,+10.184,+0.942
1684313460,+3.46,+12.070,+10.105,+0.942
1684313520,+3.46,+11.972,+10.094,+0.942
1684313580,+3.46,+11.803,+10.141,+0.942
1684313640,+3.46,+11.821,+10.128,+0.942
1684313700,+3.46,+11.785,+10.117,+0.942
1684313760,+3.46,+11.741,+10.107,+0.942
1684313820,+3.46,+11.248, +9.746,+0.941
1684313880,+3.46,+10.878, +9.623,+0.940
1684313940,+3.46,+10.443, +9.688,+0.941
1684314000,+3.46,+10.380, +9.903,+0.942
1684314060,+3.46,+10.452, +9.981,+0.942
1684314120,+3.46,+10.480, +9.984,+0.942
1684314180,+3.46,+10.352, +9.900,+0.942
1684314240,+3.46,+10.270, +9.892,+0.942
1684314300,+3.46,+10.206, +9.920,+0.942
1684314360,+3.46,+10.170, +9.976,+0.943
1684314420,+3.46,+10.243, +9.996,+0.943
1684314480,+3.46,+10.298,+10.017,+0.942
1684314540,+3.46,+10.325,+10.059,+0.943
1684314600,+3.46,+10.416,+10.066,+0.943
1684314660,+3.46,+10.579,+10.050,+0.943
1684314720,+3.46,+10.561,+10.061,+0.943
1684314780,+3.46,+10.643,+10.145,+0.944
1684314840,+3.46,+10.715,+10.207,+0.943
1684314900,+3.46,+10.824,+10.198,+0.944
1684314960,+3.46,+10.887,+10.173,+0.943
1684315020,+3.46,+10.878,+10.181,+0.943
1684315080,+3.46,+10.932,+10.139,+0.943
1684315140,+3.46,+10.923,+10.157,+0.943
1684315200,+3.46,+10.941,+10.144,+0.943
1684315260,+3.46,+10.878,+10.172,+0.943
1684315320,+3.46,+10.905,+10.159,+0.943
1684315380,+3.46,+10.951,+10.151,+0.943
1684315440,+3.46,+10.923,+10.163,+0.943
1684315500,+3.46,+10.932,+10.174,+0.943
1684315560,+3.46,+11.014,+10.141,+0.943
1684315620,+3.46,+11.077,+10.135,+0.943
1684315680,+3.46,+11.059,+10.165,+0.943
1684315740,+3.46,+11.068,+10.166,+0.943
1684315800,+3.46,+11.122,+10.154,+0.943
1684315860,+3.46,+11.158,+10.160,+0.943
1684315920,+3.46,+11.185,+10.168,+0.943
1684315980,+3.46,+11.239,+10.200,+0.944
1684316040,+3.46,+11.356,+10.211,+0.943
1684316100,+3.46,+11.391,+10.238,+0.943
1684316160,+3.46,+11.481,+10.244,+0.944
1684316220,+3.46,+11.526,+10.229,+0.943
1684316280,+3.46,+11.544,+10.243,+0.943
1684316340,+3.46,+11.580,+10.227,+0.943
1684316400,+3.46,+11.642,+10.201,+0.943
1684316460,+3.46,+11.642,+10.168,+0.943
1684316520,+3.46,+11.624,+10.163,+0.943
1684316580,+3.46,+11.580,+10.177,+0.943
1684316640,+3.46,+11.633,+10.212,+0.943
1684316700,+3.46,+11.705,+10.185,+0.943
1684316760,+3.46,+11.714,+10.213,+0.943
1684316820,+3.46,+11.776,+10.229,+0.943
1684316880,+3.46,+11.812,+10.213,+0.943
1684316940,+3.46,+11.785,+10.191,+0.943
1684317000,+3.46,+11.732,+10.214,+0.943
1684317060,+3.46,+11.776,+10.189,+0.943
1684317120,+3.46,+11.714,+10.215,+0.943
1684317180,+3.46,+11.732,+10.220,+0.942
1684317240,+3.46,+11.723,+10.233,+0.942
1684317300,+3.46,+11.723,+10.236,+0.943
1684317360,+3.46,+11.750,+10.239,+0.943
1684317420,+3.46,+11.794,+10.213,+0.943
1684317480,+3.46,+11.758,+10.222,+0.943
1684317540,+3.46,+11.758,+10.219,+0.943
1684317600,+3.46,+11.750,+10.216,+0.942
1684317660,+3.46,+11.785,+10.195,+0.942
1684317720,+3.46,+11.741,+10.206,+0.942
1684317780,+3.46,+11.785,+10.190,+0.942
1684317840,+3.46,+11.705,+10.226,+0.943
1684317900,+3.46,+11.750,+10.204,+0.943
1684317960,+3.46,+11.776,+10.202,+0.943
1684318020,+3.46,+11.732,+10.205,+0.943
1684318080,+3.46,+11.776,+10.182,+0.942
1684318140,+3.46,+11.758,+10.188,+0.942
1684318200,+3.46,+11.785,+10.194,+0.943
1684318260,+3.46,+11.794,+10.200,+0.942
1684318320,+3.46,+11.571,+10.014,+0.942
1684318380,+3.46,+11.077, +9.666,+0.941
1684318440,+3.46,+10.752, +9.772,+0.941
1684318500,+3.46,+10.380, +9.690,+0.940
1684318560,+3.46,+10.170, +9.693,+0.941
1684318620,+3.46, +9.923, +9.496,+0.940
1684318680,+3.46, +9.334, +9.359,+0.940
1684318740,+3.46, +9.037, +9.359,+0.939
1684318800,+3.46, +8.749, +9.466,+0.941
1684318860,+3.46, +8.637, +9.412,+0.940
1684318920,+3.46, +8.468, +9.400,+0.940
1684318980,+3.46, +8.318, +9.428,+0.940
1684319040,+3.46, +8.252, +9.456,+0.941
1684319100,+3.46, +8.167, +9.511,+0.941
1684319160,+3.46, +8.196, +9.485,+0.941
1684319220,+3.46, +8.120, +9.526,+0.941
1684319280,+3.46, +8.073, +9.544,+0.941
1684319340,+3.46, +8.101, +9.531,+0.941
1684319400,+3.46, +8.016, +9.552,+0.941
1684319460,+3.46, +8.064, +9.536,+0.942
1684319520,+3.46, +8.016, +9.550,+0.942
1684319580,+3.46, +8.035, +9.544,+0.942
1684319640,+3.46, +8.045, +9.541,+0.942
1684319700,+3.46, +8.073, +9.551,+0.942
1684319760,+3.46, +8.073, +9.582,+0.942
1684319820,+3.46, +8.139, +9.586,+0.942
1684319880,+3.46, +8.139, +9.611,+0.942
1684319940,+3.46, +8.167, +9.612,+0.942
1684320000,+3.46, +8.243, +9.644,+0.943
1684320060,+3.46, +8.309, +9.662,+0.943
1684320120,+3.46, +8.431, +9.732,+0.943
1684320180,+3.46, +8.581, +9.802,+0.943
1684320240,+3.46, +8.683, +9.772,+0.943
1684320300,+3.46, +8.739, +9.891,+0.944
1684320360,+3.46, +8.926, +9.837,+0.943
1684320420,+3.46, +8.991, +9.862,+0.944
1684320480,+3.46, +9.130, +9.868,+0.944
1684320540,+3.46, +9.167, +9.929,+0.944
1684320600,+3.46, +9.417, +9.952,+0.944
1684320660,+3.46, +9.629, +9.954,+0.944
1684320720,+3.46, +9.813, +9.995,+0.944
1684320780,+3.46,+10.015,+10.010,+0.944
1684320840,+3.46,+10.143,+10.021,+0.944
1684320900,+3.46,+10.225,+10.042,+0.944
1684320960,+3.46,+10.316,+10.053,+0.944
1684321020,+3.46,+10.425,+10.061,+0.944
1684321080,+3.46,+10.480,+10.056,+0.944
1684321140,+3.46,+10.516,+10.059,+0.943
1684321200,+3.46,+10.589,+10.078,+0.943
1684321260,+3.46,+10.670,+10.111,+0.944
1684321320,+3.46,+10.797,+10.140,+0.944
1684321380,+3.46,+10.960,+10.246,+0.944
1684321440,+3.46,+11.077,+10.300,+0.944
1684321500,+3.46,+11.230,+10.315,+0.944
1684321560,+3.46,+11.302,+10.340,+0.944
1684321620,+3.46,+11.365,+10.334,+0.943
1684321680,+3.46,+11.418,+10.350,+0.943
1684321740,+3.46,+11.454,+10.334,+0.943
1684321800,+3.46,+11.490,+10.306,+0.943
1684321860,+3.46,+11.517,+10.309,+0.944
1684321920,+3.46,+11.553,+10.291,+0.943
1684321980,+3.46,+11.544,+10.279,+0.943
1684322040,+3.46,+11.517,+10.292,+0.943
1684322100,+3.46,+11.598,+10.247,+0.943
1684322160,+3.46,+11.598,+10.311,+0.943
1684322220,+3.46,+11.660,+10.304,+0.943
1684322280,+3.46,+11.687,+10.302,+0.943
1684322340,+3.46,+11.750,+10.297,+0.943
1684322400,+3.46,+11.839,+10.379,+0.943
1684322460,+3.46,+11.937,+10.356,+0.943
1684322520,+3.46,+11.937,+10.344,+0.943
1684322580,+3.46,+11.999,+10.413,+0.944
1684322640,+3.46,+12.097,+10.430,+0.943
1684322700,+3.46,+12.115,+10.443,+0.943
1684322760,+3.46,+12.159,+10.454,+0.944
1684322820,+3.46,+12.204,+10.407,+0.943
1684322880,+3.46,+12.150,+10.422,+0.943
1684322940,+3.46,+12.292,+10.418,+0.943
1684323000,+3.46,+12.248,+10.458,+0.944
1684323060,+3.46,+12.346,+10.375,+0.943
1684323120,+3.46,+12.248,+10.345,+0.942
1684323180,+3.46,+12.177,+10.359,+0.943
1684323240,+3.46,+12.195,+10.341,+0.943
1684323300,+3.46,+12.230,+10.326,+0.943
1684323360,+3.46,+12.186,+10.330,+0.943
1684323420,+3.46,+12.168,+10.339,+0.943
1684323480,+3.46,+12.088,+10.357,+0.943
1684323540,+3.46,+12.159,+10.324,+0.943
1684323600,+3.46,+12.150,+10.324,+0.943
1684323660,+3.46,+12.159,+10.311,+0.942
1684323720,+3.46,+12.133,+10.325,+0.942
1684323780,+3.46,+12.177,+10.316,+0.943
1684323840,+3.46,+12.159,+10.328,+0.943
1684323900,+3.46,+12.150,+10.308,+0.943
1684323960,+3.46,+12.150,+10.299,+0.942
1684324020,+3.46,+12.159,+10.317,+0.943
1684324080,+3.46,+12.186,+10.320,+0.942
1684324140,+3.46,+12.257,+10.306,+0.942
1684324200,+3.46,+12.213,+10.321,+0.943
1684324260,+3.46,+12.168,+10.348,+0.943
1684324320,+3.46,+12.221,+10.311,+0.942
1684324380,+3.46,+12.239,+10.318,+0.943
1684324440,+3.46,+12.275,+10.306,+0.942
1684324500,+3.46,+12.239,+10.316,+0.943
1684324560,+3.46,+12.186,+10.321,+0.943
1684324620,+3.46,+12.186,+10.317,+0.943
1684324680,+3.46,+12.248,+10.259,+0.942
1684324740,+3.46,+12.150,+10.279,+0.942
1684324800,+3.46,+12.124,+10.290,+0.943
1684324860,+3.46,+12.106,+10.293,+0.943
1684324920,+3.46,+12.070,+10.284,+0.943
1684324980,+3.46,+12.061,+10.260,+0.943
1684325040,+3.46,+11.981, +9.970,+0.941
1684325100,+3.46,+11.356, +9.682,+0.941
1684325160,+3.46,+10.878, +9.628,+0.940
1684325220,+3.46,+10.607, +9.684,+0.941
1684325280,+3.46,+10.498, +9.742,+0.941
1684325340,+3.46,+10.407, +9.824,+0.942
1684325400,+3.46,+10.434, +9.808,+0.941
1684325460,+3.46,+10.316, +9.831,+0.942
1684325520,+3.46,+10.197, +9.837,+0.942
1684325580,+3.46,+10.188, +9.861,+0.942
1684325640,+3.46,+10.270, +9.985,+0.942
1684325700,+3.46,+10.398,+10.088,+0.943
1684325760,+3.46,+10.489,+10.095,+0.943
1684325820,+3.46,+10.661,+10.098,+0.943
1684325880,+3.46,+10.743,+10.129,+0.943
1684325940,+3.46,+10.833,+10.170,+0.943
1684326000,+3.46,+10.932,+10.178,+0.943
1684326060,+3.46,+11.032,+10.216,+0.944
1684326120,+3.46,+11.158,+10.201,+0.943
1684326180,+3.46,+11.194,+10.228,+0.943
1684326240,+3.46,+11.329,+10.215,+0.943
1684326300,+3.46,+11.400,+10.246,+0.943
1684326360,+3.46,+11.499,+10.259,+0.943
1684326420,+3.46,+11.544,+10.251,+0.943
1684326480,+3.46,+11.642,+10.256,+0.943
1684326540,+3.46,+11.687,+10.296,+0.943
1684326600,+3.46,+11.776,+10.301,+0.943
1684326660,+3.46,+11.839,+10.294,+0.943
1684326720,+3.46,+11.830,+10.289,+0.943
1684326780,+3.46,+11.866,+10.279,+0.943
1684326840,+3.46,+11.830,+10.323,+0.943
1684326900,+3.46,+11.946,+10.307,+0.943
1684326960,+3.46,+12.026,+10.326,+0.943
1684327020,+3.46,+12.070,+10.351,+0.943
1684327080,+3.46,+12.097,+10.348,+0.943
1684327140,+3.46,+12.168,+10.345,+0.943
1684327200,+3.46,+12.221,+10.349,+0.943
1684327260,+3.46,+12.266,+10.343,+0.943
1684327320,+3.46,+12.319,+10.339,+0.943
1684327380,+3.46,+12.257,+10.330,+0.943
1684327440,+3.46,+12.221,+10.375,+0.943
1684327500,+3.46,+12.310,+10.332,+0.943
1684327560,+3.46,+12.248,+10.339,+0.942
1684327620,+3.46,+12.204,+10.359,+0.943
1684327680,+3.46,+12.239,+10.344,+0.942
1684327740,+3.46,+12.230,+10.351,+0.943
1684327800,+3.46,+12.168,+10.371,+0.943
1684327860,+3.46,+12.195,+10.366,+0.943
1684327920,+3.46,+12.195,+10.356,+0.942
1684327980,+3.46,+12.248,+10.339,+0.942
