7450-798456
OS REV: 1.03 Sensor Cal: 1539277937
Time (sec),  BV (Volts),  T (deg C),  DO (mg/l),  Q ()
1686660840,+3.47,+17.815, +9.729,+0.943
1686660900,+3.47,+18.052, +9.640,+0.942
1686660960,+3.47,+17.967, +9.407,+0.939
1686661020,+3.47,+17.324,+10.036,+0.941
1686661080,+3.47,+17.307, +9.968,+0.942
1686661140,+3.47,+17.341, +9.974,+0.942
1686661200,+3.47,+17.400, +9.881,+0.941
1686661260,+3.47,+17.146,+10.118,+0.940
1686661320,+3.47,+16.823,+10.360,+0.941
1686661380,+3.47,+16.619,+10.459,+0.941
1686661440,+3.47,+16.534,+10.515,+0.941
1686661500,+3.47,+16.449,+10.535,+0.941
1686661560,+3.47,+16.398,+10.532,+0.941
1686661620,+3.47,+16.355,+10.536,+0.941
1686661680,+3.47,+16.346,+10.509,+0.941
1686661740,+3.48,+16.321,+10.469,+0.941
1686661800,+3.47,+16.244,+10.485,+0.941
1686661860,+3.47,+16.227,+10.486,+0.941
1686661920,+3.47,+16.227,+10.479,+0.941
1686661980,+3.48,+16.219,+10.435,+0.941
1686662040,+3.48,+16.193,+10.444,+0.942
1686662100,+3.47,+16.219,+10.391,+0.941
1686662160,+3.47,+16.210,+10.382,+0.941
1686662220,+3.47,+16.150,+10.401,+0.941
1686662280,+3.48,+16.125,+10.390,+0.941
1686662340,+3.47,+16.082,+10.298,+0.941
1686662400,+3.47,+15.996,+10.465,+0.941
1686662460,+3.47,+16.005,+10.554,+0.941
1686662520,+3.48,+15.988,+10.652,+0.941
1686662580,+3.47,+15.945,+10.787,+0.942
1686662640,+3.47,+15.902,+10.691,+0.941
1686662700,+3.47,+15.911,+10.623,+0.941
1686662760,+3.47,+15.859,+10.615,+0.942
1686662820,+3.48,+15.859,+10.621,+0.942
1686662880,+3.47,+15.885,+10.597,+0.942
1686662940,+3.48,+15.945,+10.581,+0.942
1686663000,+3.48,+15.945,+10.615,+0.941
1686663060,+3.47,+16.278,+10.481,+0.942
1686663120,+3.47,+16.662,+10.357,+0.942
1686663180,+3.47,+16.857,+10.150,+0.941
1686663240,+3.47,+16.543,+10.386,+0.942
1686663300,+3.47,+16.815,+10.346,+0.943
1686663360,+3.48,+17.044,+10.181,+0.942
1686663420,+3.48,+16.857,+10.097,+0.940
1686663480,+3.47,+16.560,+10.459,+0.940
1686663540,+3.47,+16.329,+10.657,+0.941
1686663600,+3.48,+16.167,+10.548,+0.941
1686663660,+3.48,+16.048,+10.482,+0.941
1686663720,+3.48,+15.996,+10.466,+0.941
1686663780,+3.48,+15.971,+10.433,+0.940
1686663840,+3.48,+15.954,+10.436,+0.941
1686663900,+3.48,+15.919,+10.462,+0.941
1686663960,+3.48,+15.911,+10.492,+0.941
1686664020,+3.48,+15.885,+10.534,+0.941
1686664080,+3.48,+15.911,+10.558,+0.941
1686664140,+3.48,+15.902,+10.595,+0.941
1686664200,+3.48,+15.859,+10.675,+0.942
1686664260,+3.48,+15.962,+10.675,+0.941
1686664320,+3.48,+15.945,+10.715,+0.941
1686664380,+3.48,+15.962,+10.662,+0.941
1686664440,+3.47,+15.791,+10.493,+0.941
1686664500,+3.48,+15.731,+10.628,+0.941
1686664560,+3.48,+15.714,+10.697,+0.941
1686664620,+3.48,+15.757,+10.627,+0.941
1686664680,+3.47,+15.697,+10.625,+0.941
1686664740,+3.47,+15.637,+10.588,+0.941
1686664800,+3.47,+15.628,+10.537,+0.941
1686664860,+3.47,+15.577,+10.543,+0.941
1686664920,+3.47,+15.628,+10.532,+0.941
1686664980,+3.47,+15.671,+10.582,+0.942
1686665040,+3.47,+15.765,+10.615,+0.941
1686665100,+3.48,+15.782,+10.671,+0.942
1686665160,+3.47,+15.782,+10.753,+0.941
1686665220,+3.48,+15.808,+10.866,+0.942
1686665280,+3.48,+15.808,+10.856,+0.942
1686665340,+3.47,+15.868,+10.820,+0.941
1686665400,+3.48,+15.817,+10.849,+0.942
1686665460,+3.48,+15.851,+10.785,+0.941
1686665520,+3.48,+15.800,+10.736,+0.941
1686665580,+3.47,+15.791,+10.745,+0.941
1686665640,+3.48,+15.842,+10.740,+0.941
1686665700,+3.47,+15.842,+10.792,+0.942
1686665760,+3.47,+15.791,+10.815,+0.942
1686665820,+3.47,+15.834,+10.792,+0.942
1686665880,+3.48,+15.800,+10.820,+0.942
1686665940,+3.47,+15.868,+10.820,+0.942
1686666000,+3.48,+15.919,+10.769,+0.941
1686666060,+3.48,+15.800,+10.295,+0.941
1686666120,+3.47,+15.714,+10.224,+0.940
1686666180,+3.47,+15.637,+10.343,+0.941
1686666240,+3.47,+15.680,+10.349,+0.941
1686666300,+3.47,+15.637,+10.364,+0.941
1686666360,+3.47,+15.602,+10.372,+0.941
1686666420,+3.47,+15.628,+10.380,+0.941
1686666480,+3.47,+15.688,+10.389,+0.941
1686666540,+3.47,+15.671,+10.391,+0.941
1686666600,+3.47,+15.662,+10.394,+0.942
1686666660,+3.47,+15.688,+10.388,+0.942
1686666720,+3.48,+15.740,+10.394,+0.941
1686666780,+3.47,+15.714,+10.494,+0.942
1686666840,+3.47,+15.774,+10.554,+0.942
1686666900,+3.47,+15.842,+10.570,+0.942
1686666960,+3.48,+15.911,+10.560,+0.941
1686667020,+3.47,+15.877,+10.593,+0.942
1686667080,+3.47,+15.902,+10.434,+0.941
1686667140,+3.47,+15.834,+10.353,+0.941
1686667200,+3.48,+15.782,+10.450,+0.940
1686667260,+3.47,+15.697,+10.515,+0.940
1686667320,+3.47,+15.645,+10.580,+0.941
1686667380,+3.47,+15.637,+10.597,+0.942
1686667440,+3.47,+15.594,+10.591,+0.941
1686667500,+3.47,+15.602,+10.575,+0.941
1686667560,+3.47,+15.620,+10.565,+0.941
1686667620,+3.47,+15.620,+10.559,+0.941
1686667680,+3.47,+15.645,+10.570,+0.942
1686667740,+3.47,+15.654,+10.584,+0.941
1686667800,+3.47,+15.637,+10.684,+0.942
1686667860,+3.47,+15.628,+10.818,+0.942
1686667920,+3.47,+15.654,+10.811,+0.942
1686667980,+3.47,+15.611,+10.975,+0.942
1686668040,+3.47,+15.620,+10.984,+0.942
1686668100,+3.47,+15.577,+10.982,+0.942
1686668160,+3.47,+15.602,+10.904,+0.941
1686668220,+3.47,+15.620,+10.907,+0.942
1686668280,+3.47,+15.594,+10.918,+0.942
1686668340,+3.47,+15.577,+10.923,+0.942
1686668400,+3.47,+15.534,+10.931,+0.941
1686668460,+3.47,+15.594,+10.925,+0.942
1686668520,+3.47,+15.568,+10.922,+0.942
1686668580,+3.47,+15.602,+10.905,+0.942
1686668640,+3.47,+15.551,+10.932,+0.942
1686668700,+3.47,+15.594,+10.924,+0.942
1686668760,+3.47,+15.517,+10.969,+0.942
1686668820,+3.47,+15.560,+10.933,+0.942
1686668880,+3.47,+15.551,+10.948,+0.942
1686668940,+3.47,+15.568,+10.919,+0.942
1686669000,+3.47,+15.594,+10.915,+0.942
1686669060,+3.47,+15.637,+10.900,+0.943
1686669120,+3.47,+15.697,+10.841,+0.942
1686669180,+3.47,+15.654,+10.854,+0.941
1686669240,+3.47,+15.680,+10.866,+0.942
1686669300,+3.47,+15.697,+10.856,+0.941
1686669360,+3.47,+15.654,+10.899,+0.942
1686669420,+3.47,+15.654,+10.853,+0.941
1686669480,+3.47,+15.577,+10.948,+0.942
1686669540,+3.47,+15.577,+10.913,+0.942
1686669600,+3.47,+15.508,+10.726,+0.941
1686669660,+3.47,+15.414,+10.722,+0.942
1686669720,+3.47,+15.439,+10.722,+0.941
1686669780,+3.47,+15.448,+10.747,+0.941
1686669840,+3.47,+15.422,+10.802,+0.942
1686669900,+3.47,+15.457,+10.817,+0.942
1686669960,+3.47,+15.491,+10.796,+0.942
1686670020,+3.47,+15.499,+10.776,+0.941
1686670080,+3.47,+15.491,+10.787,+0.942
1686670140,+3.47,+15.499,+10.793,+0.942
1686670200,+3.48,+15.491,+10.804,+0.942
1686670260,+3.47,+15.534,+10.791,+0.941
1686670320,+3.47,+15.560,+10.811,+0.942
1686670380,+3.47,+15.551,+10.826,+0.942
1686670440,+3.47,+15.568,+10.859,+0.942
1686670500,+3.47,+15.560,+10.880,+0.942
1686670560,+3.47,+15.560,+10.886,+0.942
1686670620,+3.47,+15.568,+10.885,+0.942
1686670680,+3.47,+15.585,+10.872,+0.941
1686670740,+3.47,+15.620,+10.914,+0.942
1686670800,+3.47,+15.688,+10.906,+0.942
1686670860,+3.47,+15.731,+10.824,+0.941
1686670920,+3.47,+15.731,+10.821,+0.941
1686670980,+3.48,+15.765,+10.877,+0.942
1686671040,+3.47,+15.834,+10.945,+0.942
1686671100,+3.47,+15.885,+10.940,+0.941
1686671160,+3.47,+15.911,+10.913,+0.942
1686671220,+3.47,+15.894,+10.930,+0.942
1686671280,+3.48,+15.928,+10.951,+0.942
1686671340,+3.47,+15.928,+10.969,+0.941
1686671400,+3.47,+15.859,+10.925,+0.942
1686671460,+3.48,+15.782,+10.797,+0.941
1686671520,+3.47,+15.740,+10.877,+0.941
1686671580,+3.47,+15.722,+10.930,+0.941
1686671640,+3.47,+15.662,+10.960,+0.942
1686671700,+3.47,+15.628,+10.892,+0.941
1686671760,+3.47,+15.602,+10.911,+0.942
1686671820,+3.47,+15.525,+10.873,+0.941
1686671880,+3.47,+15.551,+10.581,+0.941
1686671940,+3.47,+15.474,+10.585,+0.941
1686672000,+3.47,+15.405,+10.677,+0.941
1686672060,+3.47,+15.422,+10.712,+0.941
1686672120,+3.47,+15.414,+10.741,+0.942
1686672180,+3.47,+15.396,+10.730,+0.941
1686672240,+3.47,+15.396,+10.727,+0.941
1686672300,+3.47,+15.414,+10.728,+0.942
1686672360,+3.47,+15.482,+10.881,+0.942
1686672420,+3.47,+15.585,+10.967,+0.942
1686672480,+3.47,+15.551,+10.995,+0.942
1686672540,+3.47,+15.525,+11.003,+0.942
1686672600,+3.47,+15.534,+11.022,+0.942
1686672660,+3.47,+15.457,+11.064,+0.942
1686672720,+3.47,+15.568,+10.953,+0.941
1686672780,+3.47,+15.542,+10.957,+0.942
1686672840,+3.47,+15.551,+10.930,+0.942
1686672900,+3.47,+15.602,+10.961,+0.942
1686672960,+3.47,+15.654,+10.967,+0.942
1686673020,+3.47,+15.680,+10.969,+0.942
1686673080,+3.47,+15.688,+10.971,+0.942
1686673140,+3.47,+15.757,+11.013,+0.942
1686673200,+3.47,+15.757,+10.956,+0.942
1686673260,+3.47,+15.731,+10.958,+0.943
1686673320,+3.47,+15.825,+10.930,+0.942
1686673380,+3.47,+15.834,+10.935,+0.942
1686673440,+3.47,+15.842,+10.920,+0.942
1686673500,+3.47,+15.825,+10.901,+0.942
1686673560,+3.47,+15.782,+10.857,+0.942
1686673620,+3.47,+15.774,+10.842,+0.942
1686673680,+3.47,+15.757,+10.846,+0.941
1686673740,+3.47,+15.722,+10.883,+0.942
1686673800,+3.47,+15.782,+10.874,+0.942
1686673860,+3.47,+15.774,+10.912,+0.942
1686673920,+3.47,+15.808,+10.906,+0.941
1686673980,+3.48,+15.834,+10.927,+0.942
1686674040,+3.47,+15.859,+10.961,+0.942
1686674100,+3.47,+16.013,+10.846,+0.941
1686674160,+3.47,+15.902,+10.798,+0.942
1686674220,+3.47,+15.945,+10.711,+0.942
1686674280,+3.47,+15.971,+10.684,+0.941
1686674340,+3.47,+15.877,+10.902,+0.942
1686674400,+3.47,+15.774,+10.806,+0.941
1686674460,+3.47,+15.671,+10.706,+0.941
1686674520,+3.47,+15.611,+10.702,+0.941
1686674580,+3.47,+15.585,+10.706,+0.941
1686674640,+3.47,+15.508,+10.699,+0.941
1686674700,+3.47,+15.491,+10.671,+0.941
1686674760,+3.47,+15.439,+10.750,+0.942
1686674820,+3.47,+15.448,+10.801,+0.941
1686674880,+3.47,+15.457,+10.795,+0.941
1686674940,+3.47,+15.431,+10.801,+0.941
1686675000,+3.47,+15.353,+10.824,+0.942
1686675060,+3.47,+15.422,+10.786,+0.941
1686675120,+3.47,+15.422,+10.782,+0.941
1686675180,+3.47,+15.379,+10.796,+0.941
1686675240,+3.47,+15.405,+10.680,+0.942
1686675300,+3.47,+15.422,+10.636,+0.941
1686675360,+3.47,+15.465,+10.620,+0.941
1686675420,+3.47,+15.465,+10.650,+0.941
1686675480,+3.47,+15.508,+10.689,+0.942
1686675540,+3.47,+15.517,+10.716,+0.941
1686675600,+3.47,+15.525,+10.683,+0.941
1686675660,+3.47,+15.568,+10.660,+0.942
1686675720,+3.47,+15.517,+10.585,+0.941
1686675780,+3.47,+15.465,+10.624,+0.941
1686675840,+3.47,+15.439,+10.806,+0.942
1686675900,+3.47,+15.405,+10.904,+0.941
1686675960,+3.47,+15.405,+10.945,+0.941
1686676020,+3.47,+15.396,+10.929,+0.942
1686676080,+3.47,+15.414,+10.820,+0.941
1686676140,+3.47,+15.474,+10.735,+0.942
1686676200,+3.47,+15.422,+10.700,+0.942
1686676260,+3.47,+15.439,+10.702,+0.942
1686676320,+3.47,+15.534,+10.681,+0.942
1686676380,+3.47,+15.577,+10.676,+0.941
1686676440,+3.47,+15.585,+10.674,+0.942
1686676500,+3.47,+15.568,+10.630,+0.941
1686676560,+3.47,+15.602,+10.611,+0.941
1686676620,+3.47,+15.560,+10.619,+0.942
1686676680,+3.47,+15.662,+10.486,+0.941
1686676740,+3.47,+15.551,+10.574,+0.942
1686676800,+3.47,+15.457,+10.606,+0.941
1686676860,+3.47,+15.508,+10.627,+0.941
1686676920,+3.47,+15.474,+10.686,+0.941
1686676980,+3.47,+15.414,+10.768,+0.942
1686677040,+3.47,+15.448,+10.758,+0.941
1686677100,+3.47,+15.405,+10.725,+0.942
1686677160,+3.47,+15.534,+10.589,+0.941
1686677220,+3.47,+15.499,+10.603,+0.942
1686677280,+3.47,+15.594,+10.562,+0.942
1686677340,+3.47,+15.671,+10.549,+0.942
1686677400,+3.47,+15.688,+10.549,+0.942
1686677460,+3.47,+15.731,+10.566,+0.942
1686677520,+3.47,+15.740,+10.591,+0.942
1686677580,+3.47,+15.757,+10.640,+0.942
1686677640,+3.47,+15.748,+10.694,+0.942
1686677700,+3.47,+15.834,+10.710,+0.942
1686677760,+3.47,+15.937,+10.618,+0.942
1686677820,+3.48,+16.013,+10.517,+0.942
1686677880,+3.47,+16.090,+10.576,+0.942
1686677940,+3.47,+16.073,+10.635,+0.942
1686678000,+3.47,+16.013,+10.806,+0.942
1686678060,+3.47,+15.996,+10.805,+0.941
1686678120,+3.47,+15.859,+10.603,+0.941
1686678180,+3.47,+15.782,+10.375,+0.941
1686678240,+3.47,+15.662,+10.467,+0.941
1686678300,+3.47,+15.602,+10.571,+0.941
1686678360,+3.47,+15.585,+10.549,+0.941
1686678420,+3.47,+15.551,+10.559,+0.942
1686678480,+3.47,+15.542,+10.542,+0.941
1686678540,+3.47,+15.534,+10.523,+0.941
1686678600,+3.47,+15.508,+10.516,+0.941
1686678660,+3.47,+15.560,+10.484,+0.942
1686678720,+3.47,+15.568,+10.446,+0.941
1686678780,+3.47,+15.551,+10.490,+0.942
1686678840,+3.47,+15.594,+10.453,+0.941
1686678900,+3.47,+15.499,+10.415,+0.941
1686678960,+3.47,+15.465,+10.474,+0.941
1686679020,+3.47,+15.439,+10.534,+0.941
1686679080,+3.47,+15.439,+10.571,+0.941
1686679140,+3.47,+15.482,+10.564,+0.942
1686679200,+3.47,+15.482,+10.554,+0.941
1686679260,+3.47,+15.491,+10.564,+0.942
1686679320,+3.47,+15.560,+10.581,+0.941
1686679380,+3.47,+15.620,+10.638,+0.941
1686679440,+3.47,+15.594,+10.521,+0.941
1686679500,+3.47,+15.585,+10.407,+0.941
1686679560,+3.47,+15.542,+10.403,+0.941
1686679620,+3.47,+15.602,+10.459,+0.941
1686679680,+3.47,+15.534,+10.495,+0.941
1686679740,+3.47,+15.594,+10.460,+0.942
1686679800,+3.47,+15.517,+10.507,+0.941
1686679860,+3.47,+15.508,+10.500,+0.941
1686679920,+3.47,+15.499,+10.509,+0.942
1686679980,+3.47,+15.499,+10.501,+0.941
1686680040,+3.47,+15.551,+10.536,+0.942
1686680100,+3.47,+15.662,+10.556,+0.941
1686680160,+3.47,+15.568,+10.553,+0.942
1686680220,+3.47,+15.628,+10.612,+0.942
1686680280,+3.47,+15.637,+10.756,+0.942
1686680340,+3.47,+15.688,+10.702,+0.941
1686680400,+3.47,+15.697,+10.775,+0.942
1686680460,+3.47,+15.714,+10.801,+0.941
1686680520,+3.47,+15.800,+10.775,+0.942
1686680580,+3.47,+15.817,+10.709,+0.941
1686680640,+3.47,+15.782,+10.576,+0.941
1686680700,+3.47,+15.654,+10.788,+0.941
1686680760,+3.47,+15.645,+10.849,+0.942
1686680820,+3.47,+15.594,+10.850,+0.941
1686680880,+3.47,+15.611,+10.801,+0.942
1686680940,+3.47,+15.654,+10.742,+0.941
1686681000,+3.47,+15.662,+10.692,+0.941
1686681060,+3.47,+15.662,+10.721,+0.942
1686681120,+3.47,+15.697,+10.715,+0.942
1686681180,+3.47,+15.791,+10.715,+0.941
1686681240,+3.47,+15.722,+10.835,+0.942
1686681300,+3.47,+15.774,+10.837,+0.941
1686681360,+3.47,+15.765,+10.795,+0.942
1686681420,+3.47,+15.825,+10.785,+0.942
1686681480,+3.47,+15.877,+10.793,+0.942
1686681540,+3.47,+15.894,+10.754,+0.942
1686681600,+3.47,+15.817,+10.772,+0.942
1686681660,+3.47,+15.834,+10.900,+0.942
1686681720,+3.47,+15.877,+11.076,+0.942
1686681780,+3.47,+15.851,+10.954,+0.942
1686681840,+3.47,+15.800,+10.702,+0.941
1686681900,+3.47,+15.748,+10.804,+0.941
1686681960,+3.47,+15.740,+10.625,+0.941
1686682020,+3.47,+15.714,+10.637,+0.941
1686682080,+3.47,+15.654,+10.675,+0.941
1686682140,+3.47,+15.671,+10.646,+0.942
1686682200,+3.47,+15.654,+10.639,+0.942
1686682260,+3.47,+15.611,+10.738,+0.941
1686682320,+3.47,+15.568,+10.820,+0.941
1686682380,+3.47,+15.577,+10.905,+0.941
1686682440,+3.47,+15.560,+10.982,+0.941
1686682500,+3.47,+15.474,+10.987,+0.942
1686682560,+3.47,+15.474,+10.994,+0.942
1686682620,+3.47,+15.431,+11.039,+0.942
1686682680,+3.47,+15.465,+10.997,+0.941
1686682740,+3.47,+15.431,+10.990,+0.941
1686682800,+3.47,+15.457,+10.966,+0.941
1686682860,+3.47,+15.431,+10.843,+0.941
1686682920,+3.47,+15.345,+10.571,+0.941
1686682980,+3.47,+15.302,+10.581,+0.941
1686683040,+3.47,+15.311,+10.611,+0.941
1686683100,+3.47,+15.371,+10.603,+0.941
1686683160,+3.47,+15.353,+10.624,+0.941
1686683220,+3.47,+15.396,+10.606,+0.941
1686683280,+3.47,+15.353,+10.624,+0.942
1686683340,+3.47,+15.396,+10.599,+0.942
1686683400,+3.47,+15.448,+10.612,+0.941
1686683460,+3.47,+15.534,+10.790,+0.942
1686683520,+3.47,+15.568,+10.857,+0.942
1686683580,+3.47,+15.645,+10.877,+0.941
1686683640,+3.47,+15.645,+10.946,+0.942
1686683700,+3.47,+15.748,+10.892,+0.942
1686683760,+3.47,+15.834,+10.933,+0.942
1686683820,+3.48,+15.800,+11.044,+0.942
1686683880,+3.47,+15.877,+11.022,+0.942
1686683940,+3.47,+15.791,+11.040,+0.942
1686684000,+3.47,+15.800,+10.965,+0.941
1686684060,+3.47,+15.740,+10.882,+0.941
1686684120,+3.47,+15.800,+10.826,+0.942
1686684180,+3.47,+15.791,+10.752,+0.942
1686684240,+3.47,+15.859,+10.808,+0.941
1686684300,+3.47,+15.765,+11.037,+0.942
1686684360,+3.47,+15.740,+11.047,+0.941
1686684420,+3.47,+15.714,+10.343,+0.940
1686684480,+3.47,+15.388,+10.198,+0.941
1686684540,+3.47,+15.285,+10.254,+0.941
1686684600,+3.47,+15.328,+10.298,+0.941
1686684660,+3.47,+15.293,+10.369,+0.941
1686684720,+3.47,+15.328,+10.399,+0.942
1686684780,+3.47,+15.388,+10.449,+0.941
1686684840,+3.47,+15.448,+10.536,+0.941
1686684900,+3.47,+15.439,+10.539,+0.942
1686684960,+3.47,+15.414,+10.530,+0.941
1686685020,+3.47,+15.336,+10.614,+0.941
1686685080,+3.47,+15.285,+10.644,+0.941
1686685140,+3.47,+15.225,+10.658,+0.942
1686685200,+3.47,+15.164,+10.636,+0.941
1686685260,+3.47,+15.190,+10.588,+0.941
1686685320,+3.47,+15.181,+10.572,+0.941
1686685380,+3.47,+15.216,+10.519,+0.941
1686685440,+3.47,+15.250,+10.432,+0.941
1686685500,+3.47,+15.190,+10.372,+0.941
1686685560,+3.47,+15.113,+10.361,+0.941
1686685620,+3.47,+14.940,+10.104,+0.939
1686685680,+3.47,+14.707, +9.938,+0.940
1686685740,+3.47,+14.603, +9.928,+0.940
1686685800,+3.48,+14.690,+10.089,+0.941
1686685860,+3.48,+14.776,+10.313,+0.942
1686685920,+3.47,+14.923,+10.368,+0.941
1686685980,+3.47,+14.966,+10.412,+0.941
1686686040,+3.47,+14.958,+10.325,+0.941
1686686100,+3.47,+14.949,+10.326,+0.941
1686686160,+3.47,+14.845,+10.295,+0.941
1686686220,+3.47,+14.819,+10.297,+0.941
1686686280,+3.47,+14.716,+10.299,+0.941
1686686340,+3.47,+14.759,+10.239,+0.940
1686686400,+3.47,+14.647, +9.986,+0.940
1686686460,+3.47,+14.335, +9.749,+0.939
1686686520,+3.47,+14.196, +9.862,+0.940
1686686580,+3.47,+14.239,+10.222,+0.940
1686686640,+3.47,+13.918, +9.601,+0.939
1686686700,+3.47,+13.726, +9.642,+0.939
1686686760,+3.47,+13.569, +9.690,+0.939
1686686820,+3.48,+13.586, +9.774,+0.940
1686686880,+3.47,+13.551, +9.816,+0.940
1686686940,+3.47,+13.473, +9.691,+0.940
1686687000,+3.47,+13.438, +9.739,+0.940
1686687060,+3.47,+13.271, +9.509,+0.939
1686687120,+3.47,+13.140, +9.530,+0.939
1686687180,+3.47,+12.955, +9.540,+0.940
1686687240,+3.48,+12.823, +9.501,+0.939
1686687300,+3.48,+12.832, +9.464,+0.940
1686687360,+3.47,+12.796, +9.485,+0.940
1686687420,+3.48,+12.858, +9.521,+0.941
1686687480,+3.47,+13.034, +9.687,+0.941
1686687540,+3.47,+13.297, +9.832,+0.940
1686687600,+3.47,+13.368, +9.869,+0.941
1686687660,+3.47,+13.403, +9.888,+0.941
1686687720,+3.47,+13.359, +9.896,+0.940
1686687780,+3.47,+13.368, +9.890,+0.941
1686687840,+3.47,+13.341, +9.881,+0.941
1686687900,+3.47,+13.350, +9.841,+0.940
1686687960,+3.47,+13.341, +9.842,+0.940
1686688020,+3.47,+13.359,+10.030,+0.940
1686688080,+3.47,+13.368, +9.998,+0.941
1686688140,+3.47,+13.192, +9.665,+0.940
1686688200,+3.47,+13.113, +9.703,+0.940
1686688260,+3.47,+13.078, +9.693,+0.940
1686688320,+3.47,+13.104, +9.673,+0.941
1686688380,+3.47,+13.148, +9.671,+0.940
1686688440,+3.47,+13.140, +9.696,+0.941
1686688500,+3.47,+13.166, +9.696,+0.940
1686688560,+3.47,+13.113, +9.732,+0.941
1686688620,+3.47,+13.157, +9.740,+0.941
1686688680,+3.47,+13.210, +9.757,+0.940
1686688740,+3.47,+13.210, +9.847,+0.941
1686688800,+3.47,+13.324, +9.913,+0.941
1686688860,+3.47,+13.333, +9.947,+0.941
1686688920,+3.47,+13.350, +9.882,+0.940
1686688980,+3.47,+13.315, +9.847,+0.941
1686689040,+3.47,+13.210,+10.113,+0.940
1686689100,+3.47,+13.148,+10.310,+0.941
1686689160,+3.47,+13.122,+10.143,+0.940
1686689220,+3.47,+13.034, +9.841,+0.940
1686689280,+3.47,+12.990, +9.797,+0.941
1686689340,+3.47,+12.929, +9.770,+0.940
1686689400,+3.47,+12.902, +9.759,+0.940
1686689460,+3.47,+12.911, +9.751,+0.940
1686689520,+3.47,+12.867, +9.790,+0.941
1686689580,+3.47,+12.893, +9.805,+0.940
1686689640,+3.47,+12.911, +9.869,+0.941
1686689700,+3.47,+12.902, +9.923,+0.941
1686689760,+3.47,+12.981, +9.935,+0.940
1686689820,+3.47,+12.955, +9.980,+0.941
1686689880,+3.47,+12.964, +9.987,+0.940
1686689940,+3.47,+13.017, +9.991,+0.941
1686690000,+3.47,+12.964,+10.017,+0.941
1686690060,+3.47,+13.017, +9.998,+0.941
1686690120,+3.47,+13.096, +9.954,+0.941
1686690180,+3.47,+13.096, +9.947,+0.940
1686690240,+3.47,+13.113, +9.933,+0.941
1686690300,+3.47,+13.131, +9.900,+0.941
1686690360,+3.47,+13.148, +9.856,+0.940
1686690420,+3.47,+13.227, +9.816,+0.941
1686690480,+3.47,+13.245, +9.815,+0.941
1686690540,+3.47,+13.324, +9.821,+0.941
1686690600,+3.47,+13.411, +9.810,+0.941
1686690660,+3.47,+13.403, +9.866,+0.941
1686690720,+3.47,+13.455, +9.854,+0.941
1686690780,+3.47,+13.464, +9.860,+0.941
1686690840,+3.47,+13.429, +9.869,+0.941
1686690900,+3.47,+13.368, +9.874,+0.941
1686690960,+3.47,+13.385, +9.822,+0.941
1686691020,+3.47,+13.420, +9.788,+0.940
1686691080,+3.47,+13.376, +9.734,+0.940
1686691140,+3.47,+13.341, +9.808,+0.941
1686691200,+3.47,+13.394, +9.837,+0.941
1686691260,+3.47,+13.376, +9.863,+0.940
1686691320,+3.47,+13.420, +9.879,+0.941
1686691380,+3.47,+13.464, +9.900,+0.940
1686691440,+3.47,+13.551, +9.892,+0.941
1686691500,+3.47,+13.630, +9.937,+0.941
1686691560,+3.47,+13.743, +9.928,+0.941
1686691620,+3.47,+13.796, +9.946,+0.941
1686691680,+3.47,+13.848, +9.925,+0.941
1686691740,+3.47,+13.883, +9.924,+0.941
1686691800,+3.47,+13.900, +9.911,+0.941
1686691860,+3.47,+13.970, +9.894,+0.941
1686691920,+3.47,+13.961, +9.934,+0.941
1686691980,+3.47,+14.040, +9.958,+0.941
1686692040,+3.47,+14.222, +9.942,+0.941
1686692100,+3.47,+14.482,+10.060,+0.942
1686692160,+3.47,+14.871,+10.154,+0.943
1686692220,+3.47,+15.121,+10.397,+0.943
1686692280,+3.47,+15.268,+10.807,+0.942
1686692340,+3.47,+15.311,+10.925,+0.943
1686692400,+3.47,+15.328,+10.841,+0.942
1686692460,+3.47,+15.156,+10.090,+0.941
1686692520,+3.47,+14.897, +9.800,+0.941
1686692580,+3.47,+14.785, +9.763,+0.941
1686692640,+3.47,+14.707, +9.794,+0.940
1686692700,+3.47,+14.699, +9.804,+0.940
1686692760,+3.47,+14.647, +9.798,+0.940
1686692820,+3.47,+14.248, +9.567,+0.939
1686692880,+3.47,+14.022, +9.568,+0.939
1686692940,+3.47,+13.761, +9.680,+0.939
1686693000,+3.47,+13.691, +9.737,+0.940
1686693060,+3.47,+13.630, +9.793,+0.940
1686693120,+3.47,+13.621, +9.788,+0.940
1686693180,+3.47,+13.569, +9.818,+0.940
1686693240,+3.47,+13.604, +9.866,+0.940
1686693300,+3.47,+13.665, +9.881,+0.940
1686693360,+3.47,+13.726, +9.881,+0.941
1686693420,+3.47,+13.787, +9.832,+0.940
1686693480,+3.47,+13.743, +9.723,+0.940
1686693540,+3.47,+13.630, +9.662,+0.940
1686693600,+3.47,+13.516, +9.755,+0.940
1686693660,+3.47,+13.350, +9.904,+0.940
1686693720,+3.47,+13.438, +9.992,+0.940
1686693780,+3.47,+13.376,+10.027,+0.940
1686693840,+3.47,+13.359, +9.971,+0.940
1686693900,+3.47,+13.341, +9.951,+0.940
1686693960,+3.47,+13.315, +9.929,+0.940
1686694020,+3.47,+13.359, +9.894,+0.940
1686694080,+3.47,+13.368, +9.878,+0.940
1686694140,+3.47,+13.376, +9.889,+0.940
1686694200,+3.47,+13.438, +9.988,+0.941
1686694260,+3.47,+13.446, +9.943,+0.940
1686694320,+3.47,+13.368, +9.957,+0.940
1686694380,+3.47,+13.324, +9.881,+0.939
1686694440,+3.47,+13.192, +9.926,+0.940
1686694500,+3.47,+13.113,+10.030,+0.940
1686694560,+3.47,+13.078,+10.058,+0.940
1686694620,+3.47,+12.999,+10.097,+0.940
1686694680,+3.47,+12.973,+10.103,+0.940
1686694740,+3.47,+12.964,+10.105,+0.940
1686694800,+3.47,+12.920,+10.111,+0.941
1686694860,+3.47,+12.964,+10.087,+0.940
1686694920,+3.47,+12.920,+10.097,+0.940
1686694980,+3.47,+13.034,+10.060,+0.941
1686695040,+3.47,+13.078, +9.994,+0.941
1686695100,+3.47,+12.990, +9.973,+0.941
1686695160,+3.47,+12.955,+10.021,+0.941
1686695220,+3.47,+13.157, +9.970,+0.941
1686695280,+3.47,+13.122, +9.962,+0.940
1686695340,+3.47,+13.131, +9.970,+0.941
1686695400,+3.47,+13.183, +9.975,+0.941
1686695460,+3.47,+13.271, +9.966,+0.941
1686695520,+3.47,+13.315, +9.983,+0.941
1686695580,+3.47,+13.403, +9.978,+0.941
1686695640,+3.47,+13.411, +9.995,+0.941
1686695700,+3.47,+13.394, +9.997,+0.941
1686695760,+3.47,+13.394, +9.976,+0.941
1686695820,+3.47,+13.385, +9.996,+0.941
1686695880,+3.47,+13.350,+10.043,+0.941
1686695940,+3.47,+13.403,+10.036,+0.940
1686696000,+3.47,+13.333,+10.227,+0.941
1686696060,+3.47,+13.333,+10.144,+0.941
1686696120,+3.47,+13.297,+10.102,+0.940
1686696180,+3.47,+13.140, +9.913,+0.940
1686696240,+3.47,+13.078, +9.854,+0.940
1686696300,+3.47,+13.008, +9.863,+0.940
1686696360,+3.47,+12.955, +9.911,+0.940
1686696420,+3.47,+12.902, +9.946,+0.940
1686696480,+3.47,+12.893, +9.984,+0.941
1686696540,+3.47,+12.858, +9.976,+0.940
1686696600,+3.47,+12.849, +9.971,+0.940
1686696660,+3.47,+12.840, +9.964,+0.941
1686696720,+3.47,+12.840, +9.952,+0.941
1686696780,+3.47,+12.840, +9.940,+0.941
1686696840,+3.47,+12.788, +9.947,+0.941
1686696900,+3.47,+12.867, +9.896,+0.940
1686696960,+3.47,+12.858, +9.899,+0.940
1686697020,+3.47,+12.920, +9.898,+0.941
1686697080,+3.47,+12.990, +9.910,+0.941
1686697140,+3.47,+13.052, +9.846,+0.941
1686697200,+3.47,+13.060, +9.916,+0.941
1686697260,+3.47,+13.140, +9.987,+0.941
1686697320,+3.47,+13.394,+10.251,+0.942
1686697380,+3.47,+13.944,+10.335,+0.943
1686697440,+3.47,+14.266,+10.321,+0.943
1686697500,+3.47,+13.970, +9.810,+0.940
1686697560,+3.47,+13.516, +9.457,+0.939
1686697620,+3.47,+13.245, +9.548,+0.939
1686697680,+3.47,+13.122, +9.598,+0.940
1686697740,+3.47,+12.981, +9.659,+0.940
1686697800,+3.47,+12.946, +9.694,+0.940
1686697860,+3.47,+12.885, +9.722,+0.940
1686697920,+3.47,+12.929, +9.699,+0.940
1686697980,+3.47,+12.867, +9.712,+0.940
1686698040,+3.47,+12.840, +9.715,+0.940
1686698100,+3.47,+12.832, +9.722,+0.940
1686698160,+3.47,+12.902, +9.694,+0.940
1686698220,+3.47,+12.876, +9.698,+0.940
1686698280,+3.47,+12.823, +9.711,+0.941
1686698340,+3.47,+12.911, +9.691,+0.941
1686698400,+3.47,+12.981, +9.806,+0.941
1686698460,+3.47,+13.621,+10.244,+0.943
1686698520,+3.47,+14.161,+10.525,+0.943
1686698580,+3.47,+14.534,+10.722,+0.944
1686698640,+3.47,+14.776,+10.714,+0.943
1686698700,+3.47,+14.940,+10.930,+0.943
1686698760,+3.47,+14.923,+10.826,+0.942
1686698820,+3.47,+15.001,+10.638,+0.942
1686698880,+3.47,+14.966,+10.555,+0.942
1686698940,+3.47,+15.104,+10.914,+0.943
1686699000,+3.47,+15.199,+11.047,+0.944
1686699060,+3.47,+15.371,+11.047,+0.943
1686699120,+3.47,+15.379,+11.135,+0.943
1686699180,+3.47,+15.431,+11.051,+0.942
1686699240,+3.47,+15.319, +9.969,+0.938
1686699300,+3.47,+14.430, +9.589,+0.938
1686699360,+3.47,+14.100, +9.683,+0.939
1686699420,+3.47,+13.918, +9.660,+0.939
1686699480,+3.47,+13.717, +9.644,+0.939
1686699540,+3.47,+13.604, +9.650,+0.940
1686699600,+3.47,+13.516, +9.602,+0.939
1686699660,+3.47,+13.359, +9.704,+0.940
1686699720,+3.47,+13.350, +9.711,+0.940
1686699780,+3.47,+13.359, +9.790,+0.940
1686699840,+3.47,+13.420, +9.788,+0.939
1686699900,+3.47,+13.376, +9.849,+0.941
1686699960,+3.47,+13.630,+10.178,+0.942
1686700020,+3.47,+14.170,+10.556,+0.942
1686700080,+3.47,+14.569,+10.885,+0.943
1686700140,+3.47,+14.819,+10.965,+0.943
1686700200,+3.47,+14.914,+10.771,+0.942
1686700260,+3.47,+14.794,+10.584,+0.942
1686700320,+3.47,+14.482, +9.841,+0.939
1686700380,+3.47,+13.944, +9.696,+0.939
1686700440,+3.47,+13.813, +9.719,+0.940
1686700500,+3.47,+13.839, +9.747,+0.940
1686700560,+3.47,+14.057,+10.062,+0.941
1686700620,+3.47,+14.335,+10.412,+0.941
1686700680,+3.47,+14.526,+10.591,+0.942
1686700740,+3.47,+14.794,+10.607,+0.942
1686700800,+3.47,+14.940,+10.703,+0.942
1686700860,+3.47,+15.078,+10.802,+0.942
1686700920,+3.47,+15.199,+10.881,+0.942
1686700980,+3.47,+15.302,+10.992,+0.942
1686701040,+3.47,+15.371,+11.064,+0.943
1686701100,+3.47,+15.431,+11.235,+0.942
1686701160,+3.47,+15.491,+11.231,+0.942
1686701220,+3.47,+15.499,+11.279,+0.942
1686701280,+3.47,+15.534,+11.195,+0.943
1686701340,+3.47,+15.482,+10.940,+0.941
1686701400,+3.47,+14.932, +9.783,+0.939
1686701460,+3.47,+14.344, +9.751,+0.939
1686701520,+3.47,+14.031, +9.897,+0.940
1686701580,+3.47,+13.796, +9.974,+0.939
1686701640,+3.47,+13.682,+10.004,+0.939
1686701700,+3.47,+13.543,+10.057,+0.940
1686701760,+3.47,+13.604,+10.057,+0.940
1686701820,+3.47,+13.595,+10.076,+0.940
1686701880,+3.47,+13.735,+10.044,+0.940
1686701940,+3.47,+13.796,+10.046,+0.941
1686702000,+3.47,+13.892, +9.992,+0.941
1686702060,+3.47,+13.970,+10.021,+0.941
1686702120,+3.47,+14.092,+10.087,+0.941
1686702180,+3.47,+14.179,+10.149,+0.941
1686702240,+3.47,+14.396,+10.309,+0.941
1686702300,+3.47,+14.526,+10.358,+0.942
1686702360,+3.47,+14.517,+10.020,+0.940
1686702420,+3.47,+14.022, +9.969,+0.939
1686702480,+3.47,+13.647, +9.988,+0.939
1686702540,+3.47,+13.543, +9.960,+0.939
1686702600,+3.47,+13.411,+10.087,+0.940
1686702660,+3.47,+13.446,+10.108,+0.940
1686702720,+3.47,+13.315,+10.072,+0.939
1686702780,+3.47,+13.140,+10.110,+0.939
1686702840,+3.47,+13.411,+10.203,+0.941
1686702900,+3.47,+13.709,+10.282,+0.942
1686702960,+3.47,+14.014,+10.332,+0.942
1686703020,+3.47,+14.274,+10.352,+0.942
1686703080,+3.47,+14.534,+10.356,+0.941
1686703140,+3.47,+14.603,+10.462,+0.942
1686703200,+3.47,+14.785,+10.480,+0.942
1686703260,+3.47,+14.854,+10.505,+0.942
1686703320,+3.47,+15.035,+10.580,+0.943
1686703380,+3.47,+15.216,+10.740,+0.942
1686703440,+3.47,+15.336,+10.824,+0.942
1686703500,+3.47,+15.311,+10.866,+0.942
1686703560,+3.47,+15.328,+10.927,+0.942
1686703620,+3.47,+15.345,+10.866,+0.941
1686703680,+3.47,+15.328,+10.860,+0.942
1686703740,+3.47,+15.276,+10.824,+0.942
1686703800,+3.47,+15.328,+10.795,+0.942
1686703860,+3.47,+15.336,+10.826,+0.942
1686703920,+3.47,+15.379,+10.826,+0.941
1686703980,+3.47,+15.388,+10.885,+0.942
1686704040,+3.47,+15.362,+10.959,+0.942
1686704100,+3.47,+15.405,+10.985,+0.942
1686704160,+3.47,+15.190, +9.951,+0.939
1686704220,+3.47,+14.785, +9.871,+0.939
1686704280,+3.47,+14.638,+10.031,+0.940
1686704340,+3.47,+14.638,+10.076,+0.940
1686704400,+3.47,+14.621,+10.155,+0.940
1686704460,+3.47,+14.707,+10.405,+0.941
1686704520,+3.47,+14.906,+10.463,+0.941
1686704580,+3.47,+14.992,+10.566,+0.942
1686704640,+3.47,+15.199,+10.612,+0.941
1686704700,+3.47,+15.328,+10.665,+0.942
1686704760,+3.47,+15.508,+10.656,+0.942
1686704820,+3.47,+15.551,+10.719,+0.942
1686704880,+3.47,+15.620,+10.745,+0.942
1686704940,+3.47,+15.568,+10.740,+0.941
1686705000,+3.47,+15.525,+10.818,+0.942
1686705060,+3.47,+15.491,+10.836,+0.941
1686705120,+3.47,+15.439,+10.792,+0.942
1686705180,+3.47,+15.388,+10.743,+0.942
1686705240,+3.47,+15.439,+10.706,+0.942
1686705300,+3.47,+15.508,+10.739,+0.942
1686705360,+3.47,+15.585,+10.741,+0.941
1686705420,+3.47,+15.637,+10.765,+0.941
1686705480,+3.47,+15.688,+10.952,+0.942
1686705540,+3.47,+15.662,+11.101,+0.942
1686705600,+3.47,+15.671,+11.120,+0.942
1686705660,+3.47,+15.637,+11.124,+0.942
1686705720,+3.47,+15.602,+10.958,+0.941
1686705780,+3.47,+15.611,+10.964,+0.942
1686705840,+3.47,+15.628,+10.959,+0.941
1686705900,+3.47,+15.560,+10.952,+0.942
1686705960,+3.47,+15.499,+10.911,+0.942
1686706020,+3.47,+15.517,+10.841,+0.942
1686706080,+3.47,+15.568,+10.784,+0.941
1686706140,+3.47,+15.585,+10.764,+0.942
1686706200,+3.47,+15.688,+10.648,+0.941
1686706260,+3.47,+15.705,+10.660,+0.941
1686706320,+3.47,+15.740,+10.679,+0.942
1686706380,+3.47,+15.697,+10.781,+0.941
1686706440,+3.47,+15.731,+10.847,+0.942
1686706500,+3.47,+15.688,+10.862,+0.942
1686706560,+3.47,+15.602,+10.809,+0.942
1686706620,+3.47,+15.637,+10.827,+0.942
1686706680,+3.47,+15.740,+10.746,+0.941
1686706740,+3.47,+15.791,+10.645,+0.941
1686706800,+3.47,+15.825,+10.652,+0.942
1686706860,+3.47,+15.894,+10.644,+0.941
1686706920,+3.47,+15.945,+10.648,+0.941
1686706980,+3.47,+15.945,+10.636,+0.942
1686707040,+3.47,+15.894,+10.556,+0.942
1686707100,+3.47,+15.928,+10.481,+0.941
1686707160,+3.47,+15.988,+10.517,+0.941
1686707220,+3.47,+15.945,+10.668,+0.941
1686707280,+3.47,+15.851,+10.741,+0.942
1686707340,+3.47,+15.902,+10.693,+0.941
1686707400,+3.47,+15.825,+10.759,+0.942
1686707460,+3.47,+15.800,+10.805,+0.941
1686707520,+3.47,+15.774,+10.782,+0.941
1686707580,+3.47,+15.765,+10.735,+0.941
1686707640,+3.47,+15.782,+10.683,+0.940
1686707700,+3.47,+15.731,+10.686,+0.941
1686707760,+3.47,+15.782,+10.690,+0.942
1686707820,+3.47,+15.817,+10.684,+0.941
1686707880,+3.47,+15.885,+10.682,+0.941
1686707940,+3.47,+15.894,+10.643,+0.942
1686708000,+3.47,+16.048,+10.572,+0.942
1686708060,+3.47,+16.219,+10.385,+0.942
1686708120,+3.47,+16.406,+10.288,+0.942
1686708180,+3.47,+16.636,+10.253,+0.942
1686708240,+3.47,+16.679,+10.432,+0.942
1686708300,+3.47,+16.781,+10.589,+0.941
1686708360,+3.47,+16.772,+10.660,+0.942
1686708420,+3.47,+16.806,+10.634,+0.941
1686708480,+3.47,+16.764,+10.538,+0.941
1686708540,+3.47,+16.764,+10.405,+0.942
1686708600,+3.47,+16.832,+10.200,+0.941
1686708660,+3.47,+16.942,+10.089,+0.942
1686708720,+3.47,+17.104, +9.919,+0.942
1686708780,+3.47,+17.036, +9.872,+0.941
1686708840,+3.47,+17.104, +9.913,+0.942
1686708900,+3.47,+17.290, +9.922,+0.942
1686708960,+3.47,+17.544, +9.615,+0.942
1686709020,+3.47,+17.511, +9.680,+0.942
1686709080,+3.47,+17.629, +9.472,+0.942
1686709140,+3.47,+17.680, +9.443,+0.941
1686709200,+3.47,+17.866, +9.377,+0.942
1686709260,+3.47,+18.128, +9.285,+0.942
1686709320,+3.47,+18.322, +9.110,+0.942
1686709380,+3.47,+18.254, +9.181,+0.941
1686709440,+3.47,+18.086, +9.321,+0.941
1686709500,+3.47,+17.857, +9.753,+0.941
1686709560,+3.47,+17.790, +9.818,+0.942
1686709620,+3.47,+17.731, +9.739,+0.942
1686709680,+3.47,+17.612, +9.751,+0.942
1686709740,+3.47,+17.714, +9.672,+0.942
1686709800,+3.47,+17.705, +9.813,+0.941
1686709860,+3.47,+17.663, +9.893,+0.941
1686709920,+3.47,+17.536, +9.889,+0.942
1686709980,+3.47,+17.528, +9.828,+0.942
1686710040,+3.47,+17.561, +9.896,+0.941
1686710100,+3.47,+17.536, +9.873,+0.942
1686710160,+3.47,+17.646, +9.538,+0.942
1686710220,+3.47,+17.621, +9.891,+0.942
1686710280,+3.47,+17.587, +9.749,+0.941
1686710340,+3.47,+17.384,+10.097,+0.942
1686710400,+3.47,+17.384,+10.074,+0.942
1686710460,+3.47,+17.494, +9.856,+0.941
1686710520,+3.47,+17.400,+10.090,+0.942
1686710580,+3.47,+17.375,+10.148,+0.942
1686710640,+3.47,+17.350,+10.180,+0.942
1686710700,+3.47,+17.409,+10.055,+0.941
1686710760,+3.47,+17.485, +9.901,+0.942
1686710820,+3.47,+17.519, +9.730,+0.941
1686710880,+3.47,+17.519, +9.717,+0.941
1686710940,+3.47,+17.316,+10.068,+0.941
1686711000,+3.47,+17.044,+10.075,+0.941
1686711060,+3.47,+16.942,+10.275,+0.941
1686711120,+3.47,+16.755,+10.467,+0.941
1686711180,+3.47,+16.679,+10.542,+0.942
1686711240,+3.47,+16.628,+10.581,+0.941
1686711300,+3.47,+16.577,+10.547,+0.941
1686711360,+3.47,+16.534,+10.536,+0.941
1686711420,+3.47,+16.594,+10.479,+0.942
1686711480,+3.47,+16.585,+10.396,+0.941
1686711540,+3.47,+16.687,+10.272,+0.941
1686711600,+3.47,+16.670,+10.355,+0.941
1686711660,+3.47,+16.619,+10.655,+0.941
1686711720,+3.47,+16.628,+10.721,+0.942
1686711780,+3.47,+16.687,+10.505,+0.941
1686711840,+3.47,+16.747,+10.405,+0.943
1686711900,+3.47,+16.968,+10.128,+0.942
1686711960,+3.47,+17.078,+10.007,+0.942
1686712020,+3.47,+17.155, +9.984,+0.942
1686712080,+3.47,+17.358, +9.884,+0.941
1686712140,+3.47,+17.621, +9.856,+0.943
1686712200,+3.47,+18.145, +9.452,+0.942
1686712260,+3.47,+18.398, +9.366,+0.942
1686712320,+3.47,+18.718, +9.272,+0.943
1686712380,+3.47,+18.928, +9.211,+0.943
1686712440,+3.47,+19.088, +9.172,+0.943
1686712500,+3.47,+19.147, +8.976,+0.942
1686712560,+3.47,+18.785, +9.211,+0.942
1686712620,+3.47,+18.516, +9.319,+0.942
1686712680,+3.47,+18.060, +9.434,+0.941
1686712740,+3.47,+17.688, +9.637,+0.941
1686712800,+3.47,+17.587, +9.705,+0.942
1686712860,+3.47,+17.477, +9.720,+0.941
1686712920,+3.47,+17.519, +9.682,+0.941
1686712980,+3.47,+17.544, +9.719,+0.942
1686713040,+3.47,+17.638, +9.643,+0.942
1686713100,+3.47,+17.714, +9.625,+0.942
1686713160,+3.47,+17.722, +9.597,+0.942
1686713220,+3.47,+17.790, +9.597,+0.943
1686713280,+3.47,+17.824, +9.642,+0.941
1686713340,+3.47,+17.663, +9.844,+0.942
1686713400,+3.47,+17.528, +9.954,+0.942
1686713460,+3.47,+17.468, +9.938,+0.941
1686713520,+3.47,+17.519, +9.931,+0.941
1686713580,+3.47,+17.426, +9.920,+0.942
1686713640,+3.47,+17.536, +9.831,+0.942
1686713700,+3.47,+17.773, +9.569,+0.942
1686713760,+3.47,+17.849, +9.503,+0.941
1686713820,+3.47,+17.756, +9.667,+0.942
1686713880,+3.47,+17.748, +9.699,+0.942
1686713940,+3.47,+17.824, +9.716,+0.942
1686714000,+3.47,+18.010, +9.579,+0.942
1686714060,+3.47,+18.263, +9.422,+0.942
1686714120,+3.47,+18.457, +9.240,+0.942
1686714180,+3.47,+18.659, +9.189,+0.942
1686714240,+3.47,+18.878, +9.087,+0.942
1686714300,+3.47,+19.063, +9.106,+0.942
1686714360,+3.47,+19.206, +9.148,+0.943
1686714420,+3.47,+19.374, +9.130,+0.943
1686714480,+3.47,+19.525, +9.063,+0.943
1686714540,+3.47,+19.592, +9.045,+0.943
1686714600,+3.47,+19.576, +8.947,+0.943
1686714660,+3.47,+19.256, +9.039,+0.942
1686714720,+3.47,+19.298, +8.994,+0.942
1686714780,+3.47,+19.298, +9.015,+0.943
1686714840,+3.47,+19.298, +8.971,+0.942
1686714900,+3.47,+19.408, +9.034,+0.943
1686714960,+3.47,+19.441, +9.034,+0.943
1686715020,+3.47,+19.500, +9.012,+0.943
1686715080,+3.47,+19.055, +9.116,+0.942
1686715140,+3.47,+19.038, +9.107,+0.942
1686715200,+3.47,+19.122, +9.102,+0.942
1686715260,+3.47,+19.240, +9.071,+0.942
1686715320,+3.47,+19.307, +9.026,+0.943
1686715380,+3.47,+19.416, +9.050,+0.943
1686715440,+3.47,+19.559, +9.079,+0.943
1686715500,+3.47,+19.676, +9.058,+0.943
1686715560,+3.47,+19.660, +8.997,+0.942
1686715620,+3.47,+19.668, +8.955,+0.943
1686715680,+3.47,+19.668, +8.976,+0.943
1686715740,+3.47,+19.744, +8.961,+0.942
1686715800,+3.47,+19.794, +8.980,+0.943
1686715860,+3.47,+19.911, +8.998,+0.942
1686715920,+3.47,+19.953, +9.059,+0.944
1686715980,+3.47,+20.029, +9.038,+0.943
1686716040,+3.47,+20.046, +9.005,+0.943
1686716100,+3.47,+20.113, +8.987,+0.944
1686716160,+3.47,+20.138, +8.967,+0.944
1686716220,+3.47,+20.155, +8.936,+0.943
1686716280,+3.47,+20.146, +8.960,+0.944
1686716340,+3.47,+20.138, +9.019,+0.944
1686716400,+3.47,+20.146, +8.973,+0.943
1686716460,+3.47,+20.205, +8.952,+0.943
1686716520,+3.47,+20.188, +8.926,+0.943
1686716580,+3.47,+20.146, +8.905,+0.943
1686716640,+3.47,+20.121, +8.905,+0.943
1686716700,+3.47,+20.163, +8.935,+0.943
1686716760,+3.47,+20.104, +8.990,+0.943
1686716820,+3.47,+20.205, +9.010,+0.943
1686716880,+3.47,+20.205, +9.018,+0.943
1686716940,+3.47,+20.255, +8.988,+0.944
1686717000,+3.47,+20.247, +8.996,+0.943
1686717060,+3.47,+20.255, +8.992,+0.944
1686717120,+3.47,+20.331, +8.971,+0.943
1686717180,+3.47,+20.331, +8.973,+0.943
1686717240,+3.47,+20.347, +8.972,+0.943
1686717300,+3.47,+20.297, +8.959,+0.944
1686717360,+3.47,+20.373, +8.927,+0.944
1686717420,+3.47,+20.339, +8.950,+0.943
1686717480,+3.47,+20.381, +8.950,+0.943
1686717540,+3.47,+20.398, +8.967,+0.943
1686717600,+3.47,+20.389, +8.995,+0.944
1686717660,+3.47,+20.406, +8.998,+0.944
1686717720,+3.47,+20.423, +8.965,+0.943
1686717780,+3.47,+20.356, +8.941,+0.943
1686717840,+3.47,+20.314, +8.960,+0.944
1686717900,+3.47,+20.347, +8.952,+0.943
1686717960,+3.47,+20.230, +8.866,+0.943
1686718020,+3.47,+20.138, +8.864,+0.943
1686718080,+3.47,+20.004, +8.833,+0.942
1686718140,+3.47,+19.785, +8.964,+0.943
1686718200,+3.47,+19.811, +8.969,+0.943
1686718260,+3.47,+19.878, +8.990,+0.944
1686718320,+3.47,+19.802, +9.040,+0.943
1686718380,+3.47,+19.861, +9.024,+0.943
1686718440,+3.47,+19.827, +9.023,+0.943
1686718500,+3.47,+19.802, +9.031,+0.943
1686718560,+3.47,+19.785, +8.905,+0.941
1686718620,+3.47,+19.080, +9.275,+0.941
1686718680,+3.47,+18.701, +9.386,+0.941
1686718740,+3.47,+18.322, +9.620,+0.942
1686718800,+3.47,+18.221, +9.651,+0.942
1686718860,+3.47,+18.162, +9.658,+0.942
1686718920,+3.47,+18.238, +9.592,+0.942
1686718980,+3.47,+18.440, +9.498,+0.943
1686719040,+3.47,+18.651, +9.382,+0.943
1686719100,+3.47,+18.861, +9.342,+0.943
1686719160,+3.47,+19.198, +9.248,+0.943
1686719220,+3.47,+19.340, +9.225,+0.944
1686719280,+3.47,+19.508, +9.174,+0.943
1686719340,+3.47,+19.651, +9.122,+0.944
1686719400,+3.47,+19.769, +9.062,+0.943
1686719460,+3.47,+19.827, +9.059,+0.943
1686719520,+3.47,+19.886, +9.047,+0.943
1686719580,+3.47,+19.953, +9.053,+0.944
1686719640,+3.47,+20.037, +9.006,+0.943
1686719700,+3.47,+20.071, +8.972,+0.943
1686719760,+3.47,+19.525, +9.021,+0.940
1686719820,+3.47,+18.592, +9.606,+0.941
1686719880,+3.47,+18.533, +9.424,+0.941
1686719940,+3.47,+17.925, +9.757,+0.941
1686720000,+3.47,+17.561, +9.941,+0.941
1686720060,+3.47,+17.214,+10.009,+0.940
1686720120,+3.48,+16.849,+10.438,+0.941
1686720180,+3.47,+16.687,+10.522,+0.941
1686720240,+3.47,+16.534,+10.574,+0.942
1686720300,+3.48,+16.457,+10.586,+0.941
1686720360,+3.48,+16.321,+10.627,+0.941
1686720420,+3.48,+16.449,+10.534,+0.941
1686720480,+3.48,+16.755,+10.268,+0.943
1686720540,+3.47,+17.375, +9.751,+0.942
1686720600,+3.47,+17.671, +9.587,+0.942
1686720660,+3.47,+17.874, +9.484,+0.942
1686720720,+3.47,+18.136, +9.350,+0.942
1686720780,+3.48,+17.984, +9.503,+0.942
1686720840,+3.47,+18.018, +9.549,+0.942
1686720900,+3.48,+18.086, +9.444,+0.942
1686720960,+3.48,+18.043, +9.534,+0.942
1686721020,+3.48,+18.077, +9.547,+0.942
1686721080,+3.48,+18.229, +9.478,+0.941
1686721140,+3.47,+18.246, +9.465,+0.942
1686721200,+3.48,+18.381, +9.242,+0.942
1686721260,+3.47,+18.617, +9.239,+0.943
1686721320,+3.47,+18.886, +9.169,+0.943
1686721380,+3.47,+18.996, +9.034,+0.941
1686721440,+3.48,+18.102, +9.601,+0.939
1686721500,+3.48,+17.121, +9.963,+0.940
1686721560,+3.48,+16.525,+10.029,+0.940
1686721620,+3.48,+16.219,+10.162,+0.941
1686721680,+3.48,+16.022,+10.204,+0.940
1686721740,+3.48,+15.894,+10.243,+0.941
1686721800,+3.48,+15.757,+10.301,+0.940
1686721860,+3.48,+15.748,+10.479,+0.941
1686721920,+3.48,+15.868,+10.624,+0.942
1686721980,+3.48,+16.312,+10.276,+0.942
1686722040,+3.47,+16.764,+10.024,+0.942
1686722100,+3.48,+17.248, +9.849,+0.944
1686722160,+3.48,+17.587, +9.583,+0.942
1686722220,+3.47,+17.807, +9.581,+0.943
1686722280,+3.48,+18.035, +9.420,+0.942
1686722340,+3.48,+18.178, +9.416,+0.942
1686722400,+3.48,+18.457, +9.371,+0.943
1686722460,+3.47,+18.667, +9.325,+0.943
1686722520,+3.47,+18.912, +9.208,+0.943
1686722580,+3.48,+19.038, +9.196,+0.943
1686722640,+3.47,+19.273, +9.127,+0.943
1686722700,+3.47,+19.475, +9.053,+0.943
1686722760,+3.47,+19.559, +9.027,+0.942
1686722820,+3.47,+19.559, +9.054,+0.943
1686722880,+3.47,+19.576, +8.797,+0.939
1686722940,+3.47,+18.651, +9.340,+0.940
1686723000,+3.48,+18.153, +9.606,+0.942
1686723060,+3.47,+17.807, +9.663,+0.940
1686723120,+3.48,+17.333, +9.963,+0.940
1686723180,+3.48,+16.874,+10.355,+0.941
1686723240,+3.47,+16.602,+10.457,+0.941
1686723300,+3.48,+16.449,+10.471,+0.941
1686723360,+3.48,+16.321,+10.516,+0.941
1686723420,+3.48,+16.201,+10.544,+0.941
1686723480,+3.48,+16.167,+10.591,+0.942
1686723540,+3.48,+16.159,+10.582,+0.941
1686723600,+3.48,+16.466,+10.395,+0.942
1686723660,+3.48,+16.891,+10.232,+0.942
1686723720,+3.47,+17.604, +9.770,+0.943
1686723780,+3.48,+18.195, +9.494,+0.943
1686723840,+3.47,+18.634, +9.299,+0.943
1686723900,+3.47,+18.903, +9.221,+0.943
1686723960,+3.48,+19.240, +9.118,+0.943
1686724020,+3.47,+19.382, +9.127,+0.943
1686724080,+3.48,+19.601, +9.072,+0.943
1686724140,+3.47,+19.718, +9.014,+0.942
1686724200,+3.47,+19.794, +9.002,+0.943
1686724260,+3.48,+18.026, +8.973,+0.937
1686724320,+3.47,+16.815, +9.421,+0.938
1686724380,+3.48,+16.116, +9.544,+0.938
1686724440,+3.48,+15.585, +9.688,+0.939
1686724500,+3.48,+15.268, +9.656,+0.939
1686724560,+3.48,+15.181, +9.897,+0.940
1686724620,+3.48,+15.482,+10.400,+0.942
1686724680,+3.48,+16.321,+10.335,+0.943
1686724740,+3.48,+16.976,+10.073,+0.943
1686724800,+3.48,+17.443, +9.860,+0.943
1686724860,+3.48,+17.790, +9.758,+0.943
1686724920,+3.48,+18.094, +9.612,+0.943
1686724980,+3.48,+18.381, +9.522,+0.942
1686725040,+3.48,+18.608, +9.468,+0.943
1686725100,+3.47,+18.794, +9.392,+0.942
1686725160,+3.47,+18.962, +9.375,+0.944
1686725220,+3.48,+19.223, +9.231,+0.943
1686725280,+3.48,+19.424, +9.211,+0.943
1686725340,+3.48,+19.534, +9.148,+0.943
1686725400,+3.47,+19.618, +9.148,+0.943
1686725460,+3.47,+19.827, +9.059,+0.943
1686725520,+3.47,+18.886, +9.338,+0.939
1686725580,+3.48,+17.950, +9.721,+0.940
1686725640,+3.47,+17.570, +9.835,+0.941
1686725700,+3.48,+17.460, +9.910,+0.942
1686725760,+3.48,+17.561, +9.798,+0.942
1686725820,+3.47,+17.714, +9.720,+0.942
1686725880,+3.48,+17.587, +9.662,+0.940
1686725940,+3.48,+17.180, +9.816,+0.940
1686726000,+3.48,+16.832,+10.095,+0.941
1686726060,+3.47,+16.747,+10.091,+0.941
1686726120,+3.48,+16.908,+10.127,+0.942
1686726180,+3.48,+17.367, +9.915,+0.943
1686726240,+3.47,+17.807, +9.680,+0.942
1686726300,+3.48,+18.330, +9.497,+0.943
1686726360,+3.47,+18.676, +9.420,+0.943
1686726420,+3.47,+18.928, +9.287,+0.943
1686726480,+3.48,+19.055, +9.254,+0.942
1686726540,+3.48,+19.214, +9.166,+0.943
1686726600,+3.48,+19.391, +9.159,+0.943
1686726660,+3.48,+19.542, +9.147,+0.944
1686726720,+3.47,+19.651, +9.125,+0.944
1686726780,+3.47,+19.785, +9.102,+0.944
1686726840,+3.47,+18.583, +9.281,+0.939
1686726900,+3.47,+17.697, +9.782,+0.941
1686726960,+3.48,+17.350, +9.814,+0.940
1686727020,+3.48,+17.053, +9.968,+0.941
1686727080,+3.48,+17.146, +9.969,+0.942
1686727140,+3.48,+17.443, +9.872,+0.942
1686727200,+3.48,+17.764, +9.728,+0.943
1686727260,+3.48,+17.950, +9.648,+0.942
1686727320,+3.48,+18.221, +9.602,+0.943
1686727380,+3.48,+18.566, +9.436,+0.943
1686727440,+3.47,+18.667, +9.273,+0.942
1686727500,+3.47,+17.764, +9.713,+0.940
1686727560,+3.48,+17.460, +9.916,+0.941
1686727620,+3.48,+17.333, +9.892,+0.941
1686727680,+3.48,+17.265, +9.898,+0.942
1686727740,+3.48,+17.273, +9.876,+0.942
1686727800,+3.48,+17.316, +9.847,+0.942
1686727860,+3.48,+17.663, +9.706,+0.942
1686727920,+3.48,+18.026, +9.518,+0.942
1686727980,+3.48,+18.263, +9.449,+0.942
1686728040,+3.48,+18.566, +9.315,+0.942
1686728100,+3.47,+18.819, +9.260,+0.942
1686728160,+3.48,+19.122, +9.188,+0.943
1686728220,+3.48,+19.366, +9.124,+0.943
1686728280,+3.48,+19.475, +9.054,+0.943
1686728340,+3.48,+18.920, +9.115,+0.941
1686728400,+3.48,+18.178, +9.310,+0.940
1686728460,+3.48,+17.460, +9.589,+0.940
1686728520,+3.48,+17.146, +9.886,+0.941
1686728580,+3.48,+16.993,+10.123,+0.941
1686728640,+3.48,+17.172,+10.098,+0.942
1686728700,+3.47,+17.621, +9.734,+0.942
1686728760,+3.48,+17.891, +9.661,+0.942
1686728820,+3.48,+18.111, +9.557,+0.943
1686728880,+3.48,+18.398, +9.422,+0.942
1686728940,+3.48,+18.600, +9.352,+0.943
1686729000,+3.47,+18.760, +9.343,+0.942
1686729060,+3.47,+19.004, +9.323,+0.943
1686729120,+3.47,+19.088, +9.291,+0.943
1686729180,+3.48,+19.231, +9.253,+0.943
1686729240,+3.48,+19.399, +9.218,+0.943
1686729300,+3.48,+19.458, +9.189,+0.943
1686729360,+3.48,+19.433, +9.143,+0.942
1686729420,+3.48,+19.424, +9.189,+0.943
1686729480,+3.48,+19.450, +9.197,+0.943
1686729540,+3.48,+18.777, +9.319,+0.941
1686729600,+3.48,+18.524, +9.623,+0.942
1686729660,+3.48,+18.549, +9.570,+0.942
1686729720,+3.48,+18.457, +9.511,+0.942
1686729780,+3.48,+17.731, +9.600,+0.940
1686729840,+3.48,+17.333, +9.818,+0.941
1686729900,+3.48,+17.324, +9.878,+0.942
1686729960,+3.48,+17.595, +9.752,+0.942
1686730020,+3.48,+17.891, +9.622,+0.941
1686730080,+3.48,+18.128, +9.543,+0.943
1686730140,+3.48,+18.297, +9.383,+0.942
1686730200,+3.48,+17.172, +9.678,+0.939
1686730260,+3.48,+16.662,+10.027,+0.940
1686730320,+3.48,+16.457,+10.073,+0.940
1686730380,+3.48,+16.321,+10.096,+0.941
1686730440,+3.48,+16.483,+10.054,+0.941
1686730500,+3.48,+17.070, +9.852,+0.942
1686730560,+3.48,+17.511, +9.699,+0.942
1686730620,+3.48,+17.883, +9.574,+0.943
1686730680,+3.48,+18.162, +9.488,+0.943
1686730740,+3.48,+18.431, +9.423,+0.943
1686730800,+3.48,+18.659, +8.871,+0.939
1686730860,+3.48,+16.857, +9.307,+0.938
1686730920,+3.48,+16.329, +9.800,+0.939
1686730980,+3.48,+15.859, +9.861,+0.939
1686731040,+3.48,+15.714, +9.970,+0.940
1686731100,+3.48,+15.662,+10.089,+0.941
1686731160,+3.48,+15.722,+10.094,+0.941
1686731220,+3.48,+15.782,+10.146,+0.941
1686731280,+3.48,+15.842,+10.162,+0.941
1686731340,+3.48,+15.774,+10.236,+0.940
1686731400,+3.48,+15.911,+10.248,+0.941
1686731460,+3.48,+15.988,+10.248,+0.941
1686731520,+3.48,+16.321,+10.108,+0.942
1686731580,+3.48,+16.372,+10.026,+0.940
1686731640,+3.48,+16.295,+10.132,+0.941
1686731700,+3.48,+16.295,+10.167,+0.941
1686731760,+3.48,+16.329,+10.168,+0.941
1686731820,+3.48,+16.321,+10.183,+0.941
1686731880,+3.48,+16.346,+10.207,+0.941
1686731940,+3.48,+16.287,+10.242,+0.941
1686732000,+3.48,+16.295,+10.235,+0.942
1686732060,+3.48,+16.304,+10.283,+0.941
1686732120,+3.48,+16.355,+10.281,+0.941
1686732180,+3.48,+16.355,+10.279,+0.941
1686732240,+3.48,+16.364,+10.261,+0.941
1686732300,+3.48,+16.389,+10.219,+0.941
1686732360,+3.48,+16.406,+10.194,+0.941
1686732420,+3.48,+16.457,+10.192,+0.941
1686732480,+3.48,+16.619,+10.097,+0.942
1686732540,+3.48,+17.002, +9.731,+0.942
1686732600,+3.48,+17.299, +9.555,+0.942
1686732660,+3.48,+17.146, +9.673,+0.940
1686732720,+3.48,+16.832,+10.108,+0.940
1686732780,+3.47,+16.543,+10.213,+0.941
1686732840,+3.48,+16.466,+10.223,+0.941
1686732900,+3.48,+16.329,+10.261,+0.941
1686732960,+3.48,+16.398,+10.270,+0.941
1686733020,+3.48,+16.406,+10.049,+0.940
1686733080,+3.48,+16.176,+10.295,+0.940
1686733140,+3.48,+16.065,+10.430,+0.941
1686733200,+3.48,+16.005,+10.466,+0.941
1686733260,+3.48,+15.979,+10.474,+0.941
1686733320,+3.48,+15.962,+10.431,+0.941
1686733380,+3.48,+15.928,+10.482,+0.941
1686733440,+3.48,+15.945,+10.499,+0.941
1686733500,+3.48,+15.962,+10.464,+0.941
1686733560,+3.48,+16.005,+10.450,+0.942
1686733620,+3.48,+16.636,+10.138,+0.943
1686733680,+3.48,+17.273, +9.796,+0.943
1686733740,+3.48,+17.815, +9.557,+0.943
1686733800,+3.48,+18.136, +9.452,+0.943
1686733860,+3.48,+18.372, +9.406,+0.942
1686733920,+3.48,+18.617, +9.500,+0.943
1686733980,+3.47,+18.827, +9.390,+0.943
1686734040,+3.47,+18.870, +9.323,+0.942
1686734100,+3.48,+18.895, +9.386,+0.943
1686734160,+3.48,+18.987, +9.343,+0.943
1686734220,+3.47,+18.701, +9.043,+0.939
1686734280,+3.47,+17.773, +9.470,+0.940
1686734340,+3.48,+17.290, +9.720,+0.940
1686734400,+3.48,+17.019, +9.814,+0.941
1686734460,+3.48,+16.925, +9.831,+0.941
1686734520,+3.48,+17.010, +9.762,+0.941
1686734580,+3.48,+17.214, +9.691,+0.942
1686734640,+3.48,+17.333, +9.458,+0.940
1686734700,+3.48,+16.976, +9.780,+0.940
1686734760,+3.48,+16.738, +9.974,+0.940
1686734820,+3.47,+16.372,+10.278,+0.941
1686734880,+3.48,+16.167,+10.512,+0.941
1686734940,+3.48,+16.065,+10.549,+0.941
1686735000,+3.48,+16.065,+10.514,+0.941
1686735060,+3.48,+16.090,+10.413,+0.941
1686735120,+3.48,+16.227,+10.390,+0.942
1686735180,+3.48,+17.010, +9.872,+0.943
1686735240,+3.48,+17.570, +9.597,+0.942
1686735300,+3.48,+17.350, +9.692,+0.940
1686735360,+3.48,+17.180, +9.963,+0.941
1686735420,+3.48,+17.409, +9.722,+0.941
1686735480,+3.48,+16.883, +9.959,+0.940
1686735540,+3.48,+16.670,+10.134,+0.941
1686735600,+3.47,+16.645,+10.145,+0.941
1686735660,+3.48,+16.602,+10.088,+0.941
1686735720,+3.48,+16.747,+10.144,+0.943
1686735780,+3.48,+17.256, +9.849,+0.943
1686735840,+3.47,+17.595, +9.659,+0.942
1686735900,+3.47,+17.900, +9.598,+0.943
1686735960,+3.48,+18.102, +9.099,+0.939
1686736020,+3.48,+16.942, +9.861,+0.940
1686736080,+3.48,+16.840,+10.119,+0.941
1686736140,+3.47,+16.781, +9.907,+0.940
1686736200,+3.48,+16.645, +9.996,+0.940
1686736260,+3.48,+16.474,+10.169,+0.941
1686736320,+3.48,+16.432,+10.236,+0.941
1686736380,+3.47,+16.466,+10.160,+0.941
1686736440,+3.48,+16.381,+10.153,+0.941
1686736500,+3.48,+16.423,+10.142,+0.941
1686736560,+3.48,+16.594,+10.081,+0.942
1686736620,+3.48,+16.857, +9.948,+0.941
1686736680,+3.48,+17.027, +9.881,+0.942
1686736740,+3.48,+17.138, +9.697,+0.940
1686736800,+3.48,+16.993, +9.829,+0.941
1686736860,+3.48,+16.951, +9.890,+0.942
1686736920,+3.48,+17.239, +9.764,+0.941
1686736980,+3.47,+17.375, +9.684,+0.942
1686737040,+3.48,+16.917, +9.820,+0.939
1686737100,+3.48,+16.355,+10.135,+0.940
1686737160,+3.48,+16.013,+10.285,+0.940
1686737220,+3.48,+15.817,+10.235,+0.939
1686737280,+3.48,+15.568,+10.319,+0.940
1686737340,+3.47,+15.508,+10.282,+0.940
1686737400,+3.48,+15.353,+10.323,+0.940
1686737460,+3.48,+15.319,+10.321,+0.940
1686737520,+3.48,+15.311,+10.341,+0.940
1686737580,+3.48,+15.319,+10.437,+0.941
1686737640,+3.48,+15.285,+10.461,+0.941
1686737700,+3.48,+15.448,+10.429,+0.941
1686737760,+3.48,+15.388,+10.403,+0.941
1686737820,+3.48,+15.276,+10.273,+0.940
1686737880,+3.48,+15.078,+10.187,+0.940
1686737940,+3.48,+14.966,+10.262,+0.940
1686738000,+3.48,+14.992,+10.181,+0.940
1686738060,+3.48,+14.932,+10.184,+0.940
1686738120,+3.48,+14.845,+10.207,+0.940
1686738180,+3.48,+14.871,+10.236,+0.941
1686738240,+3.48,+14.906,+10.239,+0.941
1686738300,+3.48,+14.871,+10.262,+0.941
1686738360,+3.48,+14.897,+10.269,+0.941
1686738420,+3.48,+14.966,+10.267,+0.941
1686738480,+3.48,+14.992,+10.353,+0.942
1686738540,+3.48,+15.156,+10.449,+0.941
1686738600,+3.48,+15.250,+10.523,+0.942
1686738660,+3.48,+15.379,+10.639,+0.942
1686738720,+3.48,+15.542,+10.604,+0.942
1686738780,+3.48,+15.722,+10.539,+0.942
1686738840,+3.48,+16.022,+10.412,+0.942
1686738900,+3.48,+16.372,+10.031,+0.941
1686738960,+3.48,+15.697, +9.995,+0.940
1686739020,+3.48,+15.499,+10.069,+0.940
1686739080,+3.48,+15.302,+10.113,+0.941
1686739140,+3.48,+15.207,+10.126,+0.941
1686739200,+3.48,+15.233,+10.135,+0.941
1686739260,+3.48,+15.242,+10.295,+0.940
1686739320,+3.48,+15.233,+10.299,+0.940
1686739380,+3.48,+15.199,+10.301,+0.941
1686739440,+3.48,+15.156,+10.256,+0.940
1686739500,+3.48,+15.078, +9.995,+0.940
1686739560,+3.48,+14.785, +9.891,+0.939
1686739620,+3.48,+14.655, +9.939,+0.940
1686739680,+3.48,+14.569, +9.978,+0.940
1686739740,+3.48,+14.526, +9.990,+0.940
1686739800,+3.48,+14.430,+10.029,+0.940
1686739860,+3.48,+14.318,+10.027,+0.940
1686739920,+3.48,+14.283,+10.011,+0.940
1686739980,+3.48,+14.309, +9.994,+0.940
1686740040,+3.48,+14.396,+10.017,+0.941
1686740100,+3.48,+14.543,+10.007,+0.941
1686740160,+3.48,+14.612,+10.024,+0.941
1686740220,+3.48,+14.819,+10.036,+0.941
1686740280,+3.48,+14.983,+10.067,+0.941
1686740340,+3.48,+15.104,+10.275,+0.942
1686740400,+3.48,+15.190,+10.416,+0.941
1686740460,+3.48,+14.863, +9.755,+0.939
1686740520,+3.48,+14.439, +9.768,+0.939
1686740580,+3.48,+14.239, +9.918,+0.940
1686740640,+3.48,+14.135,+10.005,+0.940
1686740700,+3.48,+13.987,+10.050,+0.940
1686740760,+3.48,+13.866,+10.055,+0.940
1686740820,+3.48,+13.743,+10.100,+0.940
1686740880,+3.48,+13.709,+10.107,+0.940
1686740940,+3.48,+13.647,+10.147,+0.941
1686741000,+3.48,+13.778,+10.128,+0.941
1686741060,+3.48,+13.831,+10.107,+0.940
1686741120,+3.48,+14.274,+10.521,+0.943
1686741180,+3.48,+14.828,+10.451,+0.943
1686741240,+3.48,+15.156,+10.467,+0.943
1686741300,+3.47,+15.448,+10.132,+0.942
1686741360,+3.48,+15.525,+10.151,+0.942
1686741420,+3.48,+15.594,+10.123,+0.942
1686741480,+3.48,+15.585,+10.151,+0.942
1686741540,+3.48,+15.594,+10.153,+0.941
1686741600,+3.47,+15.620,+10.204,+0.942
1686741660,+3.48,+15.902,+10.188,+0.942
1686741720,+3.48,+16.364, +9.964,+0.943
1686741780,+3.48,+16.806, +9.740,+0.942
1686741840,+3.48,+17.044, +9.595,+0.942
1686741900,+3.47,+16.585, +9.830,+0.940
1686741960,+3.48,+16.193,+10.127,+0.940
1686742020,+3.48,+15.945,+10.332,+0.941
1686742080,+3.48,+15.825,+10.448,+0.941
1686742140,+3.48,+15.877,+10.317,+0.941
1686742200,+3.48,+15.654, +9.729,+0.938
1686742260,+3.48,+15.173, +9.694,+0.939
1686742320,+3.48,+14.906, +9.790,+0.940
1686742380,+3.48,+14.716, +9.822,+0.939
1686742440,+3.48,+14.603, +9.828,+0.940
1686742500,+3.48,+14.595, +9.846,+0.940
1686742560,+3.48,+14.768, +9.973,+0.941
1686742620,+3.48,+14.983,+10.146,+0.941
1686742680,+3.48,+15.156,+10.228,+0.941
1686742740,+3.48,+15.362,+10.240,+0.941
1686742800,+3.48,+15.508,+10.250,+0.941
1686742860,+3.48,+15.722,+10.276,+0.942
1686742920,+3.48,+16.142,+10.179,+0.943
1686742980,+3.47,+16.662, +9.906,+0.943
1686743040,+3.48,+17.129, +9.675,+0.942
1686743100,+3.48,+17.265, +9.480,+0.941
1686743160,+3.47,+16.781, +9.225,+0.938
1686743220,+3.48,+15.714, +9.412,+0.938
1686743280,+3.48,+15.138, +9.532,+0.938
1686743340,+3.48,+14.586, +9.541,+0.938
1686743400,+3.48,+14.248, +9.621,+0.938
1686743460,+3.48,+14.109, +9.666,+0.939
1686743520,+3.48,+13.953, +9.695,+0.939
1686743580,+3.48,+13.926, +9.753,+0.939
1686743640,+3.48,+14.066, +9.853,+0.940
1686743700,+3.48,+14.526,+10.029,+0.941
1686743760,+3.48,+15.216,+10.070,+0.941
1686743820,+3.48,+16.039, +9.989,+0.944
1686743880,+3.47,+16.619, +9.719,+0.943
1686743940,+3.48,+17.087, +9.600,+0.943
1686744000,+3.48,+17.400, +9.526,+0.943
1686744060,+3.48,+17.646, +9.403,+0.942
1686744120,+3.47,+17.790, +9.320,+0.942
1686744180,+3.48,+18.111, +9.273,+0.942
1686744240,+3.48,+18.271, +9.338,+0.943
1686744300,+3.47,+18.440, +9.272,+0.942
1686744360,+3.48,+18.549, +9.160,+0.942
1686744420,+3.47,+18.608, +9.140,+0.942
1686744480,+3.47,+18.651, +9.081,+0.942
1686744540,+3.48,+18.119, +9.197,+0.941
1686744600,+3.47,+18.221, +9.289,+0.942
1686744660,+3.47,+17.587, +9.311,+0.938
1686744720,+3.47,+16.815, +9.986,+0.940
1686744780,+3.48,+16.321,+10.061,+0.939
1686744840,+3.47,+16.031,+10.072,+0.941
1686744900,+3.48,+15.808,+10.026,+0.939
1686744960,+3.47,+15.560,+10.045,+0.939
1686745020,+3.47,+15.431,+10.078,+0.940
1686745080,+3.48,+15.362,+10.092,+0.940
1686745140,+3.47,+15.345,+10.105,+0.940
1686745200,+3.48,+15.414,+10.214,+0.941
1686745260,+3.48,+15.388, +9.931,+0.939
1686745320,+3.48,+15.207, +9.997,+0.940
1686745380,+3.48,+15.353,+10.226,+0.942
1686745440,+3.48,+15.782,+10.119,+0.941
1686745500,+3.48,+16.048,+10.060,+0.941
1686745560,+3.48,+15.996,+10.122,+0.942
1686745620,+3.48,+15.954,+10.039,+0.940
1686745680,+3.48,+15.937,+10.079,+0.941
1686745740,+3.48,+16.056,+10.006,+0.941
1686745800,+3.48,+16.201,+10.000,+0.941
1686745860,+3.48,+16.389,+10.012,+0.942
1686745920,+3.48,+16.508, +9.842,+0.941
1686745980,+3.48,+16.491, +9.914,+0.941
1686746040,+3.47,+16.721, +9.891,+0.941
1686746100,+3.48,+16.874, +9.760,+0.941
1686746160,+3.48,+16.738, +9.790,+0.941
1686746220,+3.48,+16.781, +9.873,+0.941
1686746280,+3.47,+16.968, +9.806,+0.942
1686746340,+3.48,+17.214, +9.703,+0.942
1686746400,+3.48,+17.333, +9.640,+0.942
1686746460,+3.47,+17.595, +9.543,+0.942
1686746520,+3.47,+17.502, +9.330,+0.939
1686746580,+3.48,+17.070, +9.694,+0.939
1686746640,+3.48,+16.585,+10.091,+0.940
1686746700,+3.48,+16.474,+10.158,+0.941
1686746760,+3.48,+16.534,+10.002,+0.940
1686746820,+3.48,+16.594, +9.946,+0.941
1686746880,+3.47,+16.781, +9.692,+0.941
1686746940,+3.47,+16.764, +9.562,+0.940
1686747000,+3.47,+16.525, +9.709,+0.940
1686747060,+3.47,+16.355, +9.866,+0.941
1686747120,+3.47,+16.585, +9.938,+0.942
1686747180,+3.48,+16.840, +9.833,+0.942
