7450-798456
OS REV: 1.03 Sensor Cal: 1539277937
Time (sec),  BV (Volts),  T (deg C),  DO (mg/l),  Q ()
1684328040,+3.46,+12.141,+10.388,+0.943
1684328100,+3.46,+12.230,+10.354,+0.943
1684328160,+3.46,+12.221,+10.356,+0.943
1684328220,+3.46,+12.221,+10.349,+0.942
1684328280,+3.46,+12.239,+10.338,+0.942
1684328340,+3.46,+12.266,+10.335,+0.943
1684328400,+3.46,+12.239,+10.338,+0.943
1684328460,+3.46,+12.204,+10.343,+0.943
1684328520,+3.46,+12.213,+10.340,+0.943
1684328580,+3.46,+12.204,+10.325,+0.942
1684328640,+3.46,+12.186,+10.330,+0.943
1684328700,+3.46,+12.204,+10.321,+0.943
1684328760,+3.46,+12.213,+10.317,+0.943
1684328820,+3.46,+12.239,+10.306,+0.943
1684328880,+3.46,+12.204,+10.317,+0.943
1684328940,+3.46,+12.168,+10.328,+0.942
1684329000,+3.46,+12.221,+10.304,+0.942
1684329060,+3.46,+12.248,+10.298,+0.942
1684329120,+3.46,+12.177,+10.328,+0.943
1684329180,+3.46,+12.168,+10.281,+0.942
1684329240,+3.46,+12.079,+10.209,+0.942
1684329300,+3.46,+11.946,+10.136,+0.942
1684329360,+3.46,+11.669, +9.979,+0.942
1684329420,+3.46,+11.445, +9.902,+0.941
1684329480,+3.46,+11.167, +9.883,+0.941
1684329540,+3.46,+10.951, +9.871,+0.941
1684329600,+3.46,+10.724, +9.851,+0.941
1684329660,+3.46,+10.598, +9.889,+0.942
1684329720,+3.46,+10.516, +9.883,+0.941
1684329780,+3.46,+10.470, +9.903,+0.942
1684329840,+3.46,+10.425, +9.953,+0.942
1684329900,+3.46,+10.480, +9.986,+0.942
1684329960,+3.46,+10.507,+10.032,+0.943
1684330020,+3.46,+10.643,+10.014,+0.943
1684330080,+3.46,+10.706,+10.046,+0.943
1684330140,+3.46,+10.752,+10.095,+0.943
1684330200,+3.46,+10.932,+10.084,+0.942
1684330260,+3.46,+10.996,+10.112,+0.943
1684330320,+3.46,+11.023,+10.144,+0.943
1684330380,+3.46,+11.095,+10.160,+0.943
1684330440,+3.46,+11.203,+10.135,+0.943
1684330500,+3.46,+11.320,+10.129,+0.943
1684330560,+3.46,+11.284,+10.169,+0.943
1684330620,+3.46,+11.338,+10.172,+0.943
1684330680,+3.46,+11.400,+10.168,+0.943
1684330740,+3.46,+11.400,+10.176,+0.943
1684330800,+3.46,+11.517,+10.160,+0.943
1684330860,+3.46,+11.472,+10.203,+0.943
1684330920,+3.46,+11.580,+10.210,+0.943
1684330980,+3.46,+11.642,+10.289,+0.943
1684331040,+3.46,+11.723,+10.310,+0.943
1684331100,+3.46,+11.678,+10.327,+0.943
1684331160,+3.46,+11.767,+10.292,+0.943
1684331220,+3.46,+11.785,+10.295,+0.943
1684331280,+3.46,+11.794,+10.284,+0.943
1684331340,+3.46,+11.830,+10.285,+0.943
1684331400,+3.46,+11.919,+10.265,+0.943
1684331460,+3.46,+11.937,+10.294,+0.943
1684331520,+3.46,+11.964,+10.292,+0.943
1684331580,+3.46,+11.990,+10.318,+0.942
1684331640,+3.46,+12.035,+10.363,+0.943
1684331700,+3.46,+12.088,+10.357,+0.942
1684331760,+3.46,+12.106,+10.385,+0.943
1684331820,+3.46,+12.150,+10.377,+0.943
1684331880,+3.46,+12.186,+10.363,+0.943
1684331940,+3.46,+12.115,+10.396,+0.942
1684332000,+3.46,+11.955, +9.938,+0.941
1684332060,+3.46,+11.571, +9.897,+0.941
1684332120,+3.46,+11.374, +9.904,+0.941
1684332180,+3.46,+11.023, +9.769,+0.941
1684332240,+3.46,+10.706, +9.643,+0.940
1684332300,+3.46,+10.234, +9.634,+0.940
1684332360,+3.46,+10.005, +9.711,+0.941
1684332420,+3.46, +9.932, +9.689,+0.941
1684332480,+3.46, +9.795, +9.751,+0.942
1684332540,+3.46, +9.905, +9.806,+0.942
1684332600,+3.46, +9.987, +9.900,+0.942
1684332660,+3.46,+10.124, +9.967,+0.943
1684332720,+3.46,+10.243, +9.995,+0.942
1684332780,+3.46,+10.334,+10.075,+0.943
1684332840,+3.46,+10.480,+10.123,+0.943
1684332900,+3.46,+10.598,+10.077,+0.943
1684332960,+3.46,+10.761,+10.198,+0.944
1684333020,+3.46,+10.878,+10.219,+0.943
1684333080,+3.46,+10.996,+10.266,+0.944
1684333140,+3.46,+11.113,+10.305,+0.944
1684333200,+3.46,+11.311,+10.277,+0.944
1684333260,+3.46,+11.338,+10.259,+0.944
1684333320,+3.46,+11.400,+10.265,+0.943
1684333380,+3.46,+11.499,+10.267,+0.943
1684333440,+3.46,+11.553,+10.272,+0.943
1684333500,+3.46,+11.624,+10.293,+0.944
1684333560,+3.46,+11.642,+10.318,+0.944
1684333620,+3.46,+11.767,+10.295,+0.944
1684333680,+3.46,+11.776,+10.312,+0.944
1684333740,+3.46,+11.848,+10.296,+0.943
1684333800,+3.46,+11.883,+10.293,+0.943
1684333860,+3.46,+11.901,+10.300,+0.943
1684333920,+3.46,+11.892,+10.308,+0.943
1684333980,+3.46,+11.972,+10.281,+0.943
1684334040,+3.46,+11.883,+10.301,+0.942
1684334100,+3.46,+11.919,+10.302,+0.943
1684334160,+3.46,+11.990,+10.259,+0.943
1684334220,+3.46,+11.955,+10.266,+0.943
1684334280,+3.46,+12.026,+10.254,+0.943
1684334340,+3.46,+11.972,+10.289,+0.943
1684334400,+3.46,+12.017,+10.273,+0.943
1684334460,+3.46,+12.017,+10.285,+0.943
1684334520,+3.46,+12.017,+10.278,+0.943
1684334580,+3.46,+12.017,+10.276,+0.943
1684334640,+3.46,+12.035,+10.271,+0.943
1684334700,+3.46,+11.981,+10.292,+0.943
1684334760,+3.46,+12.115,+10.245,+0.943
1684334820,+3.46,+12.061,+10.282,+0.943
1684334880,+3.46,+12.070,+10.297,+0.943
1684334940,+3.46,+11.750, +9.774,+0.941
1684335000,+3.46,+11.472,+10.034,+0.943
1684335060,+3.46,+11.454, +9.920,+0.942
1684335120,+3.46,+11.185, +9.807,+0.941
1684335180,+3.46,+10.670, +9.735,+0.941
1684335240,+3.46,+10.480, +9.697,+0.941
1684335300,+3.46,+10.252, +9.724,+0.942
1684335360,+3.46,+10.133, +9.690,+0.941
1684335420,+3.46,+10.060, +9.732,+0.942
1684335480,+3.46,+10.243, +9.762,+0.942
1684335540,+3.46,+10.416, +9.868,+0.943
1684335600,+3.46,+10.616, +9.970,+0.943
1684335660,+3.46,+10.806, +9.979,+0.942
1684335720,+3.46,+10.860,+10.028,+0.943
1684335780,+3.46,+10.978,+10.068,+0.943
1684335840,+3.46,+11.131,+10.083,+0.943
1684335900,+3.46,+11.194,+10.092,+0.944
1684335960,+3.46,+11.311,+10.086,+0.943
1684336020,+3.46,+11.347,+10.092,+0.943
1684336080,+3.46,+11.445,+10.086,+0.944
1684336140,+3.46,+11.490,+10.111,+0.943
1684336200,+3.46,+11.517,+10.149,+0.943
1684336260,+3.46,+11.615,+10.137,+0.943
1684336320,+3.46,+11.687,+10.144,+0.943
1684336380,+3.46,+11.741,+10.190,+0.943
1684336440,+3.46,+11.767,+10.234,+0.943
1684336500,+3.46,+11.821,+10.261,+0.943
1684336560,+3.46,+11.821,+10.282,+0.943
1684336620,+3.46,+11.866,+10.276,+0.943
1684336680,+3.46,+11.919,+10.280,+0.943
1684336740,+3.46,+11.919,+10.241,+0.943
1684336800,+3.46,+11.999,+10.173,+0.943
1684336860,+3.46,+11.972,+10.205,+0.943
1684336920,+3.46,+11.964,+10.220,+0.943
1684336980,+3.46,+11.964,+10.223,+0.942
1684337040,+3.46,+12.044,+10.202,+0.943
1684337100,+3.46,+11.964,+10.254,+0.943
1684337160,+3.46,+12.035,+10.231,+0.942
1684337220,+3.46,+12.026,+10.245,+0.943
1684337280,+3.46,+12.026,+10.236,+0.943
1684337340,+3.46,+12.070,+10.218,+0.943
1684337400,+3.46,+12.070,+10.226,+0.943
1684337460,+3.46,+12.079,+10.217,+0.943
1684337520,+3.46,+12.044,+10.239,+0.942
1684337580,+3.46,+12.106,+10.220,+0.943
1684337640,+3.46,+12.159,+10.211,+0.943
1684337700,+3.46,+12.141,+10.229,+0.943
1684337760,+3.46,+12.133,+10.223,+0.942
1684337820,+3.46,+12.133,+10.229,+0.943
1684337880,+3.46,+12.141,+10.223,+0.942
1684337940,+3.46,+12.168,+10.230,+0.943
1684338000,+3.46,+12.133,+10.245,+0.943
1684338060,+3.46,+12.177,+10.242,+0.943
1684338120,+3.46,+12.115,+10.221,+0.942
1684338180,+3.46,+12.115,+10.155,+0.942
1684338240,+3.46,+12.141,+10.196,+0.943
1684338300,+3.46,+12.106,+10.210,+0.942
1684338360,+3.46,+12.141,+10.230,+0.943
1684338420,+3.46,+11.696, +9.806,+0.941
1684338480,+3.46,+11.481, +9.765,+0.941
1684338540,+3.46,+11.383, +9.802,+0.942
1684338600,+3.46,+11.320, +9.833,+0.942
1684338660,+3.46,+11.266, +9.864,+0.942
1684338720,+3.46,+11.338, +9.834,+0.942
1684338780,+3.46,+11.338, +9.847,+0.942
1684338840,+3.46,+11.356, +9.889,+0.942
1684338900,+3.46,+11.418, +9.921,+0.943
1684338960,+3.46,+11.418, +9.961,+0.943
1684339020,+3.46,+11.427, +9.967,+0.942
1684339080,+3.46,+11.454, +9.981,+0.943
1684339140,+3.46,+11.517, +9.989,+0.943
1684339200,+3.46,+11.517,+10.009,+0.943
1684339260,+3.46,+11.553,+10.015,+0.943
1684339320,+3.46,+11.553,+10.037,+0.943
1684339380,+3.46,+11.642,+10.005,+0.942
1684339440,+3.46,+11.696,+10.046,+0.943
1684339500,+3.46,+11.705,+10.115,+0.943
1684339560,+3.46,+11.750,+10.123,+0.942
1684339620,+3.46,+11.687,+10.151,+0.942
1684339680,+3.46,+11.750,+10.126,+0.942
1684339740,+3.46,+11.803,+10.108,+0.942
1684339800,+3.46,+11.767,+10.131,+0.942
1684339860,+3.46,+11.812,+10.117,+0.943
1684339920,+3.46,+11.767,+10.148,+0.943
1684339980,+3.46,+11.821,+10.145,+0.942
1684340040,+3.46,+11.803,+10.145,+0.943
1684340100,+3.46,+11.857,+10.099,+0.942
1684340160,+3.46,+11.374, +9.337,+0.939
1684340220,+3.46,+10.878, +9.546,+0.941
1684340280,+3.46,+10.815, +9.725,+0.942
1684340340,+3.46,+10.688, +9.672,+0.941
1684340400,+3.46,+10.534, +9.677,+0.941
1684340460,+3.46,+10.361, +9.655,+0.941
1684340520,+3.46,+10.152, +9.573,+0.941
1684340580,+3.46, +9.813, +9.524,+0.940
1684340640,+3.46, +9.574, +9.544,+0.941
1684340700,+3.46, +9.408, +9.552,+0.941
1684340760,+3.46, +9.426, +9.592,+0.942
1684340820,+3.46, +9.602, +9.653,+0.942
1684340880,+3.46, +9.831, +9.701,+0.942
1684340940,+3.46, +9.932, +9.761,+0.942
1684341000,+3.46,+10.033, +9.800,+0.943
1684341060,+3.46,+10.106, +9.810,+0.943
1684341120,+3.46,+10.234, +9.841,+0.943
1684341180,+3.46,+10.288, +9.853,+0.943
1684341240,+3.46,+10.234, +9.862,+0.942
1684341300,+3.46,+10.079, +9.767,+0.942
1684341360,+3.46,+10.033, +9.744,+0.943
1684341420,+3.46,+10.024, +9.717,+0.942
1684341480,+3.46,+10.015, +9.702,+0.943
1684341540,+3.46, +9.950, +9.704,+0.942
1684341600,+3.46, +9.950, +9.700,+0.942
1684341660,+3.46, +9.895, +9.729,+0.943
1684341720,+3.46, +9.914, +9.724,+0.942
1684341780,+3.46, +9.914, +9.731,+0.942
1684341840,+3.46, +9.941, +9.729,+0.942
1684341900,+3.46, +9.978, +9.726,+0.942
1684341960,+3.46, +9.987, +9.760,+0.943
1684342020,+3.46,+10.106, +9.768,+0.943
1684342080,+3.46,+10.161, +9.826,+0.943
1684342140,+3.46,+10.279, +9.822,+0.943
1684342200,+3.46,+10.288, +9.790,+0.943
1684342260,+3.46,+10.115, +9.752,+0.942
1684342320,+3.46,+10.042, +9.697,+0.942
1684342380,+3.46, +9.941, +9.687,+0.942
1684342440,+3.46, +9.895, +9.639,+0.942
1684342500,+3.46, +9.840, +9.574,+0.942
1684342560,+3.46, +9.721, +9.586,+0.942
1684342620,+3.46, +9.602, +9.628,+0.942
1684342680,+3.46, +9.638, +9.674,+0.942
1684342740,+3.46, +9.574, +9.691,+0.942
1684342800,+3.46, +9.473, +9.749,+0.942
1684342860,+3.46, +9.454, +9.740,+0.942
1684342920,+3.46, +9.399, +9.744,+0.942
1684342980,+3.46, +9.436, +9.704,+0.942
1684343040,+3.46, +9.260, +9.764,+0.942
1684343100,+3.46, +9.204, +9.760,+0.942
1684343160,+3.46, +9.251, +9.739,+0.942
1684343220,+3.46, +9.149, +9.776,+0.943
1684343280,+3.46, +9.093, +9.770,+0.942
1684343340,+3.46, +9.130, +9.744,+0.942
1684343400,+3.46, +9.065, +9.768,+0.942
1684343460,+3.46, +9.093, +9.768,+0.942
1684343520,+3.46, +9.084, +9.769,+0.942
1684343580,+3.46, +9.093, +9.759,+0.942
1684343640,+3.46, +9.000, +9.801,+0.943
1684343700,+3.46, +9.121, +9.764,+0.943
1684343760,+3.46, +9.112, +9.790,+0.943
1684343820,+3.46, +9.223, +9.799,+0.943
1684343880,+3.46, +9.362, +9.746,+0.943
1684343940,+3.46, +9.555, +9.770,+0.943
1684344000,+3.46, +9.739, +9.756,+0.944
1684344060,+3.46, +9.950, +9.751,+0.944
1684344120,+3.46,+10.097, +9.743,+0.944
1684344180,+3.46,+10.234, +9.699,+0.943
1684344240,+3.46,+10.188, +9.597,+0.942
1684344300,+3.46,+10.069, +9.686,+0.943
1684344360,+3.46,+10.106, +9.703,+0.943
1684344420,+3.46,+10.234, +9.694,+0.943
1684344480,+3.46,+10.334, +9.664,+0.943
1684344540,+3.46,+10.234, +9.671,+0.943
1684344600,+3.46,+10.197, +9.649,+0.943
1684344660,+3.46,+10.179, +9.648,+0.943
1684344720,+3.46,+10.225, +9.627,+0.943
1684344780,+3.46,+10.161, +9.631,+0.943
1684344840,+3.46,+10.161, +9.590,+0.942
1684344900,+3.46,+10.024, +9.563,+0.942
1684344960,+3.46, +9.868, +9.556,+0.942
1684345020,+3.46, +9.795, +9.531,+0.942
1684345080,+3.46, +9.712, +9.526,+0.942
1684345140,+3.46, +9.675, +9.547,+0.942
1684345200,+3.46, +9.684, +9.545,+0.942
1684345260,+3.46, +9.528, +9.593,+0.942
1684345320,+3.46, +9.555, +9.582,+0.942
1684345380,+3.46, +9.528, +9.588,+0.942
1684345440,+3.46, +9.473, +9.621,+0.942
1684345500,+3.46, +9.454, +9.646,+0.942
1684345560,+3.46, +9.620, +9.627,+0.942
1684345620,+3.46, +9.565, +9.624,+0.942
1684345680,+3.46, +9.519, +9.566,+0.942
1684345740,+3.46, +9.362, +9.555,+0.942
1684345800,+3.46, +9.204, +9.559,+0.942
1684345860,+3.46, +9.121, +9.575,+0.941
1684345920,+3.46, +9.037, +9.594,+0.941
1684345980,+3.46, +8.982, +9.625,+0.942
1684346040,+3.46, +8.879, +9.675,+0.942
1684346100,+3.46, +8.879, +9.703,+0.943
1684346160,+3.46, +8.842, +9.696,+0.942
1684346220,+3.46, +8.833, +9.686,+0.942
1684346280,+3.46, +8.842, +9.685,+0.942
1684346340,+3.46, +8.749, +9.722,+0.942
1684346400,+3.46, +8.833, +9.687,+0.942
1684346460,+3.46, +8.786, +9.706,+0.943
1684346520,+3.46, +8.842, +9.689,+0.942
1684346580,+3.46, +8.861, +9.690,+0.942
1684346640,+3.46, +8.851, +9.703,+0.943
1684346700,+3.46, +8.917, +9.689,+0.943
1684346760,+3.46, +9.019, +9.711,+0.943
1684346820,+3.46, +9.315, +9.814,+0.944
1684346880,+3.46, +9.703, +9.918,+0.944
1684346940,+3.46, +9.987, +9.952,+0.945
1684347000,+3.46,+10.188, +9.979,+0.944
1684347060,+3.46,+10.398, +9.976,+0.944
1684347120,+3.46,+10.607, +9.983,+0.944
1684347180,+3.46,+10.661,+10.003,+0.944
1684347240,+3.46,+10.806, +9.997,+0.944
1684347300,+3.46,+10.914,+10.047,+0.945
1684347360,+3.46,+11.023,+10.079,+0.944
1684347420,+3.46,+11.131,+10.103,+0.944
1684347480,+3.46,+11.122,+10.140,+0.944
1684347540,+3.46,+11.221,+10.076,+0.943
1684347600,+3.46,+11.257,+10.063,+0.943
1684347660,+3.46,+11.221,+10.049,+0.943
1684347720,+3.46,+11.176, +9.802,+0.942
1684347780,+3.46,+10.779, +9.508,+0.941
1684347840,+3.46,+10.461, +9.510,+0.941
1684347900,+3.46,+10.279, +9.546,+0.942
1684347960,+3.46, +9.987, +9.485,+0.941
1684348020,+3.46, +9.574, +9.463,+0.941
1684348080,+3.46, +9.269, +9.555,+0.942
1684348140,+3.46, +9.223, +9.556,+0.942
1684348200,+3.46, +9.130, +9.557,+0.941
1684348260,+3.46, +9.047, +9.578,+0.941
1684348320,+3.46, +9.028, +9.632,+0.942
1684348380,+3.46, +9.149, +9.608,+0.942
1684348440,+3.46, +9.195, +9.621,+0.942
1684348500,+3.46, +9.149, +9.548,+0.941
1684348560,+3.46, +8.944, +9.535,+0.941
1684348620,+3.46, +8.851, +9.548,+0.942
1684348680,+3.46, +8.702, +9.563,+0.941
1684348740,+3.46, +8.730, +9.504,+0.941
1684348800,+3.46, +8.637, +9.521,+0.941
1684348860,+3.46, +8.552, +9.566,+0.941
1684348920,+3.46, +8.524, +9.562,+0.942
1684348980,+3.46, +8.534, +9.544,+0.941
1684349040,+3.46, +8.402, +9.591,+0.942
1684349100,+3.46, +8.402, +9.580,+0.942
1684349160,+3.46, +8.412, +9.570,+0.942
1684349220,+3.46, +8.402, +9.559,+0.942
1684349280,+3.46, +8.393, +9.553,+0.942
1684349340,+3.46, +8.421, +9.536,+0.942
1684349400,+3.46, +8.431, +9.531,+0.942
1684349460,+3.46, +8.402, +9.536,+0.942
1684349520,+3.46, +8.421, +9.524,+0.942
1684349580,+3.46, +8.374, +9.542,+0.942
1684349640,+3.46, +8.346, +9.553,+0.942
1684349700,+3.46, +8.402, +9.524,+0.942
1684349760,+3.46, +8.440, +9.523,+0.942
1684349820,+3.46, +8.421, +9.531,+0.942
1684349880,+3.46, +8.374, +9.553,+0.942
1684349940,+3.46, +8.440, +9.539,+0.942
1684350000,+3.46, +8.524, +9.526,+0.942
1684350060,+3.46, +8.487, +9.532,+0.942
1684350120,+3.46, +8.506, +9.529,+0.942
1684350180,+3.46, +8.459, +9.529,+0.942
1684350240,+3.46, +8.496, +9.504,+0.942
1684350300,+3.46, +8.459, +9.503,+0.942
1684350360,+3.46, +8.374, +9.537,+0.942
1684350420,+3.46, +8.421, +9.510,+0.942
1684350480,+3.46, +8.402, +9.518,+0.942
1684350540,+3.46, +8.384, +9.538,+0.943
1684350600,+3.46, +8.356, +9.541,+0.942
1684350660,+3.46, +8.374, +9.536,+0.943
1684350720,+3.46, +8.365, +9.532,+0.942
1684350780,+3.46, +8.365, +9.523,+0.942
1684350840,+3.46, +8.356, +9.511,+0.942
1684350900,+3.46, +8.412, +9.475,+0.942
1684350960,+3.46, +8.402, +9.477,+0.942
1684351020,+3.46, +8.393, +9.492,+0.942
1684351080,+3.46, +8.337, +9.524,+0.942
1684351140,+3.46, +8.290, +9.525,+0.942
1684351200,+3.46, +8.280, +9.539,+0.942
1684351260,+3.46, +8.290, +9.572,+0.942
1684351320,+3.46, +8.243, +9.575,+0.942
1684351380,+3.46, +8.233, +9.565,+0.942
1684351440,+3.46, +8.252, +9.539,+0.942
1684351500,+3.46, +8.318, +9.499,+0.942
1684351560,+3.46, +8.233, +9.499,+0.942
1684351620,+3.46, +8.186, +9.511,+0.942
1684351680,+3.46, +8.214, +9.486,+0.942
1684351740,+3.46, +8.205, +9.487,+0.942
1684351800,+3.46, +8.243, +9.471,+0.943
1684351860,+3.46, +8.252, +9.447,+0.942
1684351920,+3.46, +8.224, +9.458,+0.942
1684351980,+3.46, +8.214, +9.467,+0.942
1684352040,+3.46, +8.243, +9.438,+0.942
1684352100,+3.46, +8.271, +9.432,+0.942
1684352160,+3.46, +8.252, +9.455,+0.942
1684352220,+3.46, +8.290, +9.461,+0.942
1684352280,+3.46, +8.262, +9.508,+0.942
1684352340,+3.46, +8.233, +9.528,+0.942
1684352400,+3.46, +8.271, +9.511,+0.942
1684352460,+3.46, +8.243, +9.535,+0.942
1684352520,+3.46, +8.280, +9.527,+0.942
1684352580,+3.46, +8.356, +9.540,+0.942
1684352640,+3.46, +8.365, +9.520,+0.942
1684352700,+3.46, +8.402, +9.504,+0.942
1684352760,+3.46, +8.393, +9.477,+0.942
1684352820,+3.46, +8.431, +9.440,+0.942
1684352880,+3.46, +8.393, +9.434,+0.942
1684352940,+3.46, +8.290, +9.484,+0.942
1684353000,+3.46, +8.262, +9.476,+0.942
1684353060,+3.46, +8.309, +9.460,+0.942
1684353120,+3.46, +8.167, +9.504,+0.942
1684353180,+3.46, +8.233, +9.456,+0.942
1684353240,+3.46, +8.120, +9.490,+0.942
1684353300,+3.46, +8.243, +9.407,+0.942
1684353360,+3.46, +8.224, +9.402,+0.942
1684353420,+3.46, +8.139, +9.424,+0.942
1684353480,+3.46, +8.186, +9.391,+0.942
1684353540,+3.46, +8.064, +9.444,+0.943
1684353600,+3.46, +8.158, +9.397,+0.942
1684353660,+3.46, +8.054, +9.446,+0.942
1684353720,+3.46, +8.252, +9.430,+0.943
1684353780,+3.46, +8.356, +9.455,+0.943
1684353840,+3.46, +8.515, +9.491,+0.943
1684353900,+3.46, +8.665, +9.588,+0.943
1684353960,+3.46, +9.065, +9.653,+0.944
1684354020,+3.46, +9.204, +9.683,+0.944
1684354080,+3.46, +9.389, +9.635,+0.944
1684354140,+3.46, +9.436, +9.668,+0.944
1684354200,+3.46, +9.592, +9.675,+0.943
1684354260,+3.46, +9.785, +9.750,+0.944
1684354320,+3.46, +9.969, +9.759,+0.944
1684354380,+3.46,+10.024, +9.806,+0.943
1684354440,+3.46,+10.133, +9.773,+0.943
1684354500,+3.46,+10.188, +9.769,+0.944
1684354560,+3.46,+10.270, +9.718,+0.943
1684354620,+3.46,+10.270, +9.714,+0.944
1684354680,+3.46,+10.279, +9.720,+0.943
1684354740,+3.46,+10.243, +9.710,+0.943
1684354800,+3.46,+10.234, +9.712,+0.944
1684354860,+3.46,+10.270, +9.677,+0.943
1684354920,+3.46,+10.298, +9.646,+0.943
1684354980,+3.46,+10.225, +9.676,+0.943
1684355040,+3.46,+10.216, +9.672,+0.943
1684355100,+3.46,+10.261, +9.654,+0.943
1684355160,+3.46,+10.216, +9.668,+0.943
1684355220,+3.46,+10.261, +9.651,+0.943
1684355280,+3.46,+10.225, +9.673,+0.943
1684355340,+3.46,+10.261, +9.664,+0.943
1684355400,+3.46,+10.279, +9.670,+0.943
1684355460,+3.46,+10.343, +9.668,+0.943
1684355520,+3.46,+10.279, +9.742,+0.943
1684355580,+3.46, +9.960, +9.220,+0.940
1684355640,+3.46, +9.389, +9.146,+0.940
1684355700,+3.46, +8.944, +9.120,+0.940
1684355760,+3.46, +8.665, +9.138,+0.940
1684355820,+3.46, +8.412, +9.211,+0.940
1684355880,+3.46, +8.271, +9.270,+0.940
1684355940,+3.46, +8.252, +9.239,+0.940
1684356000,+3.46, +8.083, +9.319,+0.941
1684356060,+3.46, +8.120, +9.303,+0.941
1684356120,+3.46, +8.092, +9.332,+0.941
1684356180,+3.46, +8.130, +9.372,+0.942
1684356240,+3.46, +8.262, +9.431,+0.942
1684356300,+3.46, +8.506, +9.488,+0.942
1684356360,+3.46, +8.814, +9.519,+0.943
1684356420,+3.46, +9.037, +9.550,+0.943
1684356480,+3.46, +9.195, +9.599,+0.943
1684356540,+3.46, +9.343, +9.611,+0.943
1684356600,+3.46, +9.454, +9.601,+0.943
1684356660,+3.46, +9.482, +9.632,+0.943
1684356720,+3.46, +9.583, +9.625,+0.943
1684356780,+3.46, +9.620, +9.685,+0.943
1684356840,+3.46, +9.648, +9.734,+0.943
1684356900,+3.46, +9.703, +9.780,+0.943
1684356960,+3.46, +9.694, +9.808,+0.943
1684357020,+3.46, +9.666, +9.821,+0.943
1684357080,+3.46, +9.509, +9.826,+0.943
1684357140,+3.46, +9.528, +9.795,+0.942
1684357200,+3.46, +9.482, +9.851,+0.942
1684357260,+3.46, +9.417, +9.830,+0.942
1684357320,+3.46, +9.408, +9.804,+0.943
1684357380,+3.46, +9.334, +9.819,+0.943
1684357440,+3.46, +9.315, +9.810,+0.942
1684357500,+3.46, +9.343, +9.799,+0.943
1684357560,+3.46, +9.325, +9.799,+0.943
1684357620,+3.46, +9.352, +9.777,+0.942
1684357680,+3.46, +9.352, +9.769,+0.943
1684357740,+3.46, +9.352, +9.758,+0.942
1684357800,+3.46, +9.371, +9.740,+0.942
1684357860,+3.46, +9.352, +9.748,+0.942
1684357920,+3.46, +9.399, +9.704,+0.942
1684357980,+3.46, +9.306, +9.741,+0.943
1684358040,+3.46, +9.343, +9.712,+0.943
1684358100,+3.46, +9.297, +9.709,+0.943
1684358160,+3.46, +9.306, +9.694,+0.943
1684358220,+3.46, +9.315, +9.686,+0.943
1684358280,+3.46, +9.315, +9.677,+0.943
1684358340,+3.46, +9.315, +9.680,+0.943
1684358400,+3.46, +9.297, +9.692,+0.942
1684358460,+3.46, +9.288, +9.708,+0.943
1684358520,+3.46, +9.269, +9.734,+0.943
1684358580,+3.46, +9.445, +9.726,+0.942
1684358640,+3.46, +9.657, +9.751,+0.943
1684358700,+3.46, +9.785, +9.582,+0.942
1684358760,+3.46, +9.602, +9.636,+0.943
1684358820,+3.46, +9.583, +9.624,+0.942
1684358880,+3.46, +9.528, +9.637,+0.942
1684358940,+3.46, +9.519, +9.662,+0.943
1684359000,+3.46, +9.528, +9.635,+0.942
1684359060,+3.46, +9.482, +9.630,+0.942
1684359120,+3.46, +9.491, +9.622,+0.942
1684359180,+3.46, +9.528, +9.646,+0.943
1684359240,+3.46, +9.620, +9.690,+0.943
1684359300,+3.46, +9.941, +9.658,+0.943
1684359360,+3.46,+10.161, +9.663,+0.943
1684359420,+3.46,+10.316, +9.711,+0.944
1684359480,+3.46,+10.543, +9.791,+0.944
1684359540,+3.46,+10.806, +9.814,+0.943
1684359600,+3.46,+10.941, +9.842,+0.943
1684359660,+3.46,+11.059, +9.871,+0.944
1684359720,+3.46,+11.266, +9.865,+0.944
1684359780,+3.46,+11.320, +9.955,+0.944
1684359840,+3.46,+11.436, +9.969,+0.943
1684359900,+3.46,+11.562, +9.961,+0.943
1684359960,+3.46,+11.580, +9.982,+0.943
1684360020,+3.46,+11.580, +9.925,+0.943
1684360080,+3.46,+11.374, +9.822,+0.942
1684360140,+3.46,+11.275, +9.794,+0.943
1684360200,+3.46,+11.302, +9.715,+0.942
1684360260,+3.46,+11.239, +9.714,+0.942
1684360320,+3.46,+11.230, +9.707,+0.943
1684360380,+3.46,+11.302, +9.737,+0.943
1684360440,+3.46,+11.463, +9.800,+0.943
1684360500,+3.46,+11.553, +9.860,+0.943
1684360560,+3.46,+11.678, +9.862,+0.942
1684360620,+3.46,+11.741, +9.908,+0.943
1684360680,+3.46,+11.714, +9.957,+0.943
1684360740,+3.46,+11.848, +9.928,+0.943
1684360800,+3.46,+11.928, +9.920,+0.943
1684360860,+3.46,+11.937, +9.934,+0.943
1684360920,+3.46,+11.990, +9.930,+0.943
1684360980,+3.46,+11.955,+10.027,+0.943
1684361040,+3.46,+12.079,+10.001,+0.943
1684361100,+3.46,+12.115, +9.996,+0.943
1684361160,+3.46,+12.186,+10.025,+0.943
1684361220,+3.46,+12.213,+10.063,+0.943
1684361280,+3.46,+12.257,+10.070,+0.943
1684361340,+3.46,+12.284,+10.042,+0.943
1684361400,+3.46,+12.266,+10.047,+0.943
1684361460,+3.46,+12.337,+10.022,+0.943
1684361520,+3.46,+12.381,+10.007,+0.942
1684361580,+3.46,+12.310,+10.043,+0.943
1684361640,+3.46,+12.381,+10.060,+0.943
1684361700,+3.46,+12.354,+10.092,+0.943
1684361760,+3.46,+12.549,+10.099,+0.943
1684361820,+3.46,+12.540,+10.117,+0.943
1684361880,+3.46,+12.593,+10.108,+0.943
1684361940,+3.46,+12.532,+10.128,+0.943
1684362000,+3.46,+12.602,+10.085,+0.943
1684362060,+3.46,+12.558,+10.090,+0.942
1684362120,+3.46,+12.585,+10.057,+0.942
1684362180,+3.46,+12.611,+10.046,+0.942
1684362240,+3.46,+12.646,+10.054,+0.943
1684362300,+3.46,+12.620,+10.052,+0.942
1684362360,+3.46,+12.646,+10.057,+0.942
1684362420,+3.46,+12.593,+10.095,+0.943
1684362480,+3.46,+12.638,+10.049,+0.942
1684362540,+3.46,+12.611,+10.087,+0.942
1684362600,+3.46,+12.646,+10.091,+0.942
1684362660,+3.46,+12.673,+10.092,+0.942
1684362720,+3.46,+12.620,+10.096,+0.942
1684362780,+3.46,+12.699,+10.048,+0.942
1684362840,+3.46,+12.708,+10.061,+0.943
1684362900,+3.46,+12.655,+10.105,+0.942
1684362960,+3.46,+12.682,+10.083,+0.942
1684363020,+3.46,+12.717,+10.080,+0.942
1684363080,+3.46,+12.638,+10.095,+0.942
1684363140,+3.46,+12.682,+10.077,+0.942
1684363200,+3.46,+12.664,+10.079,+0.942
1684363260,+3.46,+12.682,+10.066,+0.942
1684363320,+3.46,+12.691,+10.073,+0.942
1684363380,+3.46,+12.691,+10.059,+0.942
1684363440,+3.46,+12.646,+10.061,+0.942
1684363500,+3.46,+12.664,+10.042,+0.942
1684363560,+3.46,+12.673,+10.035,+0.942
1684363620,+3.46,+12.673,+10.031,+0.942
1684363680,+3.46,+12.655,+10.041,+0.943
1684363740,+3.46,+12.673,+10.027,+0.942
1684363800,+3.46,+12.673,+10.058,+0.942
1684363860,+3.46,+12.664,+10.127,+0.942
1684363920,+3.46,+12.691,+10.159,+0.943
1684363980,+3.46,+12.770,+10.156,+0.943
1684364040,+3.46,+12.743,+10.124,+0.943
1684364100,+3.46,+12.682,+10.106,+0.942
1684364160,+3.46,+12.726,+10.059,+0.942
1684364220,+3.46,+12.708,+10.077,+0.942
1684364280,+3.46,+12.699,+10.089,+0.942
1684364340,+3.46,+12.673,+10.104,+0.943
1684364400,+3.46,+12.699,+10.074,+0.942
1684364460,+3.46,+12.699,+10.075,+0.942
1684364520,+3.46,+12.726,+10.059,+0.943
1684364580,+3.46,+12.726,+10.029,+0.942
1684364640,+3.46,+12.664,+10.040,+0.942
1684364700,+3.46,+12.708,+10.049,+0.943
1684364760,+3.46,+12.682,+10.053,+0.942
1684364820,+3.46,+12.664,+10.097,+0.942
1684364880,+3.46,+12.682,+10.075,+0.942
1684364940,+3.46,+12.691,+10.057,+0.942
1684365000,+3.46,+12.699,+10.028,+0.942
1684365060,+3.46,+12.735,+10.018,+0.942
1684365120,+3.46,+12.673,+10.038,+0.943
1684365180,+3.46,+12.691,+10.018,+0.942
1684365240,+3.46,+12.699,+10.011,+0.942
1684365300,+3.46,+12.691,+10.007,+0.942
1684365360,+3.46,+12.691,+10.008,+0.942
1684365420,+3.46,+12.708,+10.000,+0.942
1684365480,+3.46,+12.682,+10.037,+0.942
1684365540,+3.46,+12.691,+10.013,+0.942
1684365600,+3.46,+12.691,+10.011,+0.943
1684365660,+3.46,+12.691, +9.996,+0.943
1684365720,+3.46,+12.620,+10.022,+0.942
1684365780,+3.46,+12.673, +9.992,+0.942
1684365840,+3.46,+12.655, +9.992,+0.942
1684365900,+3.46,+12.655, +9.984,+0.943
1684365960,+3.46,+12.646, +9.985,+0.942
1684366020,+3.46,+12.691, +9.969,+0.942
1684366080,+3.46,+12.638, +9.965,+0.942
1684366140,+3.46,+12.567, +9.901,+0.942
1684366200,+3.46,+12.487, +9.902,+0.942
1684366260,+3.46,+12.443, +9.920,+0.942
1684366320,+3.46,+12.505, +9.882,+0.942
1684366380,+3.46,+12.461, +9.652,+0.941
1684366440,+3.46,+11.964, +9.743,+0.941
1684366500,+3.46,+11.776, +9.721,+0.941
1684366560,+3.46,+11.607, +9.770,+0.942
1684366620,+3.46,+11.580, +9.817,+0.942
1684366680,+3.46,+11.607, +9.835,+0.942
1684366740,+3.46,+11.624, +9.860,+0.942
1684366800,+3.46,+11.678, +9.929,+0.942
1684366860,+3.46,+11.776, +9.954,+0.942
1684366920,+3.46,+11.866, +9.963,+0.942
1684366980,+3.46,+11.883, +9.980,+0.942
1684367040,+3.46,+11.892, +9.943,+0.943
1684367100,+3.46,+11.839, +9.889,+0.942
1684367160,+3.46,+11.830, +9.844,+0.942
1684367220,+3.46,+11.794, +9.835,+0.942
1684367280,+3.46,+11.776, +9.865,+0.943
1684367340,+3.46,+11.848, +9.833,+0.942
1684367400,+3.46,+11.910, +9.830,+0.942
1684367460,+3.46,+11.910, +9.843,+0.943
1684367520,+3.46,+11.928, +9.848,+0.943
1684367580,+3.46,+11.981, +9.840,+0.943
1684367640,+3.46,+12.035, +9.827,+0.943
1684367700,+3.46,+12.053, +9.819,+0.943
1684367760,+3.46,+12.097, +9.781,+0.942
1684367820,+3.46,+12.141, +9.753,+0.942
1684367880,+3.46,+12.159, +9.752,+0.943
1684367940,+3.46,+12.141, +9.735,+0.942
1684368000,+3.46,+12.141, +9.717,+0.942
1684368060,+3.46,+12.239, +9.692,+0.943
1684368120,+3.46,+12.257, +9.693,+0.942
1684368180,+3.46,+12.319, +9.725,+0.942
1684368240,+3.46,+12.346, +9.919,+0.943
1684368300,+3.46,+12.328, +9.742,+0.942
1684368360,+3.46,+12.257, +9.702,+0.942
1684368420,+3.46,+12.221, +9.788,+0.942
1684368480,+3.46,+12.204, +9.898,+0.943
1684368540,+3.46,+12.044, +9.600,+0.940
1684368600,+3.46,+11.454, +9.774,+0.941
1684368660,+3.46,+11.302, +9.792,+0.941
1684368720,+3.46,+11.158, +9.902,+0.942
1684368780,+3.46,+11.005, +9.958,+0.942
1684368840,+3.46,+11.122, +9.945,+0.942
1684368900,+3.46,+11.104, +9.957,+0.942
1684368960,+3.46,+11.104, +9.973,+0.943
1684369020,+3.46,+11.131, +9.983,+0.943
1684369080,+3.46,+11.203, +9.971,+0.942
1684369140,+3.46,+11.221, +9.954,+0.942
1684369200,+3.46,+11.212, +9.958,+0.942
1684369260,+3.46,+11.302, +9.947,+0.943
1684369320,+3.46,+11.329, +9.973,+0.943
1684369380,+3.46,+11.463, +9.940,+0.943
1684369440,+3.46,+11.526, +9.946,+0.943
1684369500,+3.46,+11.589, +9.960,+0.943
1684369560,+3.46,+11.436, +9.753,+0.942
1684369620,+3.46,+11.185, +9.841,+0.942
1684369680,+3.46,+11.077, +9.849,+0.942
1684369740,+3.46,+10.951, +9.905,+0.942
1684369800,+3.46,+10.951, +9.938,+0.942
1684369860,+3.46,+10.914, +9.942,+0.942
1684369920,+3.46,+10.896,+10.024,+0.942
1684369980,+3.46,+11.014,+10.022,+0.943
1684370040,+3.46,+11.023,+10.042,+0.942
1684370100,+3.46,+11.158,+10.031,+0.943
1684370160,+3.46,+11.284,+10.001,+0.943
1684370220,+3.46,+11.266,+10.006,+0.943
1684370280,+3.46,+11.266, +9.992,+0.943
1684370340,+3.46,+11.302, +9.936,+0.942
1684370400,+3.46,+11.329, +9.946,+0.943
1684370460,+3.46,+11.374, +9.928,+0.943
1684370520,+3.46,+11.436, +9.951,+0.943
1684370580,+3.46,+11.544, +9.948,+0.943
1684370640,+3.46,+11.669, +9.948,+0.943
1684370700,+3.46,+11.758, +9.932,+0.942
1684370760,+3.46,+11.794, +9.969,+0.943
1684370820,+3.46,+11.874, +9.966,+0.943
1684370880,+3.46,+11.750, +9.497,+0.940
1684370940,+3.46,+11.104, +9.616,+0.941
1684371000,+3.46,+10.770, +9.589,+0.941
1684371060,+3.46,+10.724, +9.754,+0.942
1684371120,+3.46,+10.688, +9.787,+0.942
1684371180,+3.46,+10.724, +9.830,+0.942
1684371240,+3.46,+10.878, +9.886,+0.943
1684371300,+3.46,+11.041, +9.908,+0.943
1684371360,+3.46,+11.113, +9.898,+0.942
1684371420,+3.46,+11.122, +9.916,+0.943
1684371480,+3.46,+11.086, +9.911,+0.943
1684371540,+3.46,+11.095, +9.879,+0.942
1684371600,+3.46,+11.041, +9.848,+0.942
1684371660,+3.46,+10.914, +9.815,+0.942
1684371720,+3.46,+10.833, +9.866,+0.942
1684371780,+3.46,+10.969, +9.895,+0.942
1684371840,+3.46,+10.978, +9.870,+0.942
1684371900,+3.46,+10.923, +9.901,+0.943
1684371960,+3.46,+11.104, +9.923,+0.943
1684372020,+3.46,+11.149, +9.928,+0.943
1684372080,+3.46,+11.221, +9.906,+0.943
1684372140,+3.46,+11.230, +9.924,+0.943
1684372200,+3.46,+11.338, +9.898,+0.943
1684372260,+3.46,+11.499, +9.893,+0.943
1684372320,+3.46,+11.642, +9.899,+0.943
1684372380,+3.46,+11.651, +9.948,+0.943
1684372440,+3.46,+11.732, +9.953,+0.943
1684372500,+3.46,+11.830, +9.929,+0.943
1684372560,+3.46,+11.946, +9.928,+0.943
1684372620,+3.46,+11.910, +9.952,+0.943
1684372680,+3.46,+12.035, +9.931,+0.943
1684372740,+3.46,+12.079, +9.955,+0.943
1684372800,+3.46,+12.177, +9.935,+0.943
1684372860,+3.46,+12.248, +9.907,+0.943
1684372920,+3.46,+12.204, +9.922,+0.943
1684372980,+3.46,+12.239, +9.909,+0.943
1684373040,+3.46,+11.866, +9.412,+0.940
1684373100,+3.46,+11.338, +9.605,+0.941
1684373160,+3.46,+11.374, +9.775,+0.942
1684373220,+3.46,+11.562, +9.878,+0.943
1684373280,+3.46,+11.741, +9.828,+0.942
1684373340,+3.46,+11.553, +9.859,+0.942
1684373400,+3.46,+11.490, +9.820,+0.942
1684373460,+3.46,+11.409, +9.823,+0.942
1684373520,+3.46,+11.365, +9.842,+0.942
1684373580,+3.46,+11.463, +9.870,+0.942
1684373640,+3.46,+11.508, +9.886,+0.942
1684373700,+3.46,+11.535, +9.886,+0.943
1684373760,+3.46,+11.598, +9.847,+0.943
1684373820,+3.46,+11.642, +9.865,+0.943
1684373880,+3.46,+11.714, +9.856,+0.943
1684373940,+3.46,+11.741, +9.840,+0.943
1684374000,+3.46,+11.767, +9.867,+0.943
1684374060,+3.46,+11.883, +9.886,+0.943
1684374120,+3.46,+11.866, +9.903,+0.943
1684374180,+3.46,+11.946, +9.887,+0.943
1684374240,+3.46,+11.972, +9.933,+0.943
1684374300,+3.46,+11.999, +9.938,+0.943
1684374360,+3.46,+12.053, +9.942,+0.943
1684374420,+3.46,+12.061, +9.954,+0.942
1684374480,+3.46,+12.141, +9.957,+0.943
1684374540,+3.46,+12.177, +9.974,+0.943
1684374600,+3.46,+11.874, +9.537,+0.941
1684374660,+3.46,+11.320, +9.518,+0.940
1684374720,+3.46,+11.077, +9.597,+0.941
1684374780,+3.46,+11.005, +9.713,+0.942
1684374840,+3.46,+11.041, +9.763,+0.942
1684374900,+3.46,+11.023, +9.811,+0.942
1684374960,+3.46,+11.203, +9.857,+0.943
1684375020,+3.46,+11.248, +9.801,+0.942
1684375080,+3.46,+11.212, +9.861,+0.942
1684375140,+3.46,+11.320, +9.891,+0.943
1684375200,+3.46,+11.472, +9.883,+0.943
1684375260,+3.46,+11.526, +9.877,+0.943
1684375320,+3.46,+11.580, +9.920,+0.943
1684375380,+3.46,+11.633, +9.917,+0.943
1684375440,+3.46,+11.669, +9.911,+0.943
1684375500,+3.46,+11.669, +9.893,+0.942
1684375560,+3.46,+11.776, +9.867,+0.943
1684375620,+3.46,+11.767, +9.867,+0.943
1684375680,+3.46,+11.839, +9.852,+0.943
1684375740,+3.46,+11.830, +9.880,+0.943
1684375800,+3.46,+11.758, +9.793,+0.943
1684375860,+3.46,+11.660, +9.804,+0.943
1684375920,+3.46,+11.750, +9.796,+0.943
1684375980,+3.46,+11.866, +9.824,+0.943
1684376040,+3.46,+11.946, +9.864,+0.943
1684376100,+3.46,+12.035, +9.899,+0.943
1684376160,+3.46,+12.079, +9.911,+0.942
1684376220,+3.46,+12.177, +9.906,+0.943
1684376280,+3.46,+12.186, +9.925,+0.942
1684376340,+3.46,+12.195, +9.909,+0.942
1684376400,+3.46,+12.204, +9.922,+0.942
1684376460,+3.46,+12.230, +9.951,+0.943
1684376520,+3.46,+12.159, +9.743,+0.942
1684376580,+3.46,+12.044, +9.828,+0.942
1684376640,+3.46,+12.053, +9.940,+0.942
1684376700,+3.46,+12.035,+10.018,+0.942
1684376760,+3.46,+12.141, +9.979,+0.942
1684376820,+3.46,+12.070, +9.970,+0.943
1684376880,+3.46,+11.794, +9.619,+0.941
1684376940,+3.46,+11.472, +9.600,+0.941
1684377000,+3.46,+11.400, +9.702,+0.941
1684377060,+3.46,+11.463, +9.836,+0.942
1684377120,+3.46,+11.642, +9.979,+0.943
1684377180,+3.46,+11.651,+10.019,+0.943
1684377240,+3.46,+11.758, +9.992,+0.943
1684377300,+3.46,+11.767, +9.998,+0.943
1684377360,+3.46,+11.767, +9.961,+0.942
1684377420,+3.46,+11.714, +9.960,+0.942
1684377480,+3.46,+11.750, +9.930,+0.942
1684377540,+3.46,+11.750, +9.913,+0.943
1684377600,+3.46,+11.714, +9.908,+0.942
1684377660,+3.46,+11.705, +9.896,+0.942
1684377720,+3.46,+11.669, +9.892,+0.942
1684377780,+3.46,+11.642, +9.908,+0.943
1684377840,+3.46,+11.678, +9.897,+0.942
1684377900,+3.46,+11.776, +9.872,+0.942
1684377960,+3.46,+11.776, +9.874,+0.942
1684378020,+3.46,+11.830, +9.868,+0.942
1684378080,+3.46,+11.767, +9.888,+0.942
1684378140,+3.46,+11.839, +9.863,+0.943
1684378200,+3.46,+11.866, +9.855,+0.943
1684378260,+3.46,+11.857, +9.864,+0.942
1684378320,+3.46,+11.839, +9.848,+0.942
1684378380,+3.46,+11.499, +9.698,+0.942
1684378440,+3.46,+11.212, +9.657,+0.942
1684378500,+3.46,+11.248, +9.695,+0.942
1684378560,+3.46,+11.347, +9.716,+0.942
1684378620,+3.46,+11.383, +9.758,+0.943
1684378680,+3.46,+11.418, +9.761,+0.942
1684378740,+3.46,+11.535, +9.760,+0.943
1684378800,+3.46,+11.562, +9.772,+0.943
1684378860,+3.46,+11.624, +9.767,+0.942
1684378920,+3.46,+11.651, +9.778,+0.942
1684378980,+3.46,+11.669, +9.788,+0.942
1684379040,+3.46,+11.651, +9.807,+0.943
1684379100,+3.46,+11.696, +9.818,+0.943
1684379160,+3.46,+11.598, +9.665,+0.942
1684379220,+3.46,+11.338, +9.532,+0.941
1684379280,+3.46,+11.023, +9.431,+0.941
1684379340,+3.46,+10.715, +9.548,+0.941
1684379400,+3.46,+10.552, +9.614,+0.941
1684379460,+3.46,+10.398, +9.639,+0.941
1684379520,+3.46,+10.170, +9.520,+0.941
1684379580,+3.46,+10.088, +9.572,+0.940
1684379640,+3.46, +9.905, +9.416,+0.940
1684379700,+3.46, +9.611, +9.516,+0.941
1684379760,+3.46, +9.537, +9.526,+0.941
1684379820,+3.46, +9.473, +9.551,+0.941
1684379880,+3.46, +9.491, +9.546,+0.941
1684379940,+3.46, +9.473, +9.581,+0.942
1684380000,+3.46, +9.491, +9.571,+0.942
1684380060,+3.46, +9.417, +9.588,+0.942
1684380120,+3.46, +9.473, +9.560,+0.942
1684380180,+3.46, +9.546, +9.568,+0.942
1684380240,+3.46, +9.611, +9.606,+0.942
1684380300,+3.46, +9.694, +9.652,+0.943
1684380360,+3.46, +9.960, +9.675,+0.943
1684380420,+3.46,+10.188, +9.706,+0.943
1684380480,+3.46,+10.298, +9.629,+0.943
1684380540,+3.46,+10.234, +9.610,+0.943
1684380600,+3.46,+10.206, +9.616,+0.942
1684380660,+3.46,+10.051, +9.658,+0.943
1684380720,+3.46,+10.143, +9.628,+0.942
1684380780,+3.46,+10.179, +9.653,+0.943
1684380840,+3.46,+10.234, +9.649,+0.943
1684380900,+3.46,+10.434, +9.634,+0.943
1684380960,+3.46,+10.543, +9.646,+0.943
1684381020,+3.46,+10.625, +9.639,+0.943
1684381080,+3.46,+10.706, +9.658,+0.943
1684381140,+3.46,+10.761, +9.718,+0.943
1684381200,+3.46,+10.951, +9.665,+0.943
1684381260,+3.46,+10.815, +9.682,+0.943
1684381320,+3.46,+10.797, +9.653,+0.943
1684381380,+3.46,+10.634, +9.605,+0.942
1684381440,+3.46,+10.543, +9.583,+0.942
1684381500,+3.46,+10.425, +9.608,+0.942
1684381560,+3.46,+10.361, +9.665,+0.942
1684381620,+3.46,+10.270, +9.690,+0.942
1684381680,+3.46,+10.288, +9.662,+0.942
1684381740,+3.46,+10.270, +9.660,+0.942
1684381800,+3.46,+10.316, +9.645,+0.943
1684381860,+3.46,+10.279, +9.657,+0.942
1684381920,+3.46,+10.298, +9.644,+0.942
1684381980,+3.46,+10.216, +9.702,+0.943
1684382040,+3.46,+10.170, +9.699,+0.942
1684382100,+3.46,+10.115, +9.713,+0.943
1684382160,+3.46,+10.106, +9.707,+0.942
1684382220,+3.46,+10.124, +9.694,+0.942
1684382280,+3.46,+10.152, +9.709,+0.942
1684382340,+3.46,+10.161, +9.730,+0.943
1684382400,+3.46,+10.216, +9.752,+0.943
1684382460,+3.46,+10.298, +9.761,+0.943
1684382520,+3.46,+10.416, +9.738,+0.943
1684382580,+3.46,+10.507, +9.739,+0.943
1684382640,+3.46,+10.616, +9.763,+0.943
1684382700,+3.46,+10.724, +9.759,+0.943
1684382760,+3.46,+10.797, +9.747,+0.943
1684382820,+3.46,+10.951, +9.726,+0.943
1684382880,+3.46,+11.077, +9.705,+0.943
1684382940,+3.46,+11.176, +9.730,+0.943
1684383000,+3.46,+11.302, +9.717,+0.943
1684383060,+3.46,+11.347, +9.701,+0.943
1684383120,+3.46,+11.266, +9.611,+0.943
1684383180,+3.46,+11.149, +9.645,+0.942
1684383240,+3.46,+10.869, +9.456,+0.941
1684383300,+3.46,+10.534, +9.370,+0.941
1684383360,+3.46,+10.361, +9.424,+0.941
1684383420,+3.46,+10.252, +9.467,+0.941
1684383480,+3.46,+10.051, +9.422,+0.941
1684383540,+3.46, +9.877, +9.411,+0.941
1684383600,+3.46, +9.703, +9.392,+0.941
1684383660,+3.46, +9.500, +9.436,+0.941
1684383720,+3.46, +9.343, +9.517,+0.941
1684383780,+3.46, +9.297, +9.528,+0.941
1684383840,+3.46, +9.260, +9.542,+0.942
1684383900,+3.46, +9.204, +9.562,+0.942
1684383960,+3.46, +9.214, +9.555,+0.942
1684384020,+3.46, +9.232, +9.551,+0.942
1684384080,+3.46, +9.251, +9.568,+0.942
1684384140,+3.46, +9.325, +9.571,+0.942
1684384200,+3.46, +9.343, +9.541,+0.942
1684384260,+3.46, +9.371, +9.522,+0.942
1684384320,+3.46, +9.380, +9.524,+0.942
1684384380,+3.46, +9.371, +9.531,+0.942
1684384440,+3.46, +9.371, +9.538,+0.942
1684384500,+3.46, +9.352, +9.525,+0.942
1684384560,+3.46, +9.306, +9.523,+0.942
1684384620,+3.46, +9.269, +9.535,+0.942
1684384680,+3.46, +9.223, +9.549,+0.942
1684384740,+3.46, +9.232, +9.531,+0.942
1684384800,+3.46, +9.223, +9.522,+0.942
1684384860,+3.46, +9.075, +9.551,+0.942
1684384920,+3.46, +8.972, +9.594,+0.942
1684384980,+3.46, +8.926, +9.595,+0.942
1684385040,+3.46, +8.879, +9.642,+0.942
1684385100,+3.46, +8.870, +9.666,+0.942
1684385160,+3.46, +8.814, +9.730,+0.942
1684385220,+3.46, +8.795, +9.732,+0.942
1684385280,+3.46, +8.758, +9.750,+0.942
1684385340,+3.46, +8.739, +9.755,+0.942
1684385400,+3.46, +8.767, +9.746,+0.942
1684385460,+3.46, +8.683, +9.770,+0.942
1684385520,+3.46, +8.618, +9.790,+0.942
1684385580,+3.46, +8.665, +9.756,+0.943
1684385640,+3.46, +8.702, +9.733,+0.942
1684385700,+3.46, +8.749, +9.727,+0.942
1684385760,+3.46, +8.758, +9.744,+0.943
1684385820,+3.46, +8.805, +9.741,+0.943
1684385880,+3.46, +8.833, +9.706,+0.942
1684385940,+3.46, +8.805, +9.663,+0.942
1684386000,+3.46, +8.861, +9.656,+0.942
1684386060,+3.46, +8.749, +9.650,+0.942
1684386120,+3.46, +8.637, +9.621,+0.942
1684386180,+3.46, +8.552, +9.661,+0.942
1684386240,+3.46, +8.534, +9.653,+0.942
1684386300,+3.46, +8.506, +9.646,+0.942
1684386360,+3.46, +8.468, +9.650,+0.942
1684386420,+3.46, +8.431, +9.644,+0.942
1684386480,+3.46, +8.374, +9.649,+0.942
1684386540,+3.46, +8.365, +9.630,+0.942
1684386600,+3.46, +8.318, +9.627,+0.942
1684386660,+3.46, +8.290, +9.631,+0.942
1684386720,+3.46, +8.271, +9.625,+0.942
1684386780,+3.46, +8.290, +9.623,+0.942
1684386840,+3.46, +8.327, +9.610,+0.942
1684386900,+3.46, +8.290, +9.637,+0.942
1684386960,+3.46, +8.374, +9.617,+0.942
1684387020,+3.46, +8.318, +9.628,+0.942
1684387080,+3.46, +8.318, +9.624,+0.942
1684387140,+3.46, +8.290, +9.628,+0.942
1684387200,+3.46, +8.356, +9.602,+0.942
1684387260,+3.46, +8.402, +9.612,+0.942
1684387320,+3.46, +8.402, +9.559,+0.942
1684387380,+3.46, +8.309, +9.567,+0.943
1684387440,+3.46, +8.271, +9.551,+0.942
1684387500,+3.46, +8.205, +9.551,+0.942
1684387560,+3.46, +8.101, +9.566,+0.942
1684387620,+3.46, +8.101, +9.546,+0.942
1684387680,+3.46, +8.186, +9.482,+0.942
1684387740,+3.46, +8.139, +9.487,+0.942
1684387800,+3.46, +8.092, +9.506,+0.943
1684387860,+3.46, +8.073, +9.505,+0.942
1684387920,+3.46, +8.101, +9.487,+0.942
1684387980,+3.46, +8.101, +9.481,+0.942
1684388040,+3.46, +8.083, +9.492,+0.942
1684388100,+3.46, +8.111, +9.493,+0.942
1684388160,+3.46, +8.073, +9.505,+0.942
1684388220,+3.46, +8.064, +9.519,+0.942
1684388280,+3.46, +8.130, +9.515,+0.942
1684388340,+3.46, +8.167, +9.563,+0.943
1684388400,+3.46, +8.431, +9.599,+0.943
1684388460,+3.46, +8.693, +9.602,+0.943
1684388520,+3.46, +9.037, +9.582,+0.944
1684388580,+3.46, +9.186, +9.482,+0.943
1684388640,+3.46, +9.056, +9.478,+0.942
1684388700,+3.46, +9.102, +9.520,+0.943
1684388760,+3.46, +9.251, +9.472,+0.943
1684388820,+3.46, +9.195, +9.482,+0.943
1684388880,+3.46, +9.158, +9.385,+0.942
1684388940,+3.46, +8.730, +9.332,+0.941
1684389000,+3.46, +8.393, +9.265,+0.941
1684389060,+3.46, +8.167, +9.215,+0.941
1684389120,+3.46, +7.988, +9.242,+0.941
1684389180,+3.46, +7.884, +9.242,+0.941
1684389240,+3.46, +7.837, +9.248,+0.941
1684389300,+3.46, +7.789, +9.272,+0.941
1684389360,+3.46, +7.761, +9.284,+0.942
1684389420,+3.46, +7.704, +9.304,+0.942
1684389480,+3.46, +7.780, +9.307,+0.942
1684389540,+3.46, +7.875, +9.347,+0.942
1684389600,+3.46, +8.064, +9.338,+0.942
1684389660,+3.46, +8.196, +9.392,+0.942
1684389720,+3.46, +8.365, +9.337,+0.942
1684389780,+3.46, +8.590, +9.482,+0.943
1684389840,+3.46, +8.842, +9.631,+0.943
1684389900,+3.46, +9.010, +9.459,+0.942
1684389960,+3.46, +8.487, +9.192,+0.940
1684390020,+3.46, +8.196, +9.182,+0.941
1684390080,+3.46, +7.912, +9.240,+0.941
1684390140,+3.46, +7.837, +9.261,+0.941
1684390200,+3.46, +7.789, +9.257,+0.941
1684390260,+3.46, +7.742, +9.280,+0.941
1684390320,+3.46, +7.723, +9.283,+0.942
1684390380,+3.46, +7.666, +9.303,+0.942
1684390440,+3.46, +7.694, +9.290,+0.941
1684390500,+3.46, +7.713, +9.286,+0.942
1684390560,+3.46, +7.694, +9.303,+0.942
1684390620,+3.46, +7.789, +9.313,+0.942
1684390680,+3.46, +7.922, +9.330,+0.942
1684390740,+3.46, +8.083, +9.403,+0.943
1684390800,+3.46, +8.280, +9.391,+0.942
1684390860,+3.46, +8.393, +9.428,+0.943
1684390920,+3.46, +8.496, +9.521,+0.943
1684390980,+3.46, +8.721, +9.569,+0.943
1684391040,+3.46, +8.907, +9.635,+0.944
1684391100,+3.46, +9.112, +9.643,+0.943
1684391160,+3.46, +9.325, +9.643,+0.944
1684391220,+3.46, +9.602, +9.577,+0.943
1684391280,+3.46, +9.712, +9.602,+0.944
1684391340,+3.46, +9.905, +9.590,+0.944
1684391400,+3.46,+10.106, +9.550,+0.944
1684391460,+3.46,+10.115, +9.552,+0.943
1684391520,+3.46,+10.252, +9.558,+0.943
1684391580,+3.46,+10.398, +9.561,+0.943
1684391640,+3.46,+10.552, +9.573,+0.944
1684391700,+3.46,+10.688, +9.654,+0.944
1684391760,+3.46,+10.951, +9.649,+0.944
1684391820,+3.46,+10.978, +9.636,+0.943
1684391880,+3.46,+10.851, +9.581,+0.943
1684391940,+3.46,+10.670, +9.440,+0.942
1684392000,+3.46,+10.361, +9.425,+0.942
1684392060,+3.46,+10.051, +9.396,+0.941
1684392120,+3.46, +9.895, +9.524,+0.942
1684392180,+3.46, +9.868, +9.530,+0.942
1684392240,+3.46, +9.721, +9.530,+0.942
1684392300,+3.46, +9.620, +9.548,+0.942
1684392360,+3.46, +9.583, +9.554,+0.942
1684392420,+3.46, +9.620, +9.586,+0.942
1684392480,+3.46, +9.694, +9.638,+0.942
1684392540,+3.46, +9.905, +9.698,+0.943
1684392600,+3.46,+10.179, +9.698,+0.943
1684392660,+3.46,+10.288, +9.724,+0.944
1684392720,+3.46,+10.507, +9.678,+0.943
1684392780,+3.46,+10.589, +9.705,+0.943
1684392840,+3.46,+10.715, +9.692,+0.943
1684392900,+3.46,+10.851, +9.676,+0.943
1684392960,+3.46,+10.887, +9.655,+0.943
1684393020,+3.46,+10.878, +9.633,+0.943
1684393080,+3.46,+10.833, +9.608,+0.942
1684393140,+3.46,+10.661, +9.548,+0.942
1684393200,+3.46,+10.434, +9.579,+0.942
1684393260,+3.46,+10.316, +9.576,+0.942
1684393320,+3.46,+10.298, +9.583,+0.942
1684393380,+3.46,+10.380, +9.699,+0.943
1684393440,+3.46,+10.797, +9.685,+0.943
1684393500,+3.46,+11.023, +9.750,+0.944
1684393560,+3.46,+11.320, +9.728,+0.943
1684393620,+3.46,+11.463, +9.813,+0.943
1684393680,+3.46,+11.615, +9.824,+0.943
1684393740,+3.46,+11.705, +9.871,+0.943
1684393800,+3.46,+11.785, +9.937,+0.944
1684393860,+3.46,+11.928, +9.938,+0.944
1684393920,+3.46,+12.017, +9.969,+0.943
1684393980,+3.46,+12.115, +9.952,+0.943
1684394040,+3.46,+12.177, +9.936,+0.943
1684394100,+3.46,+12.195, +9.961,+0.944
1684394160,+3.46,+12.186, +9.961,+0.943
1684394220,+3.46,+12.239, +9.956,+0.943
1684394280,+3.46,+12.275, +9.943,+0.943
1684394340,+3.46,+12.257, +9.955,+0.943
1684394400,+3.46,+12.301, +9.964,+0.943
1684394460,+3.46,+12.310, +9.966,+0.943
1684394520,+3.46,+12.363, +9.945,+0.943
1684394580,+3.46,+12.354, +9.968,+0.943
1684394640,+3.46,+12.372, +9.940,+0.943
1684394700,+3.46,+12.346, +9.939,+0.942
1684394760,+3.46,+12.443, +9.916,+0.943
1684394820,+3.46,+12.425, +9.941,+0.942
1684394880,+3.46,+12.381, +9.961,+0.943
1684394940,+3.46,+12.390, +9.962,+0.942
1684395000,+3.46,+12.487, +9.925,+0.942
1684395060,+3.46,+12.408, +9.932,+0.942
1684395120,+3.46,+12.443, +9.912,+0.942
1684395180,+3.46,+12.399, +9.931,+0.943
1684395240,+3.46,+12.346, +9.769,+0.942
1684395300,+3.46,+12.106, +9.763,+0.942
1684395360,+3.46,+12.061, +9.838,+0.943
1684395420,+3.46,+12.088, +9.874,+0.942
1684395480,+3.46,+12.150, +9.862,+0.942
1684395540,+3.46,+12.150, +9.860,+0.943
1684395600,+3.46,+12.124, +9.925,+0.943
1684395660,+3.46,+12.257, +9.928,+0.943
1684395720,+3.46,+12.204, +9.980,+0.943
1684395780,+3.46,+12.319, +9.942,+0.942
1684395840,+3.46,+12.319, +9.942,+0.942
1684395900,+3.46,+12.337, +9.959,+0.943
1684395960,+3.46,+12.319, +9.965,+0.942
1684396020,+3.46,+12.372, +9.952,+0.943
1684396080,+3.46,+12.337, +9.946,+0.942
1684396140,+3.46,+12.363, +9.933,+0.942
1684396200,+3.46,+12.354, +9.936,+0.942
1684396260,+3.46,+12.372, +9.952,+0.942
1684396320,+3.46,+12.354, +9.959,+0.942
1684396380,+3.46,+12.372, +9.941,+0.942
1684396440,+3.46,+12.301, +9.976,+0.943
1684396500,+3.46,+12.328, +9.957,+0.942
1684396560,+3.46,+12.319, +9.976,+0.943
1684396620,+3.46,+12.301, +9.975,+0.942
1684396680,+3.46,+12.328, +9.965,+0.942
1684396740,+3.46,+12.346, +9.972,+0.942
1684396800,+3.46,+12.292, +9.994,+0.942
1684396860,+3.46,+12.275,+10.000,+0.942
1684396920,+3.46,+12.292,+10.010,+0.943
1684396980,+3.46,+12.337, +9.989,+0.943
1684397040,+3.46,+12.319, +9.986,+0.942
1684397100,+3.46,+12.301,+10.001,+0.942
1684397160,+3.46,+12.337, +9.986,+0.942
1684397220,+3.46,+12.354, +9.968,+0.942
1684397280,+3.46,+12.363, +9.979,+0.942
1684397340,+3.46,+12.275,+10.026,+0.942
1684397400,+3.46,+12.337,+10.000,+0.943
1684397460,+3.46,+12.346, +9.989,+0.942
1684397520,+3.46,+12.337,+10.001,+0.942
1684397580,+3.46,+12.346, +9.988,+0.942
1684397640,+3.46,+12.363, +9.989,+0.942
1684397700,+3.46,+12.337,+10.003,+0.943
1684397760,+3.46,+12.328,+10.001,+0.942
1684397820,+3.46,+12.328,+10.004,+0.942
1684397880,+3.46,+12.328,+10.000,+0.942
1684397940,+3.46,+12.310,+10.017,+0.942
1684398000,+3.46,+12.346,+10.000,+0.942
1684398060,+3.46,+12.328,+10.015,+0.943
1684398120,+3.46,+12.213, +9.890,+0.941
1684398180,+3.46,+11.910, +9.950,+0.942
1684398240,+3.46,+12.026, +9.963,+0.942
1684398300,+3.46,+12.044, +9.945,+0.942
1684398360,+3.46,+11.866, +9.778,+0.941
1684398420,+3.46,+11.490, +9.746,+0.941
1684398480,+3.46,+11.230, +9.718,+0.941
1684398540,+3.46,+11.104, +9.754,+0.941
1684398600,+3.46,+10.987, +9.770,+0.941
1684398660,+3.46,+10.978, +9.786,+0.942
1684398720,+3.46,+10.996, +9.777,+0.942
1684398780,+3.46,+10.941, +9.790,+0.942
1684398840,+3.46,+11.113, +9.942,+0.943
1684398900,+3.46,+11.526, +9.990,+0.943
1684398960,+3.46,+11.750,+10.116,+0.943
1684399020,+3.46,+11.937,+10.066,+0.943
1684399080,+3.46,+11.981,+10.059,+0.943
1684399140,+3.46,+12.070,+10.034,+0.943
1684399200,+3.46,+12.124,+10.045,+0.943
1684399260,+3.46,+12.186,+10.041,+0.943
1684399320,+3.46,+12.257,+10.009,+0.943
1684399380,+3.46,+12.221,+10.012,+0.943
1684399440,+3.46,+12.257, +9.993,+0.943
1684399500,+3.46,+12.284, +9.972,+0.942
1684399560,+3.46,+12.310, +9.961,+0.942
1684399620,+3.46,+12.319, +9.955,+0.942
1684399680,+3.46,+12.275, +9.975,+0.942
1684399740,+3.46,+12.354, +9.957,+0.943
1684399800,+3.46,+12.346, +9.968,+0.943
1684399860,+3.46,+12.408, +9.999,+0.942
1684399920,+3.46,+12.416,+10.024,+0.943
1684399980,+3.46,+12.390,+10.058,+0.943
1684400040,+3.46,+12.470,+10.081,+0.943
1684400100,+3.46,+12.470,+10.081,+0.942
1684400160,+3.46,+12.514,+10.065,+0.942
1684400220,+3.46,+12.540,+10.073,+0.943
1684400280,+3.46,+12.496,+10.086,+0.942
1684400340,+3.46,+12.558,+10.049,+0.942
1684400400,+3.46,+12.567,+10.040,+0.942
1684400460,+3.46,+12.567,+10.032,+0.942
1684400520,+3.46,+12.602,+10.029,+0.943
1684400580,+3.46,+12.532,+10.044,+0.942
1684400640,+3.46,+12.257, +9.746,+0.941
1684400700,+3.46,+11.901, +9.843,+0.942
1684400760,+3.46,+11.839, +9.858,+0.942
1684400820,+3.46,+11.803, +9.941,+0.942
1684400880,+3.46,+11.972, +9.955,+0.942
1684400940,+3.46,+11.964,+10.012,+0.942
1684401000,+3.46,+11.999,+10.023,+0.942
1684401060,+3.46,+12.053,+10.051,+0.942
1684401120,+3.46,+12.168,+10.078,+0.943
1684401180,+3.46,+12.328,+10.098,+0.943
1684401240,+3.46,+12.346,+10.070,+0.943
1684401300,+3.46,+12.372,+10.107,+0.943
1684401360,+3.46,+12.443,+10.077,+0.942
1684401420,+3.46,+12.425,+10.096,+0.943
1684401480,+3.46,+12.496,+10.070,+0.942
1684401540,+3.46,+12.514,+10.041,+0.942
1684401600,+3.46,+12.593,+10.004,+0.942
1684401660,+3.46,+12.496,+10.038,+0.943
1684401720,+3.46,+12.487,+10.044,+0.942
1684401780,+3.46,+12.549,+10.031,+0.942
1684401840,+3.46,+12.523,+10.052,+0.943
1684401900,+3.46,+12.372, +9.835,+0.941
1684401960,+3.46,+11.972, +9.814,+0.941
1684402020,+3.46,+11.776, +9.831,+0.941
1684402080,+3.46,+11.642, +9.870,+0.942
1684402140,+3.46,+11.580, +9.869,+0.942
1684402200,+3.46,+11.508, +9.868,+0.942
1684402260,+3.46,+11.472, +9.873,+0.942
1684402320,+3.46,+11.409, +9.870,+0.942
1684402380,+3.46,+11.311, +9.915,+0.943
1684402440,+3.46,+11.365, +9.878,+0.942
1684402500,+3.46,+11.293, +9.905,+0.942
1684402560,+3.46,+11.338, +9.893,+0.942
1684402620,+3.46,+11.284, +9.911,+0.942
1684402680,+3.46,+11.329, +9.892,+0.942
1684402740,+3.46,+11.320, +9.908,+0.942
1684402800,+3.46,+11.383, +9.895,+0.942
1684402860,+3.46,+11.383, +9.911,+0.942
1684402920,+3.46,+11.365, +9.954,+0.943
1684402980,+3.46,+11.383, +9.961,+0.942
1684403040,+3.46,+11.526, +9.986,+0.943
1684403100,+3.46,+11.589,+10.031,+0.943
1684403160,+3.46,+11.767,+10.038,+0.943
1684403220,+3.46,+11.848,+10.061,+0.943
1684403280,+3.46,+11.990,+10.024,+0.943
1684403340,+3.46,+11.990,+10.060,+0.943
1684403400,+3.46,+12.053,+10.073,+0.943
1684403460,+3.46,+12.150,+10.043,+0.942
1684403520,+3.46,+12.124,+10.070,+0.942
1684403580,+3.46,+12.213,+10.060,+0.942
1684403640,+3.46,+12.248,+10.057,+0.943
1684403700,+3.46,+12.292,+10.074,+0.943
1684403760,+3.46,+12.346,+10.070,+0.943
1684403820,+3.46,+12.346,+10.088,+0.943
1684403880,+3.46,+12.354,+10.100,+0.943
1684403940,+3.46,+12.372,+10.093,+0.942
1684404000,+3.46,+12.381,+10.097,+0.943
1684404060,+3.46,+12.399,+10.089,+0.942
1684404120,+3.46,+12.399,+10.104,+0.943
1684404180,+3.46,+12.425,+10.076,+0.942
1684404240,+3.46,+12.434,+10.107,+0.943
1684404300,+3.46,+12.443,+10.111,+0.943
1684404360,+3.46,+12.425,+10.122,+0.943
1684404420,+3.46,+12.478,+10.098,+0.942
1684404480,+3.46,+12.505,+10.087,+0.942
1684404540,+3.46,+12.470,+10.086,+0.943
1684404600,+3.46,+12.470,+10.087,+0.942
1684404660,+3.46,+12.523,+10.064,+0.942
1684404720,+3.46,+12.523,+10.064,+0.942
1684404780,+3.46,+12.496,+10.079,+0.943
1684404840,+3.46,+12.558,+10.050,+0.942
1684404900,+3.46,+12.523,+10.056,+0.942
1684404960,+3.46,+12.532,+10.056,+0.942
1684405020,+3.46,+12.523,+10.059,+0.942
1684405080,+3.46,+12.567,+10.047,+0.942
1684405140,+3.46,+12.540,+10.054,+0.942
1684405200,+3.46,+12.567,+10.051,+0.942
1684405260,+3.46,+12.558,+10.060,+0.943
1684405320,+3.46,+12.540,+10.071,+0.943
1684405380,+3.46,+12.593,+10.022,+0.942
1684405440,+3.46,+12.567,+10.033,+0.942
1684405500,+3.46,+12.567,+10.025,+0.942
1684405560,+3.46,+12.567,+10.026,+0.942
1684405620,+3.46,+12.576,+10.031,+0.942
1684405680,+3.46,+12.558,+10.062,+0.943
1684405740,+3.46,+12.585,+10.036,+0.942
1684405800,+3.46,+12.567,+10.055,+0.943
1684405860,+3.46,+12.611,+10.030,+0.942
1684405920,+3.46,+12.593,+10.039,+0.942
1684405980,+3.46,+12.620,+10.029,+0.942
1684406040,+3.46,+12.576,+10.046,+0.943
1684406100,+3.46,+12.576,+10.033,+0.942
1684406160,+3.46,+12.540,+10.059,+0.942
1684406220,+3.46,+12.646,+10.019,+0.942
1684406280,+3.46,+12.620,+10.019,+0.942
1684406340,+3.46,+12.620,+10.016,+0.942
1684406400,+3.46,+12.576,+10.031,+0.942
1684406460,+3.46,+12.629,+10.017,+0.942
1684406520,+3.46,+12.638,+10.009,+0.942
1684406580,+3.46,+12.602,+10.017,+0.942
1684406640,+3.46,+12.638, +9.995,+0.942
1684406700,+3.46,+12.629,+10.008,+0.942
1684406760,+3.46,+12.629,+10.031,+0.942
1684406820,+3.46,+12.629,+10.031,+0.943
1684406880,+3.46,+12.558,+10.026,+0.942
1684406940,+3.46,+12.576,+10.033,+0.942
1684407000,+3.46,+12.602,+10.027,+0.942
1684407060,+3.46,+12.620,+10.010,+0.942
1684407120,+3.46,+12.585,+10.035,+0.942
1684407180,+3.46,+12.602, +9.932,+0.942
1684407240,+3.46,+12.301, +9.890,+0.941
1684407300,+3.46,+12.115, +9.871,+0.942
1684407360,+3.46,+11.964, +9.833,+0.941
1684407420,+3.46,+11.866, +9.849,+0.942
1684407480,+3.46,+11.803, +9.850,+0.942
1684407540,+3.46,+11.758, +9.865,+0.942
1684407600,+3.46,+11.723, +9.860,+0.942
1684407660,+3.46,+11.687, +9.857,+0.942
1684407720,+3.46,+11.669, +9.837,+0.942
1684407780,+3.46,+11.633, +9.856,+0.942
1684407840,+3.46,+11.571, +9.905,+0.943
1684407900,+3.46,+11.642, +9.868,+0.942
1684407960,+3.46,+11.598, +9.878,+0.942
1684408020,+3.46,+11.615, +9.864,+0.942
1684408080,+3.46,+11.571, +9.879,+0.942
1684408140,+3.46,+11.607, +9.892,+0.942
1684408200,+3.46,+11.589, +9.923,+0.943
1684408260,+3.46,+11.553, +9.918,+0.942
1684408320,+3.46,+11.580, +9.882,+0.942
1684408380,+3.46,+11.517, +9.908,+0.942
1684408440,+3.46,+11.589, +9.898,+0.943
1684408500,+3.46,+11.508, +9.924,+0.942
1684408560,+3.46,+11.571, +9.900,+0.942
1684408620,+3.46,+11.517, +9.908,+0.942
1684408680,+3.46,+11.633, +9.852,+0.942
1684408740,+3.46,+11.553, +9.899,+0.943
1684408800,+3.46,+11.562, +9.904,+0.943
1684408860,+3.46,+11.553, +9.903,+0.942
1684408920,+3.46,+11.624, +9.896,+0.943
1684408980,+3.46,+11.589, +9.922,+0.943
1684409040,+3.46,+11.633, +9.943,+0.943
1684409100,+3.46,+11.589, +9.958,+0.942
1684409160,+3.46,+11.598, +9.969,+0.943
1684409220,+3.46,+11.660, +9.943,+0.942
1684409280,+3.46,+11.687, +9.944,+0.943
1684409340,+3.46,+11.624, +9.965,+0.943
1684409400,+3.46,+11.696, +9.947,+0.943
1684409460,+3.46,+11.714, +9.934,+0.943
1684409520,+3.46,+11.642, +9.966,+0.943
1684409580,+3.46,+11.714, +9.914,+0.942
1684409640,+3.46,+11.776, +9.901,+0.943
1684409700,+3.46,+11.785, +9.905,+0.942
1684409760,+3.46,+11.812, +9.904,+0.942
1684409820,+3.46,+11.785, +9.900,+0.942
1684409880,+3.46,+11.750, +9.885,+0.942
1684409940,+3.46,+11.803, +9.864,+0.942
1684410000,+3.46,+11.767, +9.854,+0.943
1684410060,+3.46,+11.714, +9.861,+0.942
1684410120,+3.46,+11.767, +9.852,+0.943
1684410180,+3.46,+11.705, +9.872,+0.943
1684410240,+3.46,+11.732, +9.863,+0.943
1684410300,+3.46,+11.732, +9.873,+0.942
1684410360,+3.46,+11.758, +9.844,+0.942
1684410420,+3.46,+11.732, +9.866,+0.943
1684410480,+3.46,+11.794, +9.859,+0.943
1684410540,+3.46,+11.785, +9.882,+0.943
1684410600,+3.46,+11.741, +9.902,+0.942
1684410660,+3.46,+11.776, +9.885,+0.943
1684410720,+3.46,+11.723, +9.906,+0.943
1684410780,+3.46,+11.812, +9.876,+0.942
1684410840,+3.46,+11.767, +9.890,+0.943
1684410900,+3.46,+11.767, +9.882,+0.942
1684410960,+3.46,+11.785, +9.896,+0.943
1684411020,+3.46,+11.821, +9.879,+0.943
1684411080,+3.46,+11.839, +9.868,+0.943
1684411140,+3.46,+11.839, +9.875,+0.943
1684411200,+3.46,+11.892, +9.863,+0.942
1684411260,+3.46,+11.901, +9.892,+0.943
1684411320,+3.46,+11.848, +9.922,+0.942
1684411380,+3.46,+11.901, +9.917,+0.943
1684411440,+3.46,+11.919, +9.919,+0.943
1684411500,+3.46,+11.928, +9.900,+0.942
1684411560,+3.46,+11.928, +9.902,+0.943
1684411620,+3.46,+11.883, +9.913,+0.942
1684411680,+3.46,+11.883, +9.926,+0.943
1684411740,+3.46,+11.910, +9.921,+0.943
1684411800,+3.46,+12.008, +9.884,+0.942
1684411860,+3.46,+11.928, +9.905,+0.942
1684411920,+3.46,+11.937, +9.881,+0.942
1684411980,+3.46,+11.901, +9.909,+0.943
1684412040,+3.46,+11.892, +9.909,+0.943
1684412100,+3.46,+11.883, +9.910,+0.943
1684412160,+3.46,+11.892, +9.882,+0.942
1684412220,+3.46,+11.857, +9.897,+0.942
1684412280,+3.46,+11.892, +9.883,+0.943
1684412340,+3.46,+11.901, +9.873,+0.943
1684412400,+3.46,+11.830, +9.895,+0.943
1684412460,+3.46,+11.928, +9.850,+0.942
1684412520,+3.46,+11.883, +9.852,+0.943
1684412580,+3.46,+11.910, +9.850,+0.942
1684412640,+3.46,+11.848, +9.867,+0.942
1684412700,+3.46,+11.901, +9.846,+0.942
1684412760,+3.46,+11.892, +9.851,+0.942
1684412820,+3.46,+11.892, +9.854,+0.943
1684412880,+3.46,+11.874, +9.861,+0.943
1684412940,+3.46,+11.866, +9.861,+0.943
1684413000,+3.46,+11.848, +9.810,+0.942
1684413060,+3.46,+11.732, +9.788,+0.942
1684413120,+3.46,+11.615, +9.823,+0.942
1684413180,+3.46,+11.544, +9.669,+0.941
1684413240,+3.46,+10.969, +9.527,+0.941
1684413300,+3.46,+10.969, +9.826,+0.942
1684413360,+3.46,+10.987, +9.927,+0.942
1684413420,+3.46,+10.932, +9.877,+0.942
1684413480,+3.46,+10.779, +9.868,+0.942
1684413540,+3.46,+10.688, +9.834,+0.941
1684413600,+3.46,+10.652, +9.812,+0.942
1684413660,+3.46,+10.661, +9.819,+0.942
1684413720,+3.46,+10.652, +9.846,+0.942
1684413780,+3.46,+10.724, +9.864,+0.943
1684413840,+3.46,+10.770, +9.887,+0.942
1684413900,+3.46,+10.815, +9.901,+0.943
1684413960,+3.46,+10.824, +9.902,+0.942
1684414020,+3.46,+10.887, +9.904,+0.943
1684414080,+3.46,+10.941, +9.905,+0.943
1684414140,+3.46,+11.032, +9.904,+0.943
1684414200,+3.46,+11.050, +9.933,+0.943
1684414260,+3.46,+11.167, +9.915,+0.943
1684414320,+3.46,+11.140, +9.946,+0.943
1684414380,+3.46,+11.194, +9.935,+0.943
