7450-798456
OS REV: 1.03 Sensor Cal: 1539277937
Time (sec),  BV (Volts),  T (deg C),  DO (mg/l),  Q ()
1685451240,+3.47,+11.660,+10.134,+0.941
1685451300,+3.46,+11.678,+10.120,+0.942
1685451360,+3.47,+11.633,+10.126,+0.941
1685451420,+3.47,+11.598,+10.147,+0.942
1685451480,+3.47,+11.580,+10.149,+0.941
1685451540,+3.47,+11.615,+10.155,+0.942
1685451600,+3.46,+11.651,+10.129,+0.942
1685451660,+3.47,+11.669,+10.122,+0.942
1685451720,+3.47,+11.544,+10.142,+0.941
1685451780,+3.47,+11.562,+10.145,+0.942
1685451840,+3.47,+11.553,+10.136,+0.942
1685451900,+3.47,+11.651,+10.097,+0.942
1685451960,+3.47,+11.589,+10.123,+0.942
1685452020,+3.47,+11.633,+10.102,+0.942
1685452080,+3.47,+11.598,+10.106,+0.941
1685452140,+3.47,+11.562,+10.115,+0.941
1685452200,+3.47,+11.544,+10.121,+0.941
1685452260,+3.47,+11.463,+10.129,+0.941
1685452320,+3.46,+11.445,+10.101,+0.941
1685452380,+3.47,+11.356,+10.155,+0.942
1685452440,+3.47,+11.418,+10.117,+0.942
1685452500,+3.47,+11.338,+10.113,+0.941
1685452560,+3.47,+11.418,+10.071,+0.941
1685452620,+3.47,+11.311,+10.015,+0.941
1685452680,+3.47,+11.239, +9.970,+0.941
1685452740,+3.47,+11.212, +9.940,+0.941
1685452800,+3.46,+11.131, +9.961,+0.941
1685452860,+3.46,+11.185, +9.949,+0.941
1685452920,+3.46,+11.140, +9.946,+0.941
1685452980,+3.47,+11.095, +9.952,+0.941
1685453040,+3.46,+11.086, +9.940,+0.942
1685453100,+3.47,+11.104, +9.915,+0.941
1685453160,+3.46,+11.077, +9.912,+0.941
1685453220,+3.46,+11.095, +9.862,+0.941
1685453280,+3.47,+10.905, +9.827,+0.941
1685453340,+3.46,+10.824, +9.849,+0.942
1685453400,+3.46,+10.815, +9.849,+0.941
1685453460,+3.47,+10.806, +9.863,+0.941
1685453520,+3.46,+10.860, +9.826,+0.941
1685453580,+3.47,+10.806, +9.847,+0.941
1685453640,+3.47,+10.797, +9.848,+0.941
1685453700,+3.47,+10.715, +9.872,+0.941
1685453760,+3.46,+10.715, +9.879,+0.942
1685453820,+3.46,+10.724, +9.866,+0.941
1685453880,+3.47,+10.797, +9.867,+0.941
1685453940,+3.46,+10.797, +9.879,+0.941
1685454000,+3.46,+10.752, +9.880,+0.941
1685454060,+3.46,+10.752, +9.882,+0.941
1685454120,+3.47,+10.743, +9.882,+0.941
1685454180,+3.47,+10.779, +9.873,+0.942
1685454240,+3.46,+10.752, +9.869,+0.941
1685454300,+3.46,+10.779, +9.865,+0.942
1685454360,+3.46,+10.788, +9.850,+0.941
1685454420,+3.46,+10.752, +9.879,+0.942
1685454480,+3.47,+10.724, +9.885,+0.941
1685454540,+3.47,+10.743, +9.881,+0.942
1685454600,+3.46,+10.743, +9.887,+0.942
1685454660,+3.47,+10.770, +9.881,+0.941
1685454720,+3.46,+10.788, +9.877,+0.941
1685454780,+3.46,+10.833, +9.868,+0.941
1685454840,+3.46,+10.815, +9.893,+0.942
1685454900,+3.47,+10.833, +9.896,+0.942
1685454960,+3.46,+10.851, +9.898,+0.941
1685455020,+3.46,+10.905, +9.900,+0.941
1685455080,+3.46,+10.969, +9.941,+0.942
1685455140,+3.46,+10.960, +9.966,+0.942
1685455200,+3.46,+10.941, +9.984,+0.942
1685455260,+3.46,+11.005, +9.970,+0.942
1685455320,+3.46,+11.032, +9.972,+0.942
1685455380,+3.47,+11.086, +9.970,+0.941
1685455440,+3.46,+11.059, +9.993,+0.942
1685455500,+3.46,+11.086, +9.973,+0.941
1685455560,+3.46,+11.095, +9.978,+0.942
1685455620,+3.46,+11.077, +9.964,+0.941
1685455680,+3.46,+11.059, +9.978,+0.942
1685455740,+3.46,+11.041, +9.973,+0.941
1685455800,+3.46,+11.050, +9.957,+0.941
1685455860,+3.46,+11.032, +9.975,+0.942
1685455920,+3.46,+10.987, +9.987,+0.942
1685455980,+3.46,+11.050, +9.954,+0.942
1685456040,+3.46,+10.987, +9.970,+0.941
1685456100,+3.46,+11.032, +9.952,+0.941
1685456160,+3.46,+11.077,+10.029,+0.942
1685456220,+3.46,+11.140,+10.117,+0.942
1685456280,+3.47,+11.248,+10.401,+0.943
1685456340,+3.47,+12.611,+10.659,+0.946
1685456400,+3.46,+13.446,+10.407,+0.946
1685456460,+3.46,+14.022,+10.306,+0.944
1685456520,+3.46,+14.378,+10.272,+0.945
1685456580,+3.46,+14.785,+10.169,+0.944
1685456640,+3.46,+15.035,+10.181,+0.944
1685456700,+3.46,+15.276,+10.103,+0.944
1685456760,+3.46,+15.542,+10.047,+0.944
1685456820,+3.46,+15.705,+10.019,+0.944
1685456880,+3.46,+15.834, +9.991,+0.943
1685456940,+3.46,+14.733, +9.173,+0.937
1685457000,+3.46,+13.516, +9.536,+0.938
1685457060,+3.46,+13.140, +9.769,+0.939
1685457120,+3.47,+12.761, +9.877,+0.940
1685457180,+3.46,+12.691, +9.961,+0.940
1685457240,+3.46,+12.823,+10.183,+0.942
1685457300,+3.46,+13.438,+10.134,+0.942
1685457360,+3.46,+13.874,+10.097,+0.942
1685457420,+3.46,+14.352,+10.073,+0.943
1685457480,+3.47,+14.647,+10.034,+0.943
1685457540,+3.46,+15.001, +9.926,+0.942
1685457600,+3.46,+15.328, +9.945,+0.943
1685457660,+3.46,+15.611, +9.985,+0.943
1685457720,+3.46,+15.902, +9.935,+0.943
1685457780,+3.46,+16.065, +9.933,+0.943
1685457840,+3.46,+16.201, +9.899,+0.942
1685457900,+3.46,+16.329, +9.862,+0.942
1685457960,+3.46,+16.423, +9.865,+0.942
1685458020,+3.46,+16.466, +9.866,+0.942
1685458080,+3.46,+16.560, +9.830,+0.942
1685458140,+3.46,+16.585, +9.832,+0.942
1685458200,+3.46,+16.628, +9.806,+0.942
1685458260,+3.46,+16.491, +9.442,+0.939
1685458320,+3.46,+15.765, +9.615,+0.941
1685458380,+3.46,+15.757, +9.740,+0.941
1685458440,+3.46,+15.808, +9.767,+0.941
1685458500,+3.46,+15.885, +9.779,+0.941
1685458560,+3.46,+15.979, +9.815,+0.942
1685458620,+3.46,+16.176, +9.786,+0.942
1685458680,+3.46,+16.244, +9.815,+0.942
1685458740,+3.46,+16.398, +9.831,+0.942
1685458800,+3.46,+16.508, +9.829,+0.941
1685458860,+3.46,+16.628, +9.816,+0.942
1685458920,+3.46,+16.704, +9.791,+0.941
1685458980,+3.46,+16.755, +9.811,+0.942
1685459040,+3.46,+16.764, +9.825,+0.942
1685459100,+3.46,+16.789, +9.821,+0.942
1685459160,+3.46,+16.738, +9.715,+0.941
1685459220,+3.46,+16.534, +9.451,+0.939
1685459280,+3.46,+16.022, +9.663,+0.940
1685459340,+3.46,+15.962, +9.698,+0.940
1685459400,+3.46,+15.885, +9.702,+0.940
1685459460,+3.46,+15.902, +9.757,+0.941
1685459520,+3.46,+16.048, +9.796,+0.941
1685459580,+3.46,+16.201, +9.730,+0.941
1685459640,+3.46,+15.911, +9.671,+0.940
1685459700,+3.46,+15.722, +9.777,+0.940
1685459760,+3.47,+15.928, +9.849,+0.941
1685459820,+3.46,+16.056, +9.537,+0.939
1685459880,+3.46,+15.620, +9.733,+0.940
1685459940,+3.46,+15.499, +9.811,+0.940
1685460000,+3.46,+15.431, +9.823,+0.940
1685460060,+3.46,+15.439, +9.740,+0.940
1685460120,+3.46,+15.259, +9.759,+0.940
1685460180,+3.46,+15.138, +9.824,+0.941
1685460240,+3.46,+15.242, +9.798,+0.941
1685460300,+3.46,+15.388, +9.775,+0.941
1685460360,+3.46,+15.448, +9.792,+0.941
1685460420,+3.46,+15.628, +9.777,+0.941
1685460480,+3.47,+15.662, +9.725,+0.941
1685460540,+3.46,+15.525, +9.693,+0.940
1685460600,+3.46,+15.431, +9.798,+0.941
1685460660,+3.46,+15.388, +9.790,+0.940
1685460720,+3.46,+15.362, +9.810,+0.941
1685460780,+3.46,+15.268, +9.819,+0.940
1685460840,+3.47,+15.190, +9.841,+0.941
1685460900,+3.47,+15.130, +9.869,+0.941
1685460960,+3.47,+15.052, +9.880,+0.940
1685461020,+3.46,+15.087, +9.886,+0.941
1685461080,+3.47,+15.087, +9.905,+0.941
1685461140,+3.47,+15.190, +9.883,+0.941
1685461200,+3.47,+15.293, +9.881,+0.941
1685461260,+3.46,+15.499, +9.887,+0.941
1685461320,+3.47,+15.671, +9.873,+0.942
1685461380,+3.47,+15.774, +9.822,+0.942
1685461440,+3.47,+15.937, +9.842,+0.942
1685461500,+3.47,+16.048, +9.826,+0.942
1685461560,+3.46,+16.133, +9.802,+0.942
1685461620,+3.47,+16.210, +9.751,+0.941
1685461680,+3.46,+16.227, +9.718,+0.941
1685461740,+3.47,+16.219, +9.669,+0.941
1685461800,+3.46,+16.219, +9.728,+0.942
1685461860,+3.46,+16.270, +9.723,+0.941
1685461920,+3.47,+16.082, +9.487,+0.939
1685461980,+3.46,+15.680, +9.642,+0.941
1685462040,+3.47,+15.517, +9.725,+0.940
1685462100,+3.47,+15.379, +9.663,+0.940
1685462160,+3.47,+15.156, +9.590,+0.939
1685462220,+3.47,+14.897, +9.682,+0.940
1685462280,+3.47,+14.819, +9.784,+0.941
1685462340,+3.47,+14.811, +9.788,+0.940
1685462400,+3.47,+14.837, +9.828,+0.941
1685462460,+3.47,+14.854, +9.815,+0.940
1685462520,+3.47,+14.906, +9.786,+0.941
1685462580,+3.47,+14.914, +9.683,+0.940
1685462640,+3.47,+14.742, +9.675,+0.940
1685462700,+3.46,+14.456, +9.688,+0.939
1685462760,+3.47,+14.144, +9.843,+0.939
1685462820,+3.47,+14.022, +9.921,+0.940
1685462880,+3.47,+13.918, +9.931,+0.940
1685462940,+3.47,+13.804, +9.986,+0.941
1685463000,+3.47,+13.735, +9.982,+0.940
1685463060,+3.47,+13.656,+10.016,+0.940
1685463120,+3.47,+13.709, +9.996,+0.940
1685463180,+3.47,+13.743, +9.974,+0.940
1685463240,+3.47,+13.735, +9.942,+0.940
1685463300,+3.47,+13.595, +9.936,+0.940
1685463360,+3.47,+13.508, +9.975,+0.941
1685463420,+3.47,+13.394, +9.865,+0.940
1685463480,+3.47,+13.219, +9.871,+0.940
1685463540,+3.47,+13.104, +9.964,+0.941
1685463600,+3.47,+13.087, +9.983,+0.941
1685463660,+3.47,+13.078, +9.981,+0.941
1685463720,+3.47,+13.131, +9.983,+0.941
1685463780,+3.47,+13.210,+10.026,+0.942
1685463840,+3.47,+13.385,+10.023,+0.942
1685463900,+3.47,+13.961,+10.225,+0.944
1685463960,+3.47,+14.750,+10.107,+0.944
1685464020,+3.47,+15.285, +9.994,+0.944
1685464080,+3.47,+15.568, +9.854,+0.942
1685464140,+3.47,+15.156, +9.525,+0.940
1685464200,+3.47,+14.586, +9.636,+0.940
1685464260,+3.47,+14.213, +9.758,+0.940
1685464320,+3.47,+14.092, +9.838,+0.941
1685464380,+3.47,+14.022, +9.863,+0.940
1685464440,+3.47,+13.944, +9.845,+0.940
1685464500,+3.47,+13.848, +9.908,+0.940
1685464560,+3.47,+13.935, +9.887,+0.941
1685464620,+3.47,+13.892, +9.897,+0.941
1685464680,+3.47,+13.909, +9.906,+0.941
1685464740,+3.47,+13.866, +9.941,+0.941
1685464800,+3.47,+13.979, +9.897,+0.941
1685464860,+3.47,+13.935, +9.929,+0.941
1685464920,+3.47,+13.970, +9.928,+0.941
1685464980,+3.47,+14.066, +9.913,+0.942
1685465040,+3.47,+14.109, +9.893,+0.941
1685465100,+3.47,+14.083, +9.960,+0.941
1685465160,+3.47,+14.170, +9.914,+0.941
1685465220,+3.47,+13.979, +9.751,+0.940
1685465280,+3.47,+13.709, +9.716,+0.940
1685465340,+3.47,+13.481, +9.679,+0.939
1685465400,+3.47,+12.990, +9.653,+0.939
1685465460,+3.47,+12.655, +9.893,+0.940
1685465520,+3.47,+12.540, +9.967,+0.940
1685465580,+3.47,+12.434,+10.032,+0.940
1685465640,+3.47,+12.275, +9.940,+0.940
1685465700,+3.47,+12.204, +9.903,+0.940
1685465760,+3.47,+11.990, +9.930,+0.940
1685465820,+3.47,+11.901, +9.933,+0.940
1685465880,+3.47,+11.848, +9.918,+0.940
1685465940,+3.47,+11.723, +9.946,+0.940
1685466000,+3.47,+11.607, +9.891,+0.940
1685466060,+3.47,+11.535, +9.879,+0.940
1685466120,+3.47,+11.454, +9.900,+0.940
1685466180,+3.47,+11.454, +9.889,+0.941
1685466240,+3.47,+11.490, +9.869,+0.941
1685466300,+3.47,+11.481, +9.916,+0.941
1685466360,+3.47,+11.481,+10.005,+0.941
1685466420,+3.47,+11.589,+10.034,+0.941
1685466480,+3.47,+11.687,+10.068,+0.942
1685466540,+3.47,+11.812,+10.112,+0.942
1685466600,+3.47,+12.070,+10.116,+0.943
1685466660,+3.47,+12.354, +9.958,+0.942
1685466720,+3.47,+12.372, +9.986,+0.942
1685466780,+3.47,+12.611, +9.932,+0.942
1685466840,+3.47,+12.470, +9.933,+0.941
1685466900,+3.47,+12.540, +9.898,+0.941
1685466960,+3.47,+12.346, +9.908,+0.941
1685467020,+3.47,+12.443, +9.953,+0.942
1685467080,+3.47,+12.567, +9.971,+0.942
1685467140,+3.47,+12.708,+10.022,+0.942
1685467200,+3.47,+13.096,+10.017,+0.943
1685467260,+3.47,+13.516,+10.050,+0.943
1685467320,+3.47,+14.205,+10.076,+0.944
1685467380,+3.47,+14.871,+10.118,+0.945
1685467440,+3.47,+15.216, +9.668,+0.942
1685467500,+3.47,+14.837, +9.813,+0.941
1685467560,+3.47,+14.560, +9.824,+0.942
1685467620,+3.47,+14.378, +9.803,+0.941
1685467680,+3.47,+14.083, +9.637,+0.940
1685467740,+3.47,+13.822, +9.685,+0.940
1685467800,+3.47,+13.717, +9.733,+0.940
1685467860,+3.47,+13.770, +9.753,+0.941
1685467920,+3.47,+13.770, +9.759,+0.941
1685467980,+3.47,+13.787, +9.794,+0.941
1685468040,+3.47,+13.953, +9.875,+0.942
1685468100,+3.47,+14.144, +9.891,+0.942
1685468160,+3.47,+14.309, +9.899,+0.942
1685468220,+3.47,+14.526, +9.887,+0.942
1685468280,+3.47,+14.785, +9.859,+0.942
1685468340,+3.47,+14.655, +9.513,+0.940
1685468400,+3.47,+14.239, +9.693,+0.940
1685468460,+3.47,+14.144, +9.785,+0.941
1685468520,+3.47,+14.109, +9.755,+0.940
1685468580,+3.47,+14.179, +9.809,+0.941
1685468640,+3.47,+14.396, +9.886,+0.941
1685468700,+3.47,+14.508, +9.796,+0.941
1685468760,+3.46,+14.482, +9.795,+0.941
1685468820,+3.46,+14.517, +9.639,+0.940
1685468880,+3.47,+14.257, +9.599,+0.940
1685468940,+3.47,+13.944, +9.546,+0.939
1685469000,+3.47,+13.560, +9.671,+0.939
1685469060,+3.47,+13.306, +9.843,+0.939
1685469120,+3.47,+13.131, +9.679,+0.939
1685469180,+3.47,+12.858, +9.666,+0.939
1685469240,+3.47,+12.514, +9.531,+0.939
1685469300,+3.47,+12.088, +9.635,+0.939
1685469360,+3.47,+11.955, +9.700,+0.939
1685469420,+3.47,+11.776, +9.743,+0.940
1685469480,+3.47,+11.767, +9.812,+0.940
1685469540,+3.47,+11.874, +9.819,+0.941
1685469600,+3.47,+12.150, +9.955,+0.941
1685469660,+3.47,+12.470,+10.001,+0.942
1685469720,+3.47,+12.840, +9.921,+0.941
1685469780,+3.47,+12.363, +9.646,+0.940
1685469840,+3.47,+12.168, +9.693,+0.940
1685469900,+3.47,+12.070, +9.764,+0.940
1685469960,+3.47,+12.106, +9.718,+0.940
1685470020,+3.47,+12.008, +9.888,+0.942
1685470080,+3.47,+12.195,+10.048,+0.942
1685470140,+3.47,+12.434, +9.976,+0.942
1685470200,+3.47,+12.902,+10.050,+0.943
1685470260,+3.47,+13.691,+10.076,+0.944
1685470320,+3.47,+14.612,+10.178,+0.945
1685470380,+3.47,+15.259,+10.068,+0.944
1685470440,+3.47,+15.044, +9.605,+0.941
1685470500,+3.47,+14.776, +9.655,+0.941
1685470560,+3.47,+14.543, +9.656,+0.941
1685470620,+3.47,+14.083, +9.752,+0.940
1685470680,+3.47,+13.900, +9.757,+0.940
1685470740,+3.47,+13.630, +9.678,+0.940
1685470800,+3.47,+13.490, +9.697,+0.940
1685470860,+3.47,+13.210, +9.580,+0.939
1685470920,+3.47,+12.937, +9.610,+0.940
1685470980,+3.47,+12.752, +9.655,+0.940
1685471040,+3.47,+12.611, +9.713,+0.940
1685471100,+3.47,+12.558, +9.750,+0.940
1685471160,+3.47,+12.540, +9.792,+0.941
1685471220,+3.47,+12.505, +9.827,+0.941
1685471280,+3.47,+12.461, +9.815,+0.940
1685471340,+3.47,+12.354,+10.017,+0.940
1685471400,+3.47,+12.213, +9.917,+0.940
1685471460,+3.47,+11.990, +9.748,+0.940
1685471520,+3.47,+11.830, +9.743,+0.940
1685471580,+3.47,+11.687, +9.798,+0.940
1685471640,+3.47,+11.696, +9.775,+0.940
1685471700,+3.47,+11.633, +9.817,+0.941
1685471760,+3.47,+11.651, +9.891,+0.941
1685471820,+3.47,+11.705, +9.875,+0.941
1685471880,+3.47,+11.642, +9.882,+0.940
1685471940,+3.47,+11.651, +9.864,+0.941
1685472000,+3.47,+11.571, +9.849,+0.941
1685472060,+3.47,+11.553, +9.820,+0.941
1685472120,+3.47,+11.517, +9.818,+0.941
1685472180,+3.47,+11.508, +9.799,+0.941
1685472240,+3.47,+11.562, +9.759,+0.941
1685472300,+3.47,+11.535, +9.780,+0.941
1685472360,+3.47,+11.562, +9.767,+0.941
1685472420,+3.47,+11.571, +9.742,+0.940
1685472480,+3.47,+11.571, +9.761,+0.941
1685472540,+3.47,+11.642, +9.766,+0.941
1685472600,+3.47,+11.589, +9.802,+0.941
1685472660,+3.47,+11.633, +9.805,+0.941
1685472720,+3.47,+11.642, +9.804,+0.941
1685472780,+3.47,+11.723, +9.835,+0.941
1685472840,+3.47,+11.696, +9.882,+0.941
1685472900,+3.47,+11.678, +9.918,+0.941
1685472960,+3.47,+11.669, +9.923,+0.941
1685473020,+3.47,+11.696, +9.892,+0.941
1685473080,+3.47,+11.651, +9.886,+0.942
1685473140,+3.47,+11.651, +9.886,+0.942
1685473200,+3.47,+11.651, +9.858,+0.941
1685473260,+3.47,+11.598, +9.732,+0.941
1685473320,+3.47,+11.526, +9.673,+0.941
1685473380,+3.47,+11.418, +9.688,+0.941
1685473440,+3.47,+11.391, +9.653,+0.941
1685473500,+3.47,+11.284, +9.660,+0.941
1685473560,+3.47,+11.284, +9.670,+0.941
1685473620,+3.47,+11.266, +9.683,+0.941
1685473680,+3.47,+11.293, +9.728,+0.941
1685473740,+3.47,+11.320, +9.770,+0.941
1685473800,+3.47,+11.409, +9.748,+0.941
1685473860,+3.47,+11.391, +9.795,+0.942
1685473920,+3.47,+11.365, +9.719,+0.941
1685473980,+3.47,+11.284, +9.652,+0.941
1685474040,+3.47,+11.212, +9.658,+0.941
1685474100,+3.47,+11.176, +9.669,+0.942
1685474160,+3.47,+11.149, +9.660,+0.941
1685474220,+3.47,+11.248, +9.635,+0.941
1685474280,+3.47,+11.248, +9.675,+0.941
1685474340,+3.47,+11.293, +9.698,+0.941
1685474400,+3.47,+11.356, +9.716,+0.942
1685474460,+3.47,+11.409, +9.791,+0.942
1685474520,+3.47,+11.580, +9.820,+0.942
1685474580,+3.47,+11.660, +9.811,+0.941
1685474640,+3.47,+11.714, +9.817,+0.942
1685474700,+3.47,+11.821, +9.806,+0.942
1685474760,+3.47,+11.892, +9.850,+0.942
1685474820,+3.47,+11.972, +9.854,+0.942
1685474880,+3.47,+11.981, +9.859,+0.942
1685474940,+3.47,+12.026, +9.841,+0.942
1685475000,+3.47,+11.972, +9.876,+0.942
1685475060,+3.47,+12.124, +9.825,+0.942
1685475120,+3.47,+12.141, +9.796,+0.941
1685475180,+3.47,+12.115, +9.853,+0.942
1685475240,+3.47,+12.097, +9.888,+0.942
1685475300,+3.47,+12.053, +9.857,+0.941
1685475360,+3.47,+11.910, +9.871,+0.941
1685475420,+3.47,+11.874, +9.835,+0.941
1685475480,+3.47,+11.776, +9.745,+0.941
1685475540,+3.47,+11.794, +9.729,+0.941
1685475600,+3.47,+11.767, +9.762,+0.941
1685475660,+3.47,+11.723, +9.845,+0.941
1685475720,+3.47,+11.723, +9.882,+0.941
1685475780,+3.47,+11.732, +9.867,+0.942
1685475840,+3.47,+11.678, +9.847,+0.941
1685475900,+3.47,+11.687, +9.836,+0.942
1685475960,+3.47,+11.741, +9.891,+0.941
1685476020,+3.47,+11.714, +9.929,+0.942
1685476080,+3.47,+11.723, +9.938,+0.941
1685476140,+3.47,+11.750, +9.926,+0.941
1685476200,+3.47,+11.767, +9.933,+0.941
1685476260,+3.47,+11.758, +9.915,+0.941
1685476320,+3.47,+11.767, +9.907,+0.941
1685476380,+3.47,+11.794, +9.907,+0.942
1685476440,+3.47,+11.821, +9.854,+0.941
1685476500,+3.47,+11.785, +9.791,+0.941
1685476560,+3.47,+11.723, +9.964,+0.941
1685476620,+3.47,+11.660, +9.935,+0.941
1685476680,+3.47,+11.669, +9.929,+0.941
1685476740,+3.47,+11.598, +9.981,+0.941
1685476800,+3.47,+11.571, +9.965,+0.941
1685476860,+3.47,+11.535, +9.886,+0.941
1685476920,+3.47,+11.445, +9.882,+0.941
1685476980,+3.47,+11.418, +9.880,+0.941
1685477040,+3.47,+11.374, +9.887,+0.941
1685477100,+3.47,+11.293, +9.911,+0.941
1685477160,+3.47,+11.347, +9.878,+0.941
1685477220,+3.47,+11.338, +9.860,+0.941
1685477280,+3.47,+11.284, +9.852,+0.942
1685477340,+3.47,+11.293, +9.782,+0.941
1685477400,+3.47,+11.293, +9.728,+0.941
1685477460,+3.47,+11.185, +9.733,+0.941
1685477520,+3.47,+11.176, +9.720,+0.941
1685477580,+3.47,+11.212, +9.711,+0.941
1685477640,+3.47,+11.167, +9.732,+0.941
1685477700,+3.47,+11.194, +9.715,+0.941
1685477760,+3.47,+11.167, +9.719,+0.941
1685477820,+3.47,+11.158, +9.715,+0.941
1685477880,+3.47,+11.167, +9.704,+0.941
1685477940,+3.47,+11.158, +9.692,+0.941
1685478000,+3.47,+11.122, +9.698,+0.941
1685478060,+3.47,+11.077, +9.716,+0.941
1685478120,+3.47,+11.086, +9.705,+0.941
1685478180,+3.47,+11.086, +9.660,+0.941
1685478240,+3.47,+11.095, +9.666,+0.942
1685478300,+3.47,+10.987, +9.674,+0.941
1685478360,+3.47,+11.023, +9.609,+0.942
1685478420,+3.47,+11.005, +9.583,+0.941
1685478480,+3.47,+10.987, +9.576,+0.941
1685478540,+3.47,+10.978, +9.575,+0.941
1685478600,+3.47,+10.960, +9.587,+0.941
1685478660,+3.47,+10.932, +9.597,+0.942
1685478720,+3.47,+10.969, +9.573,+0.941
1685478780,+3.47,+10.941, +9.570,+0.941
1685478840,+3.47,+10.951, +9.600,+0.941
1685478900,+3.47,+10.932, +9.634,+0.941
1685478960,+3.47,+10.905, +9.661,+0.941
1685479020,+3.47,+10.905, +9.658,+0.941
1685479080,+3.47,+10.869, +9.680,+0.941
1685479140,+3.47,+10.878, +9.667,+0.941
1685479200,+3.47,+10.887, +9.661,+0.941
1685479260,+3.47,+10.869, +9.664,+0.941
1685479320,+3.47,+10.887, +9.651,+0.941
1685479380,+3.47,+10.905, +9.646,+0.942
1685479440,+3.47,+10.842, +9.653,+0.941
1685479500,+3.47,+10.833, +9.658,+0.942
1685479560,+3.47,+10.860, +9.623,+0.941
1685479620,+3.47,+10.905, +9.591,+0.941
1685479680,+3.47,+10.905, +9.592,+0.941
1685479740,+3.47,+10.851, +9.611,+0.941
1685479800,+3.47,+10.887, +9.604,+0.941
1685479860,+3.47,+10.815, +9.634,+0.941
1685479920,+3.47,+10.951, +9.581,+0.941
1685479980,+3.47,+10.923, +9.591,+0.941
1685480040,+3.47,+10.941, +9.595,+0.942
1685480100,+3.47,+10.941, +9.607,+0.942
1685480160,+3.47,+10.978, +9.594,+0.942
1685480220,+3.47,+10.941, +9.584,+0.941
1685480280,+3.47,+11.023, +9.537,+0.941
1685480340,+3.47,+10.905, +9.548,+0.941
1685480400,+3.47,+10.923, +9.516,+0.941
1685480460,+3.47,+10.878, +9.531,+0.941
1685480520,+3.47,+10.833, +9.550,+0.941
1685480580,+3.47,+10.878, +9.514,+0.941
1685480640,+3.47,+10.887, +9.516,+0.941
1685480700,+3.47,+10.797, +9.530,+0.941
1685480760,+3.47,+10.779, +9.517,+0.941
1685480820,+3.47,+10.779, +9.519,+0.941
1685480880,+3.47,+10.743, +9.537,+0.941
1685480940,+3.47,+10.761, +9.521,+0.941
1685481000,+3.47,+10.779, +9.511,+0.941
1685481060,+3.47,+10.752, +9.534,+0.941
1685481120,+3.47,+10.788, +9.598,+0.941
1685481180,+3.47,+10.679, +9.695,+0.941
1685481240,+3.47,+10.734, +9.692,+0.942
1685481300,+3.47,+10.724, +9.694,+0.942
1685481360,+3.47,+10.697, +9.682,+0.941
1685481420,+3.47,+10.734, +9.656,+0.941
1685481480,+3.47,+10.743, +9.648,+0.941
1685481540,+3.47,+10.724, +9.660,+0.941
1685481600,+3.47,+10.743, +9.650,+0.941
1685481660,+3.47,+10.752, +9.643,+0.942
1685481720,+3.47,+10.734, +9.651,+0.942
1685481780,+3.47,+10.734, +9.646,+0.941
1685481840,+3.47,+10.761, +9.631,+0.941
1685481900,+3.47,+10.770, +9.617,+0.941
1685481960,+3.47,+10.752, +9.594,+0.941
1685482020,+3.47,+10.761, +9.585,+0.942
1685482080,+3.47,+10.887, +9.544,+0.942
1685482140,+3.47,+10.878, +9.467,+0.941
1685482200,+3.47,+10.923, +9.441,+0.941
1685482260,+3.47,+10.842, +9.474,+0.941
1685482320,+3.47,+10.833, +9.476,+0.941
1685482380,+3.46,+10.878, +9.439,+0.941
1685482440,+3.47,+10.851, +9.440,+0.941
1685482500,+3.47,+10.788, +9.459,+0.941
1685482560,+3.47,+10.761, +9.483,+0.941
1685482620,+3.47,+10.688, +9.527,+0.941
1685482680,+3.47,+10.607, +9.587,+0.941
1685482740,+3.47,+10.616, +9.597,+0.941
1685482800,+3.47,+10.679, +9.591,+0.942
1685482860,+3.47,+10.589, +9.605,+0.942
1685482920,+3.47,+10.634, +9.562,+0.941
1685482980,+3.47,+10.616, +9.551,+0.941
1685483040,+3.47,+10.616, +9.556,+0.942
1685483100,+3.47,+10.589, +9.563,+0.942
1685483160,+3.47,+10.579, +9.557,+0.941
1685483220,+3.47,+10.579, +9.568,+0.941
1685483280,+3.47,+10.607, +9.566,+0.941
1685483340,+3.47,+10.625, +9.554,+0.941
1685483400,+3.47,+10.543, +9.578,+0.941
1685483460,+3.47,+10.625, +9.544,+0.941
1685483520,+3.47,+10.625, +9.532,+0.941
1685483580,+3.47,+10.607, +9.529,+0.941
1685483640,+3.47,+10.634, +9.530,+0.942
1685483700,+3.47,+10.679, +9.500,+0.941
1685483760,+3.47,+10.670, +9.508,+0.942
1685483820,+3.47,+10.860, +9.503,+0.942
1685483880,+3.47,+10.960, +9.566,+0.941
1685483940,+3.46,+10.960, +9.632,+0.942
1685484000,+3.46,+11.014, +9.604,+0.941
1685484060,+3.47,+10.932, +9.455,+0.941
1685484120,+3.47,+10.797, +9.465,+0.941
1685484180,+3.47,+10.752, +9.490,+0.941
1685484240,+3.47,+10.734, +9.471,+0.941
1685484300,+3.46,+10.833, +9.460,+0.941
1685484360,+3.47,+10.851, +9.499,+0.941
1685484420,+3.47,+10.996, +9.505,+0.941
1685484480,+3.46,+11.059, +9.635,+0.942
1685484540,+3.47,+11.122, +9.710,+0.942
1685484600,+3.46,+11.122, +9.800,+0.942
1685484660,+3.47,+11.203, +9.796,+0.941
1685484720,+3.47,+11.203, +9.805,+0.941
1685484780,+3.47,+11.230, +9.769,+0.941
1685484840,+3.47,+11.194, +9.731,+0.942
1685484900,+3.47,+11.167, +9.713,+0.942
1685484960,+3.46,+11.149, +9.693,+0.941
1685485020,+3.47,+11.113, +9.665,+0.941
1685485080,+3.47,+11.104, +9.654,+0.941
1685485140,+3.46,+11.050, +9.665,+0.941
1685485200,+3.46,+11.068, +9.639,+0.941
1685485260,+3.46,+11.032, +9.641,+0.941
1685485320,+3.46,+11.032, +9.614,+0.941
1685485380,+3.47,+11.041, +9.613,+0.941
1685485440,+3.46,+11.005, +9.614,+0.941
1685485500,+3.46,+11.005, +9.607,+0.941
1685485560,+3.47,+10.969, +9.578,+0.941
1685485620,+3.47,+10.951, +9.567,+0.941
1685485680,+3.47,+10.951, +9.546,+0.941
1685485740,+3.47,+10.932, +9.569,+0.941
1685485800,+3.46,+10.878, +9.603,+0.941
1685485860,+3.47,+10.951, +9.592,+0.941
1685485920,+3.47,+10.914, +9.606,+0.941
1685485980,+3.47,+10.932, +9.602,+0.941
1685486040,+3.47,+10.896, +9.623,+0.941
1685486100,+3.47,+10.887, +9.628,+0.941
1685486160,+3.47,+10.914, +9.615,+0.941
1685486220,+3.47,+10.905, +9.614,+0.941
1685486280,+3.46,+10.878, +9.622,+0.941
1685486340,+3.46,+10.896, +9.611,+0.941
1685486400,+3.47,+10.860, +9.642,+0.941
1685486460,+3.47,+10.833, +9.661,+0.941
1685486520,+3.46,+10.869, +9.629,+0.941
1685486580,+3.46,+10.896, +9.582,+0.941
1685486640,+3.46,+10.833, +9.554,+0.941
1685486700,+3.47,+10.806, +9.527,+0.941
1685486760,+3.47,+10.842, +9.500,+0.941
1685486820,+3.47,+10.752, +9.550,+0.941
1685486880,+3.46,+10.824, +9.556,+0.941
1685486940,+3.47,+10.779, +9.600,+0.941
1685487000,+3.46,+10.752, +9.663,+0.942
1685487060,+3.47,+10.752, +9.655,+0.941
1685487120,+3.46,+10.752, +9.627,+0.941
1685487180,+3.47,+10.761, +9.580,+0.941
1685487240,+3.47,+10.761, +9.568,+0.941
1685487300,+3.47,+10.734, +9.633,+0.941
1685487360,+3.47,+10.752, +9.634,+0.941
1685487420,+3.47,+10.724, +9.623,+0.942
1685487480,+3.46,+10.743, +9.597,+0.941
1685487540,+3.47,+10.752, +9.586,+0.941
1685487600,+3.47,+10.788, +9.585,+0.941
1685487660,+3.47,+10.797, +9.581,+0.941
1685487720,+3.47,+10.715, +9.615,+0.941
1685487780,+3.47,+10.743, +9.600,+0.941
1685487840,+3.47,+10.734, +9.587,+0.941
1685487900,+3.46,+10.761, +9.568,+0.941
1685487960,+3.47,+10.770, +9.566,+0.941
1685488020,+3.47,+10.770, +9.548,+0.941
1685488080,+3.46,+10.706, +9.569,+0.941
1685488140,+3.46,+10.797, +9.518,+0.941
1685488200,+3.47,+10.761, +9.525,+0.941
1685488260,+3.47,+10.743, +9.516,+0.941
1685488320,+3.47,+10.779, +9.493,+0.941
1685488380,+3.46,+10.761, +9.477,+0.941
1685488440,+3.46,+10.824, +9.451,+0.941
1685488500,+3.46,+10.788, +9.462,+0.941
1685488560,+3.46,+10.734, +9.477,+0.941
1685488620,+3.46,+10.743, +9.470,+0.941
1685488680,+3.47,+10.770, +9.464,+0.941
1685488740,+3.47,+10.752, +9.468,+0.941
1685488800,+3.47,+10.752, +9.446,+0.941
1685488860,+3.47,+10.770, +9.444,+0.941
1685488920,+3.47,+10.806, +9.425,+0.941
1685488980,+3.46,+10.797, +9.423,+0.941
1685489040,+3.47,+10.752, +9.441,+0.941
1685489100,+3.46,+10.842, +9.404,+0.941
1685489160,+3.46,+10.824, +9.408,+0.941
1685489220,+3.46,+10.833, +9.420,+0.941
1685489280,+3.46,+10.806, +9.426,+0.941
1685489340,+3.47,+10.824, +9.402,+0.941
1685489400,+3.47,+10.842, +9.381,+0.941
1685489460,+3.46,+10.824, +9.401,+0.941
1685489520,+3.46,+10.815, +9.406,+0.941
1685489580,+3.47,+10.770, +9.417,+0.941
1685489640,+3.46,+10.797, +9.403,+0.941
1685489700,+3.46,+10.770, +9.404,+0.941
1685489760,+3.46,+10.797, +9.390,+0.941
1685489820,+3.47,+10.788, +9.394,+0.941
1685489880,+3.46,+10.788, +9.408,+0.941
1685489940,+3.46,+10.851, +9.379,+0.941
1685490000,+3.46,+10.869, +9.381,+0.941
1685490060,+3.46,+10.905, +9.332,+0.941
1685490120,+3.46,+10.987, +9.305,+0.941
1685490180,+3.46,+11.005, +9.339,+0.941
1685490240,+3.46,+10.996, +9.376,+0.941
1685490300,+3.46,+11.014, +9.387,+0.941
1685490360,+3.46,+10.969, +9.401,+0.941
1685490420,+3.47,+11.041, +9.346,+0.941
1685490480,+3.46,+10.978, +9.303,+0.941
1685490540,+3.46,+10.941, +9.303,+0.941
1685490600,+3.46,+10.941, +9.313,+0.941
1685490660,+3.46,+10.923, +9.337,+0.941
1685490720,+3.46,+10.914, +9.355,+0.941
1685490780,+3.46,+10.978, +9.346,+0.941
1685490840,+3.46,+11.032, +9.350,+0.941
1685490900,+3.46,+11.086, +9.420,+0.941
1685490960,+3.46,+11.077, +9.486,+0.941
1685491020,+3.46,+11.149, +9.547,+0.941
1685491080,+3.46,+11.185, +9.533,+0.941
1685491140,+3.47,+11.203, +9.549,+0.941
1685491200,+3.46,+11.257, +9.624,+0.942
1685491260,+3.46,+11.257, +9.604,+0.941
1685491320,+3.46,+11.284, +9.572,+0.941
1685491380,+3.47,+11.284, +9.577,+0.942
1685491440,+3.47,+11.365, +9.601,+0.942
1685491500,+3.47,+11.338, +9.667,+0.941
1685491560,+3.47,+11.284, +9.698,+0.941
1685491620,+3.47,+11.284, +9.713,+0.941
1685491680,+3.47,+11.329, +9.693,+0.941
1685491740,+3.46,+11.365, +9.675,+0.941
1685491800,+3.46,+11.302, +9.714,+0.942
1685491860,+3.47,+11.275, +9.677,+0.942
1685491920,+3.47,+11.302, +9.440,+0.941
1685491980,+3.47,+11.230, +9.332,+0.941
1685492040,+3.46,+11.194, +9.335,+0.941
1685492100,+3.46,+11.104, +9.328,+0.941
1685492160,+3.46,+11.077, +9.278,+0.941
1685492220,+3.46,+11.005, +9.267,+0.941
1685492280,+3.46,+11.023, +9.223,+0.940
1685492340,+3.46,+11.023, +9.268,+0.941
1685492400,+3.46,+11.041, +9.337,+0.941
1685492460,+3.46,+11.014, +9.466,+0.941
1685492520,+3.46,+11.077, +9.478,+0.941
1685492580,+3.46,+11.050, +9.522,+0.942
1685492640,+3.46,+11.113, +9.508,+0.941
1685492700,+3.46,+11.104, +9.529,+0.941
1685492760,+3.46,+11.158, +9.521,+0.941
1685492820,+3.46,+11.212, +9.503,+0.941
1685492880,+3.46,+11.194, +9.517,+0.942
1685492940,+3.46,+11.194, +9.422,+0.940
1685493000,+3.46,+11.185, +9.511,+0.941
1685493060,+3.46,+11.131, +9.569,+0.941
1685493120,+3.46,+11.131, +9.242,+0.940
1685493180,+3.46,+11.059, +9.220,+0.941
1685493240,+3.46,+10.978, +9.252,+0.941
1685493300,+3.46,+10.960, +9.246,+0.940
1685493360,+3.46,+10.996, +9.235,+0.940
1685493420,+3.46,+10.932, +9.265,+0.941
1685493480,+3.46,+10.941, +9.280,+0.941
1685493540,+3.46,+10.960, +9.294,+0.941
1685493600,+3.46,+10.978, +9.302,+0.941
1685493660,+3.46,+11.050, +9.353,+0.941
1685493720,+3.46,+11.041, +9.428,+0.941
1685493780,+3.46,+11.122, +9.450,+0.941
1685493840,+3.46,+11.068, +9.489,+0.941
1685493900,+3.46,+11.194, +9.474,+0.941
1685493960,+3.46,+11.230, +9.504,+0.942
1685494020,+3.47,+11.284, +9.486,+0.941
1685494080,+3.46,+11.320, +9.561,+0.942
1685494140,+3.46,+11.463, +9.537,+0.942
1685494200,+3.46,+11.508, +9.544,+0.941
1685494260,+3.47,+11.544, +9.547,+0.942
1685494320,+3.46,+11.678, +9.508,+0.942
1685494380,+3.46,+11.714, +9.524,+0.941
1685494440,+3.46,+11.785, +9.511,+0.941
1685494500,+3.46,+11.776, +9.554,+0.942
1685494560,+3.46,+11.812, +9.514,+0.941
1685494620,+3.46,+11.866, +9.546,+0.941
1685494680,+3.46,+11.848, +9.672,+0.942
1685494740,+3.46,+11.866, +9.716,+0.942
1685494800,+3.46,+11.812, +9.654,+0.941
1685494860,+3.46,+11.732, +9.566,+0.941
1685494920,+3.46,+11.732, +9.584,+0.942
1685494980,+3.46,+11.660, +9.616,+0.941
1685495040,+3.46,+11.678, +9.610,+0.941
1685495100,+3.46,+11.705, +9.567,+0.941
1685495160,+3.46,+11.607, +9.572,+0.941
1685495220,+3.46,+11.598, +9.551,+0.941
1685495280,+3.47,+11.607, +9.558,+0.941
1685495340,+3.46,+11.571, +9.574,+0.941
1685495400,+3.46,+11.580, +9.571,+0.941
1685495460,+3.46,+11.615, +9.556,+0.941
1685495520,+3.46,+11.544, +9.569,+0.941
1685495580,+3.46,+11.598, +9.577,+0.941
1685495640,+3.46,+11.651, +9.751,+0.942
1685495700,+3.46,+11.669, +9.816,+0.941
1685495760,+3.46,+11.651, +9.828,+0.941
1685495820,+3.46,+11.669, +9.824,+0.942
1685495880,+3.46,+11.669, +9.799,+0.941
1685495940,+3.46,+11.660, +9.761,+0.941
1685496000,+3.46,+11.696, +9.753,+0.942
1685496060,+3.46,+11.651, +9.744,+0.941
1685496120,+3.46,+11.633, +9.737,+0.942
1685496180,+3.46,+11.669, +9.787,+0.942
1685496240,+3.46,+11.669, +9.829,+0.941
1685496300,+3.46,+11.732, +9.790,+0.941
1685496360,+3.46,+11.794, +9.722,+0.941
1685496420,+3.46,+11.812, +9.719,+0.942
1685496480,+3.46,+11.892, +9.632,+0.941
1685496540,+3.46,+11.874, +9.679,+0.942
1685496600,+3.46,+11.883, +9.669,+0.941
1685496660,+3.46,+11.874, +9.688,+0.942
1685496720,+3.46,+11.892, +9.665,+0.941
1685496780,+3.46,+11.803, +9.688,+0.942
1685496840,+3.46,+11.812, +9.673,+0.941
1685496900,+3.46,+11.866, +9.692,+0.941
1685496960,+3.46,+11.964, +9.664,+0.942
1685497020,+3.46,+12.425, +9.793,+0.944
1685497080,+3.46,+13.674, +9.748,+0.944
1685497140,+3.46,+14.638, +9.977,+0.945
1685497200,+3.46,+15.302, +9.929,+0.945
1685497260,+3.46,+15.774, +9.825,+0.944
1685497320,+3.46,+16.073, +9.829,+0.944
1685497380,+3.46,+16.219, +9.843,+0.944
1685497440,+3.46,+16.432, +9.668,+0.944
1685497500,+3.46,+16.585, +9.516,+0.943
1685497560,+3.46,+16.696, +9.386,+0.943
1685497620,+3.46,+16.806, +9.332,+0.943
1685497680,+3.46,+16.934, +9.267,+0.942
1685497740,+3.46,+16.968, +9.225,+0.943
1685497800,+3.46,+17.053, +9.187,+0.942
1685497860,+3.46,+17.095, +9.382,+0.942
1685497920,+3.46,+17.087, +9.462,+0.942
1685497980,+3.46,+17.112, +9.465,+0.942
1685498040,+3.46,+17.112, +9.516,+0.942
1685498100,+3.46,+16.432, +8.920,+0.940
1685498160,+3.46,+16.107, +8.766,+0.938
1685498220,+3.46,+15.414, +8.937,+0.938
1685498280,+3.46,+14.768, +8.963,+0.938
1685498340,+3.46,+14.239, +9.133,+0.939
1685498400,+3.46,+13.987, +9.249,+0.938
1685498460,+3.46,+13.778, +9.311,+0.939
1685498520,+3.47,+13.674, +9.387,+0.939
1685498580,+3.47,+13.935, +9.738,+0.943
1685498640,+3.46,+14.880, +9.636,+0.942
1685498700,+3.46,+15.482, +9.590,+0.942
1685498760,+3.46,+14.742, +9.002,+0.938
1685498820,+3.46,+13.935, +9.178,+0.938
1685498880,+3.46,+13.516, +9.301,+0.939
1685498940,+3.46,+13.227, +9.478,+0.939
1685499000,+3.46,+13.078, +9.547,+0.939
1685499060,+3.46,+12.999, +9.685,+0.940
1685499120,+3.46,+13.060, +9.673,+0.940
1685499180,+3.46,+13.368, +9.901,+0.942
1685499240,+3.46,+14.500, +9.781,+0.943
1685499300,+3.46,+15.173, +9.670,+0.943
1685499360,+3.46,+15.662, +9.605,+0.943
1685499420,+3.46,+15.996, +9.537,+0.942
1685499480,+3.46,+16.236, +9.517,+0.943
1685499540,+3.46,+16.415, +9.550,+0.943
1685499600,+3.46,+16.602, +9.556,+0.942
1685499660,+3.46,+16.721, +9.553,+0.942
1685499720,+3.46,+16.840, +9.526,+0.942
1685499780,+3.46,+16.993, +9.465,+0.942
1685499840,+3.46,+17.112, +9.412,+0.942
1685499900,+3.46,+17.189, +9.429,+0.942
1685499960,+3.46,+17.256, +9.366,+0.942
1685500020,+3.46,+17.375, +9.353,+0.942
1685500080,+3.46,+17.443, +9.413,+0.942
1685500140,+3.46,+17.485, +9.411,+0.942
1685500200,+3.46,+17.502, +9.403,+0.942
1685500260,+3.46,+17.494, +9.409,+0.942
1685500320,+3.46,+17.485, +9.419,+0.942
1685500380,+3.46,+17.477, +9.409,+0.942
1685500440,+3.46,+17.528, +9.265,+0.941
1685500500,+3.46,+17.070, +8.822,+0.939
1685500560,+3.46,+16.491, +9.103,+0.940
1685500620,+3.46,+16.534, +9.146,+0.941
1685500680,+3.46,+16.679, +9.195,+0.941
1685500740,+3.46,+16.874, +9.152,+0.940
1685500800,+3.46,+16.696, +9.185,+0.941
1685500860,+3.46,+16.687, +9.163,+0.941
1685500920,+3.46,+15.774, +8.780,+0.937
1685500980,+3.46,+15.138, +9.067,+0.939
1685501040,+3.46,+15.130, +9.207,+0.940
1685501100,+3.47,+14.863, +8.938,+0.938
1685501160,+3.46,+14.248, +9.192,+0.938
1685501220,+3.47,+13.996, +9.292,+0.938
1685501280,+3.47,+13.735, +9.380,+0.939
1685501340,+3.47,+13.639, +9.411,+0.939
1685501400,+3.47,+13.700, +9.403,+0.940
1685501460,+3.47,+13.770, +9.506,+0.941
1685501520,+3.47,+14.768, +9.680,+0.943
1685501580,+3.46,+15.491, +9.639,+0.943
1685501640,+3.47,+15.979, +9.601,+0.943
1685501700,+3.47,+16.372, +9.550,+0.942
1685501760,+3.46,+16.636, +9.577,+0.943
1685501820,+3.47,+16.857, +9.548,+0.942
1685501880,+3.47,+17.002, +9.516,+0.942
1685501940,+3.46,+17.061, +9.550,+0.942
1685502000,+3.46,+17.163, +9.525,+0.942
1685502060,+3.46,+17.248, +9.488,+0.942
1685502120,+3.47,+17.273, +9.462,+0.941
1685502180,+3.46,+17.307, +9.452,+0.942
1685502240,+3.46,+16.585, +8.869,+0.937
1685502300,+3.46,+15.577, +9.346,+0.940
1685502360,+3.46,+15.525, +9.414,+0.940
1685502420,+3.46,+15.405, +9.312,+0.939
1685502480,+3.47,+14.949, +9.309,+0.939
1685502540,+3.47,+14.569, +9.425,+0.939
1685502600,+3.46,+14.300, +9.511,+0.939
1685502660,+3.47,+14.170, +9.548,+0.940
1685502720,+3.47,+14.031, +9.578,+0.939
1685502780,+3.47,+14.066, +9.623,+0.940
1685502840,+3.46,+14.361, +9.666,+0.941
1685502900,+3.47,+15.113, +9.709,+0.942
1685502960,+3.47,+15.680, +9.679,+0.943
1685503020,+3.47,+16.167, +9.601,+0.942
1685503080,+3.46,+16.432, +9.551,+0.942
1685503140,+3.46,+16.543, +9.534,+0.942
1685503200,+3.47,+16.253, +8.901,+0.937
1685503260,+3.47,+15.268, +9.210,+0.939
1685503320,+3.47,+15.130, +9.378,+0.940
1685503380,+3.47,+15.070, +9.406,+0.940
1685503440,+3.47,+15.026, +9.423,+0.940
1685503500,+3.47,+14.923, +9.407,+0.940
1685503560,+3.47,+14.750, +9.395,+0.939
1685503620,+3.47,+14.603, +9.535,+0.940
1685503680,+3.47,+14.655, +9.524,+0.940
1685503740,+3.47,+14.750, +9.495,+0.940
1685503800,+3.47,+14.742, +9.354,+0.939
1685503860,+3.47,+14.465, +9.584,+0.940
1685503920,+3.47,+14.222, +9.630,+0.940
1685503980,+3.47,+14.074, +9.630,+0.940
1685504040,+3.47,+13.970, +9.637,+0.940
1685504100,+3.47,+13.935, +9.631,+0.940
1685504160,+3.47,+13.796, +9.659,+0.940
1685504220,+3.47,+13.831, +9.643,+0.940
1685504280,+3.47,+13.892, +9.659,+0.940
1685504340,+3.47,+14.066, +9.694,+0.941
1685504400,+3.47,+14.074, +9.435,+0.939
1685504460,+3.47,+13.490, +9.295,+0.939
1685504520,+3.47,+13.140, +9.356,+0.939
1685504580,+3.47,+12.902, +9.439,+0.939
1685504640,+3.47,+12.743, +9.529,+0.940
1685504700,+3.47,+12.664, +9.543,+0.940
1685504760,+3.47,+12.611, +9.557,+0.940
1685504820,+3.47,+12.620, +9.595,+0.940
1685504880,+3.47,+12.549, +9.607,+0.940
1685504940,+3.47,+12.532, +9.625,+0.940
1685505000,+3.47,+12.567, +9.602,+0.940
1685505060,+3.47,+12.708, +9.574,+0.940
1685505120,+3.47,+12.682, +9.579,+0.941
1685505180,+3.47,+12.673, +9.544,+0.940
1685505240,+3.47,+12.567, +9.614,+0.940
1685505300,+3.47,+12.372, +9.649,+0.941
1685505360,+3.47,+12.381, +9.642,+0.941
1685505420,+3.47,+12.319, +9.671,+0.941
1685505480,+3.47,+12.284, +9.684,+0.941
1685505540,+3.47,+12.319, +9.669,+0.941
1685505600,+3.47,+12.301, +9.652,+0.941
1685505660,+3.47,+12.328, +9.635,+0.941
1685505720,+3.47,+12.292, +9.658,+0.941
1685505780,+3.47,+12.275, +9.611,+0.941
1685505840,+3.47,+12.239, +9.582,+0.941
1685505900,+3.47,+12.177, +9.581,+0.940
1685505960,+3.47,+12.150, +9.587,+0.940
1685506020,+3.47,+12.168, +9.593,+0.942
1685506080,+3.47,+12.204, +9.563,+0.941
1685506140,+3.47,+12.141, +9.581,+0.941
1685506200,+3.47,+12.150, +9.579,+0.941
1685506260,+3.47,+12.177, +9.573,+0.941
1685506320,+3.47,+12.159, +9.588,+0.941
1685506380,+3.47,+12.186, +9.582,+0.941
1685506440,+3.47,+12.239, +9.547,+0.941
1685506500,+3.47,+12.133, +9.590,+0.941
1685506560,+3.47,+12.097, +9.596,+0.941
1685506620,+3.47,+12.079, +9.606,+0.941
1685506680,+3.47,+12.141, +9.573,+0.941
1685506740,+3.47,+12.115, +9.576,+0.941
1685506800,+3.47,+12.115, +9.562,+0.941
1685506860,+3.47,+12.115, +9.569,+0.941
1685506920,+3.47,+12.115, +9.568,+0.941
1685506980,+3.47,+12.088, +9.591,+0.941
1685507040,+3.47,+12.070, +9.611,+0.942
1685507100,+3.47,+12.133, +9.594,+0.941
1685507160,+3.47,+12.133, +9.599,+0.941
1685507220,+3.47,+12.150, +9.625,+0.941
1685507280,+3.47,+12.239, +9.637,+0.941
1685507340,+3.47,+12.248, +9.664,+0.942
1685507400,+3.47,+12.346, +9.642,+0.942
1685507460,+3.47,+12.381, +9.649,+0.942
1685507520,+3.47,+12.532, +9.617,+0.941
1685507580,+3.47,+12.602, +9.466,+0.941
1685507640,+3.47,+12.549, +9.555,+0.941
1685507700,+3.47,+12.408, +9.505,+0.941
1685507760,+3.47,+12.381, +9.487,+0.940
1685507820,+3.47,+12.381, +9.664,+0.941
1685507880,+3.47,+12.425, +9.768,+0.941
1685507940,+3.47,+12.416, +9.767,+0.941
1685508000,+3.47,+12.408, +9.746,+0.941
1685508060,+3.47,+12.354, +9.698,+0.941
1685508120,+3.47,+12.443, +9.665,+0.941
1685508180,+3.47,+12.646, +9.603,+0.941
1685508240,+3.47,+12.823, +9.667,+0.941
1685508300,+3.47,+12.840, +9.761,+0.941
1685508360,+3.47,+12.990,+10.080,+0.942
1685508420,+3.47,+13.104,+10.094,+0.942
1685508480,+3.47,+13.096, +9.981,+0.941
1685508540,+3.47,+13.140, +9.888,+0.941
1685508600,+3.47,+13.096, +9.897,+0.941
1685508660,+3.47,+13.069, +9.904,+0.942
1685508720,+3.47,+13.104, +9.883,+0.941
1685508780,+3.47,+13.131, +9.902,+0.942
1685508840,+3.47,+13.148, +9.897,+0.942
1685508900,+3.47,+13.219, +9.892,+0.942
1685508960,+3.47,+13.254, +9.900,+0.942
1685509020,+3.47,+13.612, +9.904,+0.942
1685509080,+3.47,+14.300, +9.730,+0.943
1685509140,+3.47,+15.026, +9.760,+0.944
1685509200,+3.46,+15.662, +9.760,+0.944
1685509260,+3.47,+16.056, +9.663,+0.943
1685509320,+3.47,+16.244, +9.636,+0.943
1685509380,+3.47,+16.440, +9.586,+0.942
1685509440,+3.47,+16.577, +9.526,+0.943
1685509500,+3.46,+16.662, +9.549,+0.943
1685509560,+3.47,+16.755, +9.546,+0.942
1685509620,+3.47,+15.808, +9.015,+0.938
1685509680,+3.47,+15.087, +9.266,+0.940
1685509740,+3.47,+14.794, +9.462,+0.939
1685509800,+3.47,+14.517, +9.458,+0.939
1685509860,+3.47,+14.274, +9.509,+0.939
1685509920,+3.47,+14.118, +9.642,+0.939
1685509980,+3.47,+13.961, +9.823,+0.940
1685510040,+3.47,+13.857, +9.944,+0.940
1685510100,+3.47,+13.787, +9.966,+0.940
1685510160,+3.47,+13.665, +9.987,+0.941
1685510220,+3.47,+13.560, +9.955,+0.941
1685510280,+3.47,+13.464, +9.970,+0.940
1685510340,+3.47,+13.516, +9.924,+0.940
1685510400,+3.47,+13.376, +9.895,+0.940
1685510460,+3.47,+13.131, +9.550,+0.939
1685510520,+3.47,+12.832, +9.720,+0.940
1685510580,+3.47,+12.708, +9.744,+0.940
1685510640,+3.47,+12.585, +9.814,+0.940
1685510700,+3.47,+12.425, +9.690,+0.939
1685510760,+3.47,+12.328, +9.644,+0.940
1685510820,+3.47,+12.319, +9.645,+0.940
1685510880,+3.47,+12.284, +9.653,+0.940
1685510940,+3.47,+12.186, +9.686,+0.941
1685511000,+3.47,+12.195, +9.656,+0.940
1685511060,+3.47,+12.106, +9.667,+0.940
1685511120,+3.47,+12.133, +9.644,+0.940
1685511180,+3.47,+12.133, +9.647,+0.941
1685511240,+3.47,+12.088, +9.706,+0.941
1685511300,+3.47,+12.106, +9.745,+0.941
1685511360,+3.47,+12.195, +9.739,+0.941
1685511420,+3.47,+12.124, +9.832,+0.942
1685511480,+3.47,+12.230, +9.869,+0.942
1685511540,+3.47,+12.319, +9.833,+0.941
1685511600,+3.47,+12.470, +9.839,+0.941
1685511660,+3.47,+12.576, +9.854,+0.942
1685511720,+3.47,+12.602, +9.697,+0.941
1685511780,+3.47,+12.319, +9.646,+0.941
1685511840,+3.47,+12.133, +9.514,+0.940
1685511900,+3.47,+11.964, +9.504,+0.940
1685511960,+3.47,+11.901, +9.518,+0.941
1685512020,+3.47,+11.821, +9.587,+0.941
1685512080,+3.47,+11.830, +9.587,+0.941
1685512140,+3.47,+11.803, +9.610,+0.941
1685512200,+3.47,+11.866, +9.590,+0.940
1685512260,+3.47,+11.812, +9.595,+0.941
1685512320,+3.47,+11.776, +9.587,+0.940
1685512380,+3.47,+11.750, +9.596,+0.941
1685512440,+3.47,+11.750, +9.584,+0.941
1685512500,+3.47,+11.750, +9.595,+0.941
1685512560,+3.47,+11.714, +9.548,+0.941
1685512620,+3.47,+11.642, +9.553,+0.941
1685512680,+3.47,+11.580, +9.530,+0.941
1685512740,+3.47,+11.490, +9.515,+0.941
1685512800,+3.47,+11.454, +9.502,+0.941
1685512860,+3.47,+11.383, +9.521,+0.941
1685512920,+3.47,+11.409, +9.511,+0.941
1685512980,+3.47,+11.383, +9.514,+0.941
1685513040,+3.47,+11.320, +9.534,+0.941
1685513100,+3.47,+11.347, +9.523,+0.940
1685513160,+3.47,+11.445, +9.503,+0.941
1685513220,+3.47,+11.445, +9.525,+0.941
1685513280,+3.47,+11.535, +9.521,+0.941
1685513340,+3.47,+11.598, +9.519,+0.941
1685513400,+3.47,+11.660, +9.543,+0.941
1685513460,+3.47,+11.776, +9.637,+0.941
1685513520,+3.47,+11.892, +9.755,+0.942
1685513580,+3.47,+11.937, +9.795,+0.942
1685513640,+3.47,+11.999, +9.830,+0.942
1685513700,+3.47,+11.990, +9.855,+0.942
1685513760,+3.47,+12.035, +9.811,+0.942
1685513820,+3.47,+12.026, +9.785,+0.941
1685513880,+3.47,+12.070, +9.838,+0.942
1685513940,+3.47,+12.079, +9.828,+0.942
1685514000,+3.47,+12.088, +9.764,+0.941
1685514060,+3.47,+11.999, +9.640,+0.941
1685514120,+3.47,+11.955, +9.629,+0.941
1685514180,+3.47,+11.901, +9.654,+0.941
1685514240,+3.47,+11.928, +9.649,+0.941
1685514300,+3.47,+11.892, +9.648,+0.941
1685514360,+3.47,+11.848, +9.648,+0.941
1685514420,+3.47,+11.794, +9.610,+0.940
1685514480,+3.47,+11.776, +9.604,+0.941
1685514540,+3.47,+11.812, +9.598,+0.941
1685514600,+3.47,+11.794, +9.647,+0.942
1685514660,+3.47,+11.901, +9.677,+0.941
1685514720,+3.47,+11.919, +9.744,+0.942
1685514780,+3.47,+11.946, +9.727,+0.941
1685514840,+3.47,+11.964, +9.703,+0.941
1685514900,+3.47,+12.044, +9.701,+0.941
1685514960,+3.47,+11.981, +9.722,+0.941
1685515020,+3.47,+12.053, +9.705,+0.942
1685515080,+3.47,+12.053, +9.683,+0.941
1685515140,+3.47,+11.999, +9.724,+0.941
1685515200,+3.47,+12.141, +9.706,+0.941
1685515260,+3.47,+12.213, +9.732,+0.941
1685515320,+3.47,+12.425, +9.799,+0.942
1685515380,+3.47,+13.140, +9.800,+0.943
1685515440,+3.47,+13.918, +9.751,+0.944
1685515500,+3.47,+14.491, +9.588,+0.943
1685515560,+3.47,+15.078, +9.752,+0.945
1685515620,+3.46,+15.491, +9.675,+0.943
1685515680,+3.47,+15.851, +9.643,+0.944
1685515740,+3.47,+16.073, +9.621,+0.943
1685515800,+3.46,+16.270, +9.639,+0.943
1685515860,+3.46,+16.398, +9.606,+0.943
1685515920,+3.47,+16.483, +9.592,+0.942
1685515980,+3.46,+16.534, +9.416,+0.941
1685516040,+3.47,+16.295, +9.398,+0.942
1685516100,+3.47,+16.167, +9.313,+0.940
1685516160,+3.47,+15.078, +8.828,+0.936
1685516220,+3.47,+13.961, +9.196,+0.938
1685516280,+3.47,+13.359, +9.406,+0.938
1685516340,+3.47,+13.025, +9.484,+0.938
1685516400,+3.47,+12.788, +9.525,+0.939
1685516460,+3.47,+12.593, +9.587,+0.939
1685516520,+3.47,+12.505, +9.702,+0.940
1685516580,+3.47,+12.796, +9.842,+0.941
1685516640,+3.47,+13.516, +9.791,+0.942
1685516700,+3.47,+14.370, +9.839,+0.943
1685516760,+3.47,+14.889, +9.681,+0.942
1685516820,+3.47,+15.336, +9.717,+0.943
1685516880,+3.47,+15.740, +9.645,+0.942
1685516940,+3.47,+15.928, +9.628,+0.943
1685517000,+3.47,+16.090, +9.619,+0.942
1685517060,+3.47,+16.278, +9.587,+0.942
1685517120,+3.47,+16.381, +9.612,+0.943
1685517180,+3.47,+16.449, +9.592,+0.942
1685517240,+3.46,+16.594, +9.564,+0.942
1685517300,+3.47,+16.525, +9.197,+0.939
1685517360,+3.47,+15.688, +9.227,+0.939
1685517420,+3.47,+15.431, +9.458,+0.941
1685517480,+3.47,+15.465, +9.392,+0.940
1685517540,+3.47,+15.482, +9.439,+0.940
1685517600,+3.47,+15.731, +9.499,+0.941
1685517660,+3.47,+15.885, +9.485,+0.941
1685517720,+3.47,+16.167, +9.500,+0.942
1685517780,+3.47,+16.346, +9.516,+0.941
1685517840,+3.47,+16.483, +9.527,+0.941
1685517900,+3.46,+16.585, +9.534,+0.942
1685517960,+3.47,+16.628, +9.555,+0.942
1685518020,+3.47,+16.721, +9.517,+0.941
1685518080,+3.46,+16.755, +9.535,+0.942
1685518140,+3.47,+16.815, +9.522,+0.941
1685518200,+3.47,+16.857, +9.526,+0.941
1685518260,+3.47,+16.823, +9.548,+0.941
1685518320,+3.47,+16.874, +9.538,+0.941
1685518380,+3.47,+16.942, +9.529,+0.942
1685518440,+3.47,+16.968, +9.519,+0.941
1685518500,+3.47,+16.968, +9.535,+0.942
1685518560,+3.47,+17.036, +9.524,+0.941
1685518620,+3.47,+17.070, +9.528,+0.942
1685518680,+3.47,+17.078, +9.524,+0.941
1685518740,+3.47,+17.061, +9.563,+0.942
1685518800,+3.47,+17.095, +9.573,+0.942
1685518860,+3.47,+17.070, +9.583,+0.941
1685518920,+3.47,+17.087, +9.585,+0.941
1685518980,+3.47,+17.053, +9.604,+0.942
1685519040,+3.47,+17.095, +9.593,+0.942
1685519100,+3.47,+17.138, +9.566,+0.941
1685519160,+3.47,+17.112, +9.572,+0.941
1685519220,+3.47,+17.095, +9.559,+0.941
1685519280,+3.47,+17.104, +9.554,+0.942
1685519340,+3.47,+17.121, +9.538,+0.941
1685519400,+3.47,+17.146, +9.524,+0.941
1685519460,+3.47,+17.112, +9.530,+0.941
1685519520,+3.47,+17.121, +9.540,+0.942
1685519580,+3.47,+17.197, +9.512,+0.942
1685519640,+3.47,+17.121, +9.539,+0.942
1685519700,+3.47,+17.163, +9.517,+0.942
1685519760,+3.47,+17.163, +9.514,+0.941
1685519820,+3.47,+17.180, +9.512,+0.942
1685519880,+3.47,+17.155, +9.540,+0.941
1685519940,+3.47,+17.138, +9.559,+0.941
1685520000,+3.47,+17.180, +9.553,+0.942
1685520060,+3.47,+17.163, +9.557,+0.942
1685520120,+3.47,+17.129, +9.562,+0.941
1685520180,+3.47,+17.214, +9.533,+0.941
1685520240,+3.47,+17.172, +9.554,+0.942
1685520300,+3.47,+17.248, +9.512,+0.942
1685520360,+3.47,+17.146, +9.527,+0.941
1685520420,+3.47,+17.155, +9.534,+0.942
1685520480,+3.47,+17.189, +9.516,+0.941
1685520540,+3.47,+17.197, +9.512,+0.941
1685520600,+3.47,+17.155, +9.542,+0.941
1685520660,+3.47,+17.222, +9.540,+0.941
1685520720,+3.47,+17.197, +9.564,+0.942
1685520780,+3.47,+17.248, +9.528,+0.941
1685520840,+3.47,+17.282, +9.554,+0.942
1685520900,+3.47,+17.206, +9.563,+0.942
1685520960,+3.47,+17.231, +9.544,+0.942
1685521020,+3.47,+17.231, +9.567,+0.942
1685521080,+3.47,+17.189, +9.606,+0.942
1685521140,+3.47,+17.282, +9.546,+0.941
1685521200,+3.47,+17.290, +9.540,+0.942
1685521260,+3.47,+17.239, +9.547,+0.942
1685521320,+3.47,+17.239, +9.542,+0.941
1685521380,+3.47,+17.265, +9.532,+0.941
1685521440,+3.47,+17.273, +9.529,+0.942
1685521500,+3.47,+17.256, +9.513,+0.941
1685521560,+3.47,+17.265, +9.526,+0.941
1685521620,+3.47,+17.316, +9.531,+0.942
1685521680,+3.47,+17.282, +9.549,+0.942
1685521740,+3.47,+17.256, +9.521,+0.941
1685521800,+3.47,+17.282, +9.482,+0.941
1685521860,+3.47,+17.316, +9.448,+0.941
1685521920,+3.47,+17.256, +9.434,+0.942
1685521980,+3.47,+17.282, +9.405,+0.942
1685522040,+3.47,+17.273, +9.399,+0.941
1685522100,+3.47,+17.290, +9.385,+0.941
1685522160,+3.47,+17.341, +9.385,+0.942
1685522220,+3.47,+17.265, +9.417,+0.941
1685522280,+3.47,+17.299, +9.431,+0.942
1685522340,+3.47,+17.375, +9.419,+0.942
1685522400,+3.47,+17.350, +9.443,+0.942
1685522460,+3.47,+17.350, +9.439,+0.942
1685522520,+3.47,+17.316, +9.458,+0.941
1685522580,+3.47,+17.375, +9.446,+0.941
1685522640,+3.47,+17.333, +9.482,+0.942
1685522700,+3.47,+17.316, +9.144,+0.939
1685522760,+3.47,+16.764, +9.343,+0.940
1685522820,+3.47,+16.900, +9.469,+0.941
1685522880,+3.47,+17.061, +9.508,+0.942
1685522940,+3.47,+17.112, +9.504,+0.942
1685523000,+3.47,+17.138, +9.515,+0.941
1685523060,+3.47,+17.172, +9.490,+0.941
1685523120,+3.47,+17.146, +9.459,+0.941
1685523180,+3.47,+17.070, +9.463,+0.942
1685523240,+3.47,+17.036, +9.432,+0.941
1685523300,+3.47,+16.993, +9.428,+0.941
1685523360,+3.47,+16.968, +9.448,+0.941
1685523420,+3.47,+16.227, +9.303,+0.940
1685523480,+3.47,+16.193, +9.378,+0.940
1685523540,+3.47,+16.304, +9.440,+0.941
1685523600,+3.47,+16.346, +9.437,+0.941
1685523660,+3.47,+16.457, +9.459,+0.941
1685523720,+3.47,+15.954, +9.323,+0.940
1685523780,+3.47,+15.722, +9.386,+0.940
1685523840,+3.47,+15.534, +9.354,+0.940
1685523900,+3.47,+15.662, +9.485,+0.941
1685523960,+3.47,+14.992, +8.929,+0.936
1685524020,+3.47,+13.926, +9.137,+0.937
1685524080,+3.47,+13.175, +9.174,+0.937
1685524140,+3.47,+12.699, +9.248,+0.938
1685524200,+3.47,+12.425, +9.321,+0.937
1685524260,+3.47,+12.150, +9.384,+0.938
1685524320,+3.47,+11.999, +9.430,+0.939
1685524380,+3.47,+11.848, +9.448,+0.939
1685524440,+3.47,+11.785, +9.459,+0.939
1685524500,+3.47,+11.696, +9.494,+0.939
1685524560,+3.47,+11.669, +9.487,+0.939
1685524620,+3.47,+11.598, +9.556,+0.940
1685524680,+3.47,+11.642, +9.583,+0.940
1685524740,+3.47,+11.660, +9.604,+0.940
1685524800,+3.47,+11.624, +9.622,+0.940
1685524860,+3.47,+11.633, +9.641,+0.940
1685524920,+3.47,+11.696, +9.664,+0.941
1685524980,+3.47,+11.633, +9.676,+0.941
1685525040,+3.47,+11.687, +9.727,+0.941
1685525100,+3.47,+11.776, +9.729,+0.941
1685525160,+3.47,+11.883, +9.771,+0.941
1685525220,+3.47,+11.874, +9.790,+0.941
1685525280,+3.47,+11.910, +9.820,+0.941
1685525340,+3.47,+11.972, +9.831,+0.941
1685525400,+3.47,+11.999, +9.819,+0.941
1685525460,+3.47,+12.035, +9.826,+0.941
1685525520,+3.47,+12.097, +9.831,+0.941
1685525580,+3.47,+12.150, +9.830,+0.942
1685525640,+3.47,+12.204, +9.822,+0.941
1685525700,+3.47,+12.284, +9.832,+0.941
1685525760,+3.47,+12.284, +9.850,+0.941
1685525820,+3.47,+12.337, +9.812,+0.941
1685525880,+3.47,+12.275, +9.885,+0.941
1685525940,+3.47,+12.168,+10.065,+0.941
1685526000,+3.47,+12.124,+10.119,+0.941
1685526060,+3.47,+12.133,+10.105,+0.941
1685526120,+3.47,+12.150,+10.079,+0.941
1685526180,+3.47,+12.088,+10.084,+0.941
1685526240,+3.47,+12.088,+10.073,+0.941
1685526300,+3.47,+12.053,+10.080,+0.941
1685526360,+3.47,+12.070,+10.066,+0.942
1685526420,+3.47,+12.070,+10.042,+0.941
1685526480,+3.47,+12.017,+10.026,+0.941
1685526540,+3.47,+12.053,+10.030,+0.941
1685526600,+3.47,+12.017,+10.033,+0.941
1685526660,+3.47,+11.964,+10.061,+0.941
1685526720,+3.47,+11.901,+10.084,+0.941
1685526780,+3.47,+11.901,+10.080,+0.941
1685526840,+3.47,+11.848,+10.091,+0.941
1685526900,+3.47,+11.839,+10.069,+0.941
1685526960,+3.47,+11.794,+10.061,+0.941
1685527020,+3.47,+11.750,+10.054,+0.941
1685527080,+3.47,+11.678,+10.075,+0.941
1685527140,+3.47,+11.660,+10.068,+0.941
1685527200,+3.47,+11.696,+10.058,+0.942
1685527260,+3.47,+11.741,+10.019,+0.941
1685527320,+3.47,+11.660,+10.030,+0.942
1685527380,+3.47,+11.615, +9.999,+0.941
1685527440,+3.47,+11.544,+10.005,+0.942
1685527500,+3.47,+11.517,+10.001,+0.941
1685527560,+3.47,+11.499, +9.988,+0.941
1685527620,+3.47,+11.526, +9.990,+0.942
1685527680,+3.47,+11.508, +9.977,+0.941
1685527740,+3.47,+11.391, +9.974,+0.941
1685527800,+3.47,+11.374, +9.932,+0.941
1685527860,+3.47,+11.365, +9.919,+0.941
1685527920,+3.47,+11.329, +9.905,+0.941
1685527980,+3.47,+11.257, +9.917,+0.942
1685528040,+3.47,+11.257, +9.882,+0.941
1685528100,+3.47,+11.194, +9.814,+0.941
1685528160,+3.47,+11.068, +9.802,+0.941
1685528220,+3.47,+10.960, +9.759,+0.941
1685528280,+3.47,+10.851, +9.727,+0.941
1685528340,+3.47,+10.833, +9.705,+0.941
1685528400,+3.47,+10.734, +9.699,+0.940
1685528460,+3.47,+10.670, +9.732,+0.941
1685528520,+3.47,+10.616, +9.753,+0.941
1685528580,+3.47,+10.598, +9.769,+0.941
1685528640,+3.47,+10.579, +9.781,+0.941
1685528700,+3.47,+10.616, +9.768,+0.941
1685528760,+3.47,+10.616, +9.763,+0.941
1685528820,+3.47,+10.579, +9.771,+0.941
1685528880,+3.47,+10.589, +9.766,+0.941
1685528940,+3.47,+10.516, +9.790,+0.941
1685529000,+3.47,+10.561, +9.770,+0.941
1685529060,+3.47,+10.579, +9.760,+0.941
1685529120,+3.47,+10.561, +9.760,+0.941
1685529180,+3.47,+10.507, +9.784,+0.942
1685529240,+3.47,+10.543, +9.766,+0.941
1685529300,+3.47,+10.543, +9.766,+0.941
1685529360,+3.47,+10.552, +9.771,+0.942
1685529420,+3.47,+10.480, +9.795,+0.941
1685529480,+3.47,+10.552, +9.757,+0.941
1685529540,+3.47,+10.570, +9.755,+0.942
1685529600,+3.47,+10.480, +9.789,+0.942
1685529660,+3.47,+10.498, +9.773,+0.941
1685529720,+3.47,+10.534, +9.753,+0.941
1685529780,+3.47,+10.498, +9.779,+0.942
1685529840,+3.47,+10.498, +9.808,+0.942
1685529900,+3.47,+10.552, +9.810,+0.942
1685529960,+3.47,+10.589, +9.835,+0.942
1685530020,+3.47,+10.652, +9.827,+0.941
1685530080,+3.47,+10.589, +9.852,+0.941
1685530140,+3.47,+10.598, +9.828,+0.941
1685530200,+3.47,+10.589, +9.824,+0.942
1685530260,+3.47,+10.579, +9.809,+0.942
1685530320,+3.47,+10.516, +9.824,+0.941
1685530380,+3.47,+10.498, +9.826,+0.941
1685530440,+3.47,+10.543, +9.824,+0.941
1685530500,+3.47,+10.552, +9.833,+0.941
1685530560,+3.47,+10.598, +9.862,+0.942
1685530620,+3.47,+10.706, +9.939,+0.942
1685530680,+3.47,+10.960,+10.085,+0.943
1685530740,+3.47,+11.149,+10.145,+0.943
1685530800,+3.47,+11.418,+10.188,+0.943
1685530860,+3.47,+11.517,+10.183,+0.942
1685530920,+3.47,+11.758,+10.271,+0.943
1685530980,+3.47,+12.088,+10.269,+0.943
1685531040,+3.47,+12.390,+10.171,+0.944
1685531100,+3.47,+12.682,+10.155,+0.944
1685531160,+3.47,+13.104,+10.039,+0.943
1685531220,+3.47,+13.315, +9.927,+0.943
1685531280,+3.47,+13.525,+10.009,+0.943
1685531340,+3.47,+13.900,+10.181,+0.944
1685531400,+3.47,+14.724,+10.308,+0.945
1685531460,+3.47,+15.448,+10.376,+0.946
1685531520,+3.47,+15.842,+10.308,+0.945
1685531580,+3.47,+16.184,+10.248,+0.945
1685531640,+3.47,+16.381,+10.234,+0.944
1685531700,+3.47,+15.945, +9.718,+0.941
1685531760,+3.47,+16.039, +9.924,+0.942
1685531820,+3.47,+15.791, +9.946,+0.942
1685531880,+3.47,+14.983, +9.569,+0.939
1685531940,+3.47,+14.283, +9.650,+0.939
1685532000,+3.47,+13.770, +9.678,+0.939
1685532060,+3.47,+13.341, +9.841,+0.940
1685532120,+3.47,+13.271, +9.875,+0.940
1685532180,+3.47,+13.280, +9.947,+0.940
1685532240,+3.47,+13.926,+10.272,+0.943
1685532300,+3.47,+14.845,+10.363,+0.944
1685532360,+3.47,+15.465,+10.271,+0.944
1685532420,+3.47,+15.971,+10.216,+0.943
1685532480,+3.47,+16.261,+10.179,+0.944
1685532540,+3.47,+16.560,+10.105,+0.943
1685532600,+3.47,+16.823,+10.051,+0.943
1685532660,+3.47,+16.883,+10.046,+0.944
1685532720,+3.47,+17.095, +9.953,+0.943
1685532780,+3.47,+17.206, +9.944,+0.943
1685532840,+3.47,+17.316, +9.887,+0.943
1685532900,+3.47,+17.409, +9.889,+0.943
1685532960,+3.47,+17.434, +9.883,+0.943
1685533020,+3.47,+17.426, +9.884,+0.942
1685533080,+3.47,+17.477, +9.859,+0.942
1685533140,+3.47,+17.231, +9.775,+0.942
1685533200,+3.47,+17.180, +9.832,+0.942
1685533260,+3.47,+16.993, +9.808,+0.941
1685533320,+3.47,+17.002, +9.856,+0.942
1685533380,+3.47,+17.070, +9.841,+0.942
1685533440,+3.47,+17.087, +9.829,+0.942
1685533500,+3.47,+17.146, +9.809,+0.941
1685533560,+3.47,+17.197, +9.807,+0.942
1685533620,+3.47,+17.222, +9.786,+0.942
1685533680,+3.47,+17.265, +9.762,+0.942
1685533740,+3.47,+17.239, +9.788,+0.942
1685533800,+3.47,+17.273, +9.796,+0.942
1685533860,+3.47,+17.273, +9.829,+0.942
1685533920,+3.47,+17.358, +9.818,+0.942
1685533980,+3.47,+17.375, +9.835,+0.942
1685534040,+3.47,+17.384, +9.857,+0.942
1685534100,+3.47,+17.417, +9.852,+0.942
1685534160,+3.47,+17.477, +9.843,+0.942
1685534220,+3.47,+17.443, +9.860,+0.942
1685534280,+3.47,+17.477, +9.866,+0.943
1685534340,+3.47,+17.468, +9.863,+0.942
1685534400,+3.47,+17.434, +9.870,+0.942
1685534460,+3.47,+17.544, +9.842,+0.942
1685534520,+3.47,+17.502, +9.857,+0.942
1685534580,+3.47,+17.511, +9.846,+0.942
1685534640,+3.47,+17.561, +9.835,+0.942
1685534700,+3.47,+17.544, +9.822,+0.942
1685534760,+3.47,+17.544, +9.813,+0.942
1685534820,+3.47,+17.536, +9.826,+0.942
1685534880,+3.47,+16.968, +9.648,+0.941
1685534940,+3.47,+16.713, +9.818,+0.941
1685535000,+3.47,+16.917, +9.863,+0.942
1685535060,+3.47,+17.078, +9.814,+0.943
1685535120,+3.47,+17.129, +9.763,+0.942
1685535180,+3.47,+17.138, +9.766,+0.942
1685535240,+3.47,+17.112, +9.783,+0.942
1685535300,+3.47,+17.189, +9.772,+0.942
1685535360,+3.47,+17.256, +9.728,+0.941
1685535420,+3.47,+17.256, +9.794,+0.942
1685535480,+3.47,+17.299, +9.785,+0.942
1685535540,+3.47,+17.299, +9.832,+0.942
1685535600,+3.47,+17.324, +9.807,+0.942
1685535660,+3.47,+17.392, +9.826,+0.942
1685535720,+3.47,+17.400, +9.799,+0.942
1685535780,+3.47,+17.358, +9.788,+0.942
1685535840,+3.47,+17.384, +9.770,+0.942
1685535900,+3.47,+17.307, +9.794,+0.942
1685535960,+3.47,+17.290, +9.782,+0.942
1685536020,+3.47,+17.333, +9.777,+0.942
1685536080,+3.47,+17.290, +9.779,+0.942
1685536140,+3.47,+17.316, +9.756,+0.941
1685536200,+3.47,+17.307, +9.762,+0.942
1685536260,+3.47,+17.350, +9.742,+0.942
1685536320,+3.47,+17.375, +9.722,+0.942
1685536380,+3.47,+17.333, +9.726,+0.942
1685536440,+3.47,+17.282, +9.712,+0.941
1685536500,+3.47,+17.375, +9.663,+0.942
1685536560,+3.47,+17.384, +9.600,+0.942
1685536620,+3.47,+17.180, +9.444,+0.939
1685536680,+3.47,+16.747, +9.705,+0.941
1685536740,+3.47,+16.781, +9.829,+0.942
1685536800,+3.47,+16.951, +9.782,+0.942
1685536860,+3.47,+16.976, +9.765,+0.942
1685536920,+3.47,+17.002, +9.773,+0.943
1685536980,+3.47,+17.070, +9.746,+0.942
1685537040,+3.47,+17.121, +9.746,+0.943
1685537100,+3.47,+17.163, +9.715,+0.942
1685537160,+3.47,+17.239, +9.683,+0.941
1685537220,+3.47,+17.239, +9.712,+0.942
1685537280,+3.47,+17.265, +9.719,+0.942
1685537340,+3.47,+17.350, +9.694,+0.942
1685537400,+3.47,+17.358, +9.714,+0.942
1685537460,+3.47,+17.358, +9.762,+0.943
1685537520,+3.47,+17.367, +9.780,+0.943
1685537580,+3.47,+17.358, +9.782,+0.942
