7450-798456
OS REV: 1.03 Sensor Cal: 1539277937
Time (sec),  BV (Volts),  T (deg C),  DO (mg/l),  Q ()
1683982440,+3.45, +9.638,+10.466,+0.944
1683982500,+3.45, +9.666,+10.468,+0.944
1683982560,+3.45, +9.712,+10.491,+0.944
1683982620,+3.45, +9.831,+10.477,+0.944
1683982680,+3.45, +9.804,+10.473,+0.943
1683982740,+3.45, +9.795,+10.471,+0.943
1683982800,+3.45, +9.730,+10.493,+0.944
1683982860,+3.45, +9.739,+10.495,+0.944
1683982920,+3.45, +9.675,+10.510,+0.943
1683982980,+3.45, +9.592,+10.495,+0.943
1683983040,+3.45, +9.555,+10.332,+0.943
1683983100,+3.45, +9.334,+10.244,+0.942
1683983160,+3.45, +9.102,+10.329,+0.943
1683983220,+3.45, +9.019,+10.348,+0.943
1683983280,+3.45, +8.982,+10.364,+0.943
1683983340,+3.45, +8.926,+10.373,+0.943
1683983400,+3.45, +8.935,+10.357,+0.943
1683983460,+3.45, +8.861,+10.381,+0.943
1683983520,+3.45, +8.795,+10.411,+0.943
1683983580,+3.45, +8.833,+10.384,+0.943
1683983640,+3.45, +8.833,+10.406,+0.944
1683983700,+3.45, +8.833,+10.389,+0.943
1683983760,+3.45, +8.777,+10.428,+0.943
1683983820,+3.45, +8.814,+10.461,+0.943
1683983880,+3.45, +8.805,+10.463,+0.943
1683983940,+3.45, +8.795,+10.476,+0.943
1683984000,+3.45, +8.814,+10.461,+0.943
1683984060,+3.45, +8.833,+10.476,+0.944
1683984120,+3.45, +8.963,+10.414,+0.943
1683984180,+3.45, +8.944,+10.470,+0.944
1683984240,+3.45, +9.140,+10.522,+0.944
1683984300,+3.45, +9.204,+10.451,+0.943
1683984360,+3.45, +9.232,+10.464,+0.944
1683984420,+3.45, +9.334,+10.555,+0.944
1683984480,+3.45, +9.509,+10.507,+0.944
1683984540,+3.45, +9.352,+10.332,+0.943
1683984600,+3.45, +9.167,+10.359,+0.943
1683984660,+3.45, +9.112,+10.372,+0.943
1683984720,+3.45, +9.167,+10.444,+0.944
1683984780,+3.45, +9.084,+10.362,+0.943
1683984840,+3.45, +9.112,+10.340,+0.943
1683984900,+3.45, +8.991,+10.434,+0.944
1683984960,+3.45, +9.167,+10.417,+0.944
1683985020,+3.45, +9.195,+10.415,+0.944
1683985080,+3.45, +9.204,+10.426,+0.944
1683985140,+3.45, +9.214,+10.411,+0.943
1683985200,+3.45, +9.288,+10.416,+0.944
1683985260,+3.45, +9.288,+10.421,+0.943
1683985320,+3.45, +9.325,+10.428,+0.944
1683985380,+3.45, +9.325,+10.453,+0.944
1683985440,+3.45, +9.408,+10.426,+0.943
1683985500,+3.45, +9.352,+10.467,+0.944
1683985560,+3.45, +9.417,+10.427,+0.943
1683985620,+3.45, +9.352,+10.396,+0.943
1683985680,+3.45, +9.278,+10.395,+0.943
1683985740,+3.45, +9.278,+10.410,+0.943
1683985800,+3.45, +9.306,+10.426,+0.944
1683985860,+3.45, +9.306,+10.425,+0.943
1683985920,+3.45, +9.278,+10.432,+0.943
1683985980,+3.45, +9.288,+10.416,+0.943
1683986040,+3.45, +9.269,+10.440,+0.944
1683986100,+3.45, +9.297,+10.442,+0.943
1683986160,+3.45, +9.315,+10.473,+0.943
1683986220,+3.45, +9.371,+10.478,+0.944
1683986280,+3.45, +9.436,+10.472,+0.943
1683986340,+3.45, +9.473,+10.453,+0.944
1683986400,+3.45, +9.389,+10.438,+0.944
1683986460,+3.45, +9.343,+10.443,+0.943
1683986520,+3.45, +9.371,+10.436,+0.943
1683986580,+3.45, +9.389,+10.409,+0.943
1683986640,+3.45, +9.269,+10.406,+0.943
1683986700,+3.45, +9.315,+10.327,+0.943
1683986760,+3.45, +9.214,+10.340,+0.943
1683986820,+3.45, +9.167,+10.350,+0.943
1683986880,+3.45, +9.102,+10.380,+0.943
1683986940,+3.45, +9.149,+10.387,+0.944
1683987000,+3.45, +9.130,+10.394,+0.944
1683987060,+3.45, +9.167,+10.393,+0.943
1683987120,+3.45, +9.241,+10.392,+0.944
1683987180,+3.45, +9.241,+10.423,+0.943
1683987240,+3.45, +9.251,+10.453,+0.944
1683987300,+3.45, +9.288,+10.484,+0.944
1683987360,+3.45, +9.362,+10.472,+0.943
1683987420,+3.45, +9.371,+10.478,+0.943
1683987480,+3.45, +9.417,+10.486,+0.944
1683987540,+3.45, +9.445,+10.522,+0.944
1683987600,+3.45, +9.509,+10.512,+0.944
1683987660,+3.45, +9.528,+10.586,+0.944
1683987720,+3.45, +9.574,+10.565,+0.944
1683987780,+3.45, +9.519,+10.402,+0.943
1683987840,+3.45, +9.380,+10.265,+0.943
1683987900,+3.45, +9.195,+10.260,+0.943
1683987960,+3.45, +9.112,+10.279,+0.942
1683988020,+3.45, +9.028,+10.322,+0.943
1683988080,+3.45, +8.954,+10.334,+0.943
1683988140,+3.45, +8.963,+10.327,+0.943
1683988200,+3.45, +8.991,+10.296,+0.943
1683988260,+3.45, +8.926,+10.330,+0.943
1683988320,+3.45, +8.907,+10.337,+0.943
1683988380,+3.45, +8.907,+10.328,+0.943
1683988440,+3.45, +8.917,+10.343,+0.944
1683988500,+3.45, +8.963,+10.325,+0.943
1683988560,+3.45, +9.056,+10.313,+0.943
1683988620,+3.45, +9.047,+10.296,+0.943
1683988680,+3.45, +9.028,+10.316,+0.944
1683988740,+3.45, +8.991,+10.338,+0.944
1683988800,+3.45, +8.944,+10.345,+0.943
1683988860,+3.45, +8.926,+10.343,+0.943
1683988920,+3.45, +8.917,+10.346,+0.943
1683988980,+3.45, +8.907,+10.334,+0.943
1683989040,+3.45, +8.842,+10.350,+0.944
1683989100,+3.45, +8.805,+10.318,+0.943
1683989160,+3.45, +8.758,+10.305,+0.943
1683989220,+3.45, +8.711,+10.325,+0.944
1683989280,+3.45, +8.693,+10.299,+0.943
1683989340,+3.45, +8.711,+10.296,+0.943
1683989400,+3.45, +8.674,+10.302,+0.943
1683989460,+3.45, +8.665,+10.288,+0.943
1683989520,+3.45, +8.674,+10.291,+0.943
1683989580,+3.45, +8.683,+10.280,+0.943
1683989640,+3.45, +8.674,+10.283,+0.943
1683989700,+3.45, +8.674,+10.269,+0.943
1683989760,+3.45, +8.693,+10.267,+0.943
1683989820,+3.45, +8.655,+10.281,+0.943
1683989880,+3.45, +8.637,+10.284,+0.943
1683989940,+3.45, +8.683,+10.271,+0.943
1683990000,+3.45, +8.581,+10.309,+0.943
1683990060,+3.45, +8.655,+10.271,+0.943
1683990120,+3.45, +8.665,+10.269,+0.944
1683990180,+3.45, +8.590,+10.288,+0.943
1683990240,+3.45, +8.627,+10.274,+0.943
1683990300,+3.45, +8.665,+10.271,+0.943
1683990360,+3.45, +8.609,+10.290,+0.943
1683990420,+3.45, +8.655,+10.279,+0.943
1683990480,+3.45, +8.655,+10.271,+0.943
1683990540,+3.45, +8.749,+10.235,+0.943
1683990600,+3.45, +8.646,+10.274,+0.943
1683990660,+3.45, +8.627,+10.277,+0.943
1683990720,+3.45, +8.627,+10.256,+0.943
1683990780,+3.45, +8.618,+10.261,+0.943
1683990840,+3.45, +8.637,+10.244,+0.943
1683990900,+3.45, +8.627,+10.242,+0.943
1683990960,+3.45, +8.562,+10.261,+0.943
1683991020,+3.45, +8.581,+10.241,+0.943
1683991080,+3.45, +8.515,+10.271,+0.943
1683991140,+3.45, +8.534,+10.264,+0.944
1683991200,+3.45, +8.496,+10.258,+0.943
1683991260,+3.45, +8.562,+10.245,+0.943
1683991320,+3.45, +8.571,+10.222,+0.943
1683991380,+3.45, +8.552,+10.231,+0.943
1683991440,+3.45, +8.506,+10.261,+0.943
1683991500,+3.45, +8.515,+10.213,+0.943
1683991560,+3.45, +8.449,+10.226,+0.943
1683991620,+3.45, +8.468,+10.170,+0.943
1683991680,+3.45, +8.449,+10.177,+0.943
1683991740,+3.45, +8.449,+10.155,+0.943
1683991800,+3.45, +8.402,+10.160,+0.943
1683991860,+3.45, +8.440,+10.140,+0.943
1683991920,+3.45, +8.440,+10.137,+0.943
1683991980,+3.45, +8.431,+10.171,+0.943
1683992040,+3.45, +8.459,+10.205,+0.943
1683992100,+3.45, +8.478,+10.203,+0.943
1683992160,+3.45, +8.496,+10.197,+0.943
1683992220,+3.45, +8.478,+10.213,+0.943
1683992280,+3.45, +8.356,+10.280,+0.943
1683992340,+3.45, +8.393,+10.264,+0.944
1683992400,+3.45, +8.440,+10.228,+0.943
1683992460,+3.45, +8.412,+10.224,+0.943
1683992520,+3.45, +8.384,+10.217,+0.943
1683992580,+3.45, +8.393,+10.212,+0.944
1683992640,+3.45, +8.402,+10.186,+0.943
1683992700,+3.45, +8.393,+10.190,+0.943
1683992760,+3.45, +8.402,+10.178,+0.943
1683992820,+3.45, +8.393,+10.172,+0.943
1683992880,+3.45, +8.384,+10.185,+0.944
1683992940,+3.45, +8.431,+10.157,+0.943
1683993000,+3.45, +8.487,+10.136,+0.943
1683993060,+3.45, +8.431,+10.169,+0.943
1683993120,+3.45, +8.431,+10.156,+0.943
1683993180,+3.45, +8.440,+10.161,+0.943
1683993240,+3.45, +8.384,+10.187,+0.943
1683993300,+3.45, +8.440,+10.169,+0.943
1683993360,+3.45, +8.431,+10.182,+0.943
1683993420,+3.45, +8.440,+10.180,+0.943
1683993480,+3.45, +8.468,+10.196,+0.943
1683993540,+3.45, +8.449,+10.245,+0.944
1683993600,+3.45, +8.496,+10.228,+0.943
1683993660,+3.45, +8.534,+10.229,+0.943
1683993720,+3.45, +8.618,+10.188,+0.943
1683993780,+3.45, +8.749,+10.441,+0.945
1683993840,+3.45, +9.417,+10.699,+0.946
1683993900,+3.45, +9.822,+10.665,+0.945
1683993960,+3.45,+10.206,+10.714,+0.945
1683994020,+3.45,+10.561,+10.727,+0.945
1683994080,+3.45,+10.461,+10.058,+0.941
1683994140,+3.45, +9.629, +9.931,+0.942
1683994200,+3.45, +9.195,+10.013,+0.942
1683994260,+3.45, +8.972,+10.093,+0.942
1683994320,+3.45, +8.879,+10.126,+0.943
1683994380,+3.45, +8.730,+10.131,+0.942
1683994440,+3.45, +8.618,+10.179,+0.943
1683994500,+3.45, +8.730,+10.159,+0.943
1683994560,+3.45, +9.047,+10.644,+0.946
1683994620,+3.45, +9.721,+10.897,+0.946
1683994680,+3.45,+10.498,+11.014,+0.946
1683994740,+3.45,+10.869,+11.002,+0.946
1683994800,+3.45,+11.266,+11.094,+0.947
1683994860,+3.45,+11.481,+11.044,+0.946
1683994920,+3.45,+11.624,+11.000,+0.946
1683994980,+3.45,+11.705,+10.632,+0.943
1683995040,+3.45,+10.643,+10.326,+0.942
1683995100,+3.45,+10.097,+10.512,+0.944
1683995160,+3.45,+10.552,+10.766,+0.945
1683995220,+3.45,+11.086,+10.887,+0.945
1683995280,+3.45,+11.176,+10.704,+0.944
1683995340,+3.45,+11.086,+10.627,+0.944
1683995400,+3.45,+10.905,+10.508,+0.943
1683995460,+3.45,+10.288, +9.955,+0.941
1683995520,+3.45, +9.785,+10.010,+0.942
1683995580,+3.45, +9.620,+10.025,+0.941
1683995640,+3.45, +9.334, +9.971,+0.941
1683995700,+3.45, +9.130, +9.982,+0.941
1683995760,+3.45, +8.963,+10.051,+0.942
1683995820,+3.45, +8.823,+10.109,+0.942
1683995880,+3.45, +8.711,+10.212,+0.942
1683995940,+3.45, +8.674,+10.260,+0.942
1683996000,+3.45, +8.646,+10.271,+0.942
1683996060,+3.45, +8.646,+10.289,+0.943
1683996120,+3.45, +8.627,+10.296,+0.943
1683996180,+3.45, +8.571,+10.309,+0.943
1683996240,+3.45, +8.627,+10.270,+0.942
1683996300,+3.45, +8.637,+10.255,+0.942
1683996360,+3.45, +8.590,+10.260,+0.942
1683996420,+3.45, +8.599,+10.244,+0.943
1683996480,+3.45, +8.552,+10.236,+0.943
1683996540,+3.45, +8.609,+10.217,+0.943
1683996600,+3.45, +8.543,+10.258,+0.943
1683996660,+3.45, +8.571,+10.249,+0.943
1683996720,+3.45, +8.599,+10.232,+0.943
1683996780,+3.45, +8.655,+10.249,+0.943
1683996840,+3.45, +8.917,+10.409,+0.945
1683996900,+3.45, +9.509,+10.522,+0.946
1683996960,+3.45,+10.005,+10.586,+0.946
1683997020,+3.45,+10.416,+10.607,+0.945
1683997080,+3.45,+10.670,+10.686,+0.945
1683997140,+3.45,+10.969,+10.685,+0.945
1683997200,+3.45,+11.230,+10.739,+0.945
1683997260,+3.45,+11.383,+10.779,+0.945
1683997320,+3.45,+11.490,+10.791,+0.945
1683997380,+3.45,+11.633,+10.754,+0.944
1683997440,+3.45,+11.687,+10.757,+0.944
1683997500,+3.45,+11.741,+10.767,+0.945
1683997560,+3.45,+11.767,+10.828,+0.945
1683997620,+3.45,+11.848,+10.845,+0.945
1683997680,+3.45,+11.901,+10.836,+0.944
1683997740,+3.45,+11.910,+10.833,+0.944
1683997800,+3.45,+11.866,+10.839,+0.944
1683997860,+3.45,+11.955,+10.815,+0.944
1683997920,+3.45,+11.194, +9.664,+0.939
1683997980,+3.45,+10.197, +9.767,+0.940
1683998040,+3.45, +9.831, +9.933,+0.941
1683998100,+3.45, +9.602, +9.999,+0.941
1683998160,+3.45, +9.380,+10.005,+0.941
1683998220,+3.45, +9.130,+10.031,+0.941
1683998280,+3.45, +9.010,+10.084,+0.942
1683998340,+3.45, +8.954,+10.113,+0.942
1683998400,+3.45, +8.926,+10.185,+0.942
1683998460,+3.45, +9.019,+10.307,+0.943
1683998520,+3.45, +9.306,+10.320,+0.943
1683998580,+3.45, +9.223,+10.220,+0.942
1683998640,+3.45, +9.195,+10.206,+0.942
1683998700,+3.45, +9.121,+10.217,+0.942
1683998760,+3.45, +9.186,+10.272,+0.943
1683998820,+3.45, +9.195,+10.224,+0.943
1683998880,+3.45, +9.204,+10.251,+0.943
1683998940,+3.45, +9.371,+10.327,+0.944
1683999000,+3.45, +9.620,+10.351,+0.944
1683999060,+3.45, +9.941,+10.454,+0.944
1683999120,+3.45,+10.206,+10.510,+0.945
1683999180,+3.45,+10.434,+10.555,+0.945
1683999240,+3.45,+10.625,+10.567,+0.944
1683999300,+3.45,+10.824,+10.602,+0.944
1683999360,+3.45,+11.059,+10.596,+0.944
1683999420,+3.45,+11.230,+10.669,+0.945
1683999480,+3.45,+10.579, +9.793,+0.940
1683999540,+3.45, +9.859,+10.067,+0.942
1683999600,+3.45,+10.197,+10.398,+0.944
1683999660,+3.45,+10.589,+10.485,+0.944
1683999720,+3.45,+10.770,+10.516,+0.944
1683999780,+3.45,+10.914,+10.609,+0.944
1683999840,+3.45,+11.059,+10.642,+0.944
1683999900,+3.45,+11.248,+10.678,+0.944
1683999960,+3.45,+11.383,+10.661,+0.944
1684000020,+3.45,+11.436,+10.682,+0.944
1684000080,+3.45,+11.131,+10.115,+0.941
1684000140,+3.45,+10.325,+10.032,+0.941
1684000200,+3.45,+10.225, +9.937,+0.941
1684000260,+3.45, +9.629, +9.930,+0.941
1684000320,+3.45, +9.325, +9.930,+0.941
1684000380,+3.45, +9.130, +9.995,+0.941
1684000440,+3.45, +9.028,+10.055,+0.941
1684000500,+3.45, +8.879,+10.110,+0.942
1684000560,+3.45, +8.730,+10.130,+0.942
1684000620,+3.45, +8.711,+10.121,+0.942
1684000680,+3.45, +8.618,+10.161,+0.942
1684000740,+3.45, +8.665,+10.142,+0.942
1684000800,+3.45, +8.683,+10.135,+0.942
1684000860,+3.45, +8.627,+10.176,+0.942
1684000920,+3.45, +8.777,+10.230,+0.943
1684000980,+3.45, +9.121,+10.380,+0.944
1684001040,+3.45, +9.629,+10.525,+0.945
1684001100,+3.45,+10.033,+10.575,+0.945
1684001160,+3.45,+10.480,+10.541,+0.945
1684001220,+3.45,+10.788,+10.649,+0.945
1684001280,+3.45,+11.059,+10.665,+0.945
1684001340,+3.45,+11.275,+10.691,+0.945
1684001400,+3.45,+11.463,+10.731,+0.945
1684001460,+3.45,+11.660,+10.809,+0.945
1684001520,+3.45,+11.830,+10.871,+0.945
1684001580,+3.45,+11.883,+10.851,+0.945
1684001640,+3.45,+12.035,+10.807,+0.945
1684001700,+3.45,+12.035,+10.826,+0.945
1684001760,+3.45,+12.008,+10.842,+0.944
1684001820,+3.45,+11.999,+10.833,+0.944
1684001880,+3.45,+12.008,+10.211,+0.940
1684001940,+3.45,+10.824,+10.021,+0.941
1684002000,+3.45,+10.316,+10.055,+0.941
1684002060,+3.45, +9.923, +9.915,+0.940
1684002120,+3.45, +9.454,+10.145,+0.941
1684002180,+3.45, +9.260,+10.227,+0.941
1684002240,+3.45, +9.140,+10.275,+0.942
1684002300,+3.45, +9.093,+10.267,+0.942
1684002360,+3.45, +9.186,+10.349,+0.943
1684002420,+3.45, +9.380,+10.344,+0.943
1684002480,+3.45, +9.519,+10.354,+0.943
1684002540,+3.45, +9.730,+10.355,+0.943
1684002600,+3.45, +9.785,+10.325,+0.943
1684002660,+3.45, +9.509, +9.996,+0.942
1684002720,+3.45, +9.269,+10.025,+0.942
1684002780,+3.45, +9.251,+10.188,+0.943
1684002840,+3.45, +9.500,+10.306,+0.944
1684002900,+3.45, +9.813,+10.389,+0.944
1684002960,+3.45,+10.024,+10.422,+0.944
1684003020,+3.45,+10.370,+10.556,+0.944
1684003080,+3.45,+10.743,+10.597,+0.944
1684003140,+3.45,+11.005,+10.678,+0.945
1684003200,+3.45,+11.212,+10.692,+0.944
1684003260,+3.45,+11.239,+10.641,+0.944
1684003320,+3.45,+11.365,+10.638,+0.944
1684003380,+3.45,+11.481,+10.656,+0.944
1684003440,+3.45,+11.607,+10.715,+0.944
1684003500,+3.45,+11.687,+10.711,+0.944
1684003560,+3.45,+11.803,+10.695,+0.944
1684003620,+3.45,+11.839,+10.727,+0.944
1684003680,+3.45,+11.910,+10.718,+0.944
1684003740,+3.45,+11.919,+10.747,+0.944
1684003800,+3.45,+11.955,+10.734,+0.944
1684003860,+3.45,+11.981,+10.734,+0.944
1684003920,+3.45,+12.070,+10.698,+0.944
1684003980,+3.45,+12.053,+10.705,+0.944
1684004040,+3.45,+11.990,+10.740,+0.944
1684004100,+3.45,+12.017,+10.716,+0.943
1684004160,+3.45,+11.928,+10.013,+0.940
1684004220,+3.45,+10.652, +9.820,+0.941
1684004280,+3.45,+10.480,+10.121,+0.942
1684004340,+3.45,+10.779,+10.416,+0.943
1684004400,+3.45,+10.951,+10.543,+0.943
1684004460,+3.45,+10.661, +9.908,+0.940
1684004520,+3.45, +9.950, +9.931,+0.941
1684004580,+3.45, +9.611,+10.020,+0.941
1684004640,+3.45, +9.454,+10.034,+0.941
1684004700,+3.45, +9.315,+10.071,+0.942
1684004760,+3.45, +9.371,+10.119,+0.942
1684004820,+3.45, +9.666,+10.287,+0.943
1684004880,+3.45, +9.987,+10.407,+0.944
1684004940,+3.45,+10.361,+10.491,+0.944
1684005000,+3.45,+10.670,+10.524,+0.944
1684005060,+3.45,+11.005,+10.572,+0.944
1684005120,+3.45,+10.225, +9.721,+0.940
1684005180,+3.45, +9.602, +9.847,+0.941
1684005240,+3.45, +9.251, +9.986,+0.941
1684005300,+3.45, +9.047,+10.085,+0.942
1684005360,+3.45, +9.028,+10.182,+0.942
1684005420,+3.45, +9.047,+10.171,+0.942
1684005480,+3.45, +9.149,+10.232,+0.943
1684005540,+3.45, +9.093,+10.243,+0.942
1684005600,+3.45, +9.426,+10.449,+0.944
1684005660,+3.45, +9.895,+10.508,+0.944
1684005720,+3.45,+10.216,+10.555,+0.945
1684005780,+3.45,+10.498,+10.571,+0.945
1684005840,+3.45,+10.697,+10.553,+0.945
1684005900,+3.45,+10.824,+10.555,+0.944
1684005960,+3.45,+10.951,+10.551,+0.944
1684006020,+3.45,+11.068,+10.554,+0.944
1684006080,+3.45,+11.194,+10.574,+0.944
1684006140,+3.45,+11.329,+10.573,+0.944
1684006200,+3.45,+11.302,+10.591,+0.944
1684006260,+3.45,+11.436,+10.592,+0.944
1684006320,+3.45,+11.517,+10.552,+0.944
1684006380,+3.45,+11.059,+10.065,+0.941
1684006440,+3.45,+10.370, +9.916,+0.941
1684006500,+3.45,+10.051,+10.028,+0.942
1684006560,+3.45,+10.170,+10.402,+0.944
1684006620,+3.45,+10.589,+10.462,+0.944
1684006680,+3.45,+10.842,+10.639,+0.944
1684006740,+3.45,+11.131,+10.662,+0.944
1684006800,+3.45,+11.284,+10.665,+0.944
1684006860,+3.45,+11.427,+10.685,+0.944
1684006920,+3.45,+11.544,+10.682,+0.944
1684006980,+3.45,+11.580,+10.703,+0.944
1684007040,+3.45,+11.696,+10.685,+0.944
1684007100,+3.45,+11.741,+10.676,+0.944
1684007160,+3.45,+11.803,+10.641,+0.943
1684007220,+3.45,+11.338, +9.882,+0.940
1684007280,+3.45,+10.715,+10.048,+0.941
1684007340,+3.45,+10.470,+10.219,+0.942
1684007400,+3.45,+10.516,+10.218,+0.942
1684007460,+3.45,+10.361,+10.186,+0.942
1684007520,+3.45,+10.143,+10.213,+0.942
1684007580,+3.45,+10.079,+10.245,+0.943
1684007640,+3.45,+10.124,+10.272,+0.943
1684007700,+3.45,+10.188,+10.313,+0.943
1684007760,+3.45,+10.334,+10.334,+0.943
1684007820,+3.45,+10.552,+10.375,+0.943
1684007880,+3.45,+10.752,+10.425,+0.944
1684007940,+3.45,+11.005,+10.436,+0.944
1684008000,+3.45,+11.203,+10.465,+0.943
1684008060,+3.45,+11.365,+10.490,+0.944
1684008120,+3.45,+11.517,+10.506,+0.943
1684008180,+3.45,+10.824, +9.656,+0.940
1684008240,+3.45, +9.987, +9.678,+0.940
1684008300,+3.45, +9.528, +9.889,+0.941
1684008360,+3.45, +9.362, +9.949,+0.941
1684008420,+3.45, +9.214,+10.018,+0.941
1684008480,+3.45, +9.158,+10.056,+0.942
1684008540,+3.45, +9.130,+10.075,+0.942
1684008600,+3.45, +9.186,+10.202,+0.943
1684008660,+3.45, +9.519,+10.346,+0.944
1684008720,+3.45, +9.923,+10.433,+0.944
1684008780,+3.45,+10.288,+10.507,+0.944
1684008840,+3.45,+10.625,+10.580,+0.945
1684008900,+3.45,+10.788,+10.585,+0.944
1684008960,+3.45,+10.978,+10.606,+0.944
1684009020,+3.45,+11.122,+10.657,+0.944
1684009080,+3.45,+11.293,+10.688,+0.945
1684009140,+3.45,+11.526,+10.653,+0.944
1684009200,+3.45,+10.652, +9.800,+0.941
1684009260,+3.45, +9.895, +9.719,+0.941
1684009320,+3.45, +9.362, +9.977,+0.941
1684009380,+3.45, +9.102,+10.057,+0.941
1684009440,+3.45, +8.889,+10.131,+0.941
1684009500,+3.45, +8.767,+10.155,+0.942
1684009560,+3.45, +8.786,+10.149,+0.942
1684009620,+3.45, +8.637,+10.193,+0.942
1684009680,+3.45, +8.543,+10.226,+0.942
1684009740,+3.45, +8.543,+10.231,+0.942
1684009800,+3.45, +8.590,+10.222,+0.942
1684009860,+3.45, +8.562,+10.242,+0.942
1684009920,+3.45, +8.543,+10.273,+0.943
1684009980,+3.45, +8.552,+10.281,+0.943
1684010040,+3.45, +8.609,+10.275,+0.943
1684010100,+3.45, +8.609,+10.284,+0.943
1684010160,+3.45, +8.590,+10.271,+0.943
1684010220,+3.45, +8.571,+10.261,+0.943
1684010280,+3.45, +8.543,+10.282,+0.943
1684010340,+3.45, +8.552,+10.268,+0.942
1684010400,+3.45, +8.440,+10.303,+0.943
1684010460,+3.45, +8.449,+10.291,+0.943
1684010520,+3.45, +8.421,+10.303,+0.943
1684010580,+3.45, +8.393,+10.307,+0.943
1684010640,+3.45, +8.412,+10.305,+0.943
1684010700,+3.45, +8.459,+10.285,+0.943
1684010760,+3.45, +8.412,+10.289,+0.943
1684010820,+3.45, +8.440,+10.276,+0.943
1684010880,+3.45, +8.412,+10.262,+0.943
1684010940,+3.45, +8.374, +9.829,+0.942
1684011000,+3.45, +8.243, +9.673,+0.942
1684011060,+3.45, +8.120, +9.668,+0.942
1684011120,+3.45, +8.167, +9.626,+0.942
1684011180,+3.45, +8.083, +9.646,+0.942
1684011240,+3.45, +8.083, +9.636,+0.942
1684011300,+3.45, +8.092, +9.638,+0.942
1684011360,+3.45, +8.130, +9.642,+0.942
1684011420,+3.45, +8.083, +9.707,+0.942
1684011480,+3.45, +8.120, +9.738,+0.942
1684011540,+3.45, +8.101, +9.885,+0.943
1684011600,+3.45, +8.177, +9.883,+0.943
1684011660,+3.45, +8.139, +9.740,+0.942
1684011720,+3.45, +8.101, +9.775,+0.942
1684011780,+3.45, +8.101, +9.735,+0.942
1684011840,+3.45, +8.101, +9.712,+0.943
1684011900,+3.45, +8.035, +9.675,+0.942
1684011960,+3.45, +7.998, +9.639,+0.942
1684012020,+3.45, +7.950, +9.642,+0.942
1684012080,+3.45, +7.998, +9.696,+0.942
1684012140,+3.45, +8.167,+10.035,+0.944
1684012200,+3.45, +8.590,+10.380,+0.945
1684012260,+3.45, +9.149,+10.587,+0.946
1684012320,+3.45, +9.694,+10.061,+0.942
1684012380,+3.45, +8.842, +9.339,+0.941
1684012440,+3.45, +8.496, +9.388,+0.942
1684012500,+3.45, +8.327, +9.510,+0.942
1684012560,+3.45, +8.205, +9.639,+0.942
1684012620,+3.45, +8.262, +9.633,+0.942
1684012680,+3.45, +8.158, +9.651,+0.942
1684012740,+3.45, +8.130, +9.650,+0.942
1684012800,+3.45, +8.092, +9.632,+0.942
1684012860,+3.45, +8.054, +9.621,+0.942
1684012920,+3.45, +8.054, +9.609,+0.942
1684012980,+3.45, +8.035, +9.631,+0.943
1684013040,+3.45, +8.026, +9.646,+0.943
1684013100,+3.45, +8.045, +9.745,+0.943
1684013160,+3.45, +8.224, +9.841,+0.943
1684013220,+3.45, +8.468, +9.937,+0.943
1684013280,+3.45, +8.693,+10.048,+0.944
1684013340,+3.45, +8.702, +9.900,+0.943
1684013400,+3.45, +8.374, +9.644,+0.942
1684013460,+3.45, +8.252, +9.569,+0.942
1684013520,+3.45, +8.177, +9.591,+0.942
1684013580,+3.45, +8.167, +9.577,+0.942
1684013640,+3.45, +8.101, +9.586,+0.942
1684013700,+3.45, +8.196, +9.714,+0.943
1684013760,+3.45, +8.478, +9.847,+0.944
1684013820,+3.45, +8.972,+10.205,+0.945
1684013880,+3.45, +9.565,+10.354,+0.945
1684013940,+3.45,+10.005,+10.397,+0.945
1684014000,+3.45, +9.269, +9.397,+0.941
1684014060,+3.45, +8.777, +9.501,+0.942
1684014120,+3.45, +8.646, +9.507,+0.942
1684014180,+3.45, +8.581, +9.433,+0.941
1684014240,+3.45, +8.280, +9.335,+0.941
1684014300,+3.45, +8.092, +9.381,+0.942
1684014360,+3.45, +8.054, +9.375,+0.941
1684014420,+3.45, +7.912, +9.439,+0.941
1684014480,+3.45, +7.969, +9.406,+0.942
1684014540,+3.45, +7.837, +9.448,+0.942
1684014600,+3.45, +7.856, +9.494,+0.942
1684014660,+3.45, +7.799, +9.532,+0.942
1684014720,+3.45, +7.827, +9.524,+0.942
1684014780,+3.45, +7.827, +9.506,+0.942
1684014840,+3.45, +7.799, +9.514,+0.942
1684014900,+3.45, +7.856, +9.488,+0.942
1684014960,+3.45, +7.893, +9.468,+0.942
1684015020,+3.45, +7.780, +9.500,+0.942
1684015080,+3.45, +7.837, +9.480,+0.942
1684015140,+3.45, +7.903, +9.454,+0.942
1684015200,+3.45, +7.856, +9.472,+0.942
1684015260,+3.45, +7.846, +9.466,+0.942
1684015320,+3.45, +7.875, +9.466,+0.943
1684015380,+3.45, +7.875, +9.456,+0.942
1684015440,+3.45, +7.875, +9.467,+0.943
1684015500,+3.45, +7.912, +9.450,+0.942
1684015560,+3.45, +7.856, +9.481,+0.942
1684015620,+3.45, +7.931, +9.471,+0.942
1684015680,+3.45, +7.960, +9.512,+0.942
1684015740,+3.45, +7.969, +9.550,+0.943
1684015800,+3.45, +7.979, +9.596,+0.943
1684015860,+3.45, +7.969, +9.602,+0.943
1684015920,+3.45, +7.941, +9.563,+0.943
1684015980,+3.45, +7.988, +9.540,+0.942
1684016040,+3.45, +7.903, +9.570,+0.943
1684016100,+3.45, +7.969, +9.614,+0.943
1684016160,+3.45, +7.950, +9.621,+0.942
1684016220,+3.45, +7.950, +9.590,+0.942
1684016280,+3.45, +7.931, +9.570,+0.942
1684016340,+3.45, +7.941, +9.561,+0.942
1684016400,+3.45, +7.941, +9.569,+0.942
1684016460,+3.45, +7.922, +9.584,+0.943
1684016520,+3.45, +7.922, +9.581,+0.942
1684016580,+3.45, +7.912, +9.565,+0.942
1684016640,+3.45, +7.960, +9.542,+0.943
1684016700,+3.45, +7.931, +9.553,+0.943
1684016760,+3.45, +7.950, +9.552,+0.942
1684016820,+3.45, +7.950, +9.566,+0.942
1684016880,+3.45, +7.988, +9.561,+0.943
1684016940,+3.45, +7.979, +9.566,+0.942
1684017000,+3.45, +7.988, +9.584,+0.943
1684017060,+3.45, +7.998, +9.598,+0.942
1684017120,+3.45, +7.988, +9.635,+0.942
1684017180,+3.45, +7.988, +9.691,+0.943
1684017240,+3.45, +8.035, +9.709,+0.943
1684017300,+3.45, +8.111, +9.690,+0.942
1684017360,+3.45, +7.998, +9.715,+0.943
1684017420,+3.45, +7.998, +9.716,+0.943
1684017480,+3.45, +8.016, +9.671,+0.943
1684017540,+3.45, +7.988, +9.629,+0.943
1684017600,+3.45, +7.979, +9.616,+0.942
1684017660,+3.45, +7.979, +9.595,+0.943
1684017720,+3.45, +7.950, +9.574,+0.943
1684017780,+3.45, +7.893, +9.577,+0.942
1684017840,+3.45, +7.893, +9.562,+0.942
1684017900,+3.45, +7.960, +9.546,+0.943
1684017960,+3.45, +7.960, +9.571,+0.942
1684018020,+3.45, +7.960, +9.626,+0.943
1684018080,+3.45, +8.026, +9.609,+0.943
1684018140,+3.45, +8.016, +9.632,+0.943
1684018200,+3.45, +8.045, +9.635,+0.942
1684018260,+3.45, +7.969, +9.738,+0.943
1684018320,+3.45, +8.035, +9.672,+0.942
1684018380,+3.45, +7.969, +9.678,+0.943
1684018440,+3.45, +7.998, +9.668,+0.943
1684018500,+3.45, +8.026, +9.665,+0.942
1684018560,+3.45, +8.045, +9.648,+0.943
1684018620,+3.45, +8.016, +9.662,+0.943
1684018680,+3.45, +8.016, +9.666,+0.943
1684018740,+3.45, +7.979, +9.704,+0.943
1684018800,+3.45, +7.988, +9.727,+0.943
1684018860,+3.45, +8.035, +9.714,+0.942
1684018920,+3.45, +8.111, +9.715,+0.943
1684018980,+3.45, +8.092, +9.755,+0.943
1684019040,+3.45, +8.083, +9.780,+0.943
1684019100,+3.45, +8.186, +9.794,+0.943
1684019160,+3.45, +8.309, +9.829,+0.943
1684019220,+3.45, +8.702,+10.157,+0.945
1684019280,+3.45, +9.260,+10.277,+0.946
1684019340,+3.45, +9.795,+10.483,+0.946
1684019400,+3.45,+10.434,+10.671,+0.947
1684019460,+3.45,+10.869,+10.714,+0.946
1684019520,+3.45,+11.140,+10.782,+0.946
1684019580,+3.45,+11.374,+10.766,+0.945
1684019640,+3.45,+11.499,+10.754,+0.945
1684019700,+3.45,+11.624,+10.738,+0.945
1684019760,+3.45,+11.723,+10.734,+0.945
1684019820,+3.45,+11.812,+10.727,+0.945
1684019880,+3.45,+11.892,+10.699,+0.945
1684019940,+3.45,+11.955,+10.674,+0.944
1684020000,+3.45,+10.923, +9.007,+0.938
1684020060,+3.45, +9.804, +8.955,+0.939
1684020120,+3.45, +9.214, +9.282,+0.940
1684020180,+3.45, +9.028, +9.425,+0.941
1684020240,+3.45, +8.935, +9.713,+0.942
1684020300,+3.45, +9.325, +9.928,+0.943
1684020360,+3.45, +9.602,+10.123,+0.944
1684020420,+3.45,+10.033,+10.226,+0.944
1684020480,+3.45,+10.307,+10.245,+0.944
1684020540,+3.45,+10.561,+10.286,+0.944
1684020600,+3.45,+10.688, +9.909,+0.942
1684020660,+3.45,+10.225, +9.998,+0.943
1684020720,+3.45,+10.252,+10.100,+0.943
1684020780,+3.45,+10.270,+10.060,+0.943
1684020840,+3.45, +9.537, +9.357,+0.940
1684020900,+3.45, +9.121, +9.899,+0.941
1684020960,+3.45, +8.926,+10.083,+0.941
1684021020,+3.45, +8.861,+10.190,+0.942
1684021080,+3.45, +8.711,+10.257,+0.942
1684021140,+3.45, +8.627,+10.263,+0.942
1684021200,+3.45, +8.674,+10.205,+0.942
1684021260,+3.45, +8.571,+10.255,+0.943
1684021320,+3.45, +8.609,+10.226,+0.942
1684021380,+3.45, +8.627,+10.159,+0.943
1684021440,+3.45, +8.861,+10.087,+0.943
1684021500,+3.45, +9.251,+10.208,+0.944
1684021560,+3.45, +9.813,+10.396,+0.945
1684021620,+3.45,+10.270,+10.374,+0.945
1684021680,+3.45,+10.616,+10.459,+0.945
1684021740,+3.45,+10.734, +9.834,+0.940
1684021800,+3.45, +9.739, +9.756,+0.941
1684021860,+3.45, +9.417, +9.837,+0.942
1684021920,+3.45, +9.251, +9.887,+0.942
1684021980,+3.45, +9.065, +9.953,+0.941
1684022040,+3.45, +9.000, +9.988,+0.942
1684022100,+3.45, +8.861,+10.069,+0.942
1684022160,+3.45, +8.702,+10.187,+0.942
1684022220,+3.45, +8.683,+10.227,+0.942
1684022280,+3.45, +8.637,+10.272,+0.942
1684022340,+3.45, +8.618,+10.285,+0.943
1684022400,+3.45, +8.655,+10.240,+0.943
1684022460,+3.45, +8.665,+10.236,+0.943
1684022520,+3.45, +8.693,+10.216,+0.943
1684022580,+3.45, +8.898,+10.103,+0.943
1684022640,+3.45, +8.879,+10.148,+0.944
1684022700,+3.45, +9.186,+10.140,+0.944
1684022760,+3.45, +9.555,+10.240,+0.945
1684022820,+3.45, +9.950,+10.331,+0.945
1684022880,+3.45,+10.389,+10.494,+0.945
1684022940,+3.45,+10.715,+10.497,+0.945
1684023000,+3.45,+10.941,+10.498,+0.945
1684023060,+3.45,+11.167,+10.537,+0.945
1684023120,+3.45,+11.409,+10.565,+0.945
1684023180,+3.45,+11.624,+10.606,+0.945
1684023240,+3.45,+11.776,+10.611,+0.945
1684023300,+3.45,+11.615, +9.638,+0.940
1684023360,+3.45,+10.498, +9.705,+0.941
1684023420,+3.45,+10.170, +9.840,+0.942
1684023480,+3.45, +9.877, +9.910,+0.942
1684023540,+3.45, +9.758, +9.929,+0.942
1684023600,+3.45, +9.712, +9.918,+0.942
1684023660,+3.45, +9.666, +9.917,+0.942
1684023720,+3.45, +9.620, +9.938,+0.943
1684023780,+3.45, +9.583, +9.943,+0.943
1684023840,+3.45, +9.473, +9.829,+0.942
1684023900,+3.45, +9.177, +9.909,+0.941
1684023960,+3.45, +8.972,+10.024,+0.942
1684024020,+3.45, +8.823,+10.072,+0.942
1684024080,+3.45, +8.786,+10.082,+0.942
1684024140,+3.45, +8.786,+10.094,+0.943
1684024200,+3.45, +8.730,+10.093,+0.942
1684024260,+3.45, +8.749,+10.059,+0.942
1684024320,+3.45, +8.721,+10.073,+0.943
1684024380,+3.45, +8.767,+10.034,+0.942
1684024440,+3.45, +8.674,+10.066,+0.943
1684024500,+3.45, +8.739,+10.033,+0.943
1684024560,+3.45, +8.674,+10.025,+0.943
1684024620,+3.45, +8.693, +9.978,+0.942
1684024680,+3.45, +8.646, +9.978,+0.943
1684024740,+3.45, +8.674, +9.934,+0.942
1684024800,+3.45, +8.674, +9.932,+0.943
1684024860,+3.45, +8.674, +9.935,+0.943
1684024920,+3.45, +8.683, +9.943,+0.943
1684024980,+3.45, +8.739, +9.916,+0.943
1684025040,+3.45, +8.739, +9.914,+0.943
1684025100,+3.45, +8.767, +9.925,+0.943
1684025160,+3.45, +8.991,+10.026,+0.944
1684025220,+3.45, +9.278,+10.059,+0.944
1684025280,+3.45, +9.380,+10.026,+0.944
1684025340,+3.45, +9.436,+10.056,+0.944
1684025400,+3.45, +9.611,+10.005,+0.944
1684025460,+3.45, +9.941,+10.143,+0.945
1684025520,+3.45,+10.316,+10.256,+0.945
1684025580,+3.45,+10.661,+10.340,+0.945
1684025640,+3.45,+10.161, +9.676,+0.941
1684025700,+3.45, +9.537, +9.701,+0.942
1684025760,+3.45, +9.260, +9.873,+0.942
1684025820,+3.45, +9.130, +9.930,+0.942
1684025880,+3.45, +8.991,+10.013,+0.942
1684025940,+3.45, +9.000, +9.998,+0.942
1684026000,+3.45, +8.833,+10.039,+0.942
1684026060,+3.45, +8.879,+10.006,+0.943
1684026120,+3.45, +8.926,+10.046,+0.943
1684026180,+3.45, +9.334,+10.185,+0.944
1684026240,+3.45, +9.785,+10.257,+0.945
1684026300,+3.45,+10.197,+10.298,+0.945
1684026360,+3.45,+10.598,+10.433,+0.946
1684026420,+3.45,+10.197, +9.658,+0.941
1684026480,+3.45, +9.648, +9.761,+0.942
1684026540,+3.45, +9.491, +9.789,+0.942
1684026600,+3.45, +9.325, +9.847,+0.942
1684026660,+3.45, +9.251, +9.842,+0.942
1684026720,+3.45, +9.158, +9.842,+0.942
1684026780,+3.45, +9.010, +9.875,+0.942
1684026840,+3.45, +8.917, +9.892,+0.942
1684026900,+3.45, +8.814, +9.974,+0.942
1684026960,+3.45, +8.730,+10.048,+0.943
1684027020,+3.45, +8.646,+10.127,+0.942
1684027080,+3.45, +8.637,+10.136,+0.942
1684027140,+3.45, +8.618,+10.119,+0.942
1684027200,+3.45, +8.646,+10.083,+0.943
1684027260,+3.45, +8.590,+10.192,+0.943
1684027320,+3.45, +8.552,+10.281,+0.943
1684027380,+3.45, +8.590,+10.255,+0.943
1684027440,+3.45, +8.562,+10.258,+0.943
1684027500,+3.45, +8.543,+10.271,+0.943
1684027560,+3.45, +8.590,+10.254,+0.943
1684027620,+3.45, +8.552,+10.270,+0.943
1684027680,+3.45, +8.543,+10.276,+0.943
1684027740,+3.45, +8.524,+10.289,+0.943
1684027800,+3.45, +8.496,+10.279,+0.943
1684027860,+3.45, +8.524,+10.236,+0.943
1684027920,+3.45, +8.487,+10.226,+0.943
1684027980,+3.45, +8.534,+10.183,+0.943
1684028040,+3.45, +8.543,+10.177,+0.943
1684028100,+3.45, +8.543,+10.164,+0.943
1684028160,+3.45, +8.449,+10.195,+0.943
1684028220,+3.45, +8.534,+10.139,+0.943
1684028280,+3.45, +8.524,+10.136,+0.943
1684028340,+3.45, +8.609,+10.182,+0.944
1684028400,+3.45, +9.000,+10.184,+0.944
1684028460,+3.45, +9.565,+10.461,+0.945
1684028520,+3.45,+10.060,+10.489,+0.945
1684028580,+3.45, +9.583, +9.909,+0.942
1684028640,+3.45, +9.149, +9.998,+0.942
1684028700,+3.45, +8.991,+10.131,+0.943
1684028760,+3.45, +9.195,+10.222,+0.944
1684028820,+3.45, +9.010, +9.992,+0.942
1684028880,+3.45, +8.833, +9.955,+0.942
1684028940,+3.45, +8.749,+10.001,+0.942
1684029000,+3.45, +8.655,+10.008,+0.942
1684029060,+3.45, +8.599,+10.030,+0.943
1684029120,+3.45, +8.534,+10.043,+0.942
1684029180,+3.45, +8.534,+10.083,+0.942
1684029240,+3.45, +8.552,+10.130,+0.943
1684029300,+3.45, +8.702,+10.240,+0.944
1684029360,+3.45, +9.112,+10.271,+0.944
1684029420,+3.45, +9.436,+10.181,+0.944
1684029480,+3.45, +9.565,+10.186,+0.944
1684029540,+3.45, +9.712,+10.289,+0.945
1684029600,+3.45, +9.987,+10.257,+0.944
1684029660,+3.45,+10.051,+10.229,+0.944
1684029720,+3.45,+10.133,+10.194,+0.944
1684029780,+3.45, +9.905, +9.899,+0.942
1684029840,+3.45, +9.343, +9.816,+0.941
1684029900,+3.45, +9.075, +9.914,+0.942
1684029960,+3.45, +9.019, +9.939,+0.942
1684030020,+3.45, +8.982, +9.929,+0.943
1684030080,+3.45, +8.898, +9.888,+0.942
1684030140,+3.45, +8.767, +9.892,+0.942
1684030200,+3.45, +8.767, +9.905,+0.943
1684030260,+3.45, +8.777, +9.998,+0.943
1684030320,+3.45, +9.010,+10.008,+0.943
1684030380,+3.45, +9.037,+10.042,+0.943
1684030440,+3.45, +9.093,+10.049,+0.943
1684030500,+3.45, +9.177,+10.028,+0.943
1684030560,+3.45, +9.232,+10.008,+0.943
1684030620,+3.45, +9.195,+10.031,+0.943
1684030680,+3.45, +9.204,+10.042,+0.944
1684030740,+3.45, +9.204,+10.028,+0.943
1684030800,+3.45, +9.158,+10.063,+0.943
1684030860,+3.45, +9.158,+10.068,+0.944
1684030920,+3.45, +9.186,+10.049,+0.943
1684030980,+3.45, +9.195,+10.044,+0.943
1684031040,+3.45, +9.214,+10.058,+0.943
1684031100,+3.45, +9.214,+10.068,+0.943
1684031160,+3.45, +9.241,+10.101,+0.943
1684031220,+3.45, +9.260,+10.153,+0.943
1684031280,+3.45, +9.251,+10.222,+0.943
1684031340,+3.45, +9.362,+10.240,+0.943
1684031400,+3.45, +9.334,+10.276,+0.943
1684031460,+3.45, +9.352,+10.289,+0.943
1684031520,+3.45, +9.362,+10.305,+0.944
1684031580,+3.45, +9.362,+10.310,+0.943
1684031640,+3.45, +9.288,+10.337,+0.943
1684031700,+3.45, +9.315,+10.318,+0.943
1684031760,+3.45, +9.288,+10.326,+0.943
1684031820,+3.45, +9.288,+10.301,+0.943
1684031880,+3.45, +9.204,+10.316,+0.943
1684031940,+3.45, +9.158,+10.322,+0.944
1684032000,+3.45, +9.186,+10.309,+0.943
1684032060,+3.45, +9.121,+10.312,+0.943
1684032120,+3.45, +9.130,+10.303,+0.943
1684032180,+3.45, +9.121,+10.325,+0.944
1684032240,+3.45, +9.158,+10.302,+0.943
1684032300,+3.45, +9.204,+10.310,+0.943
1684032360,+3.45, +9.260,+10.292,+0.943
1684032420,+3.45, +9.334,+10.314,+0.944
1684032480,+3.45, +9.445,+10.291,+0.944
1684032540,+3.45, +9.491,+10.269,+0.944
1684032600,+3.45, +9.509,+10.237,+0.943
1684032660,+3.45, +9.537,+10.214,+0.943
1684032720,+3.45, +9.537,+10.240,+0.944
1684032780,+3.45, +9.592,+10.270,+0.944
1684032840,+3.45, +9.721,+10.066,+0.942
1684032900,+3.45, +9.426,+10.169,+0.943
1684032960,+3.45, +9.297,+10.230,+0.943
1684033020,+3.45, +9.241,+10.250,+0.943
1684033080,+3.45, +9.149,+10.295,+0.943
1684033140,+3.45, +9.102,+10.295,+0.943
1684033200,+3.45, +9.010,+10.335,+0.943
1684033260,+3.45, +9.102,+10.295,+0.943
1684033320,+3.45, +9.112,+10.291,+0.943
1684033380,+3.45, +9.084,+10.310,+0.943
1684033440,+3.45, +9.130,+10.300,+0.943
1684033500,+3.45, +9.140,+10.325,+0.943
1684033560,+3.45, +9.223,+10.280,+0.943
1684033620,+3.45, +9.232,+10.356,+0.944
1684033680,+3.45, +9.482,+10.337,+0.944
1684033740,+3.45, +9.657,+10.414,+0.945
1684033800,+3.45,+10.115,+10.422,+0.945
1684033860,+3.45,+10.461,+10.458,+0.945
1684033920,+3.45,+10.815,+10.462,+0.945
1684033980,+3.45,+11.068,+10.454,+0.945
1684034040,+3.45,+11.266,+10.438,+0.945
1684034100,+3.45,+11.427,+10.112,+0.942
1684034160,+3.45,+10.634, +9.941,+0.941
1684034220,+3.45,+10.024, +9.939,+0.942
1684034280,+3.45, +9.730,+10.100,+0.942
1684034340,+3.45, +9.491,+10.171,+0.942
1684034400,+3.45, +9.343,+10.233,+0.942
1684034460,+3.45, +9.186,+10.311,+0.943
1684034520,+3.45, +9.158,+10.314,+0.943
1684034580,+3.45, +9.084,+10.289,+0.942
1684034640,+3.45, +8.972,+10.349,+0.943
1684034700,+3.45, +9.010,+10.322,+0.943
1684034760,+3.45, +8.898,+10.364,+0.943
1684034820,+3.45, +8.898,+10.346,+0.942
1684034880,+3.45, +8.879,+10.357,+0.943
1684034940,+3.45, +8.851,+10.337,+0.943
1684035000,+3.45, +8.833,+10.325,+0.943
1684035060,+3.45, +8.777,+10.345,+0.943
1684035120,+3.45, +8.814,+10.307,+0.943
1684035180,+3.45, +8.758,+10.302,+0.943
1684035240,+3.45, +8.730,+10.307,+0.943
1684035300,+3.45, +8.655,+10.326,+0.943
1684035360,+3.45, +8.627,+10.316,+0.943
1684035420,+3.45, +8.590,+10.322,+0.943
1684035480,+3.45, +8.637,+10.292,+0.943
1684035540,+3.45, +8.571,+10.322,+0.943
1684035600,+3.45, +8.674,+10.274,+0.943
1684035660,+3.45, +8.534,+10.335,+0.943
1684035720,+3.45, +8.581,+10.304,+0.943
1684035780,+3.45, +8.627,+10.305,+0.943
1684035840,+3.45, +8.655,+10.296,+0.943
1684035900,+3.45, +8.609,+10.322,+0.943
1684035960,+3.45, +8.627,+10.310,+0.943
1684036020,+3.45, +8.627,+10.305,+0.943
1684036080,+3.45, +8.655,+10.286,+0.943
1684036140,+3.45, +8.590,+10.314,+0.943
1684036200,+3.45, +8.693,+10.265,+0.943
1684036260,+3.45, +8.683,+10.272,+0.944
1684036320,+3.45, +8.665,+10.316,+0.944
1684036380,+3.45, +8.749,+10.320,+0.943
1684036440,+3.45, +8.665,+10.388,+0.944
1684036500,+3.45, +8.805,+10.454,+0.944
1684036560,+3.45, +9.325,+10.580,+0.946
1684036620,+3.45, +9.960,+10.688,+0.946
1684036680,+3.45,+10.498,+10.768,+0.946
1684036740,+3.45,+11.005,+10.825,+0.946
1684036800,+3.45,+11.338,+10.760,+0.946
1684036860,+3.45,+11.607,+10.703,+0.945
1684036920,+3.45,+11.848,+10.691,+0.945
1684036980,+3.45,+11.990,+10.728,+0.946
1684037040,+3.45,+12.150,+10.710,+0.945
1684037100,+3.45,+12.372,+10.669,+0.945
1684037160,+3.45,+12.408,+10.679,+0.945
1684037220,+3.45,+12.540,+10.641,+0.944
1684037280,+3.45,+12.514,+10.687,+0.945
1684037340,+3.45,+12.691,+10.624,+0.944
1684037400,+3.45,+12.743,+10.592,+0.944
1684037460,+3.45,+12.735,+10.597,+0.944
1684037520,+3.45,+12.735,+10.592,+0.945
1684037580,+3.45,+12.761,+10.548,+0.944
1684037640,+3.45,+12.788,+10.525,+0.944
1684037700,+3.45,+12.770,+10.521,+0.944
1684037760,+3.45,+12.840,+10.490,+0.944
1684037820,+3.45,+12.840,+10.487,+0.944
1684037880,+3.45,+12.867,+10.461,+0.943
1684037940,+3.45,+12.902,+10.409,+0.943
1684038000,+3.45,+12.893,+10.401,+0.943
1684038060,+3.45,+12.893,+10.426,+0.944
1684038120,+3.45,+12.929,+10.417,+0.943
1684038180,+3.45,+12.990,+10.395,+0.943
1684038240,+3.45,+12.964,+10.400,+0.943
1684038300,+3.45,+12.946,+10.402,+0.943
1684038360,+3.45,+12.990,+10.365,+0.943
1684038420,+3.45,+12.920,+10.386,+0.943
1684038480,+3.45,+12.620, +9.587,+0.938
1684038540,+3.45,+11.750,+10.021,+0.942
1684038600,+3.45,+11.642,+10.127,+0.941
1684038660,+3.45,+11.660,+10.273,+0.942
1684038720,+3.45,+11.955,+10.371,+0.944
1684038780,+3.45,+12.088,+10.354,+0.943
1684038840,+3.45,+12.337,+10.337,+0.943
1684038900,+3.45,+12.514,+10.372,+0.943
1684038960,+3.45,+12.576,+10.439,+0.944
1684039020,+3.45,+12.699,+10.451,+0.943
1684039080,+3.45,+12.026, +9.837,+0.940
1684039140,+3.45,+11.077, +9.588,+0.938
1684039200,+3.45,+10.225, +9.845,+0.940
1684039260,+3.45, +9.785,+10.067,+0.941
1684039320,+3.45, +9.528,+10.115,+0.941
1684039380,+3.45, +9.315,+10.163,+0.941
1684039440,+3.45, +9.167,+10.202,+0.941
1684039500,+3.45, +9.121,+10.197,+0.941
1684039560,+3.45, +9.093,+10.278,+0.942
1684039620,+3.45, +9.315,+10.259,+0.942
1684039680,+3.45, +9.638,+10.353,+0.943
1684039740,+3.45,+10.015,+10.432,+0.944
1684039800,+3.45,+10.461,+10.412,+0.944
1684039860,+3.45,+10.887,+10.451,+0.944
1684039920,+3.45,+11.266,+10.452,+0.944
1684039980,+3.45,+11.508,+10.444,+0.944
1684040040,+3.45,+11.758,+10.451,+0.944
1684040100,+3.45,+11.937,+10.460,+0.944
1684040160,+3.45,+12.079,+10.453,+0.944
1684040220,+3.45,+12.213,+10.465,+0.944
1684040280,+3.45,+12.354,+10.434,+0.944
1684040340,+3.45,+12.416,+10.453,+0.944
1684040400,+3.45,+12.496,+10.458,+0.944
1684040460,+3.45,+12.558,+10.465,+0.944
1684040520,+3.45,+12.602,+10.440,+0.943
1684040580,+3.45,+12.620,+10.466,+0.944
1684040640,+3.45,+12.682,+10.441,+0.944
1684040700,+3.45,+12.717,+10.450,+0.944
1684040760,+3.45,+12.752,+10.433,+0.944
1684040820,+3.45,+12.673,+10.398,+0.943
1684040880,+3.45,+12.646,+10.421,+0.944
1684040940,+3.45,+12.691,+10.388,+0.943
1684041000,+3.45,+12.629,+10.443,+0.943
1684041060,+3.45,+12.743,+10.404,+0.943
1684041120,+3.45,+12.708,+10.423,+0.943
1684041180,+3.45,+12.691,+10.431,+0.943
1684041240,+3.45,+12.159, +9.803,+0.939
1684041300,+3.45,+11.409,+10.034,+0.941
1684041360,+3.45,+11.230,+10.152,+0.942
1684041420,+3.45,+11.095,+10.225,+0.942
1684041480,+3.45,+10.969,+10.200,+0.942
1684041540,+3.45,+11.068,+10.241,+0.942
1684041600,+3.45,+11.140,+10.306,+0.943
1684041660,+3.45,+11.302,+10.300,+0.943
1684041720,+3.45,+11.023, +9.786,+0.940
1684041780,+3.45,+10.461,+10.124,+0.942
1684041840,+3.45,+10.534,+10.256,+0.943
1684041900,+3.45,+10.543,+10.246,+0.942
1684041960,+3.45,+10.616,+10.284,+0.943
1684042020,+3.45,+10.670,+10.191,+0.942
1684042080,+3.45,+10.152,+10.057,+0.941
1684042140,+3.45,+10.051,+10.192,+0.942
1684042200,+3.45,+10.106,+10.201,+0.942
1684042260,+3.45, +9.767,+10.027,+0.941
1684042320,+3.45, +9.509,+10.166,+0.941
1684042380,+3.45, +9.408,+10.279,+0.942
1684042440,+3.45, +9.491,+10.369,+0.943
1684042500,+3.45, +9.776,+10.306,+0.943
1684042560,+3.45, +9.895,+10.325,+0.943
1684042620,+3.45,+10.060,+10.291,+0.943
1684042680,+3.45,+10.060,+10.300,+0.944
1684042740,+3.45,+10.288,+10.381,+0.944
1684042800,+3.45,+10.570,+10.356,+0.944
1684042860,+3.45,+10.932,+10.399,+0.944
1684042920,+3.45,+11.266,+10.409,+0.944
1684042980,+3.45,+11.472,+10.441,+0.944
1684043040,+3.45,+11.705,+10.411,+0.944
1684043100,+3.45,+11.928,+10.380,+0.944
1684043160,+3.45,+12.026,+10.381,+0.944
1684043220,+3.45,+12.115,+10.395,+0.944
1684043280,+3.45,+12.248,+10.360,+0.944
1684043340,+3.45,+12.328,+10.364,+0.944
1684043400,+3.45,+12.319,+10.373,+0.943
1684043460,+3.45,+12.372,+10.375,+0.944
1684043520,+3.45,+11.750, +9.655,+0.940
1684043580,+3.45,+11.032, +9.825,+0.941
1684043640,+3.45,+10.715, +9.946,+0.941
1684043700,+3.45,+10.452,+10.019,+0.941
1684043760,+3.45,+10.252,+10.109,+0.942
1684043820,+3.45,+10.325,+10.154,+0.942
1684043880,+3.45,+10.370,+10.176,+0.942
1684043940,+3.45,+10.461,+10.242,+0.943
1684044000,+3.45,+10.470,+10.167,+0.942
1684044060,+3.45,+10.370,+10.193,+0.942
1684044120,+3.45,+10.416,+10.217,+0.943
1684044180,+3.45,+10.461,+10.255,+0.943
1684044240,+3.45,+10.525,+10.165,+0.942
1684044300,+3.45,+10.243,+10.101,+0.942
1684044360,+3.45,+10.115,+10.108,+0.942
1684044420,+3.45, +9.629, +9.951,+0.941
1684044480,+3.45, +9.269,+10.010,+0.941
1684044540,+3.45, +9.084,+10.075,+0.941
1684044600,+3.45, +8.926,+10.123,+0.941
1684044660,+3.45, +8.805,+10.134,+0.941
1684044720,+3.45, +8.683,+10.157,+0.942
1684044780,+3.45, +8.618,+10.192,+0.942
1684044840,+3.45, +8.655,+10.153,+0.942
1684044900,+3.45, +8.571,+10.184,+0.943
1684044960,+3.45, +8.581,+10.152,+0.942
1684045020,+3.45, +8.562,+10.141,+0.942
1684045080,+3.45, +8.506,+10.161,+0.942
1684045140,+3.45, +8.552,+10.173,+0.943
1684045200,+3.45, +8.478,+10.244,+0.943
1684045260,+3.45, +8.506,+10.315,+0.943
1684045320,+3.45, +8.777,+10.304,+0.944
1684045380,+3.45, +9.130,+10.350,+0.944
1684045440,+3.45, +9.574,+10.360,+0.944
1684045500,+3.45,+10.069,+10.365,+0.945
1684045560,+3.45,+10.507,+10.393,+0.945
1684045620,+3.45,+10.960,+10.416,+0.945
1684045680,+3.45,+10.932,+10.025,+0.942
1684045740,+3.45,+10.197,+10.005,+0.942
1684045800,+3.45, +9.795,+10.029,+0.942
1684045860,+3.45, +9.482,+10.136,+0.942
1684045920,+3.45, +9.537,+10.158,+0.943
1684045980,+3.45, +9.297,+10.078,+0.942
1684046040,+3.45, +9.075,+10.052,+0.942
1684046100,+3.45, +8.851,+10.097,+0.942
1684046160,+3.45, +8.805,+10.111,+0.942
1684046220,+3.45, +8.777,+10.089,+0.942
1684046280,+3.45, +8.702,+10.096,+0.942
1684046340,+3.45, +8.674,+10.093,+0.942
1684046400,+3.45, +8.674,+10.103,+0.943
1684046460,+3.45, +8.637,+10.108,+0.943
1684046520,+3.45, +8.609,+10.112,+0.943
1684046580,+3.45, +8.749,+10.213,+0.944
1684046640,+3.45, +9.112,+10.281,+0.944
1684046700,+3.45, +9.583,+10.323,+0.945
1684046760,+3.45,+10.033,+10.304,+0.945
1684046820,+3.45,+10.425,+10.325,+0.946
1684046880,+3.45,+10.770,+10.280,+0.945
1684046940,+3.45,+11.086,+10.264,+0.945
1684047000,+3.45,+11.329,+10.273,+0.945
1684047060,+3.45,+11.633,+10.243,+0.944
1684047120,+3.45,+11.750,+10.292,+0.945
1684047180,+3.45,+11.883,+10.313,+0.945
1684047240,+3.45,+12.035,+10.332,+0.945
1684047300,+3.45,+12.150,+10.343,+0.944
1684047360,+3.45,+12.221,+10.168,+0.943
1684047420,+3.45,+10.941, +9.690,+0.941
1684047480,+3.45,+10.480, +9.821,+0.942
1684047540,+3.45,+10.443, +9.938,+0.942
1684047600,+3.45,+10.398,+10.049,+0.942
1684047660,+3.45,+10.398,+10.107,+0.943
1684047720,+3.45,+10.443,+10.113,+0.943
1684047780,+3.45,+10.407,+10.115,+0.943
1684047840,+3.45,+10.416,+10.100,+0.942
1684047900,+3.45,+10.370,+10.103,+0.943
1684047960,+3.45,+10.389,+10.076,+0.943
1684048020,+3.45,+10.452,+10.045,+0.943
1684048080,+3.45,+10.543,+10.063,+0.943
1684048140,+3.45,+10.734,+10.074,+0.943
1684048200,+3.45,+10.878,+10.070,+0.943
1684048260,+3.45,+10.978,+10.055,+0.944
1684048320,+3.45,+11.167,+10.068,+0.944
1684048380,+3.45,+11.302,+10.202,+0.944
1684048440,+3.45,+11.535,+10.200,+0.944
1684048500,+3.45,+10.905, +9.777,+0.941
1684048560,+3.45,+10.124, +9.697,+0.941
1684048620,+3.45, +9.675, +9.747,+0.941
1684048680,+3.45, +9.583, +9.937,+0.942
1684048740,+3.45, +9.804, +9.988,+0.942
1684048800,+3.45,+10.097,+10.167,+0.944
1684048860,+3.45,+10.516,+10.162,+0.943
1684048920,+3.45,+10.770,+10.226,+0.944
1684048980,+3.45,+11.041,+10.221,+0.944
1684049040,+3.45,+11.122, +9.993,+0.943
1684049100,+3.45,+10.996,+10.070,+0.944
1684049160,+3.45,+11.041,+10.100,+0.943
1684049220,+3.45,+11.176,+10.129,+0.943
1684049280,+3.45,+11.365,+10.197,+0.944
1684049340,+3.45,+11.562,+10.252,+0.943
1684049400,+3.45,+11.758,+10.295,+0.944
1684049460,+3.45,+11.928,+10.321,+0.944
1684049520,+3.45,+12.053,+10.333,+0.944
1684049580,+3.45,+12.133,+10.353,+0.944
1684049640,+3.45,+12.213,+10.359,+0.944
1684049700,+3.45,+12.337,+10.365,+0.944
1684049760,+3.45,+12.461,+10.359,+0.944
1684049820,+3.45,+12.452,+10.402,+0.944
1684049880,+3.45,+12.532,+10.418,+0.943
1684049940,+3.45,+12.629,+10.429,+0.944
1684050000,+3.45,+12.682,+10.420,+0.944
1684050060,+3.45,+12.673,+10.432,+0.943
1684050120,+3.45,+12.699,+10.447,+0.944
1684050180,+3.45,+12.708,+10.452,+0.943
1684050240,+3.45,+12.735,+10.469,+0.944
1684050300,+3.45,+12.796,+10.448,+0.943
1684050360,+3.45,+12.133, +9.878,+0.940
1684050420,+3.45,+11.785, +9.995,+0.942
1684050480,+3.45,+11.767,+10.081,+0.943
1684050540,+3.45,+12.106,+10.188,+0.943
1684050600,+3.45,+12.284,+10.263,+0.943
1684050660,+3.45,+12.470,+10.331,+0.943
1684050720,+3.45,+12.549,+10.385,+0.944
1684050780,+3.45,+12.602,+10.413,+0.943
1684050840,+3.45,+12.699,+10.412,+0.943
1684050900,+3.45,+12.761,+10.428,+0.943
1684050960,+3.45,+12.805,+10.432,+0.943
1684051020,+3.45,+12.840,+10.417,+0.943
1684051080,+3.45,+12.823,+10.419,+0.943
1684051140,+3.45,+12.805,+10.423,+0.943
1684051200,+3.45,+12.893,+10.401,+0.943
1684051260,+3.45,+12.920,+10.377,+0.943
1684051320,+3.45,+12.876,+10.380,+0.943
1684051380,+3.45,+12.946,+10.356,+0.943
1684051440,+3.45,+12.929,+10.351,+0.943
1684051500,+3.45,+12.946,+10.370,+0.943
1684051560,+3.45,+12.946,+10.373,+0.943
1684051620,+3.45,+12.964,+10.372,+0.943
1684051680,+3.45,+13.017,+10.333,+0.943
1684051740,+3.45,+12.955,+10.365,+0.943
1684051800,+3.45,+12.990,+10.355,+0.943
1684051860,+3.45,+12.999,+10.357,+0.943
1684051920,+3.45,+13.017,+10.430,+0.943
1684051980,+3.45,+12.990,+10.452,+0.943
1684052040,+3.45,+13.060,+10.406,+0.943
1684052100,+3.45,+13.052,+10.446,+0.943
1684052160,+3.45,+13.078,+10.449,+0.943
1684052220,+3.45,+13.078,+10.448,+0.943
1684052280,+3.45,+13.148,+10.413,+0.943
1684052340,+3.45,+13.104,+10.427,+0.943
1684052400,+3.45,+13.113,+10.423,+0.943
1684052460,+3.45,+13.104,+10.418,+0.943
1684052520,+3.45,+13.060,+10.385,+0.943
1684052580,+3.45,+13.034,+10.373,+0.943
1684052640,+3.45,+13.034,+10.374,+0.943
1684052700,+3.45,+13.113,+10.387,+0.943
1684052760,+3.45,+13.078,+10.419,+0.943
1684052820,+3.45,+13.104,+10.420,+0.943
1684052880,+3.45,+13.166,+10.391,+0.943
1684052940,+3.45,+13.140,+10.406,+0.943
1684053000,+3.45,+13.069,+10.321,+0.942
1684053060,+3.45,+13.069,+10.318,+0.943
1684053120,+3.45,+13.008,+10.378,+0.943
1684053180,+3.45,+13.148,+10.359,+0.943
1684053240,+3.45,+13.157,+10.376,+0.943
1684053300,+3.45,+13.140,+10.392,+0.943
1684053360,+3.45,+13.192,+10.390,+0.943
1684053420,+3.45,+13.227,+10.390,+0.943
1684053480,+3.45,+13.166,+10.435,+0.944
1684053540,+3.45,+13.201,+10.412,+0.943
1684053600,+3.45,+13.262,+10.403,+0.943
1684053660,+3.45,+13.245,+10.426,+0.943
1684053720,+3.45,+13.271,+10.419,+0.943
1684053780,+3.45,+13.297,+10.399,+0.943
1684053840,+3.45,+13.236,+10.423,+0.943
1684053900,+3.45,+13.262,+10.401,+0.943
1684053960,+3.45,+13.289,+10.394,+0.943
1684054020,+3.45,+13.254,+10.408,+0.943
1684054080,+3.45,+13.280,+10.402,+0.942
1684054140,+3.45,+13.254,+10.410,+0.943
1684054200,+3.45,+13.289,+10.413,+0.943
1684054260,+3.45,+13.341,+10.398,+0.943
1684054320,+3.45,+13.262,+10.423,+0.943
1684054380,+3.45,+13.306,+10.425,+0.943
1684054440,+3.45,+13.333,+10.398,+0.942
1684054500,+3.45,+13.315,+10.420,+0.943
1684054560,+3.45,+13.350,+10.422,+0.943
1684054620,+3.45,+13.297,+10.411,+0.943
1684054680,+3.45,+13.166,+10.401,+0.943
1684054740,+3.45,+13.157,+10.412,+0.943
1684054800,+3.45,+13.219,+10.385,+0.943
1684054860,+3.45,+13.148,+10.420,+0.943
1684054920,+3.45,+13.236,+10.393,+0.943
1684054980,+3.45,+13.297,+10.370,+0.943
1684055040,+3.45,+13.236,+10.410,+0.943
1684055100,+3.45,+13.271,+10.390,+0.943
1684055160,+3.45,+13.297,+10.402,+0.943
1684055220,+3.45,+13.350,+10.370,+0.943
1684055280,+3.45,+13.289,+10.410,+0.944
1684055340,+3.45,+13.289,+10.414,+0.943
1684055400,+3.45,+13.368,+10.406,+0.943
1684055460,+3.45,+13.359,+10.401,+0.943
1684055520,+3.45,+13.341,+10.414,+0.943
1684055580,+3.45,+13.350,+10.411,+0.943
1684055640,+3.45,+13.350,+10.441,+0.943
1684055700,+3.45,+13.359,+10.467,+0.943
1684055760,+3.45,+13.385,+10.429,+0.943
1684055820,+3.45,+13.385,+10.481,+0.944
1684055880,+3.45,+13.376,+10.502,+0.943
1684055940,+3.45,+13.341,+10.533,+0.943
1684056000,+3.45,+13.368,+10.422,+0.943
1684056060,+3.45,+13.078,+10.178,+0.942
1684056120,+3.45,+12.779,+10.110,+0.942
1684056180,+3.45,+12.752,+10.201,+0.942
1684056240,+3.45,+12.876,+10.264,+0.943
1684056300,+3.45,+12.920,+10.288,+0.942
1684056360,+3.45,+12.929,+10.337,+0.942
1684056420,+3.45,+13.043,+10.329,+0.943
1684056480,+3.45,+12.981,+10.382,+0.943
1684056540,+3.45,+13.008,+10.359,+0.943
1684056600,+3.45,+13.087,+10.345,+0.942
1684056660,+3.45,+13.060,+10.383,+0.943
1684056720,+3.45,+13.078,+10.374,+0.942
1684056780,+3.45,+13.069,+10.388,+0.943
1684056840,+3.45,+13.157,+10.357,+0.943
1684056900,+3.45,+13.148,+10.367,+0.943
1684056960,+3.45,+13.201,+10.331,+0.942
1684057020,+3.45,+13.236,+10.322,+0.943
1684057080,+3.45,+13.183,+10.345,+0.943
1684057140,+3.45,+13.192,+10.338,+0.943
1684057200,+3.45,+13.175,+10.331,+0.943
1684057260,+3.45,+13.192,+10.323,+0.943
1684057320,+3.45,+13.131,+10.360,+0.943
1684057380,+3.45,+13.175,+10.346,+0.943
1684057440,+3.45,+13.131,+10.374,+0.943
1684057500,+3.45,+13.254,+10.353,+0.943
1684057560,+3.45,+13.245,+10.378,+0.944
1684057620,+3.45,+13.271,+10.376,+0.943
1684057680,+3.45,+13.262,+10.406,+0.944
1684057740,+3.45,+13.341,+10.384,+0.943
1684057800,+3.45,+13.350,+10.401,+0.943
1684057860,+3.45,+13.411,+10.390,+0.943
1684057920,+3.45,+13.333,+10.433,+0.943
1684057980,+3.45,+13.385,+10.414,+0.943
1684058040,+3.45,+13.376,+10.431,+0.943
1684058100,+3.45,+13.350,+10.464,+0.943
1684058160,+3.45,+13.438,+10.459,+0.943
1684058220,+3.45,+13.429,+10.472,+0.943
1684058280,+3.45,+13.359,+10.507,+0.943
1684058340,+3.45,+13.394,+10.463,+0.943
1684058400,+3.45,+13.341,+10.438,+0.943
1684058460,+3.45,+13.359,+10.385,+0.942
1684058520,+3.45,+13.315,+10.400,+0.943
1684058580,+3.45,+13.315,+10.419,+0.943
1684058640,+3.45,+13.324,+10.425,+0.943
1684058700,+3.45,+13.315,+10.429,+0.943
1684058760,+3.45,+13.315,+10.447,+0.943
1684058820,+3.45,+13.306,+10.435,+0.943
1684058880,+3.45,+13.333,+10.418,+0.943
1684058940,+3.45,+13.333,+10.404,+0.943
1684059000,+3.45,+13.315,+10.417,+0.943
1684059060,+3.45,+13.271,+10.411,+0.943
1684059120,+3.45,+13.306,+10.391,+0.943
1684059180,+3.45,+13.289,+10.419,+0.943
1684059240,+3.45,+13.341,+10.369,+0.943
1684059300,+3.45,+13.315,+10.376,+0.943
1684059360,+3.45,+13.289,+10.387,+0.943
1684059420,+3.45,+13.254,+10.386,+0.943
1684059480,+3.45,+13.289,+10.371,+0.943
1684059540,+3.45,+13.306,+10.372,+0.943
1684059600,+3.45,+13.306,+10.341,+0.943
1684059660,+3.45,+13.078,+10.144,+0.941
1684059720,+3.46,+12.849,+10.174,+0.942
1684059780,+3.46,+12.752,+10.216,+0.942
1684059840,+3.46,+12.708,+10.249,+0.942
1684059900,+3.46,+12.629,+10.279,+0.943
1684059960,+3.46,+12.655,+10.286,+0.942
1684060020,+3.46,+12.567,+10.297,+0.942
1684060080,+3.46,+12.576,+10.287,+0.943
1684060140,+3.46,+12.523,+10.292,+0.942
1684060200,+3.46,+12.505,+10.278,+0.942
1684060260,+3.46,+12.505,+10.269,+0.942
1684060320,+3.46,+12.408,+10.309,+0.942
1684060380,+3.46,+12.505,+10.286,+0.943
1684060440,+3.46,+12.452,+10.299,+0.942
1684060500,+3.46,+12.514,+10.285,+0.943
1684060560,+3.46,+12.452,+10.303,+0.943
1684060620,+3.46,+12.470,+10.305,+0.943
1684060680,+3.46,+12.540,+10.271,+0.942
1684060740,+3.46,+12.532,+10.285,+0.943
1684060800,+3.46,+12.487,+10.303,+0.943
1684060860,+3.46,+12.514,+10.300,+0.943
1684060920,+3.46,+12.549,+10.300,+0.943
1684060980,+3.46,+12.549,+10.330,+0.943
1684061040,+3.46,+12.558,+10.346,+0.943
1684061100,+3.46,+12.620,+10.328,+0.943
1684061160,+3.46,+12.585,+10.356,+0.943
1684061220,+3.46,+12.558,+10.364,+0.942
1684061280,+3.46,+12.611,+10.346,+0.943
1684061340,+3.46,+12.646,+10.339,+0.943
1684061400,+3.46,+12.646,+10.338,+0.943
1684061460,+3.46,+12.611,+10.353,+0.943
1684061520,+3.46,+12.629,+10.367,+0.943
1684061580,+3.46,+12.646,+10.384,+0.943
1684061640,+3.46,+12.664,+10.396,+0.943
1684061700,+3.46,+12.655,+10.391,+0.943
1684061760,+3.46,+12.611,+10.411,+0.943
1684061820,+3.46,+12.655,+10.382,+0.943
1684061880,+3.46,+12.602,+10.405,+0.943
1684061940,+3.46,+12.620,+10.390,+0.943
1684062000,+3.46,+12.620,+10.389,+0.943
1684062060,+3.46,+12.629,+10.388,+0.943
1684062120,+3.46,+12.558,+10.415,+0.943
1684062180,+3.46,+12.602,+10.419,+0.943
1684062240,+3.46,+12.602,+10.439,+0.943
1684062300,+3.46,+12.638,+10.450,+0.943
1684062360,+3.46,+12.673,+10.444,+0.943
1684062420,+3.46,+12.620,+10.468,+0.943
1684062480,+3.46,+12.620,+10.467,+0.943
1684062540,+3.46,+12.602,+10.487,+0.943
1684062600,+3.46,+12.602,+10.494,+0.943
1684062660,+3.46,+12.646,+10.473,+0.943
1684062720,+3.46,+12.611,+10.490,+0.943
1684062780,+3.46,+12.646,+10.486,+0.943
1684062840,+3.46,+12.602,+10.511,+0.943
1684062900,+3.46,+12.620,+10.526,+0.944
1684062960,+3.46,+12.646,+10.488,+0.943
1684063020,+3.46,+12.638,+10.488,+0.943
1684063080,+3.46,+12.602,+10.493,+0.943
1684063140,+3.46,+12.496,+10.310,+0.942
1684063200,+3.45,+12.239,+10.314,+0.942
1684063260,+3.46,+12.213,+10.358,+0.943
1684063320,+3.46,+12.381,+10.369,+0.943
1684063380,+3.46,+12.478,+10.368,+0.943
1684063440,+3.46,+12.452,+10.413,+0.943
1684063500,+3.46,+12.452,+10.368,+0.943
1684063560,+3.46,+12.416,+10.387,+0.943
1684063620,+3.46,+12.416,+10.386,+0.943
1684063680,+3.46,+12.434,+10.372,+0.943
1684063740,+3.46,+12.443,+10.363,+0.942
1684063800,+3.46,+12.470,+10.354,+0.943
1684063860,+3.46,+12.372,+10.376,+0.943
1684063920,+3.46,+12.292,+10.341,+0.942
1684063980,+3.46,+12.239,+10.311,+0.942
1684064040,+3.46,+12.230,+10.301,+0.943
1684064100,+3.46,+12.266,+10.303,+0.943
1684064160,+3.46,+12.266,+10.306,+0.943
1684064220,+3.46,+12.284,+10.302,+0.943
1684064280,+3.46,+12.337,+10.291,+0.943
1684064340,+3.46,+12.310,+10.298,+0.942
1684064400,+3.46,+12.354,+10.290,+0.943
1684064460,+3.46,+12.363,+10.284,+0.943
1684064520,+3.46,+12.363,+10.270,+0.942
1684064580,+3.46,+12.337,+10.288,+0.943
1684064640,+3.46,+12.319,+10.290,+0.943
1684064700,+3.46,+12.346,+10.279,+0.942
1684064760,+3.46,+12.319,+10.283,+0.943
1684064820,+3.46,+12.230,+10.310,+0.943
1684064880,+3.46,+12.213,+10.298,+0.943
1684064940,+3.45,+12.221,+10.309,+0.943
1684065000,+3.46,+12.106,+10.078,+0.941
1684065060,+3.46,+11.857,+10.260,+0.942
1684065120,+3.46,+11.839,+10.261,+0.943
1684065180,+3.46,+11.857,+10.257,+0.943
1684065240,+3.46,+11.848,+10.256,+0.943
1684065300,+3.46,+11.785,+10.269,+0.943
1684065360,+3.46,+11.776,+10.227,+0.943
1684065420,+3.46,+11.705,+10.202,+0.942
1684065480,+3.46,+11.669,+10.214,+0.942
1684065540,+3.46,+11.607,+10.236,+0.943
1684065600,+3.46,+11.553,+10.257,+0.943
1684065660,+3.46,+11.553,+10.244,+0.942
1684065720,+3.46,+11.553,+10.244,+0.942
1684065780,+3.46,+11.544,+10.254,+0.943
1684065840,+3.46,+11.544,+10.266,+0.943
1684065900,+3.46,+11.580,+10.261,+0.943
1684065960,+3.46,+11.589,+10.254,+0.943
1684066020,+3.46,+11.517,+10.283,+0.943
1684066080,+3.46,+11.607,+10.239,+0.942
1684066140,+3.46,+11.571,+10.257,+0.942
1684066200,+3.46,+11.553,+10.271,+0.943
1684066260,+3.46,+11.544,+10.280,+0.943
1684066320,+3.46,+11.517,+10.269,+0.943
1684066380,+3.46,+11.454,+10.267,+0.943
1684066440,+3.46,+11.472,+10.223,+0.943
1684066500,+3.46,+11.293,+10.261,+0.942
1684066560,+3.46,+11.248,+10.263,+0.942
1684066620,+3.46,+11.248,+10.251,+0.943
1684066680,+3.46,+11.212,+10.303,+0.943
1684066740,+3.46,+11.221,+10.308,+0.943
1684066800,+3.46,+11.122,+10.305,+0.943
1684066860,+3.46,+11.077,+10.283,+0.943
1684066920,+3.46,+11.104,+10.248,+0.943
1684066980,+3.46,+11.095,+10.237,+0.943
1684067040,+3.46,+11.023,+10.234,+0.943
1684067100,+3.46,+10.960,+10.225,+0.943
1684067160,+3.46,+10.878,+10.254,+0.943
1684067220,+3.46,+10.869,+10.248,+0.943
1684067280,+3.46,+10.806,+10.260,+0.943
1684067340,+3.46,+10.779,+10.248,+0.943
1684067400,+3.46,+10.661,+10.266,+0.943
1684067460,+3.46,+10.598,+10.269,+0.943
1684067520,+3.46,+10.525,+10.276,+0.942
1684067580,+3.46,+10.489,+10.288,+0.943
1684067640,+3.46,+10.407,+10.299,+0.943
1684067700,+3.46,+10.370,+10.278,+0.943
1684067760,+3.46,+10.307,+10.280,+0.943
1684067820,+3.46,+10.252,+10.300,+0.943
1684067880,+3.46,+10.261,+10.278,+0.943
1684067940,+3.46,+10.170,+10.319,+0.943
1684068000,+3.46,+10.170,+10.321,+0.943
1684068060,+3.46,+10.152,+10.324,+0.943
1684068120,+3.46,+10.161,+10.324,+0.943
1684068180,+3.46,+10.161,+10.337,+0.943
1684068240,+3.46,+10.234,+10.310,+0.943
1684068300,+3.46,+10.197,+10.335,+0.943
1684068360,+3.46,+10.206,+10.283,+0.943
1684068420,+3.46,+10.115,+10.300,+0.943
1684068480,+3.46,+10.015,+10.332,+0.943
1684068540,+3.46, +9.923,+10.367,+0.943
1684068600,+3.46, +9.886,+10.376,+0.943
1684068660,+3.46, +9.850,+10.374,+0.943
1684068720,+3.46, +9.850,+10.390,+0.943
1684068780,+3.46, +9.868,+10.389,+0.943
