7450-798456
OS REV: 1.03 Sensor Cal: 1539277937
Time (sec),  BV (Volts),  T (deg C),  DO (mg/l),  Q ()
1685019240,+3.46,+11.580,+10.035,+0.943
1685019300,+3.46,+11.526,+10.040,+0.942
1685019360,+3.46,+11.598,+10.032,+0.943
1685019420,+3.46,+11.624,+10.005,+0.943
1685019480,+3.46,+11.535,+10.030,+0.942
1685019540,+3.46,+11.598,+10.034,+0.943
1685019600,+3.46,+11.580,+10.002,+0.942
1685019660,+3.46,+11.526,+10.007,+0.942
1685019720,+3.46,+11.535, +9.993,+0.942
1685019780,+3.46,+11.517, +9.996,+0.942
1685019840,+3.46,+11.535, +9.983,+0.942
1685019900,+3.46,+11.535, +9.980,+0.942
1685019960,+3.46,+11.589, +9.948,+0.942
1685020020,+3.46,+11.562, +9.952,+0.942
1685020080,+3.46,+11.544, +9.973,+0.943
1685020140,+3.46,+11.562, +9.958,+0.942
1685020200,+3.46,+11.589, +9.947,+0.942
1685020260,+3.46,+11.571, +9.970,+0.942
1685020320,+3.46,+11.669, +9.954,+0.942
1685020380,+3.46,+11.669, +9.994,+0.943
1685020440,+3.46,+11.687,+10.018,+0.942
1685020500,+3.46,+11.714,+10.046,+0.943
1685020560,+3.46,+11.732,+10.061,+0.942
1685020620,+3.46,+11.803,+10.120,+0.943
1685020680,+3.46,+11.830,+10.175,+0.942
1685020740,+3.46,+11.937,+10.215,+0.943
1685020800,+3.46,+12.026,+10.350,+0.943
1685020860,+3.46,+12.159,+10.520,+0.944
1685020920,+3.46,+12.593,+10.646,+0.945
1685020980,+3.46,+13.201,+10.708,+0.945
1685021040,+3.46,+13.595,+10.576,+0.944
1685021100,+3.46,+13.979,+10.492,+0.945
1685021160,+3.46,+14.205,+10.515,+0.945
1685021220,+3.46,+14.474,+10.361,+0.944
1685021280,+3.46,+13.656, +9.837,+0.940
1685021340,+3.46,+13.034, +9.953,+0.941
1685021400,+3.46,+12.814, +9.984,+0.941
1685021460,+3.46,+12.602,+10.044,+0.941
1685021520,+3.46,+12.523,+10.090,+0.941
1685021580,+3.46,+12.487,+10.114,+0.941
1685021640,+3.46,+12.496,+10.154,+0.942
1685021700,+3.46,+12.655,+10.326,+0.943
1685021760,+3.46,+13.069,+10.409,+0.944
1685021820,+3.46,+13.508,+10.453,+0.944
1685021880,+3.46,+13.953,+10.402,+0.944
1685021940,+3.46,+14.292,+10.325,+0.944
1685022000,+3.46,+14.465, +9.859,+0.941
1685022060,+3.46,+13.778, +9.983,+0.941
1685022120,+3.46,+13.525,+10.154,+0.942
1685022180,+3.46,+13.839,+10.326,+0.943
1685022240,+3.46,+14.213,+10.262,+0.943
1685022300,+3.46,+14.439,+10.159,+0.942
1685022360,+3.46,+14.482,+10.210,+0.943
1685022420,+3.46,+14.569,+10.265,+0.944
1685022480,+3.46,+14.716,+10.214,+0.944
1685022540,+3.46,+14.906,+10.169,+0.943
1685022600,+3.46,+15.035,+10.150,+0.943
1685022660,+3.46,+15.113,+10.138,+0.943
1685022720,+3.46,+15.130,+10.118,+0.943
1685022780,+3.46,+15.199,+10.150,+0.943
1685022840,+3.46,+15.345,+10.141,+0.943
1685022900,+3.46,+14.768, +9.837,+0.940
1685022960,+3.46,+14.300, +9.928,+0.940
1685023020,+3.46,+14.048,+10.128,+0.942
1685023080,+3.46,+14.040,+10.085,+0.941
1685023140,+3.46,+13.848,+10.076,+0.941
1685023200,+3.46,+13.621,+10.092,+0.941
1685023260,+3.46,+13.455,+10.061,+0.940
1685023320,+3.46,+13.236,+10.102,+0.941
1685023380,+3.46,+13.201,+10.093,+0.941
1685023440,+3.46,+13.175,+10.070,+0.941
1685023500,+3.46,+12.946,+10.006,+0.941
1685023560,+3.46,+12.876,+10.004,+0.941
1685023620,+3.46,+12.823,+10.017,+0.941
1685023680,+3.46,+12.779,+10.030,+0.941
1685023740,+3.46,+12.761,+10.023,+0.941
1685023800,+3.46,+12.629,+10.049,+0.941
1685023860,+3.46,+12.593,+10.053,+0.941
1685023920,+3.46,+12.655,+10.025,+0.941
1685023980,+3.46,+12.602,+10.042,+0.942
1685024040,+3.46,+12.593,+10.044,+0.941
1685024100,+3.46,+12.585,+10.078,+0.942
1685024160,+3.46,+12.664,+10.143,+0.942
1685024220,+3.46,+12.796,+10.127,+0.942
1685024280,+3.46,+12.920,+10.158,+0.942
1685024340,+3.46,+12.885,+10.104,+0.942
1685024400,+3.46,+12.920,+10.227,+0.943
1685024460,+3.46,+13.219,+10.189,+0.943
1685024520,+3.46,+13.306,+10.234,+0.943
1685024580,+3.46,+13.586,+10.252,+0.943
1685024640,+3.46,+13.909,+10.291,+0.943
1685024700,+3.46,+14.196,+10.253,+0.943
1685024760,+3.46,+14.335,+10.242,+0.943
1685024820,+3.46,+14.456,+10.234,+0.943
1685024880,+3.46,+14.655,+10.187,+0.943
1685024940,+3.46,+14.785,+10.145,+0.943
1685025000,+3.46,+14.880,+10.126,+0.943
1685025060,+3.46,+14.932,+10.113,+0.943
1685025120,+3.46,+15.018,+10.127,+0.943
1685025180,+3.46,+15.052,+10.122,+0.943
1685025240,+3.46,+14.940,+10.034,+0.942
1685025300,+3.46,+14.845,+10.072,+0.943
1685025360,+3.46,+14.690,+10.063,+0.942
1685025420,+3.46,+14.569,+10.035,+0.942
1685025480,+3.46,+14.543,+10.064,+0.942
1685025540,+3.46,+14.491,+10.073,+0.942
1685025600,+3.46,+14.387, +9.995,+0.941
1685025660,+3.46,+14.161,+10.018,+0.941
1685025720,+3.46,+14.066,+10.022,+0.942
1685025780,+3.46,+13.874,+10.030,+0.941
1685025840,+3.46,+13.743,+10.036,+0.941
1685025900,+3.46,+13.586,+10.040,+0.941
1685025960,+3.46,+13.446,+10.047,+0.941
1685026020,+3.46,+13.359,+10.078,+0.941
1685026080,+3.46,+13.297,+10.078,+0.941
1685026140,+3.46,+13.227,+10.103,+0.942
1685026200,+3.46,+13.183,+10.078,+0.941
1685026260,+3.46,+13.175,+10.074,+0.942
1685026320,+3.46,+13.201,+10.052,+0.942
1685026380,+3.46,+13.052, +9.965,+0.940
1685026440,+3.46,+12.902, +9.999,+0.941
1685026500,+3.46,+12.761, +9.969,+0.941
1685026560,+3.46,+12.646, +9.980,+0.941
1685026620,+3.46,+12.567,+10.024,+0.941
1685026680,+3.46,+12.523,+10.000,+0.941
1685026740,+3.46,+12.416, +9.952,+0.941
1685026800,+3.46,+12.310, +9.947,+0.941
1685026860,+3.46,+12.159, +9.970,+0.941
1685026920,+3.46,+12.079, +9.954,+0.941
1685026980,+3.46,+12.079, +9.946,+0.941
1685027040,+3.46,+11.990, +9.967,+0.941
1685027100,+3.46,+11.946, +9.995,+0.942
1685027160,+3.46,+12.026, +9.960,+0.941
1685027220,+3.46,+11.999, +9.958,+0.942
1685027280,+3.46,+11.910, +9.983,+0.942
1685027340,+3.46,+11.946, +9.945,+0.942
1685027400,+3.46,+11.901, +9.963,+0.942
1685027460,+3.46,+11.866, +9.977,+0.942
1685027520,+3.46,+11.848, +9.987,+0.942
1685027580,+3.46,+11.812, +9.987,+0.941
1685027640,+3.46,+11.812, +9.991,+0.942
1685027700,+3.46,+11.785,+10.001,+0.942
1685027760,+3.46,+11.794, +9.974,+0.941
1685027820,+3.46,+11.812, +9.985,+0.942
1685027880,+3.46,+11.785, +9.992,+0.942
1685027940,+3.46,+11.741,+10.006,+0.942
1685028000,+3.46,+11.794, +9.982,+0.942
1685028060,+3.46,+11.750,+10.014,+0.942
1685028120,+3.46,+11.750,+10.021,+0.942
1685028180,+3.46,+11.776,+10.018,+0.942
1685028240,+3.46,+11.839,+10.022,+0.942
1685028300,+3.46,+11.839,+10.023,+0.942
1685028360,+3.46,+11.830,+10.029,+0.942
1685028420,+3.46,+11.901,+10.002,+0.942
1685028480,+3.46,+11.883,+10.016,+0.942
1685028540,+3.46,+11.901,+10.020,+0.942
1685028600,+3.46,+11.999,+10.007,+0.942
1685028660,+3.46,+11.990,+10.028,+0.943
1685028720,+3.46,+12.097,+10.014,+0.943
1685028780,+3.46,+12.088,+10.019,+0.942
1685028840,+3.46,+12.159, +9.983,+0.942
1685028900,+3.46,+12.079,+10.013,+0.942
1685028960,+3.46,+12.035,+10.020,+0.942
1685029020,+3.46,+12.044, +9.992,+0.942
1685029080,+3.46,+12.026, +9.950,+0.942
1685029140,+3.46,+11.937, +9.930,+0.942
1685029200,+3.46,+11.955, +9.895,+0.941
1685029260,+3.46,+11.830, +9.938,+0.942
1685029320,+3.46,+11.812, +9.939,+0.942
1685029380,+3.46,+11.803, +9.944,+0.942
1685029440,+3.46,+11.723, +9.957,+0.942
1685029500,+3.46,+11.794, +9.949,+0.942
1685029560,+3.46,+11.830, +9.995,+0.942
1685029620,+3.46,+12.035,+10.067,+0.942
1685029680,+3.46,+12.168,+10.142,+0.943
1685029740,+3.46,+12.310,+10.139,+0.943
1685029800,+3.46,+12.585,+10.126,+0.943
1685029860,+3.46,+12.673,+10.036,+0.943
1685029920,+3.46,+12.876,+10.114,+0.943
1685029980,+3.46,+12.726, +9.893,+0.941
1685030040,+3.46,+12.399, +9.886,+0.942
1685030100,+3.46,+12.372, +9.954,+0.942
1685030160,+3.46,+12.470,+10.028,+0.942
1685030220,+3.46,+12.735,+10.003,+0.943
1685030280,+3.46,+12.752,+10.011,+0.942
1685030340,+3.46,+12.699, +9.813,+0.941
1685030400,+3.46,+12.310, +9.656,+0.940
1685030460,+3.46,+11.866, +9.586,+0.940
1685030520,+3.46,+11.490, +9.588,+0.941
1685030580,+3.46,+11.275, +9.641,+0.941
1685030640,+3.46,+11.113, +9.663,+0.941
1685030700,+3.46,+11.059, +9.638,+0.941
1685030760,+3.46,+10.978, +9.680,+0.942
1685030820,+3.46,+10.996, +9.705,+0.941
1685030880,+3.46,+11.329, +9.836,+0.942
1685030940,+3.46,+11.624, +9.927,+0.943
1685031000,+3.46,+11.857, +9.989,+0.943
1685031060,+3.46,+12.141,+10.012,+0.943
1685031120,+3.46,+12.266,+10.132,+0.943
1685031180,+3.46,+12.399,+10.166,+0.943
1685031240,+3.46,+12.150, +9.874,+0.941
1685031300,+3.46,+11.910, +9.858,+0.942
1685031360,+3.46,+11.821, +9.875,+0.942
1685031420,+3.46,+11.812, +9.844,+0.942
1685031480,+3.46,+11.767, +9.843,+0.942
1685031540,+3.46,+11.776, +9.959,+0.943
1685031600,+3.46,+11.990,+10.004,+0.943
1685031660,+3.46,+11.990,+10.005,+0.942
1685031720,+3.46,+12.133,+10.012,+0.942
1685031780,+3.46,+12.221,+10.031,+0.942
1685031840,+3.46,+12.301,+10.056,+0.942
1685031900,+3.46,+12.301,+10.038,+0.942
1685031960,+3.46,+12.372,+10.023,+0.942
1685032020,+3.46,+12.416,+10.001,+0.942
1685032080,+3.46,+12.390,+10.011,+0.942
1685032140,+3.46,+12.354, +9.979,+0.942
1685032200,+3.46,+12.257, +9.954,+0.942
1685032260,+3.46,+12.248, +9.892,+0.942
1685032320,+3.46,+12.150, +9.872,+0.942
1685032380,+3.46,+12.053, +9.855,+0.942
1685032440,+3.46,+12.008, +9.844,+0.942
1685032500,+3.46,+11.999, +9.843,+0.942
1685032560,+3.46,+11.972, +9.869,+0.942
1685032620,+3.46,+11.937, +9.895,+0.942
1685032680,+3.46,+11.990, +9.866,+0.942
1685032740,+3.46,+12.035, +9.838,+0.942
1685032800,+3.46,+12.079, +9.847,+0.943
1685032860,+3.46,+12.079, +9.851,+0.942
1685032920,+3.46,+12.097, +9.881,+0.942
1685032980,+3.46,+12.168, +9.880,+0.942
1685033040,+3.46,+12.266, +9.895,+0.942
1685033100,+3.46,+12.284, +9.953,+0.943
1685033160,+3.46,+12.354, +9.992,+0.942
1685033220,+3.46,+12.372,+10.002,+0.942
1685033280,+3.46,+12.346, +9.972,+0.942
1685033340,+3.46,+12.319, +9.950,+0.942
1685033400,+3.46,+12.204, +9.993,+0.942
1685033460,+3.46,+12.292, +9.951,+0.942
1685033520,+3.46,+12.292, +9.956,+0.942
1685033580,+3.46,+12.275, +9.950,+0.942
1685033640,+3.46,+12.381, +9.919,+0.942
1685033700,+3.46,+12.319, +9.954,+0.942
1685033760,+3.46,+12.310, +9.966,+0.942
1685033820,+3.46,+12.399, +9.920,+0.942
1685033880,+3.46,+12.434, +9.905,+0.942
1685033940,+3.46,+12.337, +9.668,+0.941
1685034000,+3.46,+11.910, +9.548,+0.941
1685034060,+3.46,+11.767, +9.662,+0.941
1685034120,+3.46,+11.901, +9.758,+0.942
1685034180,+3.46,+11.999, +9.822,+0.942
1685034240,+3.46,+12.115, +9.855,+0.942
1685034300,+3.46,+12.168, +9.888,+0.942
1685034360,+3.46,+12.257, +9.913,+0.942
1685034420,+3.46,+12.275, +9.718,+0.941
1685034480,+3.46,+11.981, +9.661,+0.941
1685034540,+3.46,+11.866, +9.736,+0.942
1685034600,+3.46,+11.946, +9.891,+0.943
1685034660,+3.46,+12.053, +9.913,+0.942
1685034720,+3.46,+12.053, +9.975,+0.942
1685034780,+3.46,+12.133, +9.982,+0.942
1685034840,+3.46,+12.088, +9.928,+0.942
1685034900,+3.46,+11.999, +9.826,+0.942
1685034960,+3.46,+11.999, +9.826,+0.942
1685035020,+3.46,+11.964, +9.889,+0.942
1685035080,+3.46,+11.999, +9.952,+0.943
1685035140,+3.46,+11.981, +9.933,+0.942
1685035200,+3.46,+11.990, +9.889,+0.942
1685035260,+3.46,+11.990, +9.885,+0.942
1685035320,+3.46,+11.990, +9.865,+0.942
1685035380,+3.46,+12.026, +9.868,+0.942
1685035440,+3.46,+11.955, +9.913,+0.942
1685035500,+3.46,+11.946, +9.940,+0.942
1685035560,+3.46,+11.999, +9.909,+0.942
1685035620,+3.46,+11.946, +9.936,+0.942
1685035680,+3.46,+11.964, +9.941,+0.942
1685035740,+3.46,+12.017, +9.987,+0.942
1685035800,+3.46,+12.035, +9.993,+0.942
1685035860,+3.46,+12.035, +9.964,+0.942
1685035920,+3.46,+11.785, +9.534,+0.940
1685035980,+3.46,+11.383, +9.490,+0.941
1685036040,+3.46,+11.275, +9.524,+0.941
1685036100,+3.46,+11.176, +9.586,+0.942
1685036160,+3.46,+11.167, +9.618,+0.942
1685036220,+3.46,+11.257, +9.706,+0.942
1685036280,+3.46,+11.383, +9.845,+0.942
1685036340,+3.46,+11.535, +9.879,+0.943
1685036400,+3.46,+11.633, +9.865,+0.942
1685036460,+3.46,+11.776, +9.867,+0.942
1685036520,+3.46,+11.830, +9.933,+0.943
1685036580,+3.46,+11.955, +9.936,+0.942
1685036640,+3.46,+11.972, +9.954,+0.943
1685036700,+3.46,+11.981, +9.898,+0.942
1685036760,+3.46,+11.892, +9.714,+0.942
1685036820,+3.46,+11.669, +9.657,+0.941
1685036880,+3.46,+11.526, +9.679,+0.941
1685036940,+3.46,+11.418, +9.707,+0.941
1685037000,+3.46,+11.365, +9.710,+0.942
1685037060,+3.46,+11.338, +9.750,+0.942
1685037120,+3.46,+11.248, +9.746,+0.942
1685037180,+3.46,+11.230, +9.737,+0.942
1685037240,+3.46,+11.266, +9.752,+0.942
1685037300,+3.46,+11.248, +9.750,+0.941
1685037360,+3.46,+11.230, +9.704,+0.941
1685037420,+3.46,+11.176, +9.692,+0.942
1685037480,+3.46,+11.158, +9.682,+0.942
1685037540,+3.46,+11.104, +9.726,+0.942
1685037600,+3.46,+11.176, +9.743,+0.942
1685037660,+3.46,+11.230, +9.834,+0.942
1685037720,+3.46,+11.320, +9.771,+0.942
1685037780,+3.46,+11.427, +9.726,+0.942
1685037840,+3.46,+11.383, +9.740,+0.942
1685037900,+3.46,+11.436, +9.765,+0.943
1685037960,+3.46,+11.562, +9.750,+0.942
1685038020,+3.46,+11.320, +9.463,+0.941
1685038080,+3.46,+10.996, +9.475,+0.941
1685038140,+3.46,+10.815, +9.558,+0.941
1685038200,+3.46,+10.743, +9.580,+0.941
1685038260,+3.46,+10.661, +9.616,+0.942
1685038320,+3.46,+10.634, +9.626,+0.942
1685038380,+3.46,+10.570, +9.641,+0.942
1685038440,+3.46,+10.598, +9.632,+0.942
1685038500,+3.46,+10.598, +9.641,+0.942
1685038560,+3.46,+10.489, +9.672,+0.942
1685038620,+3.46,+10.489, +9.669,+0.942
1685038680,+3.46,+10.425, +9.675,+0.942
1685038740,+3.46,+10.352, +9.653,+0.942
1685038800,+3.46,+10.243, +9.656,+0.941
1685038860,+3.46,+10.188, +9.661,+0.942
1685038920,+3.46,+10.197, +9.619,+0.941
1685038980,+3.46,+10.115, +9.609,+0.942
1685039040,+3.46,+10.143, +9.586,+0.942
1685039100,+3.46,+10.033, +9.607,+0.942
1685039160,+3.46,+10.033, +9.619,+0.942
1685039220,+3.46,+10.024, +9.631,+0.942
1685039280,+3.46,+10.115, +9.621,+0.942
1685039340,+3.46,+10.115, +9.613,+0.942
1685039400,+3.46,+10.033, +9.609,+0.942
1685039460,+3.46,+10.051, +9.606,+0.942
1685039520,+3.46,+10.042, +9.601,+0.941
1685039580,+3.46,+10.005, +9.625,+0.942
1685039640,+3.46,+10.005, +9.622,+0.942
1685039700,+3.46,+10.033, +9.617,+0.942
1685039760,+3.46, +9.996, +9.628,+0.942
1685039820,+3.46,+10.015, +9.629,+0.942
1685039880,+3.46,+10.005, +9.620,+0.942
1685039940,+3.46, +9.996, +9.611,+0.942
1685040000,+3.46,+10.015, +9.607,+0.942
1685040060,+3.46,+10.060, +9.595,+0.942
1685040120,+3.46,+10.079, +9.586,+0.942
1685040180,+3.46,+10.024, +9.613,+0.942
1685040240,+3.46,+10.088, +9.572,+0.942
1685040300,+3.46,+10.079, +9.582,+0.942
1685040360,+3.46,+10.042, +9.592,+0.942
1685040420,+3.46,+10.015, +9.568,+0.942
1685040480,+3.46, +9.978, +9.559,+0.942
1685040540,+3.46, +9.978, +9.577,+0.942
1685040600,+3.46, +9.987, +9.597,+0.942
1685040660,+3.46, +9.969, +9.614,+0.942
1685040720,+3.46, +9.914, +9.641,+0.942
1685040780,+3.46, +9.877, +9.648,+0.942
1685040840,+3.46, +9.914, +9.633,+0.942
1685040900,+3.46, +9.895, +9.650,+0.942
1685040960,+3.46, +9.895, +9.643,+0.942
1685041020,+3.46, +9.923, +9.626,+0.942
1685041080,+3.46, +9.923, +9.615,+0.942
1685041140,+3.46, +9.941, +9.600,+0.942
1685041200,+3.46,+10.005, +9.579,+0.943
1685041260,+3.46,+10.005, +9.566,+0.942
1685041320,+3.46,+10.024, +9.550,+0.942
1685041380,+3.46,+10.033, +9.554,+0.942
1685041440,+3.46,+10.024, +9.551,+0.942
1685041500,+3.46,+10.042, +9.537,+0.942
1685041560,+3.46, +9.978, +9.536,+0.942
1685041620,+3.46, +9.996, +9.524,+0.942
1685041680,+3.46,+10.033, +9.516,+0.941
1685041740,+3.46, +9.987, +9.568,+0.942
1685041800,+3.46, +9.969, +9.588,+0.942
1685041860,+3.46, +9.941, +9.604,+0.942
1685041920,+3.46, +9.923, +9.620,+0.942
1685041980,+3.46, +9.877, +9.639,+0.942
1685042040,+3.46, +9.914, +9.614,+0.942
1685042100,+3.46, +9.978, +9.580,+0.942
1685042160,+3.46, +9.987, +9.573,+0.942
1685042220,+3.46,+10.024, +9.552,+0.942
1685042280,+3.46, +9.987, +9.554,+0.942
1685042340,+3.46,+10.051, +9.525,+0.942
1685042400,+3.46,+10.060, +9.530,+0.942
1685042460,+3.46,+10.088, +9.528,+0.942
1685042520,+3.46,+10.152, +9.476,+0.942
1685042580,+3.46,+10.143, +9.469,+0.942
1685042640,+3.46,+10.088, +9.478,+0.942
1685042700,+3.46,+10.143, +9.457,+0.942
1685042760,+3.46,+10.079, +9.515,+0.942
1685042820,+3.46,+10.097, +9.533,+0.942
1685042880,+3.46,+10.124, +9.521,+0.942
1685042940,+3.46,+10.124, +9.510,+0.942
1685043000,+3.46,+10.161, +9.493,+0.942
1685043060,+3.46,+10.152, +9.505,+0.942
1685043120,+3.46,+10.188, +9.489,+0.942
1685043180,+3.46,+10.234, +9.459,+0.942
1685043240,+3.46,+10.252, +9.489,+0.942
1685043300,+3.46,+10.270, +9.454,+0.942
1685043360,+3.46,+10.316, +9.398,+0.942
1685043420,+3.46,+10.243, +9.386,+0.941
1685043480,+3.46,+10.179, +9.415,+0.942
1685043540,+3.46,+10.179, +9.402,+0.942
1685043600,+3.46,+10.216, +9.371,+0.942
1685043660,+3.46,+10.133, +9.393,+0.942
1685043720,+3.46,+10.143, +9.383,+0.942
1685043780,+3.46,+10.088, +9.400,+0.942
1685043840,+3.46,+10.115, +9.386,+0.942
1685043900,+3.46,+10.097, +9.405,+0.942
1685043960,+3.46,+10.188, +9.402,+0.942
1685044020,+3.46,+10.261, +9.426,+0.942
1685044080,+3.46,+10.298, +9.498,+0.942
1685044140,+3.46,+10.416, +9.528,+0.942
1685044200,+3.46,+10.534, +9.540,+0.942
1685044260,+3.46,+10.589, +9.575,+0.942
1685044320,+3.46,+10.743, +9.583,+0.943
1685044380,+3.46,+10.743, +9.629,+0.942
1685044440,+3.46,+10.797, +9.653,+0.942
1685044500,+3.46,+10.896, +9.659,+0.942
1685044560,+3.46,+10.914, +9.694,+0.943
1685044620,+3.46,+11.005, +9.733,+0.943
1685044680,+3.46,+11.185, +9.748,+0.943
1685044740,+3.46,+11.176, +9.777,+0.943
1685044800,+3.46,+11.230, +9.758,+0.943
1685044860,+3.46,+11.284, +9.745,+0.942
1685044920,+3.46,+11.338, +9.723,+0.942
1685044980,+3.46,+11.472, +9.755,+0.943
1685045040,+3.46,+11.562, +9.792,+0.943
1685045100,+3.46,+11.651, +9.845,+0.943
1685045160,+3.46,+11.767, +9.893,+0.943
1685045220,+3.46,+11.866, +9.896,+0.943
1685045280,+3.46,+11.874, +9.855,+0.942
1685045340,+3.46,+11.874, +9.856,+0.943
1685045400,+3.46,+11.901, +9.779,+0.942
1685045460,+3.46,+11.598, +9.675,+0.942
1685045520,+3.46,+11.517, +9.657,+0.942
1685045580,+3.46,+11.535, +9.630,+0.942
1685045640,+3.46,+11.598, +9.660,+0.942
1685045700,+3.46,+11.696, +9.719,+0.943
1685045760,+3.46,+11.803, +9.769,+0.943
1685045820,+3.46,+11.901, +9.785,+0.942
1685045880,+3.46,+11.866, +9.874,+0.943
1685045940,+3.46,+11.919, +9.843,+0.942
1685046000,+3.46,+11.883, +9.854,+0.943
1685046060,+3.46,+11.874, +9.730,+0.941
1685046120,+3.46,+11.705, +9.740,+0.942
1685046180,+3.46,+11.642, +9.738,+0.942
1685046240,+3.46,+11.553, +9.718,+0.942
1685046300,+3.46,+11.535, +9.713,+0.942
1685046360,+3.46,+11.526, +9.715,+0.942
1685046420,+3.46,+11.490, +9.717,+0.942
1685046480,+3.46,+11.544, +9.710,+0.942
1685046540,+3.46,+11.526, +9.691,+0.942
1685046600,+3.46,+11.400, +9.616,+0.941
1685046660,+3.46,+11.239, +9.656,+0.941
1685046720,+3.46,+11.140, +9.675,+0.941
1685046780,+3.46,+11.104, +9.675,+0.942
1685046840,+3.46,+11.014, +9.711,+0.942
1685046900,+3.46,+11.023, +9.686,+0.942
1685046960,+3.46,+10.960, +9.678,+0.941
1685047020,+3.46,+10.860, +9.669,+0.942
1685047080,+3.46,+10.887, +9.613,+0.942
1685047140,+3.46,+10.842, +9.604,+0.941
1685047200,+3.46,+10.842, +9.610,+0.941
1685047260,+3.46,+10.815, +9.630,+0.942
1685047320,+3.46,+10.779, +9.640,+0.942
1685047380,+3.46,+10.770, +9.644,+0.942
1685047440,+3.46,+10.761, +9.643,+0.942
1685047500,+3.46,+10.752, +9.632,+0.942
1685047560,+3.46,+10.797, +9.595,+0.942
1685047620,+3.46,+10.806, +9.606,+0.942
1685047680,+3.46,+10.788, +9.609,+0.942
1685047740,+3.46,+10.761, +9.620,+0.942
1685047800,+3.46,+10.752, +9.622,+0.942
1685047860,+3.46,+10.779, +9.618,+0.942
1685047920,+3.46,+10.797, +9.621,+0.942
1685047980,+3.46,+10.779, +9.621,+0.942
1685048040,+3.46,+10.788, +9.632,+0.942
1685048100,+3.46,+10.797, +9.614,+0.942
1685048160,+3.46,+10.797, +9.612,+0.942
1685048220,+3.46,+10.815, +9.599,+0.942
1685048280,+3.46,+10.752, +9.626,+0.942
1685048340,+3.46,+10.752, +9.600,+0.942
1685048400,+3.46,+10.724, +9.601,+0.942
1685048460,+3.46,+10.625, +9.666,+0.942
1685048520,+3.46,+10.607, +9.693,+0.941
1685048580,+3.46,+10.561, +9.721,+0.942
1685048640,+3.46,+10.579, +9.713,+0.942
1685048700,+3.46,+10.498, +9.729,+0.942
1685048760,+3.46,+10.507, +9.726,+0.942
1685048820,+3.46,+10.507, +9.714,+0.942
1685048880,+3.46,+10.480, +9.715,+0.942
1685048940,+3.46,+10.598, +9.650,+0.942
1685049000,+3.46,+10.652, +9.625,+0.942
1685049060,+3.46,+10.706, +9.632,+0.942
1685049120,+3.46,+10.697, +9.624,+0.942
1685049180,+3.46,+10.715, +9.584,+0.942
1685049240,+3.46,+10.688, +9.566,+0.942
1685049300,+3.46,+10.715, +9.565,+0.942
1685049360,+3.46,+10.788, +9.520,+0.942
1685049420,+3.46,+10.661, +9.583,+0.941
1685049480,+3.46,+10.570, +9.657,+0.942
1685049540,+3.46,+10.525, +9.671,+0.942
1685049600,+3.46,+10.498, +9.670,+0.942
1685049660,+3.46,+10.498, +9.660,+0.942
1685049720,+3.46,+10.443, +9.673,+0.942
1685049780,+3.46,+10.389, +9.711,+0.942
1685049840,+3.46,+10.370, +9.727,+0.942
1685049900,+3.46,+10.325, +9.730,+0.942
1685049960,+3.46,+10.398, +9.714,+0.942
1685050020,+3.46,+10.407, +9.709,+0.942
1685050080,+3.46,+10.443, +9.684,+0.942
1685050140,+3.46,+10.370, +9.717,+0.942
1685050200,+3.46,+10.380, +9.732,+0.942
1685050260,+3.46,+10.516, +9.702,+0.942
1685050320,+3.46,+10.914, +9.822,+0.944
1685050380,+3.46,+11.481, +9.829,+0.944
1685050440,+3.46,+11.830, +9.847,+0.944
1685050500,+3.46,+11.490, +9.516,+0.941
1685050560,+3.46,+11.167, +9.548,+0.942
1685050620,+3.46,+10.996, +9.582,+0.942
1685050680,+3.46,+10.951, +9.703,+0.943
1685050740,+3.46,+11.383, +9.732,+0.942
1685050800,+3.46,+11.508, +9.792,+0.943
1685050860,+3.46,+11.705, +9.824,+0.943
1685050920,+3.46,+11.839, +9.840,+0.943
1685050980,+3.46,+12.061, +9.821,+0.943
1685051040,+3.46,+12.150, +9.814,+0.943
1685051100,+3.46,+12.284, +9.812,+0.943
1685051160,+3.46,+12.408, +9.814,+0.942
1685051220,+3.46,+12.035, +9.529,+0.941
1685051280,+3.46,+12.035, +9.720,+0.942
1685051340,+3.46,+12.195, +9.720,+0.942
1685051400,+3.46,+12.230, +9.780,+0.943
1685051460,+3.46,+12.381, +9.827,+0.943
1685051520,+3.46,+12.399, +9.875,+0.942
1685051580,+3.46,+12.399, +9.870,+0.942
1685051640,+3.46,+12.416, +9.864,+0.942
1685051700,+3.46,+12.399, +9.869,+0.942
1685051760,+3.46,+12.443, +9.824,+0.942
1685051820,+3.46,+12.443, +9.814,+0.942
1685051880,+3.46,+12.443, +9.793,+0.942
1685051940,+3.46,+12.478, +9.752,+0.942
1685052000,+3.46,+12.434, +9.738,+0.942
1685052060,+3.46,+12.434, +9.729,+0.942
1685052120,+3.46,+12.523, +9.707,+0.942
1685052180,+3.46,+12.496, +9.714,+0.942
1685052240,+3.46,+12.523, +9.694,+0.942
1685052300,+3.46,+12.496, +9.773,+0.942
1685052360,+3.46,+12.549, +9.741,+0.942
1685052420,+3.46,+12.425, +9.772,+0.942
1685052480,+3.46,+12.425, +9.733,+0.941
1685052540,+3.46,+12.284, +9.726,+0.942
1685052600,+3.46,+12.133, +9.686,+0.942
1685052660,+3.46,+11.981, +9.587,+0.941
1685052720,+3.46,+11.785, +9.520,+0.941
1685052780,+3.46,+11.607, +9.578,+0.941
1685052840,+3.46,+11.607, +9.574,+0.942
1685052900,+3.46,+11.598, +9.583,+0.942
1685052960,+3.46,+11.607, +9.558,+0.941
1685053020,+3.46,+11.535, +9.593,+0.941
1685053080,+3.46,+11.535, +9.618,+0.942
1685053140,+3.46,+11.553, +9.665,+0.942
1685053200,+3.46,+11.562, +9.644,+0.941
1685053260,+3.46,+11.499, +9.643,+0.941
1685053320,+3.46,+11.490, +9.672,+0.942
1685053380,+3.46,+11.463, +9.666,+0.942
1685053440,+3.46,+11.490, +9.667,+0.942
1685053500,+3.46,+11.562, +9.703,+0.942
1685053560,+3.46,+11.660, +9.781,+0.943
1685053620,+3.46,+11.883, +9.794,+0.943
1685053680,+3.46,+12.097, +9.768,+0.942
1685053740,+3.46,+12.443, +9.817,+0.943
1685053800,+3.46,+12.796, +9.897,+0.943
1685053860,+3.46,+13.113, +9.954,+0.943
1685053920,+3.46,+13.455, +9.961,+0.944
1685053980,+3.46,+13.297, +9.435,+0.940
1685054040,+3.46,+12.735, +9.537,+0.941
1685054100,+3.46,+12.708, +9.509,+0.941
1685054160,+3.46,+12.310, +9.437,+0.941
1685054220,+3.46,+11.981, +9.471,+0.941
1685054280,+3.46,+11.696, +9.586,+0.941
1685054340,+3.46,+11.598, +9.594,+0.941
1685054400,+3.46,+11.490, +9.662,+0.941
1685054460,+3.46,+11.445, +9.680,+0.941
1685054520,+3.46,+11.418, +9.673,+0.941
1685054580,+3.46,+11.445, +9.634,+0.941
1685054640,+3.46,+11.391, +9.640,+0.942
1685054700,+3.46,+11.293, +9.643,+0.941
1685054760,+3.46,+11.248, +9.656,+0.941
1685054820,+3.46,+11.248, +9.655,+0.941
1685054880,+3.46,+11.194, +9.663,+0.941
1685054940,+3.46,+11.131, +9.694,+0.942
1685055000,+3.46,+11.095, +9.692,+0.942
1685055060,+3.46,+11.086, +9.682,+0.942
1685055120,+3.46,+11.059, +9.673,+0.942
1685055180,+3.46,+11.032, +9.673,+0.942
1685055240,+3.46,+11.032, +9.664,+0.942
1685055300,+3.46,+11.068, +9.648,+0.942
1685055360,+3.46,+11.050, +9.635,+0.942
1685055420,+3.46,+11.041, +9.623,+0.942
1685055480,+3.46,+11.041, +9.621,+0.942
1685055540,+3.46,+11.059, +9.613,+0.942
1685055600,+3.46,+11.068, +9.600,+0.942
1685055660,+3.46,+11.041, +9.594,+0.942
1685055720,+3.46,+11.014, +9.595,+0.942
1685055780,+3.46,+11.077, +9.564,+0.942
1685055840,+3.46,+11.005, +9.591,+0.942
1685055900,+3.46,+10.960, +9.601,+0.942
1685055960,+3.46,+10.996, +9.579,+0.942
1685056020,+3.46,+11.032, +9.570,+0.942
1685056080,+3.46,+11.050, +9.573,+0.942
1685056140,+3.46,+11.041, +9.588,+0.942
1685056200,+3.46,+11.059, +9.452,+0.941
1685056260,+3.46,+10.842, +9.484,+0.941
1685056320,+3.46,+10.788, +9.467,+0.942
1685056380,+3.46,+10.697, +9.499,+0.941
1685056440,+3.46,+10.625, +9.532,+0.941
1685056500,+3.46,+10.661, +9.531,+0.942
1685056560,+3.46,+10.724, +9.520,+0.942
1685056620,+3.46,+10.643, +9.556,+0.942
1685056680,+3.46,+10.670, +9.546,+0.942
1685056740,+3.46,+10.652, +9.577,+0.942
1685056800,+3.46,+10.815, +9.583,+0.943
1685056860,+3.46,+11.032, +9.687,+0.943
1685056920,+3.46,+11.275, +9.691,+0.942
1685056980,+3.46,+11.472, +9.716,+0.943
1685057040,+3.46,+11.311, +9.452,+0.941
1685057100,+3.46,+11.023, +9.416,+0.941
1685057160,+3.46,+10.914, +9.503,+0.942
1685057220,+3.46,+10.833, +9.581,+0.942
1685057280,+3.46,+10.806, +9.581,+0.942
1685057340,+3.46,+10.797, +9.603,+0.942
1685057400,+3.46,+10.697, +9.611,+0.942
1685057460,+3.46,+10.715, +9.581,+0.942
1685057520,+3.46,+10.734, +9.578,+0.942
1685057580,+3.46,+10.833, +9.534,+0.942
1685057640,+3.46,+10.815, +9.484,+0.941
1685057700,+3.46,+10.806, +9.487,+0.941
1685057760,+3.46,+10.770, +9.504,+0.942
1685057820,+3.46,+10.734, +9.534,+0.942
1685057880,+3.46,+10.715, +9.564,+0.942
1685057940,+3.46,+10.724, +9.562,+0.942
1685058000,+3.46,+10.679, +9.593,+0.942
1685058060,+3.46,+10.688, +9.578,+0.942
1685058120,+3.46,+10.652, +9.589,+0.942
1685058180,+3.46,+10.625, +9.585,+0.942
1685058240,+3.46,+10.643, +9.594,+0.942
1685058300,+3.46,+10.706, +9.565,+0.942
1685058360,+3.46,+10.661, +9.573,+0.942
1685058420,+3.46,+10.670, +9.544,+0.942
1685058480,+3.46,+10.607, +9.547,+0.942
1685058540,+3.46,+10.525, +9.503,+0.942
1685058600,+3.46,+10.434, +9.492,+0.941
1685058660,+3.46,+10.343, +9.530,+0.942
1685058720,+3.46,+10.361, +9.508,+0.942
1685058780,+3.46,+10.389, +9.470,+0.942
1685058840,+3.46,+10.370, +9.468,+0.941
1685058900,+3.46,+10.389, +9.474,+0.942
1685058960,+3.46,+10.398, +9.473,+0.942
1685059020,+3.46,+10.443, +9.474,+0.942
1685059080,+3.46,+10.534, +9.475,+0.942
1685059140,+3.46,+10.643, +9.511,+0.942
1685059200,+3.46,+10.779, +9.513,+0.943
1685059260,+3.46,+10.969, +9.500,+0.943
1685059320,+3.46,+11.050, +9.513,+0.942
1685059380,+3.46,+11.275, +9.493,+0.942
1685059440,+3.46,+11.409, +9.570,+0.943
1685059500,+3.46,+11.642, +9.664,+0.943
1685059560,+3.46,+11.830, +9.743,+0.944
1685059620,+3.46,+11.955, +9.727,+0.943
1685059680,+3.46,+12.026, +9.716,+0.943
1685059740,+3.46,+12.088, +9.736,+0.943
1685059800,+3.46,+12.159, +9.743,+0.943
1685059860,+3.46,+11.866, +9.391,+0.941
1685059920,+3.46,+11.535, +9.342,+0.941
1685059980,+3.46,+11.338, +9.315,+0.942
1685060040,+3.46,+11.239, +9.324,+0.941
1685060100,+3.46,+11.131, +9.340,+0.941
1685060160,+3.46,+11.050, +9.358,+0.941
1685060220,+3.46,+11.005, +9.363,+0.942
1685060280,+3.46,+10.923, +9.366,+0.942
1685060340,+3.46,+10.914, +9.344,+0.941
1685060400,+3.46,+10.941, +9.356,+0.942
1685060460,+3.46,+10.987, +9.370,+0.942
1685060520,+3.46,+11.050, +9.342,+0.942
1685060580,+3.46,+11.041, +9.342,+0.941
1685060640,+3.46,+11.095, +9.339,+0.942
1685060700,+3.46,+11.176, +9.333,+0.942
1685060760,+3.46,+11.185, +9.345,+0.942
1685060820,+3.46,+11.329, +9.318,+0.942
1685060880,+3.46,+11.185, +9.292,+0.942
1685060940,+3.46,+11.059, +9.247,+0.941
1685061000,+3.46,+11.014, +9.291,+0.941
1685061060,+3.46,+10.923, +9.398,+0.941
1685061120,+3.46,+10.869, +9.447,+0.942
1685061180,+3.46,+10.860, +9.472,+0.942
1685061240,+3.46,+10.806, +9.540,+0.942
1685061300,+3.46,+10.806, +9.583,+0.942
1685061360,+3.46,+10.770, +9.641,+0.942
1685061420,+3.46,+10.824, +9.596,+0.941
1685061480,+3.46,+10.806, +9.585,+0.942
1685061540,+3.46,+10.724, +9.613,+0.942
1685061600,+3.46,+10.752, +9.593,+0.942
1685061660,+3.46,+10.833, +9.519,+0.942
1685061720,+3.46,+10.806, +9.512,+0.942
1685061780,+3.46,+10.806, +9.506,+0.942
1685061840,+3.46,+10.878, +9.486,+0.942
1685061900,+3.46,+10.969, +9.497,+0.942
1685061960,+3.46,+11.050, +9.500,+0.942
1685062020,+3.46,+11.068, +9.500,+0.942
1685062080,+3.46,+11.113, +9.473,+0.942
1685062140,+3.46,+11.230, +9.452,+0.942
1685062200,+3.46,+11.212, +9.454,+0.942
1685062260,+3.46,+11.176, +9.478,+0.942
1685062320,+3.46,+11.140, +9.480,+0.942
1685062380,+3.46,+11.122, +9.424,+0.942
1685062440,+3.46,+11.131, +9.456,+0.942
1685062500,+3.46,+11.131, +9.463,+0.942
1685062560,+3.46,+11.068, +9.498,+0.942
1685062620,+3.46,+11.077, +9.496,+0.942
1685062680,+3.46,+11.104, +9.475,+0.942
1685062740,+3.46,+11.122, +9.450,+0.942
1685062800,+3.46,+11.140, +9.430,+0.942
1685062860,+3.46,+11.131, +9.425,+0.942
1685062920,+3.46,+11.086, +9.421,+0.942
1685062980,+3.46,+11.050, +9.446,+0.942
1685063040,+3.46,+11.023, +9.457,+0.941
1685063100,+3.46,+11.050, +9.487,+0.942
1685063160,+3.46,+10.978, +9.533,+0.942
1685063220,+3.46,+11.041, +9.538,+0.942
1685063280,+3.46,+11.032, +9.559,+0.942
1685063340,+3.46,+11.023, +9.567,+0.942
1685063400,+3.46,+10.941, +9.582,+0.942
1685063460,+3.46,+10.987, +9.535,+0.942
1685063520,+3.46,+11.041, +9.507,+0.942
1685063580,+3.46,+11.005, +9.523,+0.942
1685063640,+3.46,+11.050, +9.513,+0.942
1685063700,+3.46,+11.041, +9.542,+0.942
1685063760,+3.46,+11.104, +9.477,+0.942
1685063820,+3.46,+11.230, +9.445,+0.942
1685063880,+3.46,+11.418, +9.429,+0.942
1685063940,+3.46,+11.463, +9.454,+0.942
1685064000,+3.46,+11.571, +9.450,+0.943
1685064060,+3.46,+11.678, +9.420,+0.942
1685064120,+3.46,+11.723, +9.450,+0.942
1685064180,+3.46,+11.848, +9.451,+0.942
1685064240,+3.46,+11.830, +9.528,+0.942
1685064300,+3.46,+11.892, +9.515,+0.942
1685064360,+3.46,+11.857, +9.537,+0.942
1685064420,+3.46,+11.776, +9.539,+0.942
1685064480,+3.46,+11.758, +9.515,+0.942
1685064540,+3.46,+11.705, +9.508,+0.942
1685064600,+3.46,+11.642, +9.508,+0.942
1685064660,+3.46,+11.705, +9.476,+0.942
1685064720,+3.46,+11.642, +9.478,+0.942
1685064780,+3.46,+11.607, +9.468,+0.942
1685064840,+3.46,+11.687, +9.414,+0.942
1685064900,+3.46,+11.624, +9.417,+0.942
1685064960,+3.46,+11.598, +9.420,+0.942
1685065020,+3.46,+11.589, +9.414,+0.942
1685065080,+3.46,+11.651, +9.377,+0.942
1685065140,+3.46,+11.624, +9.379,+0.942
1685065200,+3.46,+11.633, +9.392,+0.942
1685065260,+3.46,+11.580, +9.432,+0.942
1685065320,+3.46,+11.607, +9.429,+0.942
1685065380,+3.46,+11.508, +9.316,+0.941
1685065440,+3.46,+11.374, +9.350,+0.941
1685065500,+3.46,+11.302, +9.317,+0.941
1685065560,+3.46,+11.194, +9.316,+0.941
1685065620,+3.46,+11.167, +9.320,+0.941
1685065680,+3.46,+11.131, +9.333,+0.941
1685065740,+3.46,+11.131, +9.340,+0.941
1685065800,+3.46,+11.167, +9.356,+0.942
1685065860,+3.46,+11.203, +9.380,+0.942
1685065920,+3.46,+11.239, +9.392,+0.942
1685065980,+3.46,+11.302, +9.380,+0.941
1685066040,+3.46,+11.329, +9.391,+0.942
1685066100,+3.46,+11.383, +9.416,+0.942
1685066160,+3.46,+11.400, +9.438,+0.942
1685066220,+3.46,+11.445, +9.423,+0.942
1685066280,+3.46,+11.463, +9.422,+0.942
1685066340,+3.46,+11.490, +9.416,+0.942
1685066400,+3.46,+11.499, +9.403,+0.942
1685066460,+3.46,+11.571, +9.395,+0.942
1685066520,+3.46,+11.580, +9.431,+0.942
1685066580,+3.46,+11.678, +9.462,+0.942
1685066640,+3.46,+11.821, +9.460,+0.942
1685066700,+3.46,+11.812, +9.491,+0.942
1685066760,+3.46,+11.883, +9.487,+0.942
1685066820,+3.46,+11.972, +9.482,+0.942
1685066880,+3.46,+11.990, +9.531,+0.942
1685066940,+3.46,+12.035, +9.560,+0.942
1685067000,+3.46,+11.946, +9.430,+0.942
1685067060,+3.46,+11.794, +9.422,+0.941
1685067120,+3.46,+11.678, +9.438,+0.941
1685067180,+3.46,+11.660, +9.457,+0.942
1685067240,+3.46,+11.660, +9.420,+0.942
1685067300,+3.46,+11.553, +9.395,+0.941
1685067360,+3.46,+11.508, +9.412,+0.942
1685067420,+3.46,+11.409, +9.459,+0.941
1685067480,+3.46,+11.418, +9.440,+0.941
1685067540,+3.46,+11.409, +9.468,+0.942
1685067600,+3.46,+11.391, +9.482,+0.942
1685067660,+3.46,+11.374, +9.498,+0.942
1685067720,+3.46,+11.374, +9.517,+0.941
1685067780,+3.46,+11.383, +9.537,+0.942
1685067840,+3.46,+11.347, +9.578,+0.942
1685067900,+3.46,+11.418, +9.580,+0.942
1685067960,+3.46,+11.409, +9.620,+0.942
1685068020,+3.46,+11.472, +9.630,+0.942
1685068080,+3.46,+11.544, +9.636,+0.942
1685068140,+3.46,+11.553, +9.655,+0.942
1685068200,+3.46,+11.660, +9.623,+0.942
1685068260,+3.46,+11.669, +9.635,+0.943
1685068320,+3.46,+11.750, +9.602,+0.942
1685068380,+3.46,+11.732, +9.632,+0.942
1685068440,+3.46,+11.812, +9.536,+0.942
1685068500,+3.46,+11.723, +9.498,+0.942
1685068560,+3.46,+11.517, +9.511,+0.942
1685068620,+3.46,+11.508, +9.478,+0.942
1685068680,+3.46,+11.499, +9.492,+0.941
1685068740,+3.46,+11.445, +9.522,+0.941
1685068800,+3.46,+11.409, +9.569,+0.942
1685068860,+3.46,+11.400, +9.573,+0.942
1685068920,+3.46,+11.445, +9.565,+0.942
1685068980,+3.46,+11.436, +9.579,+0.942
1685069040,+3.46,+11.454, +9.584,+0.942
1685069100,+3.46,+11.481, +9.584,+0.942
1685069160,+3.46,+11.615, +9.547,+0.942
1685069220,+3.46,+11.589, +9.575,+0.942
1685069280,+3.46,+11.598, +9.607,+0.942
1685069340,+3.46,+11.607, +9.629,+0.942
1685069400,+3.46,+11.687, +9.613,+0.942
1685069460,+3.46,+11.598, +9.665,+0.942
1685069520,+3.46,+11.642, +9.644,+0.942
1685069580,+3.46,+11.633, +9.649,+0.942
1685069640,+3.46,+11.607, +9.661,+0.942
1685069700,+3.46,+11.598, +9.675,+0.942
1685069760,+3.46,+11.624, +9.684,+0.942
1685069820,+3.46,+11.615, +9.706,+0.942
1685069880,+3.46,+11.633, +9.702,+0.942
1685069940,+3.46,+11.651, +9.697,+0.942
1685070000,+3.46,+11.607, +9.708,+0.942
1685070060,+3.46,+11.723, +9.672,+0.942
1685070120,+3.46,+11.633, +9.726,+0.942
1685070180,+3.46,+11.714, +9.718,+0.942
1685070240,+3.46,+11.696, +9.737,+0.943
1685070300,+3.46,+11.714, +9.722,+0.942
1685070360,+3.46,+11.750, +9.714,+0.942
1685070420,+3.46,+11.741, +9.720,+0.942
1685070480,+3.46,+11.758, +9.727,+0.942
1685070540,+3.46,+11.758, +9.717,+0.941
1685070600,+3.46,+11.794, +9.708,+0.942
1685070660,+3.46,+11.767, +9.717,+0.942
1685070720,+3.46,+11.758, +9.708,+0.942
1685070780,+3.46,+11.750, +9.700,+0.942
1685070840,+3.46,+11.794, +9.690,+0.942
1685070900,+3.46,+11.705, +9.726,+0.943
1685070960,+3.46,+11.741, +9.689,+0.942
1685071020,+3.46,+11.758, +9.674,+0.942
1685071080,+3.46,+11.723, +9.674,+0.942
1685071140,+3.46,+11.776, +9.656,+0.942
1685071200,+3.46,+11.741, +9.652,+0.942
1685071260,+3.46,+11.687, +9.672,+0.942
1685071320,+3.46,+11.750, +9.644,+0.942
1685071380,+3.46,+11.785, +9.622,+0.942
1685071440,+3.46,+11.803, +9.596,+0.942
1685071500,+3.46,+11.732, +9.622,+0.942
1685071560,+3.46,+11.758, +9.611,+0.942
1685071620,+3.46,+11.750, +9.596,+0.942
1685071680,+3.46,+11.750, +9.587,+0.941
1685071740,+3.46,+11.741, +9.584,+0.942
1685071800,+3.46,+11.723, +9.576,+0.942
1685071860,+3.46,+11.660, +9.604,+0.942
1685071920,+3.46,+11.741, +9.565,+0.942
1685071980,+3.46,+11.741, +9.559,+0.942
1685072040,+3.46,+11.785, +9.560,+0.942
1685072100,+3.46,+11.767, +9.604,+0.942
1685072160,+3.46,+11.776, +9.641,+0.942
1685072220,+3.46,+11.812, +9.658,+0.942
1685072280,+3.46,+11.866, +9.626,+0.942
1685072340,+3.46,+11.803, +9.652,+0.942
1685072400,+3.46,+11.910, +9.679,+0.943
1685072460,+3.46,+12.017, +9.693,+0.943
1685072520,+3.46,+12.159, +9.702,+0.942
1685072580,+3.46,+12.284, +9.708,+0.942
1685072640,+3.46,+12.363, +9.713,+0.943
1685072700,+3.46,+12.452, +9.677,+0.942
1685072760,+3.46,+12.443, +9.650,+0.942
1685072820,+3.46,+12.390, +9.667,+0.942
1685072880,+3.46,+12.416, +9.628,+0.942
1685072940,+3.46,+12.425, +9.607,+0.942
1685073000,+3.46,+12.443, +9.627,+0.942
1685073060,+3.46,+12.487, +9.656,+0.942
1685073120,+3.46,+12.514, +9.627,+0.942
1685073180,+3.46,+12.567, +9.669,+0.942
1685073240,+3.46,+12.505, +9.606,+0.942
1685073300,+3.46,+12.452, +9.606,+0.942
1685073360,+3.46,+12.425, +9.622,+0.942
1685073420,+3.46,+12.363, +9.623,+0.941
1685073480,+3.46,+12.239, +9.643,+0.942
1685073540,+3.46,+12.239, +9.616,+0.942
1685073600,+3.46,+12.239, +9.611,+0.942
1685073660,+3.46,+12.204, +9.625,+0.942
1685073720,+3.46,+12.204, +9.623,+0.942
1685073780,+3.46,+12.239, +9.598,+0.941
1685073840,+3.46,+12.301, +9.587,+0.942
1685073900,+3.46,+12.292, +9.582,+0.942
1685073960,+3.46,+12.310, +9.547,+0.941
1685074020,+3.46,+12.248, +9.526,+0.941
1685074080,+3.46,+12.070, +9.558,+0.942
1685074140,+3.46,+12.017, +9.559,+0.941
1685074200,+3.46,+12.008, +9.567,+0.941
1685074260,+3.46,+12.070, +9.604,+0.942
1685074320,+3.46,+12.106, +9.613,+0.942
1685074380,+3.46,+12.168, +9.610,+0.942
1685074440,+3.46,+12.195, +9.621,+0.942
1685074500,+3.46,+12.204, +9.580,+0.942
1685074560,+3.46,+12.133, +9.575,+0.941
1685074620,+3.46,+12.177, +9.548,+0.942
1685074680,+3.46,+12.177, +9.545,+0.942
1685074740,+3.46,+12.168, +9.549,+0.941
1685074800,+3.46,+12.195, +9.518,+0.941
1685074860,+3.46,+12.168, +9.520,+0.941
1685074920,+3.46,+12.115, +9.535,+0.942
1685074980,+3.46,+12.133, +9.530,+0.942
1685075040,+3.46,+12.053, +9.577,+0.942
1685075100,+3.46,+12.053, +9.588,+0.942
1685075160,+3.46,+12.061, +9.592,+0.942
1685075220,+3.46,+12.008, +9.573,+0.941
1685075280,+3.46,+12.026, +9.556,+0.941
1685075340,+3.46,+12.070, +9.526,+0.941
1685075400,+3.46,+12.053, +9.525,+0.941
1685075460,+3.46,+12.070, +9.527,+0.941
1685075520,+3.46,+12.097, +9.535,+0.942
1685075580,+3.46,+12.097, +9.536,+0.942
1685075640,+3.46,+12.141, +9.513,+0.941
1685075700,+3.46,+12.186, +9.538,+0.942
1685075760,+3.46,+12.257, +9.540,+0.942
1685075820,+3.46,+12.372, +9.506,+0.942
1685075880,+3.46,+12.443, +9.494,+0.942
1685075940,+3.46,+12.567, +9.466,+0.942
1685076000,+3.46,+12.593, +9.449,+0.942
1685076060,+3.46,+12.655, +9.437,+0.942
1685076120,+3.46,+12.673, +9.446,+0.942
1685076180,+3.46,+12.717, +9.442,+0.942
1685076240,+3.46,+12.735, +9.450,+0.942
1685076300,+3.46,+12.664, +9.393,+0.941
1685076360,+3.46,+12.593, +9.343,+0.941
1685076420,+3.46,+12.478, +9.314,+0.941
1685076480,+3.46,+12.416, +9.273,+0.941
1685076540,+3.46,+12.337, +9.266,+0.941
1685076600,+3.46,+12.266, +9.273,+0.941
1685076660,+3.46,+12.230, +9.260,+0.941
1685076720,+3.46,+12.168, +9.297,+0.942
1685076780,+3.46,+12.106, +9.326,+0.941
1685076840,+3.46,+12.053, +9.360,+0.941
1685076900,+3.46,+12.008, +9.376,+0.942
1685076960,+3.46,+11.946, +9.387,+0.942
1685077020,+3.46,+11.919, +9.308,+0.941
1685077080,+3.46,+11.812, +9.378,+0.941
1685077140,+3.46,+11.776, +9.389,+0.941
1685077200,+3.46,+11.705, +9.433,+0.941
1685077260,+3.46,+11.705, +9.414,+0.941
1685077320,+3.46,+11.741, +9.357,+0.941
1685077380,+3.46,+11.687, +9.442,+0.941
1685077440,+3.46,+11.562, +9.543,+0.942
1685077500,+3.46,+11.571, +9.543,+0.942
1685077560,+3.46,+11.607, +9.540,+0.941
1685077620,+3.46,+11.750, +9.558,+0.942
1685077680,+3.46,+11.687, +9.496,+0.942
1685077740,+3.46,+11.624, +9.522,+0.942
1685077800,+3.46,+11.651, +9.497,+0.942
1685077860,+3.46,+11.580, +9.503,+0.942
1685077920,+3.46,+11.553, +9.492,+0.941
1685077980,+3.46,+11.553, +9.489,+0.942
1685078040,+3.46,+11.562, +9.547,+0.942
1685078100,+3.46,+11.678, +9.502,+0.942
1685078160,+3.46,+11.758, +9.475,+0.942
1685078220,+3.46,+11.660, +9.407,+0.941
1685078280,+3.46,+11.553, +9.498,+0.942
1685078340,+3.46,+11.490, +9.558,+0.942
1685078400,+3.46,+11.517, +9.560,+0.942
1685078460,+3.46,+11.589, +9.566,+0.942
1685078520,+3.46,+11.714, +9.499,+0.942
1685078580,+3.46,+11.723, +9.477,+0.942
1685078640,+3.46,+11.633, +9.480,+0.942
1685078700,+3.46,+11.651, +9.475,+0.941
1685078760,+3.46,+11.615, +9.521,+0.942
1685078820,+3.46,+11.615, +9.510,+0.942
1685078880,+3.46,+11.651, +9.481,+0.942
1685078940,+3.46,+11.633, +9.493,+0.942
1685079000,+3.46,+11.678, +9.442,+0.942
1685079060,+3.46,+11.651, +9.450,+0.942
1685079120,+3.46,+11.705, +9.436,+0.942
1685079180,+3.46,+11.651, +9.606,+0.942
1685079240,+3.46,+11.642, +9.640,+0.942
1685079300,+3.46,+11.651, +9.646,+0.942
1685079360,+3.46,+11.669, +9.636,+0.942
1685079420,+3.46,+11.642, +9.680,+0.942
1685079480,+3.46,+11.785, +9.637,+0.942
1685079540,+3.46,+11.910, +9.579,+0.942
1685079600,+3.46,+11.874, +9.490,+0.941
1685079660,+3.46,+11.758, +9.553,+0.942
1685079720,+3.46,+11.687, +9.578,+0.942
1685079780,+3.46,+11.615, +9.526,+0.942
1685079840,+3.46,+11.562, +9.488,+0.942
1685079900,+3.46,+11.508, +9.523,+0.941
1685079960,+3.46,+11.365, +9.624,+0.942
1685080020,+3.46,+11.365, +9.573,+0.941
1685080080,+3.46,+11.302, +9.583,+0.942
1685080140,+3.46,+11.275, +9.588,+0.942
1685080200,+3.46,+11.221, +9.611,+0.942
1685080260,+3.46,+11.302, +9.565,+0.941
1685080320,+3.46,+11.203, +9.608,+0.942
1685080380,+3.46,+11.230, +9.611,+0.942
1685080440,+3.46,+11.230, +9.635,+0.942
1685080500,+3.46,+11.239, +9.633,+0.942
1685080560,+3.46,+11.176, +9.650,+0.942
1685080620,+3.46,+11.212, +9.675,+0.942
1685080680,+3.46,+11.194, +9.664,+0.942
1685080740,+3.46,+11.140, +9.641,+0.942
1685080800,+3.46,+11.077, +9.668,+0.942
1685080860,+3.46,+11.014, +9.684,+0.942
1685080920,+3.46,+11.077, +9.669,+0.942
1685080980,+3.46,+11.023, +9.703,+0.942
1685081040,+3.46,+10.987, +9.702,+0.942
1685081100,+3.46,+10.996, +9.699,+0.942
1685081160,+3.46,+10.987, +9.712,+0.942
1685081220,+3.46,+10.996, +9.694,+0.942
1685081280,+3.46,+10.969, +9.725,+0.942
1685081340,+3.46,+10.923, +9.750,+0.942
1685081400,+3.46,+10.969, +9.742,+0.942
1685081460,+3.46,+11.023, +9.719,+0.942
1685081520,+3.46,+10.987, +9.738,+0.942
1685081580,+3.46,+10.969, +9.767,+0.942
1685081640,+3.46,+10.941, +9.778,+0.942
1685081700,+3.46,+10.987, +9.765,+0.942
1685081760,+3.46,+10.941, +9.776,+0.942
1685081820,+3.46,+10.923, +9.764,+0.942
1685081880,+3.46,+10.878, +9.789,+0.943
1685081940,+3.46,+10.923, +9.757,+0.942
1685082000,+3.46,+10.951, +9.743,+0.942
1685082060,+3.46,+10.914, +9.741,+0.942
1685082120,+3.46,+10.960, +9.732,+0.942
1685082180,+3.46,+10.932, +9.734,+0.942
1685082240,+3.46,+10.969, +9.966,+0.943
1685082300,+3.46,+12.177,+10.836,+0.947
1685082360,+3.46,+13.595,+10.717,+0.946
1685082420,+3.46,+14.300,+10.420,+0.946
1685082480,+3.46,+14.387, +9.074,+0.941
1685082540,+3.46,+14.248, +9.116,+0.940
1685082600,+3.46,+14.231, +9.139,+0.939
1685082660,+3.46,+14.213, +9.165,+0.939
1685082720,+3.46,+14.361, +9.118,+0.938
1685082780,+3.46,+14.396, +9.147,+0.939
1685082840,+3.46,+14.526, +9.108,+0.938
1685082900,+3.46,+14.603, +9.081,+0.938
1685082960,+3.46,+14.871, +9.029,+0.938
1685083020,+3.46,+14.992, +9.032,+0.938
1685083080,+3.46,+15.130, +9.002,+0.937
1685083140,+3.46,+15.207, +8.993,+0.938
1685083200,+3.46,+15.336, +8.975,+0.938
1685083260,+3.46,+15.654, +8.921,+0.937
1685083320,+3.46,+15.740, +9.889,+0.938
1685083380,+3.46,+15.680, +9.898,+0.938
1685083440,+3.46,+15.181, +9.720,+0.938
1685083500,+3.46,+14.153, +9.123,+0.935
1685083560,+3.46,+13.157, +9.367,+0.936
1685083620,+3.46,+12.664, +9.492,+0.937
1685083680,+3.46,+12.275, +9.595,+0.938
1685083740,+3.46,+11.892, +9.638,+0.938
1685083800,+3.46,+11.651, +9.638,+0.937
1685083860,+3.46,+11.499, +9.648,+0.938
1685083920,+3.46,+11.338, +9.677,+0.938
1685083980,+3.46,+11.230, +9.700,+0.939
1685084040,+3.46,+11.095, +9.743,+0.939
1685084100,+3.46,+11.113, +9.746,+0.939
1685084160,+3.46,+11.023, +9.775,+0.939
1685084220,+3.46,+10.987, +9.805,+0.939
1685084280,+3.46,+10.860, +9.830,+0.939
1685084340,+3.46,+10.914, +9.834,+0.939
1685084400,+3.46,+10.878, +9.860,+0.940
1685084460,+3.46,+10.842, +9.808,+0.940
1685084520,+3.46,+10.797, +9.752,+0.940
1685084580,+3.46,+10.625, +9.743,+0.940
1685084640,+3.46,+10.589, +9.729,+0.940
1685084700,+3.46,+10.570, +9.746,+0.940
1685084760,+3.46,+10.534, +9.761,+0.940
1685084820,+3.46,+10.489, +9.771,+0.940
1685084880,+3.46,+10.589, +9.721,+0.940
1685084940,+3.46,+10.425, +9.762,+0.940
1685085000,+3.46,+10.452, +9.744,+0.940
1685085060,+3.46,+10.425, +9.756,+0.940
1685085120,+3.46,+10.443, +9.751,+0.941
1685085180,+3.46,+10.416, +9.753,+0.941
1685085240,+3.46,+10.452, +9.758,+0.940
1685085300,+3.46,+10.470, +9.772,+0.941
1685085360,+3.46,+10.398, +9.799,+0.941
1685085420,+3.46,+10.425, +9.785,+0.941
1685085480,+3.46,+10.434, +9.772,+0.941
1685085540,+3.46,+10.416, +9.776,+0.941
1685085600,+3.46,+10.398, +9.787,+0.941
1685085660,+3.46,+10.407, +9.789,+0.941
1685085720,+3.46,+10.380, +9.794,+0.941
1685085780,+3.46,+10.370, +9.801,+0.941
1685085840,+3.46,+10.416, +9.787,+0.941
1685085900,+3.46,+10.416, +9.799,+0.941
1685085960,+3.46,+10.434, +9.798,+0.941
1685086020,+3.46,+10.461, +9.786,+0.941
1685086080,+3.46,+10.470, +9.794,+0.941
1685086140,+3.46,+10.470, +9.798,+0.941
1685086200,+3.46,+10.470, +9.800,+0.941
1685086260,+3.46,+10.434, +9.815,+0.941
1685086320,+3.46,+10.480, +9.807,+0.941
1685086380,+3.46,+10.452, +9.813,+0.941
1685086440,+3.46,+10.461, +9.805,+0.941
1685086500,+3.46,+10.480, +9.803,+0.941
1685086560,+3.46,+10.498, +9.813,+0.941
1685086620,+3.46,+10.452, +9.829,+0.941
1685086680,+3.46,+10.480, +9.830,+0.941
1685086740,+3.46,+10.552, +9.822,+0.941
1685086800,+3.46,+10.598, +9.817,+0.941
1685086860,+3.46,+10.598, +9.839,+0.942
1685086920,+3.46,+10.625, +9.841,+0.941
1685086980,+3.46,+10.598, +9.866,+0.941
1685087040,+3.46,+10.625, +9.872,+0.941
1685087100,+3.46,+10.661, +9.857,+0.941
1685087160,+3.46,+10.670, +9.853,+0.941
1685087220,+3.46,+10.724, +9.835,+0.941
1685087280,+3.46,+10.734, +9.827,+0.941
1685087340,+3.46,+10.670, +9.853,+0.941
1685087400,+3.46,+10.734, +9.833,+0.941
1685087460,+3.46,+10.743, +9.834,+0.941
1685087520,+3.46,+10.706, +9.874,+0.942
1685087580,+3.46,+10.715, +9.896,+0.941
1685087640,+3.46,+10.743, +9.909,+0.941
1685087700,+3.46,+10.788, +9.909,+0.941
1685087760,+3.46,+10.715, +9.972,+0.942
1685087820,+3.46,+10.779, +9.947,+0.941
1685087880,+3.46,+10.770, +9.955,+0.941
1685087940,+3.46,+10.806, +9.941,+0.941
1685088000,+3.46,+10.715, +9.957,+0.941
1685088060,+3.46,+10.797, +9.912,+0.941
1685088120,+3.46,+10.770, +9.914,+0.941
1685088180,+3.46,+10.715, +9.933,+0.941
1685088240,+3.46,+10.770, +9.912,+0.942
1685088300,+3.46,+10.679, +9.928,+0.941
1685088360,+3.46,+10.752, +9.891,+0.941
1685088420,+3.46,+10.743, +9.890,+0.941
1685088480,+3.46,+10.788, +9.885,+0.941
1685088540,+3.46,+10.797, +9.890,+0.941
1685088600,+3.46,+10.815, +9.919,+0.942
1685088660,+3.46,+10.797, +9.936,+0.941
1685088720,+3.46,+10.788, +9.898,+0.941
1685088780,+3.46,+10.724, +9.837,+0.941
1685088840,+3.46,+10.652, +9.829,+0.941
1685088900,+3.46,+10.661, +9.844,+0.941
1685088960,+3.46,+10.661, +9.838,+0.941
1685089020,+3.46,+10.598, +9.848,+0.941
1685089080,+3.46,+10.643, +9.837,+0.941
1685089140,+3.46,+10.552, +9.884,+0.941
1685089200,+3.46,+10.679, +9.879,+0.941
1685089260,+3.46,+10.715, +9.902,+0.941
1685089320,+3.46,+10.815, +9.892,+0.941
1685089380,+3.46,+10.779, +9.919,+0.941
1685089440,+3.46,+10.761, +9.926,+0.941
1685089500,+3.46,+10.788, +9.930,+0.942
1685089560,+3.46,+10.779, +9.902,+0.941
1685089620,+3.46,+10.806, +9.895,+0.941
1685089680,+3.46,+10.788, +9.905,+0.941
1685089740,+3.46,+10.824, +9.900,+0.941
1685089800,+3.46,+10.824, +9.903,+0.941
1685089860,+3.46,+10.824, +9.892,+0.941
1685089920,+3.46,+10.815, +9.892,+0.941
1685089980,+3.46,+10.779, +9.916,+0.942
1685090040,+3.46,+10.833, +9.880,+0.941
1685090100,+3.46,+10.815, +9.883,+0.942
1685090160,+3.46,+10.824, +9.888,+0.941
1685090220,+3.46,+10.842, +9.898,+0.942
1685090280,+3.46,+10.878, +9.926,+0.942
1685090340,+3.46,+10.941, +9.893,+0.941
1685090400,+3.46,+10.905, +9.917,+0.941
1685090460,+3.46,+10.996, +9.894,+0.941
1685090520,+3.46,+11.023, +9.900,+0.942
1685090580,+3.46,+10.996, +9.918,+0.941
1685090640,+3.46,+11.032, +9.917,+0.941
1685090700,+3.46,+11.023, +9.945,+0.941
1685090760,+3.46,+11.149, +9.903,+0.941
1685090820,+3.46,+11.194, +9.889,+0.941
1685090880,+3.46,+11.176, +9.897,+0.942
1685090940,+3.46,+11.104, +9.887,+0.941
1685091000,+3.46,+11.050, +9.883,+0.941
1685091060,+3.46,+11.014, +9.891,+0.941
1685091120,+3.46,+10.996, +9.880,+0.941
1685091180,+3.46,+10.914, +9.896,+0.941
1685091240,+3.46,+10.932, +9.893,+0.941
1685091300,+3.46,+10.905, +9.914,+0.942
1685091360,+3.46,+10.932, +9.888,+0.941
1685091420,+3.46,+10.878, +9.910,+0.941
1685091480,+3.46,+10.941, +9.885,+0.941
1685091540,+3.46,+10.869, +9.918,+0.941
1685091600,+3.46,+10.969, +9.883,+0.941
1685091660,+3.46,+10.978, +9.885,+0.941
1685091720,+3.46,+10.941, +9.908,+0.942
1685091780,+3.46,+11.032, +9.875,+0.941
1685091840,+3.46,+11.005, +9.904,+0.941
1685091900,+3.46,+11.050, +9.897,+0.941
1685091960,+3.46,+11.023, +9.894,+0.941
1685092020,+3.46,+11.041, +9.895,+0.942
1685092080,+3.46,+11.059, +9.895,+0.941
1685092140,+3.46,+11.032, +9.919,+0.941
1685092200,+3.46,+11.086, +9.889,+0.941
1685092260,+3.46,+11.077, +9.907,+0.941
1685092320,+3.46,+11.176, +9.893,+0.941
1685092380,+3.46,+11.149, +9.938,+0.942
1685092440,+3.46,+11.194, +9.962,+0.942
1685092500,+3.46,+11.203, +9.959,+0.941
1685092560,+3.46,+11.302, +9.995,+0.942
1685092620,+3.46,+11.347,+10.019,+0.942
1685092680,+3.46,+11.535, +9.976,+0.941
1685092740,+3.46,+11.642, +9.990,+0.942
1685092800,+3.46,+11.598, +9.993,+0.941
1685092860,+3.46,+11.678, +9.960,+0.941
1685092920,+3.46,+11.705, +9.953,+0.942
1685092980,+3.46,+11.705, +9.939,+0.941
1685093040,+3.46,+11.705, +9.929,+0.941
1685093100,+3.46,+11.696, +9.914,+0.941
1685093160,+3.46,+11.678, +9.895,+0.941
1685093220,+3.46,+11.669, +9.888,+0.941
1685093280,+3.46,+11.705, +9.869,+0.941
1685093340,+3.46,+11.678, +9.872,+0.941
1685093400,+3.46,+11.624, +9.888,+0.941
1685093460,+3.46,+11.758, +9.826,+0.941
1685093520,+3.46,+11.642, +9.872,+0.941
1685093580,+3.46,+11.598, +9.889,+0.942
1685093640,+3.46,+11.598, +9.886,+0.942
1685093700,+3.46,+11.642, +9.860,+0.942
1685093760,+3.46,+11.615, +9.869,+0.941
1685093820,+3.46,+11.633, +9.851,+0.941
1685093880,+3.46,+11.624, +9.860,+0.941
1685093940,+3.46,+11.633, +9.853,+0.941
1685094000,+3.46,+11.687, +9.817,+0.941
1685094060,+3.46,+11.624, +9.859,+0.942
1685094120,+3.46,+11.624, +9.853,+0.941
1685094180,+3.46,+11.660, +9.840,+0.941
1685094240,+3.46,+11.633, +9.847,+0.941
1685094300,+3.46,+11.642, +9.845,+0.941
1685094360,+3.46,+11.669, +9.829,+0.941
1685094420,+3.46,+11.741, +9.809,+0.941
1685094480,+3.46,+11.642, +9.842,+0.941
1685094540,+3.46,+11.678, +9.829,+0.941
1685094600,+3.46,+11.615, +9.828,+0.941
1685094660,+3.46,+11.598, +9.834,+0.941
1685094720,+3.46,+11.624, +9.825,+0.941
1685094780,+3.46,+11.607, +9.825,+0.941
1685094840,+3.46,+11.490, +9.873,+0.941
1685094900,+3.46,+11.580, +9.831,+0.941
1685094960,+3.46,+11.571, +9.837,+0.941
1685095020,+3.46,+11.580, +9.832,+0.941
1685095080,+3.46,+11.544, +9.852,+0.941
1685095140,+3.46,+11.562, +9.851,+0.941
1685095200,+3.46,+11.598, +9.846,+0.941
1685095260,+3.46,+11.580, +9.846,+0.941
1685095320,+3.46,+11.544, +9.869,+0.941
1685095380,+3.46,+11.562, +9.856,+0.941
1685095440,+3.46,+11.580, +9.864,+0.941
1685095500,+3.46,+11.562, +9.879,+0.941
1685095560,+3.46,+11.571, +9.867,+0.941
1685095620,+3.46,+11.553, +9.869,+0.941
1685095680,+3.46,+11.517, +9.889,+0.941
1685095740,+3.46,+11.526, +9.868,+0.941
1685095800,+3.46,+11.544, +9.871,+0.941
1685095860,+3.46,+11.526, +9.891,+0.941
1685095920,+3.46,+11.562, +9.907,+0.941
1685095980,+3.46,+11.553, +9.901,+0.941
1685096040,+3.46,+11.499, +9.908,+0.941
1685096100,+3.46,+11.535, +9.885,+0.941
1685096160,+3.46,+11.526, +9.898,+0.941
1685096220,+3.46,+11.508, +9.903,+0.941
1685096280,+3.46,+11.535, +9.882,+0.941
1685096340,+3.46,+11.481, +9.908,+0.941
1685096400,+3.46,+11.463, +9.920,+0.941
1685096460,+3.46,+11.481, +9.920,+0.941
1685096520,+3.46,+11.526, +9.904,+0.942
1685096580,+3.46,+11.526, +9.895,+0.941
1685096640,+3.46,+11.526, +9.901,+0.941
1685096700,+3.46,+11.535, +9.914,+0.942
1685096760,+3.46,+11.571, +9.895,+0.941
1685096820,+3.46,+11.517, +9.919,+0.941
1685096880,+3.46,+11.526, +9.909,+0.941
1685096940,+3.46,+11.553, +9.901,+0.941
1685097000,+3.46,+11.517, +9.919,+0.941
1685097060,+3.46,+11.553, +9.913,+0.941
1685097120,+3.46,+11.517, +9.941,+0.942
1685097180,+3.46,+11.598, +9.907,+0.941
1685097240,+3.46,+11.615, +9.914,+0.942
1685097300,+3.46,+11.615, +9.909,+0.941
1685097360,+3.46,+11.544, +9.940,+0.941
1685097420,+3.46,+11.607, +9.928,+0.942
1685097480,+3.46,+11.580, +9.922,+0.941
1685097540,+3.46,+11.562, +9.932,+0.941
1685097600,+3.46,+11.607, +9.926,+0.942
1685097660,+3.46,+11.589, +9.927,+0.941
1685097720,+3.46,+11.553, +9.940,+0.941
1685097780,+3.46,+11.624, +9.897,+0.941
1685097840,+3.46,+11.571, +9.935,+0.941
1685097900,+3.46,+11.553, +9.941,+0.941
1685097960,+3.46,+11.535, +9.959,+0.941
1685098020,+3.46,+11.580, +9.932,+0.941
1685098080,+3.46,+11.544, +9.953,+0.942
1685098140,+3.46,+11.624, +9.916,+0.942
1685098200,+3.46,+11.544, +9.936,+0.941
1685098260,+3.46,+11.517, +9.942,+0.941
1685098320,+3.46,+11.571, +9.927,+0.941
1685098380,+3.46,+11.607, +9.935,+0.941
1685098440,+3.46,+11.526, +9.988,+0.941
1685098500,+3.46,+11.633, +9.989,+0.942
1685098560,+3.46,+11.660, +9.991,+0.941
1685098620,+3.46,+11.633, +9.970,+0.941
1685098680,+3.46,+11.624, +9.971,+0.941
1685098740,+3.46,+11.607, +9.994,+0.941
1685098800,+3.46,+11.553, +9.994,+0.941
1685098860,+3.46,+11.544, +9.965,+0.941
1685098920,+3.46,+11.571, +9.952,+0.941
1685098980,+3.46,+11.535, +9.968,+0.941
1685099040,+3.46,+11.553, +9.944,+0.941
1685099100,+3.46,+11.481, +9.987,+0.941
1685099160,+3.46,+11.517, +9.964,+0.941
1685099220,+3.46,+11.499, +9.992,+0.941
1685099280,+3.46,+11.553, +9.984,+0.941
1685099340,+3.46,+11.571, +9.978,+0.941
1685099400,+3.46,+11.544, +9.980,+0.941
1685099460,+3.46,+11.499, +9.996,+0.941
1685099520,+3.46,+11.526, +9.987,+0.941
1685099580,+3.46,+11.472,+10.014,+0.941
1685099640,+3.46,+11.499,+10.004,+0.941
1685099700,+3.46,+11.517,+10.021,+0.941
1685099760,+3.46,+11.427,+10.032,+0.941
1685099820,+3.46,+11.490,+10.011,+0.941
1685099880,+3.46,+11.365,+10.070,+0.941
1685099940,+3.46,+11.463,+10.027,+0.941
1685100000,+3.46,+11.418,+10.047,+0.941
1685100060,+3.46,+11.445,+10.037,+0.941
1685100120,+3.46,+11.445,+10.039,+0.941
1685100180,+3.46,+11.454,+10.041,+0.942
1685100240,+3.46,+11.490,+10.021,+0.941
1685100300,+3.46,+11.445,+10.043,+0.941
1685100360,+3.46,+11.436,+10.053,+0.941
1685100420,+3.46,+11.445,+10.038,+0.941
1685100480,+3.46,+11.445,+10.039,+0.941
1685100540,+3.46,+11.374,+10.061,+0.941
1685100600,+3.46,+11.427,+10.052,+0.941
1685100660,+3.46,+11.400,+10.055,+0.941
1685100720,+3.46,+11.400,+10.068,+0.942
1685100780,+3.46,+11.383,+10.067,+0.942
1685100840,+3.46,+11.445,+10.040,+0.941
1685100900,+3.46,+11.409,+10.048,+0.941
1685100960,+3.46,+11.418,+10.051,+0.941
1685101020,+3.46,+11.418,+10.055,+0.941
1685101080,+3.46,+11.427,+10.042,+0.941
1685101140,+3.46,+11.391,+10.052,+0.941
1685101200,+3.46,+11.383,+10.060,+0.941
1685101260,+3.46,+11.418,+10.036,+0.941
1685101320,+3.46,+11.374,+10.056,+0.941
1685101380,+3.46,+11.472,+10.019,+0.941
1685101440,+3.46,+11.418,+10.044,+0.941
1685101500,+3.46,+11.427,+10.040,+0.941
1685101560,+3.46,+11.427,+10.038,+0.941
1685101620,+3.46,+11.418,+10.052,+0.941
1685101680,+3.46,+11.445,+10.043,+0.941
1685101740,+3.46,+11.409,+10.051,+0.941
1685101800,+3.46,+11.454,+10.043,+0.941
1685101860,+3.46,+11.427,+10.052,+0.941
1685101920,+3.46,+11.436,+10.052,+0.941
1685101980,+3.46,+11.418,+10.073,+0.942
1685102040,+3.46,+11.481,+10.033,+0.941
1685102100,+3.46,+11.436,+10.060,+0.942
1685102160,+3.46,+11.526,+10.024,+0.941
1685102220,+3.46,+11.544,+10.017,+0.942
1685102280,+3.46,+11.544,+10.027,+0.941
1685102340,+3.46,+11.517,+10.050,+0.942
1685102400,+3.46,+11.544,+10.034,+0.941
1685102460,+3.46,+11.553,+10.028,+0.941
1685102520,+3.46,+11.472,+10.076,+0.942
1685102580,+3.46,+11.508,+10.066,+0.942
1685102640,+3.46,+11.571,+10.043,+0.942
1685102700,+3.46,+11.544,+10.054,+0.941
1685102760,+3.46,+11.607,+10.050,+0.941
1685102820,+3.46,+11.571,+10.054,+0.942
1685102880,+3.46,+11.624,+10.021,+0.941
1685102940,+3.46,+11.598,+10.043,+0.942
1685103000,+3.46,+11.633,+10.025,+0.942
1685103060,+3.46,+11.633,+10.024,+0.942
1685103120,+3.46,+11.633,+10.007,+0.941
1685103180,+3.46,+11.642,+10.019,+0.941
1685103240,+3.46,+11.499,+10.032,+0.940
1685103300,+3.46,+11.463,+10.038,+0.941
1685103360,+3.46,+11.463,+10.018,+0.941
1685103420,+3.46,+11.391,+10.048,+0.941
1685103480,+3.46,+11.418,+10.010,+0.941
1685103540,+3.46,+11.356,+10.039,+0.941
1685103600,+3.46,+11.374,+10.026,+0.941
1685103660,+3.46,+11.347,+10.030,+0.941
1685103720,+3.46,+11.329,+10.019,+0.941
1685103780,+3.46,+11.311,+10.003,+0.941
1685103840,+3.46,+11.338, +9.987,+0.941
1685103900,+3.46,+11.230,+10.015,+0.941
1685103960,+3.46,+11.212,+10.026,+0.941
1685104020,+3.46,+11.221,+10.002,+0.941
1685104080,+3.46,+11.158,+10.021,+0.941
1685104140,+3.46,+11.167,+10.008,+0.941
1685104200,+3.46,+11.140, +9.995,+0.941
1685104260,+3.46,+11.077, +9.991,+0.941
1685104320,+3.46,+11.104, +9.977,+0.942
1685104380,+3.46,+11.068, +9.972,+0.941
1685104440,+3.46,+11.077, +9.974,+0.941
1685104500,+3.46,+11.050, +9.975,+0.941
1685104560,+3.46,+11.041, +9.991,+0.941
1685104620,+3.46,+11.032,+10.004,+0.942
1685104680,+3.46,+11.068,+10.012,+0.942
1685104740,+3.46,+11.068,+10.015,+0.941
1685104800,+3.46,+11.122,+10.006,+0.941
1685104860,+3.46,+11.131,+10.002,+0.941
1685104920,+3.46,+11.131,+10.018,+0.941
1685104980,+3.46,+11.059,+10.057,+0.942
1685105040,+3.46,+11.131,+10.030,+0.941
1685105100,+3.46,+11.140,+10.041,+0.941
1685105160,+3.46,+11.104,+10.060,+0.942
1685105220,+3.46,+11.176,+10.043,+0.941
1685105280,+3.46,+11.131,+10.090,+0.942
1685105340,+3.46,+11.149,+10.096,+0.941
1685105400,+3.46,+11.248,+10.091,+0.942
1685105460,+3.46,+11.248,+10.111,+0.942
1685105520,+3.46,+11.284,+10.116,+0.942
1685105580,+3.46,+11.365,+10.127,+0.942
