7450-798456
OS REV: 1.03 Sensor Cal: 1539277937
Time (sec),  BV (Volts),  T (deg C),  DO (mg/l),  Q ()
1683809640,+3.45,+11.023,+10.672,+0.944
1683809700,+3.45,+10.996,+10.681,+0.944
1683809760,+3.45,+11.095,+10.655,+0.944
1683809820,+3.45,+11.077,+10.714,+0.944
1683809880,+3.45,+11.122,+10.769,+0.944
1683809940,+3.45,+11.149,+10.774,+0.944
1683810000,+3.45,+11.113,+10.810,+0.943
1683810060,+3.45,+11.122,+10.833,+0.943
1683810120,+3.45,+11.095,+10.868,+0.944
1683810180,+3.45,+11.095,+10.862,+0.943
1683810240,+3.45,+11.203,+10.825,+0.944
1683810300,+3.45,+11.131,+10.854,+0.944
1683810360,+3.45,+11.122,+10.839,+0.944
1683810420,+3.45,+11.041,+10.848,+0.944
1683810480,+3.45,+11.077,+10.804,+0.944
1683810540,+3.45,+11.158,+10.766,+0.944
1683810600,+3.45,+11.176,+10.736,+0.944
1683810660,+3.45,+11.158,+10.601,+0.943
1683810720,+3.45,+11.014,+10.616,+0.943
1683810780,+3.45,+11.041,+10.557,+0.943
1683810840,+3.45,+10.896,+10.534,+0.943
1683810900,+3.45,+10.779,+10.621,+0.943
1683810960,+3.45,+10.652,+10.661,+0.943
1683811020,+3.45,+10.498,+10.649,+0.943
1683811080,+3.45,+10.470,+10.636,+0.943
1683811140,+3.45,+10.389,+10.668,+0.943
1683811200,+3.45,+10.298,+10.669,+0.943
1683811260,+3.45,+10.279,+10.649,+0.943
1683811320,+3.45,+10.216,+10.669,+0.943
1683811380,+3.45,+10.152,+10.716,+0.943
1683811440,+3.45,+10.161,+10.659,+0.943
1683811500,+3.45,+10.088,+10.667,+0.943
1683811560,+3.45, +9.996,+10.725,+0.943
1683811620,+3.45,+10.015,+10.735,+0.943
1683811680,+3.45,+10.033,+10.804,+0.944
1683811740,+3.45,+10.206,+10.845,+0.944
1683811800,+3.45,+10.288,+10.884,+0.944
1683811860,+3.45,+10.307,+10.920,+0.944
1683811920,+3.45,+10.325,+10.926,+0.944
1683811980,+3.45,+10.325,+10.960,+0.944
1683812040,+3.45,+10.398,+10.938,+0.944
1683812100,+3.45,+10.452,+10.930,+0.944
1683812160,+3.45,+10.470,+10.926,+0.944
1683812220,+3.45,+10.507,+10.915,+0.943
1683812280,+3.45,+10.480,+10.948,+0.944
1683812340,+3.45,+10.570,+10.908,+0.944
1683812400,+3.45,+10.361,+10.761,+0.943
1683812460,+3.45,+10.252,+10.740,+0.943
1683812520,+3.45,+10.197,+10.699,+0.943
1683812580,+3.45,+10.088,+10.636,+0.943
1683812640,+3.45, +9.960,+10.666,+0.943
1683812700,+3.45, +9.895,+10.640,+0.943
1683812760,+3.45, +9.840,+10.590,+0.943
1683812820,+3.45, +9.666,+10.609,+0.944
1683812880,+3.45, +9.694,+10.535,+0.943
1683812940,+3.45, +9.583,+10.545,+0.943
1683813000,+3.45, +9.583,+10.524,+0.943
1683813060,+3.45, +9.519,+10.533,+0.943
1683813120,+3.45, +9.546,+10.512,+0.943
1683813180,+3.45, +9.565,+10.501,+0.943
1683813240,+3.45, +9.574,+10.511,+0.944
1683813300,+3.45, +9.648,+10.518,+0.944
1683813360,+3.45, +9.749,+10.501,+0.944
1683813420,+3.45, +9.721,+10.545,+0.944
1683813480,+3.45, +9.675,+10.554,+0.944
1683813540,+3.45, +9.602,+10.547,+0.943
1683813600,+3.45, +9.684,+10.525,+0.943
1683813660,+3.45, +9.694,+10.537,+0.944
1683813720,+3.45, +9.730,+10.546,+0.944
1683813780,+3.45, +9.721,+10.577,+0.944
1683813840,+3.45, +9.767,+10.533,+0.944
1683813900,+3.45, +9.739,+10.503,+0.944
1683813960,+3.45, +9.694,+10.471,+0.944
1683814020,+3.45, +9.611,+10.466,+0.943
1683814080,+3.45, +9.620,+10.440,+0.944
1683814140,+3.45, +9.546,+10.445,+0.944
1683814200,+3.45, +9.509,+10.445,+0.944
1683814260,+3.45, +9.509,+10.421,+0.944
1683814320,+3.45, +9.463,+10.422,+0.944
1683814380,+3.45, +9.426,+10.385,+0.943
1683814440,+3.45, +9.297,+10.399,+0.943
1683814500,+3.45, +9.352,+10.346,+0.943
1683814560,+3.45, +9.288,+10.337,+0.943
1683814620,+3.45, +9.251,+10.334,+0.943
1683814680,+3.45, +9.204,+10.339,+0.943
1683814740,+3.45, +9.186,+10.360,+0.943
1683814800,+3.45, +9.195,+10.342,+0.943
1683814860,+3.45, +9.186,+10.357,+0.943
1683814920,+3.45, +9.186,+10.379,+0.943
1683814980,+3.45, +9.214,+10.389,+0.944
1683815040,+3.45, +9.269,+10.391,+0.944
1683815100,+3.45, +9.195,+10.425,+0.944
1683815160,+3.45, +9.204,+10.442,+0.944
1683815220,+3.45, +9.241,+10.443,+0.944
1683815280,+3.45, +9.278,+10.430,+0.943
1683815340,+3.45, +9.241,+10.447,+0.944
1683815400,+3.45, +9.306,+10.429,+0.944
1683815460,+3.45, +9.288,+10.464,+0.944
1683815520,+3.45, +9.306,+10.456,+0.943
1683815580,+3.45, +9.315,+10.481,+0.944
1683815640,+3.45, +9.297,+10.512,+0.944
1683815700,+3.45, +9.315,+10.505,+0.943
1683815760,+3.45, +9.352,+10.497,+0.944
1683815820,+3.45, +9.269,+10.541,+0.944
1683815880,+3.45, +9.362,+10.494,+0.944
1683815940,+3.45, +9.399,+10.488,+0.944
1683816000,+3.45, +9.343,+10.514,+0.943
1683816060,+3.45, +9.380,+10.496,+0.944
1683816120,+3.45, +9.352,+10.499,+0.944
1683816180,+3.45, +9.408,+10.475,+0.944
1683816240,+3.45, +9.352,+10.486,+0.944
1683816300,+3.45, +9.362,+10.483,+0.944
1683816360,+3.45, +9.445,+10.450,+0.944
1683816420,+3.45, +9.352,+10.484,+0.944
1683816480,+3.45, +9.399,+10.451,+0.944
1683816540,+3.45, +9.389,+10.442,+0.943
1683816600,+3.45, +9.343,+10.460,+0.943
1683816660,+3.45, +9.399,+10.432,+0.944
1683816720,+3.45, +9.417,+10.417,+0.943
1683816780,+3.45, +9.371,+10.430,+0.944
1683816840,+3.45, +9.306,+10.407,+0.943
1683816900,+3.45, +9.195,+10.371,+0.943
1683816960,+3.45, +9.140,+10.285,+0.943
1683817020,+3.45, +9.102,+10.221,+0.943
1683817080,+3.45, +9.102,+10.168,+0.943
1683817140,+3.45, +9.056,+10.164,+0.943
1683817200,+3.45, +9.019,+10.160,+0.943
1683817260,+3.45, +8.944,+10.173,+0.943
1683817320,+3.45, +8.944,+10.173,+0.943
1683817380,+3.45, +8.944,+10.183,+0.943
1683817440,+3.45, +8.982,+10.172,+0.943
1683817500,+3.45, +8.991,+10.195,+0.943
1683817560,+3.45, +9.047,+10.192,+0.943
1683817620,+3.45, +9.084,+10.210,+0.943
1683817680,+3.45, +9.093,+10.266,+0.944
1683817740,+3.45, +9.158,+10.299,+0.944
1683817800,+3.45, +9.232,+10.297,+0.943
1683817860,+3.45, +9.269,+10.325,+0.944
1683817920,+3.45, +9.315,+10.362,+0.944
1683817980,+3.45, +9.380,+10.383,+0.944
1683818040,+3.45, +9.408,+10.490,+0.944
1683818100,+3.45, +9.436,+10.600,+0.944
1683818160,+3.45, +9.454,+10.657,+0.944
1683818220,+3.45, +9.445,+10.676,+0.944
1683818280,+3.45, +9.482,+10.688,+0.944
1683818340,+3.45, +9.454,+10.709,+0.944
1683818400,+3.45, +9.491,+10.725,+0.944
1683818460,+3.45, +9.473,+10.754,+0.944
1683818520,+3.45, +9.500,+10.741,+0.944
1683818580,+3.45, +9.500,+10.754,+0.944
1683818640,+3.45, +9.519,+10.742,+0.944
1683818700,+3.45, +9.500,+10.715,+0.944
1683818760,+3.45, +9.445,+10.730,+0.944
1683818820,+3.45, +9.537,+10.684,+0.944
1683818880,+3.45, +9.491,+10.707,+0.944
1683818940,+3.45, +9.491,+10.695,+0.944
1683819000,+3.45, +9.546,+10.671,+0.944
1683819060,+3.45, +9.519,+10.656,+0.943
1683819120,+3.45, +9.519,+10.633,+0.944
1683819180,+3.45, +9.509,+10.610,+0.944
1683819240,+3.45, +9.463,+10.622,+0.944
1683819300,+3.45, +9.537,+10.587,+0.944
1683819360,+3.45, +9.463,+10.622,+0.944
1683819420,+3.45, +9.519,+10.594,+0.944
1683819480,+3.45, +9.491,+10.604,+0.944
1683819540,+3.45, +9.519,+10.587,+0.944
1683819600,+3.45, +9.519,+10.580,+0.944
1683819660,+3.45, +9.528,+10.558,+0.944
1683819720,+3.45, +9.491,+10.581,+0.944
1683819780,+3.45, +9.445,+10.609,+0.944
1683819840,+3.45, +9.408,+10.622,+0.944
1683819900,+3.45, +9.454,+10.593,+0.944
1683819960,+3.45, +9.482,+10.557,+0.943
1683820020,+3.45, +9.473,+10.533,+0.943
1683820080,+3.45, +9.463,+10.539,+0.944
1683820140,+3.45, +9.436,+10.543,+0.944
1683820200,+3.45, +9.500,+10.505,+0.943
1683820260,+3.45, +9.426,+10.514,+0.944
1683820320,+3.45, +9.389,+10.502,+0.943
1683820380,+3.45, +9.352,+10.501,+0.944
1683820440,+3.45, +9.343,+10.485,+0.943
1683820500,+3.45, +9.334,+10.490,+0.944
1683820560,+3.45, +9.306,+10.493,+0.944
1683820620,+3.45, +9.260,+10.504,+0.944
1683820680,+3.45, +9.251,+10.488,+0.943
1683820740,+3.45, +9.343,+10.453,+0.944
1683820800,+3.45, +9.297,+10.481,+0.944
1683820860,+3.45, +9.297,+10.474,+0.944
1683820920,+3.45, +9.278,+10.482,+0.944
1683820980,+3.45, +9.325,+10.441,+0.943
1683821040,+3.45, +9.297,+10.460,+0.944
1683821100,+3.45, +9.260,+10.420,+0.943
1683821160,+3.45, +9.260,+10.398,+0.944
1683821220,+3.45, +9.167,+10.401,+0.944
1683821280,+3.45, +9.158,+10.381,+0.944
1683821340,+3.45, +9.149,+10.403,+0.943
1683821400,+3.45, +9.130,+10.421,+0.944
1683821460,+3.45, +9.177,+10.410,+0.944
1683821520,+3.45, +9.121,+10.419,+0.944
1683821580,+3.45, +9.130,+10.384,+0.944
1683821640,+3.45, +9.140,+10.317,+0.943
1683821700,+3.45, +9.056,+10.310,+0.944
1683821760,+3.45, +9.056,+10.271,+0.943
1683821820,+3.45, +9.047,+10.267,+0.943
1683821880,+3.45, +9.028,+10.260,+0.943
1683821940,+3.45, +8.972,+10.269,+0.943
1683822000,+3.45, +8.954,+10.230,+0.943
1683822060,+3.45, +8.954,+10.213,+0.943
1683822120,+3.45, +8.907,+10.215,+0.943
1683822180,+3.45, +8.861,+10.211,+0.943
1683822240,+3.45, +8.805,+10.183,+0.943
1683822300,+3.45, +8.795,+10.105,+0.943
1683822360,+3.45, +8.730,+10.079,+0.943
1683822420,+3.45, +8.655,+10.060,+0.943
1683822480,+3.45, +8.599,+10.049,+0.943
1683822540,+3.45, +8.571,+10.035,+0.943
1683822600,+3.45, +8.571,+10.029,+0.943
1683822660,+3.45, +8.581, +9.999,+0.943
1683822720,+3.45, +8.524,+10.009,+0.943
1683822780,+3.45, +8.515,+10.000,+0.943
1683822840,+3.45, +8.506, +9.990,+0.943
1683822900,+3.45, +8.478, +9.983,+0.943
1683822960,+3.45, +8.431, +9.983,+0.943
1683823020,+3.45, +8.496, +9.946,+0.943
1683823080,+3.45, +8.459, +9.962,+0.943
1683823140,+3.45, +8.421, +9.964,+0.943
1683823200,+3.45, +8.412, +9.958,+0.943
1683823260,+3.45, +8.496, +9.923,+0.943
1683823320,+3.45, +8.459, +9.922,+0.943
1683823380,+3.45, +8.487, +9.911,+0.943
1683823440,+3.45, +8.431, +9.937,+0.943
1683823500,+3.45, +8.459, +9.918,+0.943
1683823560,+3.45, +8.478, +9.905,+0.943
1683823620,+3.45, +8.459, +9.903,+0.943
1683823680,+3.45, +8.459, +9.900,+0.943
1683823740,+3.45, +8.431, +9.930,+0.944
1683823800,+3.45, +8.402, +9.933,+0.943
1683823860,+3.45, +8.449, +9.916,+0.943
1683823920,+3.45, +8.421, +9.928,+0.943
1683823980,+3.45, +8.459, +9.925,+0.943
1683824040,+3.45, +8.487, +9.917,+0.943
1683824100,+3.45, +8.459, +9.930,+0.943
1683824160,+3.45, +8.449, +9.923,+0.943
1683824220,+3.45, +8.459, +9.917,+0.943
1683824280,+3.45, +8.506, +9.897,+0.943
1683824340,+3.45, +8.468, +9.900,+0.943
1683824400,+3.45, +8.468, +9.899,+0.943
1683824460,+3.45, +8.496, +9.893,+0.943
1683824520,+3.45, +8.524, +9.882,+0.943
1683824580,+3.45, +8.543, +9.874,+0.943
1683824640,+3.45, +8.534, +9.872,+0.943
1683824700,+3.45, +8.487, +9.905,+0.943
1683824760,+3.45, +8.534, +9.895,+0.943
1683824820,+3.45, +8.524, +9.908,+0.943
1683824880,+3.45, +8.524, +9.922,+0.943
1683824940,+3.45, +8.590, +9.928,+0.943
1683825000,+3.45, +8.571, +9.954,+0.943
1683825060,+3.45, +8.599, +9.954,+0.943
1683825120,+3.45, +8.627, +9.929,+0.943
1683825180,+3.45, +8.506, +9.983,+0.944
1683825240,+3.45, +8.524, +9.928,+0.943
1683825300,+3.45, +8.590, +9.858,+0.943
1683825360,+3.45, +8.506, +9.869,+0.943
1683825420,+3.45, +8.478, +9.868,+0.943
1683825480,+3.45, +8.487, +9.839,+0.943
1683825540,+3.45, +8.421, +9.872,+0.943
1683825600,+3.45, +8.478, +9.868,+0.943
1683825660,+3.45, +8.496, +9.886,+0.943
1683825720,+3.45, +8.449, +9.899,+0.943
1683825780,+3.45, +8.459, +9.897,+0.943
1683825840,+3.45, +8.478, +9.920,+0.943
1683825900,+3.45, +8.515, +9.923,+0.943
1683825960,+3.45, +8.487, +9.917,+0.943
1683826020,+3.45, +8.496, +9.917,+0.943
1683826080,+3.45, +8.478, +9.896,+0.943
1683826140,+3.45, +8.506, +9.899,+0.943
1683826200,+3.45, +8.515, +9.918,+0.944
1683826260,+3.45, +8.524, +9.909,+0.944
1683826320,+3.45, +8.534, +9.883,+0.943
1683826380,+3.45, +8.506, +9.885,+0.943
1683826440,+3.45, +8.478, +9.895,+0.943
1683826500,+3.45, +8.534, +9.874,+0.943
1683826560,+3.45, +8.478, +9.906,+0.943
1683826620,+3.45, +8.496, +9.881,+0.943
1683826680,+3.45, +8.478, +9.894,+0.943
1683826740,+3.45, +8.496, +9.893,+0.943
1683826800,+3.45, +8.449, +9.892,+0.943
1683826860,+3.45, +8.487, +9.870,+0.943
1683826920,+3.45, +8.478, +9.864,+0.943
1683826980,+3.45, +8.562, +9.819,+0.943
1683827040,+3.45, +8.515, +9.852,+0.944
1683827100,+3.45, +8.440, +9.869,+0.943
1683827160,+3.45, +8.524, +9.835,+0.943
1683827220,+3.45, +8.459, +9.870,+0.943
1683827280,+3.45, +8.506, +9.861,+0.943
1683827340,+3.45, +8.478, +9.862,+0.943
1683827400,+3.45, +8.468, +9.861,+0.943
1683827460,+3.45, +8.496, +9.852,+0.943
1683827520,+3.45, +8.534, +9.842,+0.943
1683827580,+3.45, +8.618, +9.820,+0.943
1683827640,+3.45, +8.627, +9.829,+0.943
1683827700,+3.45, +8.627, +9.881,+0.944
1683827760,+3.45, +8.655, +9.918,+0.943
1683827820,+3.45, +8.627, +9.960,+0.943
1683827880,+3.45, +8.693, +9.941,+0.943
1683827940,+3.45, +8.674, +9.957,+0.943
1683828000,+3.45, +8.683, +9.939,+0.943
1683828060,+3.45, +8.646, +9.948,+0.943
1683828120,+3.45, +8.665, +9.935,+0.943
1683828180,+3.45, +8.665, +9.953,+0.944
1683828240,+3.45, +8.693, +9.955,+0.944
1683828300,+3.45, +8.711, +9.958,+0.943
1683828360,+3.45, +8.851, +9.927,+0.944
1683828420,+3.45, +8.805, +9.958,+0.944
1683828480,+3.45, +8.861, +9.950,+0.943
1683828540,+3.45, +8.842, +9.976,+0.944
1683828600,+3.45, +8.833, +9.977,+0.944
1683828660,+3.45, +8.823, +9.946,+0.943
1683828720,+3.45, +8.805, +9.910,+0.943
1683828780,+3.45, +8.758, +9.950,+0.943
1683828840,+3.45, +8.739, +9.960,+0.943
1683828900,+3.45, +8.721,+10.007,+0.943
1683828960,+3.45, +8.702, +9.985,+0.943
1683829020,+3.45, +8.693, +9.964,+0.943
1683829080,+3.45, +8.609, +9.987,+0.943
1683829140,+3.45, +8.655, +9.932,+0.943
1683829200,+3.45, +8.655, +9.913,+0.943
1683829260,+3.45, +8.609, +9.939,+0.943
1683829320,+3.45, +8.627, +9.920,+0.943
1683829380,+3.45, +8.599, +9.948,+0.943
1683829440,+3.45, +8.627, +9.954,+0.943
1683829500,+3.45, +8.655, +9.962,+0.943
1683829560,+3.45, +8.674, +9.993,+0.943
1683829620,+3.45, +8.646,+10.025,+0.943
1683829680,+3.45, +8.646,+10.034,+0.943
1683829740,+3.45, +8.655,+10.034,+0.943
1683829800,+3.45, +8.683,+10.028,+0.943
1683829860,+3.45, +8.665,+10.019,+0.943
1683829920,+3.45, +8.702, +9.993,+0.943
1683829980,+3.45, +8.693, +9.999,+0.943
1683830040,+3.45, +8.627,+10.017,+0.943
1683830100,+3.45, +8.609,+10.031,+0.944
1683830160,+3.45, +8.637,+10.007,+0.943
1683830220,+3.45, +8.637,+10.034,+0.944
1683830280,+3.45, +8.637,+10.030,+0.943
1683830340,+3.45, +8.590,+10.039,+0.943
1683830400,+3.45, +8.618,+10.011,+0.943
1683830460,+3.45, +8.627, +9.992,+0.943
1683830520,+3.45, +8.683, +9.959,+0.943
1683830580,+3.45, +8.665, +9.947,+0.943
1683830640,+3.45, +8.627, +9.947,+0.943
1683830700,+3.45, +8.590, +9.939,+0.943
1683830760,+3.45, +8.609, +9.932,+0.944
1683830820,+3.45, +8.562, +9.933,+0.943
1683830880,+3.45, +8.543, +9.924,+0.943
1683830940,+3.45, +8.627, +9.903,+0.943
1683831000,+3.45, +8.552, +9.933,+0.943
1683831060,+3.45, +8.562, +9.923,+0.943
1683831120,+3.45, +8.552, +9.930,+0.943
1683831180,+3.45, +8.515, +9.943,+0.943
1683831240,+3.45, +8.506, +9.954,+0.943
1683831300,+3.45, +8.524, +9.944,+0.943
1683831360,+3.45, +8.468, +9.954,+0.943
1683831420,+3.45, +8.506, +9.934,+0.943
1683831480,+3.45, +8.524, +9.914,+0.943
1683831540,+3.45, +8.496, +9.923,+0.943
1683831600,+3.45, +8.487, +9.924,+0.943
1683831660,+3.45, +8.468, +9.926,+0.943
1683831720,+3.45, +8.496, +9.901,+0.943
1683831780,+3.45, +8.515, +9.886,+0.943
1683831840,+3.45, +8.478, +9.896,+0.943
1683831900,+3.45, +8.496, +9.885,+0.943
1683831960,+3.45, +8.543, +9.872,+0.943
1683832020,+3.45, +8.478, +9.898,+0.943
1683832080,+3.45, +8.496, +9.886,+0.943
1683832140,+3.45, +8.543, +9.860,+0.943
1683832200,+3.45, +8.524, +9.871,+0.943
1683832260,+3.45, +8.487, +9.884,+0.943
1683832320,+3.45, +8.543, +9.870,+0.943
1683832380,+3.45, +8.543, +9.878,+0.943
1683832440,+3.45, +8.506, +9.892,+0.943
1683832500,+3.45, +8.524, +9.890,+0.943
1683832560,+3.45, +8.506, +9.898,+0.943
1683832620,+3.45, +8.543, +9.876,+0.943
1683832680,+3.45, +8.534, +9.890,+0.944
1683832740,+3.45, +8.515, +9.887,+0.943
1683832800,+3.45, +8.571, +9.867,+0.943
1683832860,+3.45, +8.543, +9.867,+0.943
1683832920,+3.45, +8.599, +9.846,+0.943
1683832980,+3.45, +8.562, +9.870,+0.943
1683833040,+3.45, +8.478, +9.900,+0.943
1683833100,+3.45, +8.581, +9.865,+0.943
1683833160,+3.45, +8.552, +9.882,+0.943
1683833220,+3.45, +8.562, +9.884,+0.943
1683833280,+3.45, +8.571, +9.875,+0.943
1683833340,+3.45, +8.524, +9.885,+0.943
1683833400,+3.45, +8.524, +9.862,+0.943
1683833460,+3.45, +8.487, +9.860,+0.943
1683833520,+3.45, +8.487, +9.843,+0.943
1683833580,+3.45, +8.524, +9.817,+0.943
1683833640,+3.45, +8.468, +9.833,+0.943
1683833700,+3.45, +8.496, +9.803,+0.943
1683833760,+3.45, +8.402, +9.836,+0.943
1683833820,+3.45, +8.478, +9.827,+0.943
1683833880,+3.45, +8.496, +9.837,+0.944
1683833940,+3.45, +8.478, +9.845,+0.943
1683834000,+3.45, +8.478, +9.859,+0.943
1683834060,+3.45, +8.412, +9.905,+0.943
1683834120,+3.45, +8.365, +9.928,+0.943
1683834180,+3.45, +8.459, +9.915,+0.944
1683834240,+3.45, +8.459, +9.943,+0.943
1683834300,+3.45, +8.431, +9.964,+0.943
1683834360,+3.45, +8.421, +9.975,+0.943
1683834420,+3.45, +8.468, +9.955,+0.943
1683834480,+3.45, +8.459, +9.958,+0.943
1683834540,+3.45, +8.449, +9.969,+0.943
1683834600,+3.45, +8.506, +9.937,+0.943
1683834660,+3.45, +8.496, +9.929,+0.943
1683834720,+3.45, +8.468, +9.947,+0.944
1683834780,+3.45, +8.412, +9.959,+0.943
1683834840,+3.45, +8.468, +9.935,+0.943
1683834900,+3.45, +8.421, +9.955,+0.943
1683834960,+3.45, +8.459, +9.952,+0.943
1683835020,+3.45, +8.440, +9.978,+0.943
1683835080,+3.45, +8.402,+10.000,+0.943
1683835140,+3.45, +8.496, +9.957,+0.943
1683835200,+3.45, +8.421, +9.989,+0.943
1683835260,+3.45, +8.431, +9.987,+0.943
1683835320,+3.45, +8.374,+10.007,+0.944
1683835380,+3.45, +8.421, +9.981,+0.943
1683835440,+3.45, +8.431, +9.962,+0.943
1683835500,+3.45, +8.440, +9.947,+0.943
1683835560,+3.45, +8.431, +9.955,+0.943
1683835620,+3.45, +8.449, +9.943,+0.943
1683835680,+3.45, +8.459, +9.933,+0.943
1683835740,+3.45, +8.431, +9.942,+0.943
1683835800,+3.45, +8.449, +9.940,+0.943
1683835860,+3.45, +8.487, +9.936,+0.943
1683835920,+3.45, +8.384, +9.970,+0.943
1683835980,+3.45, +8.478, +9.924,+0.943
1683836040,+3.45, +8.346, +9.968,+0.943
1683836100,+3.45, +8.402, +9.941,+0.943
1683836160,+3.45, +8.478, +9.909,+0.943
1683836220,+3.45, +8.356, +9.941,+0.943
1683836280,+3.45, +8.356, +9.936,+0.943
1683836340,+3.45, +8.412, +9.901,+0.943
1683836400,+3.45, +8.412, +9.896,+0.943
1683836460,+3.45, +8.393, +9.909,+0.943
1683836520,+3.45, +8.365, +9.927,+0.943
1683836580,+3.45, +8.412, +9.933,+0.943
1683836640,+3.45, +8.356, +9.974,+0.944
1683836700,+3.45, +8.412, +9.968,+0.943
1683836760,+3.45, +8.384, +9.977,+0.943
1683836820,+3.45, +8.384, +9.980,+0.943
1683836880,+3.45, +8.384, +9.972,+0.943
1683836940,+3.45, +8.346, +9.987,+0.943
1683837000,+3.45, +8.393, +9.957,+0.943
1683837060,+3.45, +8.412, +9.958,+0.943
1683837120,+3.45, +8.421, +9.961,+0.943
1683837180,+3.45, +8.374, +9.973,+0.943
1683837240,+3.45, +8.318, +9.993,+0.943
1683837300,+3.45, +8.356, +9.959,+0.943
1683837360,+3.45, +8.346, +9.961,+0.943
1683837420,+3.45, +8.393, +9.937,+0.943
1683837480,+3.45, +8.440, +9.907,+0.943
1683837540,+3.45, +8.356, +9.960,+0.943
1683837600,+3.45, +8.337, +9.963,+0.943
1683837660,+3.45, +8.384, +9.940,+0.943
1683837720,+3.45, +8.309, +9.962,+0.943
1683837780,+3.45, +8.393, +9.921,+0.943
1683837840,+3.45, +8.327, +9.934,+0.943
1683837900,+3.45, +8.327, +9.934,+0.943
1683837960,+3.45, +8.309, +9.925,+0.943
1683838020,+3.45, +8.233, +9.942,+0.943
1683838080,+3.45, +8.327, +9.900,+0.943
1683838140,+3.45, +8.233, +9.925,+0.943
1683838200,+3.45, +8.290, +9.910,+0.943
1683838260,+3.45, +8.262, +9.928,+0.943
1683838320,+3.45, +8.299, +9.910,+0.943
1683838380,+3.45, +8.262, +9.934,+0.943
1683838440,+3.45, +8.290, +9.917,+0.943
1683838500,+3.45, +8.196, +9.952,+0.943
1683838560,+3.45, +8.196, +9.946,+0.943
1683838620,+3.45, +8.196, +9.946,+0.943
1683838680,+3.45, +8.271, +9.900,+0.943
1683838740,+3.45, +8.214, +9.917,+0.943
1683838800,+3.45, +8.252, +9.885,+0.943
1683838860,+3.45, +8.252, +9.882,+0.943
1683838920,+3.45, +8.233, +9.883,+0.943
1683838980,+3.45, +8.224, +9.876,+0.943
1683839040,+3.45, +8.196, +9.870,+0.943
1683839100,+3.45, +8.252, +9.849,+0.943
1683839160,+3.45, +8.233, +9.842,+0.943
1683839220,+3.45, +8.252, +9.833,+0.943
1683839280,+3.45, +8.243, +9.834,+0.943
1683839340,+3.45, +8.243, +9.845,+0.943
1683839400,+3.45, +8.233, +9.846,+0.943
1683839460,+3.45, +8.214, +9.867,+0.943
1683839520,+3.45, +8.233, +9.848,+0.943
1683839580,+3.45, +8.224, +9.861,+0.943
1683839640,+3.45, +8.224, +9.859,+0.943
1683839700,+3.45, +8.177, +9.862,+0.943
1683839760,+3.45, +8.158, +9.866,+0.943
1683839820,+3.45, +8.262, +9.818,+0.943
1683839880,+3.45, +8.233, +9.824,+0.943
1683839940,+3.45, +8.214, +9.824,+0.943
1683840000,+3.45, +8.196, +9.817,+0.943
1683840060,+3.45, +8.262, +9.785,+0.943
1683840120,+3.45, +8.243, +9.789,+0.943
1683840180,+3.45, +8.167, +9.826,+0.943
1683840240,+3.45, +8.271, +9.790,+0.943
1683840300,+3.45, +8.224, +9.808,+0.943
1683840360,+3.45, +8.177, +9.823,+0.943
1683840420,+3.45, +8.252, +9.787,+0.943
1683840480,+3.45, +8.252, +9.783,+0.943
1683840540,+3.45, +8.224, +9.786,+0.943
1683840600,+3.45, +8.233, +9.789,+0.943
1683840660,+3.45, +8.214, +9.779,+0.943
1683840720,+3.45, +8.262, +9.761,+0.943
1683840780,+3.45, +8.224, +9.779,+0.943
1683840840,+3.45, +8.158, +9.803,+0.943
1683840900,+3.45, +8.299, +9.738,+0.943
1683840960,+3.45, +8.196, +9.783,+0.943
1683841020,+3.45, +8.262, +9.746,+0.943
1683841080,+3.45, +8.271, +9.735,+0.943
1683841140,+3.45, +8.224, +9.758,+0.943
1683841200,+3.45, +8.233, +9.760,+0.943
1683841260,+3.45, +8.280, +9.744,+0.943
1683841320,+3.45, +8.233, +9.767,+0.943
1683841380,+3.45, +8.262, +9.764,+0.943
1683841440,+3.45, +8.205, +9.780,+0.943
1683841500,+3.45, +8.290, +9.748,+0.943
1683841560,+3.45, +8.271, +9.745,+0.943
1683841620,+3.45, +8.224, +9.788,+0.943
1683841680,+3.45, +8.243, +9.784,+0.943
1683841740,+3.45, +8.280, +9.752,+0.943
1683841800,+3.45, +8.205, +9.682,+0.942
1683841860,+3.45, +8.101, +9.694,+0.942
1683841920,+3.45, +8.016, +9.711,+0.942
1683841980,+3.45, +8.045, +9.678,+0.943
1683842040,+3.45, +7.998, +9.680,+0.942
1683842100,+3.45, +8.007, +9.676,+0.943
1683842160,+3.45, +7.960, +9.691,+0.943
1683842220,+3.45, +7.931, +9.690,+0.943
1683842280,+3.45, +7.884, +9.704,+0.943
1683842340,+3.45, +7.931, +9.681,+0.943
1683842400,+3.45, +7.941, +9.667,+0.943
1683842460,+3.45, +7.903, +9.666,+0.942
1683842520,+3.45, +7.922, +9.653,+0.942
1683842580,+3.45, +7.865, +9.674,+0.943
1683842640,+3.45, +7.884, +9.670,+0.943
1683842700,+3.45, +7.912, +9.662,+0.942
1683842760,+3.45, +7.903, +9.672,+0.943
1683842820,+3.45, +7.903, +9.672,+0.943
1683842880,+3.45, +7.893, +9.665,+0.943
1683842940,+3.45, +7.893, +9.665,+0.943
1683843000,+3.45, +7.903, +9.658,+0.943
1683843060,+3.45, +7.875, +9.665,+0.943
1683843120,+3.45, +7.893, +9.661,+0.943
1683843180,+3.45, +7.912, +9.646,+0.943
1683843240,+3.45, +7.884, +9.653,+0.943
1683843300,+3.45, +7.903, +9.638,+0.943
1683843360,+3.45, +7.931, +9.616,+0.943
1683843420,+3.45, +7.912, +9.621,+0.943
1683843480,+3.45, +7.950, +9.603,+0.943
1683843540,+3.45, +7.931, +9.627,+0.943
1683843600,+3.45, +7.988, +9.611,+0.943
1683843660,+3.45, +7.988, +9.611,+0.943
1683843720,+3.45, +7.960, +9.623,+0.943
1683843780,+3.45, +8.064, +9.597,+0.943
1683843840,+3.45, +8.007, +9.629,+0.943
1683843900,+3.45, +8.073, +9.604,+0.943
1683843960,+3.45, +8.007, +9.634,+0.943
1683844020,+3.45, +8.026, +9.638,+0.943
1683844080,+3.45, +8.054, +9.622,+0.943
1683844140,+3.45, +8.064, +9.602,+0.942
1683844200,+3.45, +7.998, +9.637,+0.943
1683844260,+3.45, +8.064, +9.623,+0.943
1683844320,+3.45, +8.045, +9.618,+0.943
1683844380,+3.45, +8.092, +9.602,+0.943
1683844440,+3.45, +8.111, +9.610,+0.943
1683844500,+3.45, +8.083, +9.652,+0.943
1683844560,+3.45, +8.130, +9.640,+0.942
1683844620,+3.45, +8.073, +9.683,+0.943
1683844680,+3.45, +8.111, +9.677,+0.943
1683844740,+3.45, +8.139, +9.696,+0.943
1683844800,+3.45, +8.149, +9.693,+0.943
1683844860,+3.45, +8.186, +9.682,+0.943
1683844920,+3.45, +8.177, +9.690,+0.943
1683844980,+3.45, +8.083, +9.728,+0.943
1683845040,+3.45, +8.262, +9.664,+0.943
1683845100,+3.45, +8.120, +9.711,+0.943
1683845160,+3.45, +8.158, +9.712,+0.943
1683845220,+3.45, +8.186, +9.689,+0.943
1683845280,+3.45, +8.186, +9.685,+0.943
1683845340,+3.45, +8.158, +9.696,+0.943
1683845400,+3.45, +8.196, +9.682,+0.943
1683845460,+3.45, +8.196, +9.677,+0.943
1683845520,+3.45, +8.167, +9.672,+0.943
1683845580,+3.45, +8.177, +9.678,+0.943
1683845640,+3.45, +8.139, +9.664,+0.943
1683845700,+3.45, +8.186, +9.651,+0.943
1683845760,+3.45, +8.186, +9.624,+0.943
1683845820,+3.45, +8.149, +9.640,+0.943
1683845880,+3.45, +8.158, +9.670,+0.943
1683845940,+3.45, +8.167, +9.645,+0.942
1683846000,+3.45, +8.167, +9.618,+0.943
1683846060,+3.45, +8.177, +9.584,+0.943
1683846120,+3.45, +8.158, +9.559,+0.942
1683846180,+3.45, +8.177, +9.542,+0.942
1683846240,+3.45, +8.120, +9.564,+0.943
1683846300,+3.45, +8.130, +9.546,+0.943
1683846360,+3.45, +8.092, +9.539,+0.942
1683846420,+3.45, +8.073, +9.537,+0.942
1683846480,+3.45, +8.101, +9.520,+0.942
1683846540,+3.45, +8.149, +9.531,+0.943
1683846600,+3.45, +8.083, +9.567,+0.943
1683846660,+3.45, +8.092, +9.602,+0.943
1683846720,+3.45, +8.149, +9.619,+0.943
1683846780,+3.45, +8.120, +9.657,+0.943
1683846840,+3.45, +8.092, +9.703,+0.943
1683846900,+3.45, +8.167, +9.689,+0.943
1683846960,+3.45, +8.130, +9.662,+0.942
1683847020,+3.45, +8.092, +9.679,+0.943
1683847080,+3.45, +8.139, +9.664,+0.943
1683847140,+3.45, +8.158, +9.672,+0.943
1683847200,+3.45, +8.130, +9.710,+0.943
1683847260,+3.45, +8.167, +9.704,+0.943
1683847320,+3.45, +8.196, +9.706,+0.943
1683847380,+3.45, +8.120, +9.727,+0.943
1683847440,+3.45, +8.158, +9.704,+0.943
1683847500,+3.45, +8.167, +9.700,+0.943
1683847560,+3.45, +8.158, +9.705,+0.943
1683847620,+3.45, +8.130, +9.715,+0.943
1683847680,+3.45, +8.092, +9.724,+0.943
1683847740,+3.45, +8.224, +9.677,+0.942
1683847800,+3.45, +8.186, +9.702,+0.943
1683847860,+3.45, +8.167, +9.713,+0.943
1683847920,+3.45, +8.233, +9.686,+0.943
1683847980,+3.45, +8.149, +9.708,+0.943
1683848040,+3.45, +8.177, +9.709,+0.943
1683848100,+3.45, +8.243, +9.695,+0.943
1683848160,+3.45, +8.205, +9.733,+0.943
1683848220,+3.45, +8.158, +9.764,+0.943
1683848280,+3.45, +8.271, +9.742,+0.943
1683848340,+3.45, +8.271, +9.757,+0.943
1683848400,+3.45, +8.205, +9.785,+0.943
1683848460,+3.45, +8.233, +9.766,+0.943
1683848520,+3.45, +8.252, +9.750,+0.943
1683848580,+3.45, +8.196, +9.771,+0.943
1683848640,+3.45, +8.243, +9.745,+0.943
1683848700,+3.45, +8.262, +9.724,+0.943
1683848760,+3.45, +8.224, +9.723,+0.943
1683848820,+3.45, +8.233, +9.711,+0.943
1683848880,+3.45, +8.233, +9.692,+0.943
1683848940,+3.45, +8.158, +9.692,+0.943
1683849000,+3.45, +8.167, +9.653,+0.943
1683849060,+3.45, +8.092, +9.634,+0.942
1683849120,+3.45, +8.120, +9.572,+0.943
1683849180,+3.45, +8.120, +9.512,+0.943
1683849240,+3.45, +8.111, +9.466,+0.943
1683849300,+3.45, +8.120, +9.421,+0.942
1683849360,+3.45, +8.035, +9.426,+0.942
1683849420,+3.45, +8.064, +9.409,+0.943
1683849480,+3.45, +8.149, +9.405,+0.942
1683849540,+3.45, +8.130, +9.460,+0.943
1683849600,+3.45, +8.139, +9.463,+0.942
1683849660,+3.45, +8.158, +9.463,+0.943
1683849720,+3.45, +8.167, +9.465,+0.942
1683849780,+3.45, +8.139, +9.484,+0.943
1683849840,+3.45, +8.083, +9.511,+0.942
1683849900,+3.45, +8.092, +9.513,+0.942
1683849960,+3.45, +8.186, +9.482,+0.943
1683850020,+3.45, +8.111, +9.505,+0.943
1683850080,+3.45, +8.149, +9.473,+0.943
1683850140,+3.45, +8.064, +9.475,+0.942
1683850200,+3.45, +8.045, +9.468,+0.943
1683850260,+3.45, +8.111, +9.418,+0.943
1683850320,+3.45, +8.054, +9.431,+0.943
1683850380,+3.45, +8.026, +9.439,+0.943
1683850440,+3.45, +8.054, +9.422,+0.943
1683850500,+3.45, +8.054, +9.413,+0.943
1683850560,+3.45, +8.083, +9.382,+0.942
1683850620,+3.45, +7.998, +9.412,+0.943
1683850680,+3.45, +8.054, +9.389,+0.943
1683850740,+3.45, +8.035, +9.425,+0.943
1683850800,+3.45, +8.054, +9.444,+0.943
1683850860,+3.45, +8.092, +9.445,+0.942
1683850920,+3.45, +8.083, +9.460,+0.942
1683850980,+3.45, +8.054, +9.477,+0.943
1683851040,+3.45, +8.035, +9.474,+0.943
1683851100,+3.45, +8.101, +9.448,+0.943
1683851160,+3.45, +8.073, +9.451,+0.942
1683851220,+3.45, +8.083, +9.434,+0.942
1683851280,+3.45, +8.083, +9.425,+0.943
1683851340,+3.45, +8.064, +9.423,+0.943
1683851400,+3.45, +8.092, +9.405,+0.943
1683851460,+3.45, +8.139, +9.391,+0.943
1683851520,+3.45, +8.083, +9.405,+0.943
1683851580,+3.45, +8.092, +9.405,+0.943
1683851640,+3.45, +7.988, +9.450,+0.943
1683851700,+3.45, +8.111, +9.393,+0.942
1683851760,+3.45, +8.149, +9.381,+0.943
1683851820,+3.45, +8.177, +9.362,+0.943
1683851880,+3.45, +8.130, +9.374,+0.943
1683851940,+3.45, +8.149, +9.368,+0.943
1683852000,+3.45, +8.130, +9.375,+0.943
1683852060,+3.45, +8.177, +9.355,+0.943
1683852120,+3.45, +8.177, +9.350,+0.942
1683852180,+3.45, +8.158, +9.361,+0.943
1683852240,+3.45, +8.158, +9.356,+0.942
1683852300,+3.45, +8.196, +9.354,+0.943
1683852360,+3.45, +8.224, +9.357,+0.943
1683852420,+3.45, +8.262, +9.372,+0.942
1683852480,+3.45, +8.224, +9.411,+0.943
1683852540,+3.45, +8.252, +9.408,+0.943
1683852600,+3.45, +8.224, +9.435,+0.943
1683852660,+3.45, +8.299, +9.403,+0.942
1683852720,+3.45, +8.280, +9.414,+0.943
1683852780,+3.45, +8.280, +9.417,+0.942
1683852840,+3.45, +8.252, +9.435,+0.942
1683852900,+3.45, +8.280, +9.429,+0.942
1683852960,+3.45, +8.290, +9.440,+0.943
1683853020,+3.45, +8.318, +9.439,+0.943
1683853080,+3.45, +8.318, +9.443,+0.943
1683853140,+3.45, +8.290, +9.454,+0.942
1683853200,+3.45, +8.337, +9.472,+0.943
1683853260,+3.45, +8.365, +9.488,+0.943
1683853320,+3.45, +8.327, +9.507,+0.943
1683853380,+3.45, +8.356, +9.513,+0.943
1683853440,+3.45, +8.384, +9.498,+0.943
1683853500,+3.45, +8.365, +9.503,+0.943
1683853560,+3.45, +8.346, +9.525,+0.943
1683853620,+3.45, +8.346, +9.538,+0.942
1683853680,+3.45, +8.384, +9.552,+0.943
1683853740,+3.45, +8.384, +9.571,+0.943
1683853800,+3.45, +8.356, +9.602,+0.943
1683853860,+3.45, +8.402, +9.592,+0.943
1683853920,+3.45, +8.412, +9.597,+0.943
1683853980,+3.45, +8.393, +9.611,+0.943
1683854040,+3.45, +8.431, +9.598,+0.943
1683854100,+3.45, +8.393, +9.602,+0.942
1683854160,+3.45, +8.421, +9.586,+0.942
1683854220,+3.45, +8.374, +9.603,+0.943
1683854280,+3.45, +8.374, +9.585,+0.943
1683854340,+3.45, +8.374, +9.572,+0.943
1683854400,+3.45, +8.393, +9.549,+0.942
1683854460,+3.45, +8.356, +9.547,+0.943
1683854520,+3.45, +8.384, +9.518,+0.942
1683854580,+3.45, +8.356, +9.518,+0.943
1683854640,+3.45, +8.393, +9.507,+0.943
1683854700,+3.45, +8.402, +9.502,+0.942
1683854760,+3.45, +8.365, +9.521,+0.942
1683854820,+3.45, +8.356, +9.534,+0.943
1683854880,+3.45, +8.393, +9.515,+0.942
1683854940,+3.45, +8.393, +9.506,+0.943
1683855000,+3.45, +8.412, +9.492,+0.943
1683855060,+3.45, +8.365, +9.491,+0.942
1683855120,+3.45, +8.440, +9.471,+0.943
1683855180,+3.45, +8.402, +9.469,+0.942
1683855240,+3.45, +8.421, +9.467,+0.942
1683855300,+3.45, +8.402, +9.491,+0.943
1683855360,+3.45, +8.384, +9.516,+0.943
1683855420,+3.45, +8.440, +9.508,+0.943
1683855480,+3.45, +8.468, +9.537,+0.943
1683855540,+3.45, +8.487, +9.573,+0.943
1683855600,+3.45, +8.571, +9.601,+0.943
1683855660,+3.45, +8.552, +9.663,+0.943
1683855720,+3.45, +8.655, +9.681,+0.943
1683855780,+3.45, +8.730, +9.736,+0.943
1683855840,+3.45, +8.889, +9.793,+0.943
1683855900,+3.45, +8.926, +9.921,+0.944
1683855960,+3.45, +8.972, +9.940,+0.943
1683856020,+3.45, +8.963,+10.002,+0.944
1683856080,+3.45, +8.963,+10.039,+0.944
1683856140,+3.45, +9.047,+10.022,+0.943
1683856200,+3.45, +9.047,+10.063,+0.943
1683856260,+3.45, +9.093,+10.108,+0.944
1683856320,+3.45, +9.028,+10.148,+0.944
1683856380,+3.45, +9.102,+10.095,+0.943
1683856440,+3.45, +9.000,+10.116,+0.943
1683856500,+3.45, +8.944,+10.122,+0.943
1683856560,+3.45, +8.954,+10.095,+0.943
1683856620,+3.45, +8.972,+10.076,+0.943
1683856680,+3.45, +8.954,+10.078,+0.943
1683856740,+3.45, +8.935,+10.105,+0.943
1683856800,+3.45, +8.917,+10.115,+0.943
1683856860,+3.45, +8.954,+10.125,+0.943
1683856920,+3.45, +8.972,+10.129,+0.943
1683856980,+3.45, +8.926,+10.158,+0.943
1683857040,+3.45, +8.935,+10.140,+0.943
1683857100,+3.45, +8.917,+10.162,+0.944
1683857160,+3.45, +8.963,+10.135,+0.943
1683857220,+3.45, +8.907,+10.167,+0.943
1683857280,+3.45, +8.926,+10.170,+0.943
1683857340,+3.45, +8.879,+10.204,+0.944
1683857400,+3.45, +8.926,+10.200,+0.944
1683857460,+3.45, +9.000,+10.224,+0.944
1683857520,+3.45, +8.935,+10.302,+0.944
1683857580,+3.45, +8.972,+10.269,+0.943
1683857640,+3.45, +8.917,+10.289,+0.943
1683857700,+3.45, +8.991,+10.272,+0.943
1683857760,+3.45, +9.000,+10.284,+0.943
1683857820,+3.45, +9.028,+10.285,+0.944
1683857880,+3.45, +9.019,+10.289,+0.943
1683857940,+3.45, +9.028,+10.300,+0.944
1683858000,+3.45, +8.982,+10.326,+0.944
1683858060,+3.45, +9.056,+10.318,+0.944
1683858120,+3.45, +9.028,+10.335,+0.944
1683858180,+3.45, +9.028,+10.322,+0.944
1683858240,+3.45, +9.019,+10.354,+0.944
1683858300,+3.45, +9.028,+10.358,+0.943
1683858360,+3.45, +9.028,+10.381,+0.944
1683858420,+3.45, +9.056,+10.376,+0.944
1683858480,+3.45, +9.047,+10.397,+0.943
1683858540,+3.45, +9.065,+10.423,+0.943
1683858600,+3.45, +9.000,+10.488,+0.943
1683858660,+3.45, +9.028,+10.491,+0.943
1683858720,+3.45, +9.112,+10.460,+0.944
1683858780,+3.45, +9.037,+10.488,+0.944
1683858840,+3.45, +9.047,+10.475,+0.944
1683858900,+3.45, +9.047,+10.473,+0.943
1683858960,+3.45, +9.065,+10.466,+0.944
1683859020,+3.45, +9.075,+10.459,+0.943
1683859080,+3.45, +9.047,+10.471,+0.943
1683859140,+3.45, +9.093,+10.460,+0.943
1683859200,+3.45, +9.037,+10.488,+0.944
1683859260,+3.45, +9.000,+10.510,+0.944
1683859320,+3.45, +9.093,+10.477,+0.944
1683859380,+3.45, +9.047,+10.494,+0.944
1683859440,+3.45, +9.000,+10.505,+0.944
1683859500,+3.45, +9.019,+10.492,+0.944
1683859560,+3.45, +9.037,+10.480,+0.944
1683859620,+3.45, +9.019,+10.478,+0.943
1683859680,+3.45, +9.047,+10.461,+0.943
1683859740,+3.45, +9.037,+10.472,+0.943
1683859800,+3.45, +9.037,+10.478,+0.944
1683859860,+3.45, +9.000,+10.493,+0.944
1683859920,+3.45, +8.963,+10.496,+0.944
1683859980,+3.45, +8.972,+10.508,+0.944
1683860040,+3.45, +8.991,+10.483,+0.943
1683860100,+3.45, +8.963,+10.490,+0.944
1683860160,+3.45, +8.972,+10.468,+0.943
1683860220,+3.45, +8.982,+10.459,+0.943
1683860280,+3.45, +8.907,+10.497,+0.944
1683860340,+3.45, +8.926,+10.485,+0.944
1683860400,+3.45, +8.954,+10.477,+0.944
1683860460,+3.45, +8.935,+10.467,+0.943
1683860520,+3.45, +8.963,+10.462,+0.943
1683860580,+3.45, +8.972,+10.456,+0.943
1683860640,+3.45, +8.926,+10.482,+0.944
1683860700,+3.45, +8.935,+10.487,+0.944
1683860760,+3.45, +9.000,+10.455,+0.944
1683860820,+3.45, +9.010,+10.451,+0.944
1683860880,+3.45, +8.917,+10.501,+0.944
1683860940,+3.45, +8.944,+10.472,+0.944
1683861000,+3.45, +8.889,+10.492,+0.944
1683861060,+3.45, +9.000,+10.440,+0.944
1683861120,+3.45, +8.954,+10.450,+0.944
1683861180,+3.45, +8.963,+10.453,+0.944
1683861240,+3.45, +8.972,+10.443,+0.943
1683861300,+3.45, +9.010,+10.429,+0.943
1683861360,+3.45, +8.972,+10.435,+0.943
1683861420,+3.45, +8.926,+10.455,+0.944
1683861480,+3.45, +8.982,+10.422,+0.943
1683861540,+3.45, +8.944,+10.431,+0.943
1683861600,+3.45, +8.954,+10.432,+0.944
1683861660,+3.45, +8.954,+10.436,+0.944
1683861720,+3.45, +8.972,+10.418,+0.943
1683861780,+3.45, +8.991,+10.410,+0.944
1683861840,+3.45, +9.000,+10.407,+0.944
1683861900,+3.45, +8.954,+10.433,+0.944
1683861960,+3.45, +8.972,+10.442,+0.943
1683862020,+3.45, +9.037,+10.441,+0.944
1683862080,+3.45, +9.010,+10.450,+0.944
1683862140,+3.45, +8.972,+10.461,+0.943
1683862200,+3.45, +8.954,+10.470,+0.944
1683862260,+3.45, +9.000,+10.451,+0.943
1683862320,+3.45, +8.982,+10.455,+0.943
1683862380,+3.45, +8.991,+10.465,+0.944
1683862440,+3.45, +8.982,+10.468,+0.944
1683862500,+3.45, +9.010,+10.495,+0.944
1683862560,+3.45, +8.991,+10.503,+0.943
1683862620,+3.45, +8.963,+10.508,+0.944
1683862680,+3.45, +8.954,+10.495,+0.943
1683862740,+3.45, +8.982,+10.499,+0.944
1683862800,+3.45, +8.972,+10.495,+0.944
1683862860,+3.45, +8.991,+10.482,+0.944
1683862920,+3.45, +8.982,+10.509,+0.944
1683862980,+3.45, +8.991,+10.517,+0.944
1683863040,+3.45, +8.963,+10.531,+0.944
1683863100,+3.45, +9.010,+10.498,+0.943
1683863160,+3.45, +9.010,+10.484,+0.943
1683863220,+3.45, +8.991,+10.493,+0.944
1683863280,+3.45, +9.019,+10.491,+0.944
1683863340,+3.45, +9.000,+10.496,+0.943
1683863400,+3.45, +9.010,+10.501,+0.944
1683863460,+3.45, +9.056,+10.487,+0.944
1683863520,+3.45, +8.982,+10.508,+0.944
1683863580,+3.45, +8.954,+10.523,+0.944
1683863640,+3.45, +8.982,+10.490,+0.943
1683863700,+3.45, +9.010,+10.484,+0.943
1683863760,+3.45, +8.944,+10.528,+0.944
1683863820,+3.45, +9.010,+10.490,+0.944
1683863880,+3.45, +8.972,+10.512,+0.944
1683863940,+3.45, +8.954,+10.515,+0.944
1683864000,+3.45, +9.010,+10.485,+0.944
1683864060,+3.45, +8.972,+10.493,+0.944
1683864120,+3.45, +8.954,+10.483,+0.944
1683864180,+3.45, +8.963,+10.460,+0.943
1683864240,+3.45, +8.898,+10.483,+0.944
1683864300,+3.45, +8.935,+10.431,+0.943
1683864360,+3.45, +8.917,+10.402,+0.943
1683864420,+3.45, +8.861,+10.387,+0.943
1683864480,+3.45, +8.823,+10.373,+0.943
1683864540,+3.45, +8.833,+10.345,+0.943
1683864600,+3.45, +8.805,+10.346,+0.943
1683864660,+3.45, +8.842,+10.310,+0.943
1683864720,+3.45, +8.814,+10.327,+0.943
1683864780,+3.45, +8.805,+10.335,+0.944
1683864840,+3.45, +8.805,+10.331,+0.943
1683864900,+3.45, +8.805,+10.329,+0.943
1683864960,+3.45, +8.823,+10.333,+0.944
1683865020,+3.45, +8.814,+10.327,+0.944
1683865080,+3.45, +8.777,+10.330,+0.943
1683865140,+3.45, +8.842,+10.295,+0.943
1683865200,+3.45, +8.823,+10.302,+0.943
1683865260,+3.45, +8.823,+10.287,+0.943
1683865320,+3.45, +8.786,+10.315,+0.943
1683865380,+3.45, +8.767,+10.324,+0.944
1683865440,+3.45, +8.767,+10.325,+0.944
1683865500,+3.45, +8.767,+10.318,+0.943
1683865560,+3.45, +8.749,+10.332,+0.944
1683865620,+3.45, +8.739,+10.334,+0.943
1683865680,+3.45, +8.861,+10.290,+0.943
1683865740,+3.45, +8.842,+10.290,+0.943
1683865800,+3.45, +8.833,+10.292,+0.943
1683865860,+3.45, +8.795,+10.295,+0.943
1683865920,+3.45, +8.786,+10.273,+0.943
1683865980,+3.45, +8.758,+10.285,+0.943
1683866040,+3.45, +8.758,+10.287,+0.944
1683866100,+3.45, +8.739,+10.251,+0.943
1683866160,+3.45, +8.702,+10.241,+0.943
1683866220,+3.45, +8.739,+10.206,+0.943
1683866280,+3.45, +8.711,+10.205,+0.943
1683866340,+3.45, +8.711,+10.203,+0.943
1683866400,+3.45, +8.683,+10.202,+0.943
1683866460,+3.45, +8.646,+10.207,+0.943
1683866520,+3.45, +8.609,+10.214,+0.943
1683866580,+3.45, +8.655,+10.193,+0.943
1683866640,+3.45, +8.655,+10.185,+0.943
1683866700,+3.45, +8.581,+10.220,+0.943
1683866760,+3.45, +8.599,+10.207,+0.943
1683866820,+3.45, +8.599,+10.217,+0.943
1683866880,+3.45, +8.618,+10.206,+0.943
1683866940,+3.45, +8.571,+10.232,+0.943
1683867000,+3.45, +8.562,+10.248,+0.944
1683867060,+3.45, +8.571,+10.231,+0.943
1683867120,+3.45, +8.571,+10.213,+0.943
1683867180,+3.45, +8.562,+10.213,+0.944
1683867240,+3.45, +8.543,+10.207,+0.943
1683867300,+3.45, +8.609,+10.172,+0.943
1683867360,+3.45, +8.515,+10.200,+0.943
1683867420,+3.45, +8.562,+10.175,+0.943
1683867480,+3.45, +8.581,+10.168,+0.943
1683867540,+3.45, +8.552,+10.176,+0.943
1683867600,+3.45, +8.487,+10.201,+0.943
1683867660,+3.45, +8.534,+10.172,+0.943
1683867720,+3.45, +8.496,+10.186,+0.943
1683867780,+3.45, +8.506,+10.185,+0.944
1683867840,+3.45, +8.506,+10.157,+0.943
1683867900,+3.45, +8.571,+10.126,+0.943
1683867960,+3.45, +8.543,+10.136,+0.943
1683868020,+3.45, +8.515,+10.143,+0.943
1683868080,+3.45, +8.552,+10.126,+0.943
1683868140,+3.45, +8.515,+10.144,+0.944
1683868200,+3.45, +8.534,+10.137,+0.944
1683868260,+3.45, +8.487,+10.144,+0.943
1683868320,+3.45, +8.552,+10.133,+0.944
1683868380,+3.45, +8.571,+10.127,+0.944
1683868440,+3.45, +8.552,+10.159,+0.943
1683868500,+3.45, +8.534,+10.214,+0.944
1683868560,+3.45, +8.496,+10.235,+0.944
1683868620,+3.45, +8.543,+10.216,+0.943
1683868680,+3.45, +8.534,+10.232,+0.943
1683868740,+3.45, +8.496,+10.243,+0.943
1683868800,+3.45, +8.515,+10.263,+0.944
1683868860,+3.45, +8.552,+10.297,+0.944
1683868920,+3.45, +8.534,+10.294,+0.944
1683868980,+3.45, +8.543,+10.270,+0.944
1683869040,+3.45, +8.552,+10.258,+0.943
1683869100,+3.45, +8.590,+10.235,+0.943
1683869160,+3.45, +8.524,+10.254,+0.943
1683869220,+3.45, +8.552,+10.255,+0.943
1683869280,+3.45, +8.590,+10.236,+0.944
1683869340,+3.45, +8.562,+10.243,+0.944
1683869400,+3.45, +8.609,+10.210,+0.943
1683869460,+3.45, +8.506,+10.238,+0.943
1683869520,+3.45, +8.552,+10.215,+0.943
1683869580,+3.45, +8.581,+10.207,+0.944
1683869640,+3.45, +8.524,+10.210,+0.943
1683869700,+3.45, +8.552,+10.205,+0.944
1683869760,+3.45, +8.552,+10.183,+0.943
1683869820,+3.45, +8.581,+10.167,+0.943
1683869880,+3.45, +8.665,+10.123,+0.943
1683869940,+3.45, +8.627,+10.142,+0.943
1683870000,+3.45, +8.552,+10.151,+0.943
1683870060,+3.45, +8.618,+10.126,+0.944
1683870120,+3.45, +8.562,+10.142,+0.943
1683870180,+3.45, +8.599,+10.125,+0.944
1683870240,+3.45, +8.618,+10.106,+0.943
1683870300,+3.45, +8.618,+10.106,+0.944
1683870360,+3.45, +8.627,+10.103,+0.943
1683870420,+3.45, +8.609,+10.129,+0.943
1683870480,+3.45, +8.637,+10.179,+0.944
1683870540,+3.45, +8.786,+10.284,+0.944
1683870600,+3.45, +8.861,+10.407,+0.944
1683870660,+3.45, +9.019,+10.477,+0.944
1683870720,+3.45, +9.269,+10.840,+0.946
1683870780,+3.45,+10.143,+11.017,+0.947
1683870840,+3.45,+10.797,+11.101,+0.947
1683870900,+3.45,+11.463,+11.086,+0.947
1683870960,+3.45,+11.848,+11.056,+0.947
1683871020,+3.45,+12.141,+10.960,+0.946
1683871080,+3.45,+12.354,+10.935,+0.947
1683871140,+3.45,+12.532,+10.320,+0.942
1683871200,+3.45,+11.068, +9.749,+0.941
1683871260,+3.45,+10.380, +9.954,+0.942
1683871320,+3.45,+10.042,+10.069,+0.942
1683871380,+3.45, +9.822,+10.198,+0.942
1683871440,+3.45, +9.694,+10.264,+0.942
1683871500,+3.45, +9.739,+10.293,+0.942
1683871560,+3.45, +9.648,+10.295,+0.942
1683871620,+3.45, +9.712,+10.458,+0.944
1683871680,+3.45,+10.015,+10.576,+0.944
1683871740,+3.45,+10.425,+10.721,+0.945
1683871800,+3.45,+10.969,+10.792,+0.945
1683871860,+3.45,+11.400,+10.803,+0.945
1683871920,+3.45,+11.821,+10.792,+0.946
1683871980,+3.45,+12.186,+10.745,+0.946
1683872040,+3.45,+12.390,+10.706,+0.945
1683872100,+3.45,+12.532,+10.670,+0.945
1683872160,+3.45,+12.752,+10.690,+0.945
1683872220,+3.45,+12.876,+10.614,+0.944
1683872280,+3.45,+12.840, +9.534,+0.938
1683872340,+3.45,+11.005, +9.493,+0.939
1683872400,+3.45,+10.234, +9.616,+0.940
1683872460,+3.45, +9.592, +9.556,+0.939
1683872520,+3.45, +9.177, +9.610,+0.940
1683872580,+3.45, +8.898, +9.602,+0.940
1683872640,+3.45, +8.674, +9.633,+0.940
1683872700,+3.45, +8.552, +9.684,+0.941
1683872760,+3.45, +8.487, +9.715,+0.941
1683872820,+3.45, +8.365, +9.769,+0.941
1683872880,+3.45, +8.402, +9.839,+0.942
1683872940,+3.45, +8.449, +9.965,+0.942
1683873000,+3.45, +8.599,+10.135,+0.942
1683873060,+3.45, +8.861,+10.292,+0.943
1683873120,+3.45, +9.223,+10.563,+0.945
1683873180,+3.45, +9.822,+10.609,+0.946
1683873240,+3.45,+10.197,+10.576,+0.945
1683873300,+3.45,+10.661,+10.706,+0.946
1683873360,+3.45,+10.960,+10.659,+0.945
1683873420,+3.45,+11.212,+10.631,+0.945
1683873480,+3.45,+11.418,+10.614,+0.945
1683873540,+3.45,+11.714,+10.720,+0.945
1683873600,+3.45,+12.044,+10.690,+0.945
1683873660,+3.45,+12.248,+10.683,+0.945
1683873720,+3.45,+12.434,+10.697,+0.945
1683873780,+3.45,+12.585,+10.678,+0.945
1683873840,+3.45,+12.796,+10.652,+0.944
1683873900,+3.45,+12.832,+10.672,+0.945
1683873960,+3.45,+12.478, +9.823,+0.940
1683874020,+3.45,+11.508, +9.789,+0.941
1683874080,+3.45,+11.050, +9.932,+0.942
1683874140,+3.45,+10.833,+10.187,+0.942
1683874200,+3.45,+10.679,+10.086,+0.941
1683874260,+3.45,+10.516,+10.221,+0.942
1683874320,+3.45,+10.489,+10.376,+0.944
1683874380,+3.45,+10.779,+10.431,+0.944
1683874440,+3.45,+11.041,+10.346,+0.943
1683874500,+3.45,+11.149,+10.365,+0.944
1683874560,+3.45,+11.239,+10.392,+0.943
1683874620,+3.45,+11.329,+10.466,+0.944
1683874680,+3.45,+11.508,+10.525,+0.944
1683874740,+3.45,+11.723,+10.596,+0.944
1683874800,+3.45,+12.053,+10.646,+0.945
1683874860,+3.45,+12.319,+10.588,+0.944
1683874920,+3.45,+12.443,+10.568,+0.944
1683874980,+3.45,+12.549,+10.528,+0.944
1683875040,+3.45,+12.213,+10.047,+0.941
1683875100,+3.45,+11.275, +9.873,+0.941
1683875160,+3.45,+10.661, +9.757,+0.940
1683875220,+3.45,+10.069, +9.901,+0.941
1683875280,+3.45, +9.684, +9.935,+0.940
1683875340,+3.45, +9.362,+10.037,+0.941
1683875400,+3.45, +9.195,+10.084,+0.941
1683875460,+3.45, +9.075,+10.126,+0.942
1683875520,+3.45, +8.982,+10.155,+0.942
1683875580,+3.45, +8.879,+10.189,+0.942
1683875640,+3.45, +8.889,+10.182,+0.942
1683875700,+3.45, +8.991,+10.194,+0.942
1683875760,+3.45, +9.047,+10.258,+0.943
1683875820,+3.45, +9.140,+10.186,+0.943
1683875880,+3.45, +9.130,+10.139,+0.942
1683875940,+3.45, +8.944,+10.068,+0.942
1683876000,+3.45, +8.777,+10.040,+0.942
1683876060,+3.45, +8.599, +9.881,+0.942
1683876120,+3.45, +8.524, +9.926,+0.942
1683876180,+3.45, +8.478,+10.073,+0.942
1683876240,+3.45, +8.562,+10.189,+0.943
1683876300,+3.45, +8.749,+10.238,+0.943
1683876360,+3.45, +9.167,+10.417,+0.945
1683876420,+3.45, +9.426,+10.310,+0.944
1683876480,+3.45, +9.555,+10.465,+0.945
1683876540,+3.45, +9.932,+10.483,+0.945
1683876600,+3.45,+10.179,+10.458,+0.944
1683876660,+3.45,+10.325,+10.513,+0.945
1683876720,+3.45,+10.507,+10.448,+0.944
1683876780,+3.45,+10.715,+10.477,+0.944
1683876840,+3.45,+10.923,+10.528,+0.945
1683876900,+3.45,+11.059,+10.515,+0.944
1683876960,+3.45,+10.923,+10.187,+0.943
1683877020,+3.45,+10.525,+10.222,+0.943
1683877080,+3.45,+10.252,+10.118,+0.942
1683877140,+3.45,+10.005,+10.147,+0.943
1683877200,+3.45, +9.822,+10.173,+0.943
1683877260,+3.45, +9.767,+10.158,+0.943
1683877320,+3.45, +9.592,+10.172,+0.942
1683877380,+3.45, +9.509,+10.158,+0.943
1683877440,+3.45, +9.297,+10.132,+0.942
1683877500,+3.45, +9.177,+10.131,+0.943
1683877560,+3.45, +9.121,+10.164,+0.943
1683877620,+3.45, +9.121,+10.176,+0.943
1683877680,+3.45, +9.093,+10.211,+0.943
1683877740,+3.45, +9.140,+10.216,+0.943
1683877800,+3.45, +9.158,+10.226,+0.943
1683877860,+3.45, +9.158,+10.247,+0.944
1683877920,+3.45, +9.158,+10.240,+0.943
1683877980,+3.45, +9.223,+10.248,+0.943
1683878040,+3.45, +9.167,+10.233,+0.943
1683878100,+3.45, +9.158,+10.204,+0.943
1683878160,+3.45, +9.112,+10.210,+0.943
1683878220,+3.45, +9.065,+10.209,+0.943
1683878280,+3.45, +9.000,+10.183,+0.943
1683878340,+3.45, +8.889,+10.054,+0.942
1683878400,+3.45, +8.711, +9.986,+0.942
1683878460,+3.45, +8.683,+10.011,+0.942
1683878520,+3.45, +8.562,+10.050,+0.942
1683878580,+3.45, +8.590,+10.023,+0.942
1683878640,+3.45, +8.478,+10.074,+0.943
1683878700,+3.45, +8.552,+10.039,+0.943
1683878760,+3.45, +8.543,+10.040,+0.943
1683878820,+3.45, +8.478,+10.048,+0.942
1683878880,+3.45, +8.440,+10.046,+0.943
1683878940,+3.45, +8.393,+10.039,+0.942
1683879000,+3.45, +8.421,+10.025,+0.943
1683879060,+3.45, +8.393,+10.008,+0.942
1683879120,+3.45, +8.346,+10.021,+0.943
1683879180,+3.45, +8.327,+10.028,+0.943
1683879240,+3.45, +8.346,+10.027,+0.943
1683879300,+3.45, +8.337,+10.054,+0.943
1683879360,+3.45, +8.280,+10.056,+0.943
1683879420,+3.45, +8.290, +9.999,+0.943
1683879480,+3.45, +8.243, +9.878,+0.942
1683879540,+3.45, +8.149, +9.828,+0.942
1683879600,+3.45, +8.083, +9.799,+0.942
1683879660,+3.45, +8.035, +9.775,+0.942
1683879720,+3.45, +7.931, +9.798,+0.942
1683879780,+3.45, +7.988, +9.774,+0.943
1683879840,+3.45, +7.922, +9.786,+0.943
1683879900,+3.45, +7.903, +9.779,+0.943
1683879960,+3.45, +7.875, +9.784,+0.942
1683880020,+3.45, +7.903, +9.768,+0.942
1683880080,+3.45, +7.837, +9.802,+0.943
1683880140,+3.45, +7.846, +9.792,+0.942
1683880200,+3.45, +7.865, +9.780,+0.943
1683880260,+3.45, +7.875, +9.784,+0.943
1683880320,+3.45, +7.837, +9.793,+0.943
1683880380,+3.45, +7.903, +9.758,+0.942
1683880440,+3.45, +7.912, +9.758,+0.943
1683880500,+3.45, +7.875, +9.771,+0.943
1683880560,+3.45, +7.922, +9.750,+0.943
1683880620,+3.45, +7.893, +9.762,+0.943
1683880680,+3.45, +7.922, +9.757,+0.943
1683880740,+3.45, +7.903, +9.768,+0.942
1683880800,+3.45, +7.960, +9.816,+0.943
1683880860,+3.45, +8.035, +9.861,+0.943
1683880920,+3.45, +8.054, +9.913,+0.943
1683880980,+3.45, +8.139, +9.906,+0.943
1683881040,+3.45, +8.054, +9.907,+0.943
1683881100,+3.45, +8.026, +9.873,+0.943
1683881160,+3.45, +8.016, +9.844,+0.943
1683881220,+3.45, +7.950, +9.835,+0.943
1683881280,+3.45, +7.969, +9.815,+0.942
1683881340,+3.45, +7.931, +9.819,+0.942
1683881400,+3.45, +7.979, +9.807,+0.943
1683881460,+3.45, +7.960, +9.799,+0.943
1683881520,+3.45, +7.950, +9.793,+0.942
1683881580,+3.45, +7.912, +9.797,+0.942
1683881640,+3.45, +7.969, +9.782,+0.943
1683881700,+3.45, +7.950, +9.787,+0.942
1683881760,+3.45, +7.912, +9.817,+0.943
1683881820,+3.45, +7.922, +9.813,+0.943
1683881880,+3.45, +7.922, +9.815,+0.943
1683881940,+3.45, +7.969, +9.800,+0.943
1683882000,+3.45, +7.922, +9.808,+0.943
1683882060,+3.45, +7.960, +9.801,+0.943
1683882120,+3.45, +7.941, +9.800,+0.943
1683882180,+3.45, +7.912, +9.814,+0.943
1683882240,+3.45, +7.922, +9.809,+0.943
1683882300,+3.45, +7.893, +9.829,+0.943
1683882360,+3.45, +7.865, +9.829,+0.943
1683882420,+3.45, +7.903, +9.815,+0.943
1683882480,+3.45, +7.846, +9.825,+0.943
1683882540,+3.45, +7.865, +9.809,+0.943
1683882600,+3.45, +7.837, +9.803,+0.942
1683882660,+3.45, +7.818, +9.799,+0.943
1683882720,+3.45, +7.818, +9.802,+0.943
1683882780,+3.45, +7.827, +9.799,+0.943
1683882840,+3.45, +7.818, +9.802,+0.943
1683882900,+3.45, +7.827, +9.801,+0.943
1683882960,+3.45, +7.827, +9.798,+0.942
1683883020,+3.45, +7.884, +9.780,+0.943
1683883080,+3.45, +7.837, +9.789,+0.943
1683883140,+3.45, +7.808, +9.784,+0.942
1683883200,+3.45, +7.770, +9.813,+0.943
1683883260,+3.45, +7.770, +9.829,+0.943
1683883320,+3.45, +7.827, +9.818,+0.943
1683883380,+3.45, +7.799, +9.828,+0.943
1683883440,+3.45, +7.770, +9.854,+0.943
1683883500,+3.45, +7.770, +9.852,+0.943
1683883560,+3.45, +7.780, +9.847,+0.942
1683883620,+3.45, +7.751, +9.856,+0.943
1683883680,+3.45, +7.808, +9.837,+0.943
1683883740,+3.45, +7.818, +9.816,+0.942
1683883800,+3.45, +7.761, +9.835,+0.942
1683883860,+3.45, +7.789, +9.824,+0.943
1683883920,+3.45, +7.770, +9.826,+0.943
1683883980,+3.45, +7.770, +9.825,+0.943
1683884040,+3.45, +7.827, +9.805,+0.943
1683884100,+3.45, +7.837, +9.799,+0.943
1683884160,+3.45, +7.808, +9.814,+0.943
1683884220,+3.45, +7.846, +9.805,+0.943
1683884280,+3.45, +7.789, +9.823,+0.943
1683884340,+3.45, +7.827, +9.805,+0.943
1683884400,+3.45, +7.837, +9.798,+0.943
1683884460,+3.45, +7.742, +9.845,+0.943
1683884520,+3.45, +7.789, +9.841,+0.943
1683884580,+3.45, +7.827, +9.830,+0.942
1683884640,+3.45, +7.808, +9.833,+0.943
1683884700,+3.45, +7.770, +9.832,+0.943
1683884760,+3.45, +7.751, +9.795,+0.943
1683884820,+3.45, +7.704, +9.785,+0.943
1683884880,+3.45, +7.704, +9.768,+0.943
1683884940,+3.45, +7.723, +9.732,+0.942
1683885000,+3.45, +7.628, +9.729,+0.942
1683885060,+3.45, +7.609, +9.715,+0.943
1683885120,+3.45, +7.637, +9.669,+0.942
1683885180,+3.45, +7.590, +9.673,+0.943
1683885240,+3.45, +7.628, +9.630,+0.942
1683885300,+3.45, +7.599, +9.629,+0.943
1683885360,+3.45, +7.618, +9.614,+0.943
1683885420,+3.45, +7.647, +9.599,+0.942
1683885480,+3.45, +7.666, +9.579,+0.942
1683885540,+3.45, +7.647, +9.590,+0.943
1683885600,+3.45, +7.599, +9.601,+0.943
1683885660,+3.45, +7.628, +9.579,+0.942
1683885720,+3.45, +7.580, +9.601,+0.943
1683885780,+3.45, +7.628, +9.593,+0.943
1683885840,+3.45, +7.637, +9.582,+0.943
1683885900,+3.45, +7.647, +9.567,+0.942
1683885960,+3.45, +7.675, +9.564,+0.943
1683886020,+3.45, +7.628, +9.582,+0.943
1683886080,+3.45, +7.628, +9.584,+0.943
1683886140,+3.45, +7.647, +9.582,+0.942
1683886200,+3.45, +7.590, +9.610,+0.943
1683886260,+3.45, +7.590, +9.611,+0.943
1683886320,+3.45, +7.628, +9.597,+0.943
1683886380,+3.45, +7.599, +9.610,+0.943
1683886440,+3.45, +7.628, +9.601,+0.943
1683886500,+3.45, +7.666, +9.589,+0.942
1683886560,+3.45, +7.618, +9.618,+0.943
1683886620,+3.45, +7.599, +9.645,+0.943
1683886680,+3.45, +7.637, +9.635,+0.943
1683886740,+3.45, +7.561, +9.681,+0.943
1683886800,+3.45, +7.618, +9.670,+0.943
1683886860,+3.45, +7.647, +9.648,+0.942
1683886920,+3.45, +7.628, +9.660,+0.943
1683886980,+3.45, +7.609, +9.668,+0.942
1683887040,+3.45, +7.628, +9.674,+0.943
1683887100,+3.45, +7.637, +9.669,+0.943
1683887160,+3.45, +7.637, +9.671,+0.943
1683887220,+3.45, +7.656, +9.666,+0.943
1683887280,+3.45, +7.656, +9.666,+0.943
1683887340,+3.45, +7.694, +9.653,+0.943
1683887400,+3.45, +7.656, +9.663,+0.943
1683887460,+3.45, +7.694, +9.650,+0.943
1683887520,+3.45, +7.666, +9.654,+0.943
1683887580,+3.45, +7.666, +9.656,+0.943
1683887640,+3.45, +7.656, +9.652,+0.943
1683887700,+3.45, +7.675, +9.650,+0.943
1683887760,+3.45, +7.666, +9.645,+0.942
1683887820,+3.45, +7.694, +9.651,+0.943
1683887880,+3.45, +7.666, +9.666,+0.943
1683887940,+3.45, +7.694, +9.652,+0.943
1683888000,+3.45, +7.704, +9.647,+0.943
1683888060,+3.45, +7.666, +9.656,+0.943
1683888120,+3.45, +7.637, +9.672,+0.943
1683888180,+3.45, +7.666, +9.658,+0.943
1683888240,+3.45, +7.628, +9.684,+0.943
1683888300,+3.45, +7.694, +9.803,+0.943
1683888360,+3.45, +7.856, +9.841,+0.943
1683888420,+3.45, +7.837, +9.759,+0.942
1683888480,+3.45, +7.723, +9.744,+0.943
1683888540,+3.45, +7.694, +9.725,+0.942
1683888600,+3.45, +7.685, +9.710,+0.943
1683888660,+3.45, +7.675, +9.703,+0.943
1683888720,+3.45, +7.704, +9.670,+0.943
1683888780,+3.45, +7.666, +9.674,+0.943
1683888840,+3.45, +7.580, +9.712,+0.943
1683888900,+3.45, +7.533, +9.731,+0.943
1683888960,+3.45, +7.571, +9.710,+0.943
1683889020,+3.45, +7.580, +9.692,+0.942
1683889080,+3.45, +7.599, +9.683,+0.942
1683889140,+3.45, +7.514, +9.710,+0.942
1683889200,+3.45, +7.618, +9.682,+0.943
1683889260,+3.45, +7.580, +9.712,+0.942
1683889320,+3.45, +7.571, +9.720,+0.942
1683889380,+3.45, +7.637, +9.713,+0.943
1683889440,+3.45, +7.647, +9.717,+0.943
1683889500,+3.45, +7.571, +9.754,+0.943
1683889560,+3.45, +7.609, +9.735,+0.943
1683889620,+3.45, +7.647, +9.726,+0.943
1683889680,+3.45, +7.628, +9.743,+0.943
1683889740,+3.45, +7.675, +9.751,+0.943
1683889800,+3.45, +7.742, +9.785,+0.943
1683889860,+3.45, +7.818, +9.790,+0.943
1683889920,+3.45, +7.837, +9.816,+0.943
1683889980,+3.45, +7.770, +9.815,+0.943
1683890040,+3.45, +7.780, +9.774,+0.943
1683890100,+3.45, +7.751, +9.780,+0.943
1683890160,+3.45, +7.742, +9.794,+0.943
1683890220,+3.45, +7.751, +9.878,+0.943
1683890280,+3.45, +7.799, +9.881,+0.943
1683890340,+3.45, +7.837, +9.866,+0.943
1683890400,+3.45, +7.799, +9.892,+0.943
1683890460,+3.45, +7.837, +9.873,+0.943
1683890520,+3.45, +7.884, +9.870,+0.943
1683890580,+3.45, +7.856, +9.902,+0.943
1683890640,+3.45, +7.893, +9.918,+0.943
1683890700,+3.45, +7.856, +9.948,+0.943
1683890760,+3.45, +7.941, +9.918,+0.943
1683890820,+3.45, +7.941, +9.918,+0.943
1683890880,+3.45, +7.912, +9.926,+0.943
1683890940,+3.45, +7.950, +9.899,+0.943
1683891000,+3.45, +7.931, +9.888,+0.942
1683891060,+3.45, +7.960, +9.898,+0.943
1683891120,+3.45, +7.969, +9.902,+0.943
1683891180,+3.45, +7.969, +9.891,+0.943
1683891240,+3.45, +8.016, +9.875,+0.943
1683891300,+3.45, +7.988, +9.884,+0.943
1683891360,+3.45, +7.998, +9.892,+0.943
1683891420,+3.45, +7.979, +9.908,+0.943
1683891480,+3.45, +7.960, +9.927,+0.943
1683891540,+3.45, +8.007, +9.893,+0.943
1683891600,+3.45, +8.026, +9.889,+0.943
1683891660,+3.45, +7.988, +9.922,+0.943
1683891720,+3.45, +8.083, +9.935,+0.943
1683891780,+3.45, +8.158, +9.941,+0.943
1683891840,+3.45, +8.035, +9.996,+0.943
1683891900,+3.45, +8.130, +9.962,+0.943
1683891960,+3.45, +8.149, +9.973,+0.943
1683892020,+3.45, +8.167, +9.990,+0.943
1683892080,+3.45, +8.120, +9.977,+0.943
1683892140,+3.45, +8.158, +9.940,+0.943
1683892200,+3.45, +8.092, +9.947,+0.943
1683892260,+3.45, +8.092, +9.932,+0.943
1683892320,+3.45, +7.998, +9.950,+0.943
1683892380,+3.45, +8.073, +9.904,+0.943
1683892440,+3.45, +7.988, +9.912,+0.943
1683892500,+3.45, +7.998, +9.892,+0.943
1683892560,+3.45, +7.988, +9.885,+0.942
1683892620,+3.45, +7.988, +9.890,+0.943
1683892680,+3.45, +7.969, +9.900,+0.943
1683892740,+3.45, +8.026, +9.878,+0.943
1683892800,+3.45, +7.979, +9.912,+0.943
1683892860,+3.45, +8.007, +9.925,+0.943
1683892920,+3.45, +8.045, +9.927,+0.943
1683892980,+3.45, +8.092, +9.944,+0.943
1683893040,+3.45, +8.111, +9.956,+0.943
1683893100,+3.45, +8.073, +9.976,+0.943
1683893160,+3.45, +8.111, +9.961,+0.943
1683893220,+3.45, +8.111, +9.958,+0.943
1683893280,+3.45, +8.149, +9.947,+0.943
1683893340,+3.45, +8.092, +9.971,+0.943
1683893400,+3.45, +8.064, +9.967,+0.943
1683893460,+3.45, +8.120, +9.928,+0.942
1683893520,+3.45, +8.101, +9.956,+0.943
1683893580,+3.45, +8.092, +9.978,+0.943
1683893640,+3.45, +8.073, +9.999,+0.943
1683893700,+3.45, +8.158, +9.996,+0.943
1683893760,+3.45, +8.149,+10.034,+0.943
1683893820,+3.45, +8.177,+10.045,+0.943
1683893880,+3.45, +8.233,+10.073,+0.943
1683893940,+3.45, +8.290,+10.041,+0.943
1683894000,+3.45, +8.233,+10.064,+0.943
1683894060,+3.45, +8.233,+10.058,+0.943
1683894120,+3.45, +8.186,+10.070,+0.943
1683894180,+3.45, +8.233,+10.070,+0.943
1683894240,+3.45, +8.290,+10.079,+0.943
1683894300,+3.45, +8.205,+10.145,+0.943
1683894360,+3.45, +8.299,+10.116,+0.943
1683894420,+3.45, +8.318,+10.119,+0.943
1683894480,+3.45, +8.374,+10.095,+0.943
1683894540,+3.45, +8.309,+10.132,+0.943
1683894600,+3.45, +8.327,+10.107,+0.943
1683894660,+3.45, +8.233,+10.050,+0.943
1683894720,+3.45, +8.167,+10.022,+0.943
1683894780,+3.45, +8.252,+10.040,+0.943
1683894840,+3.45, +8.214,+10.075,+0.943
1683894900,+3.45, +8.290,+10.064,+0.943
1683894960,+3.45, +8.365,+10.044,+0.943
1683895020,+3.45, +8.280,+10.088,+0.943
1683895080,+3.45, +8.327,+10.067,+0.943
1683895140,+3.45, +8.346,+10.068,+0.943
1683895200,+3.45, +8.365,+10.076,+0.943
1683895260,+3.45, +8.337,+10.084,+0.943
1683895320,+3.45, +8.337,+10.079,+0.943
1683895380,+3.45, +8.327,+10.083,+0.943
1683895440,+3.45, +8.309,+10.091,+0.943
1683895500,+3.45, +8.318,+10.095,+0.943
1683895560,+3.45, +8.346,+10.143,+0.944
1683895620,+3.45, +8.440,+10.155,+0.944
1683895680,+3.45, +8.478,+10.165,+0.943
1683895740,+3.45, +8.534,+10.161,+0.944
1683895800,+3.45, +8.524,+10.160,+0.943
1683895860,+3.45, +8.506,+10.186,+0.944
1683895920,+3.45, +8.543,+10.169,+0.943
1683895980,+3.45, +8.571,+10.164,+0.943
