7450-798456
OS REV: 1.03 Sensor Cal: 1539277937
Time (sec),  BV (Volts),  T (deg C),  DO (mg/l),  Q ()
1686401640,+3.47,+16.679,+10.800,+0.942
1686401700,+3.47,+16.662,+10.590,+0.940
1686401760,+3.47,+16.398,+10.771,+0.941
1686401820,+3.47,+16.201,+10.701,+0.940
1686401880,+3.47,+15.877,+10.905,+0.940
1686401940,+3.47,+15.868,+10.824,+0.940
1686402000,+3.47,+15.765,+10.929,+0.941
1686402060,+3.47,+15.748,+10.994,+0.942
1686402120,+3.47,+15.808,+10.918,+0.941
1686402180,+3.47,+15.791,+10.904,+0.941
1686402240,+3.47,+15.842,+10.953,+0.941
1686402300,+3.47,+15.877,+10.962,+0.941
1686402360,+3.47,+15.842,+10.966,+0.941
1686402420,+3.47,+15.851,+10.977,+0.942
1686402480,+3.47,+15.919,+10.933,+0.942
1686402540,+3.47,+15.962,+10.911,+0.941
1686402600,+3.47,+15.945,+10.961,+0.942
1686402660,+3.47,+15.902,+10.967,+0.942
1686402720,+3.47,+15.919,+10.952,+0.941
1686402780,+3.47,+15.894,+10.984,+0.942
1686402840,+3.47,+15.894,+10.977,+0.941
1686402900,+3.47,+15.911,+10.998,+0.941
1686402960,+3.47,+15.859,+11.019,+0.942
1686403020,+3.47,+15.902,+10.994,+0.942
1686403080,+3.47,+15.859,+10.982,+0.941
1686403140,+3.47,+15.808,+10.965,+0.941
1686403200,+3.47,+15.834,+10.924,+0.941
1686403260,+3.47,+15.722,+10.989,+0.941
1686403320,+3.47,+15.671,+11.045,+0.942
1686403380,+3.47,+15.585,+11.056,+0.941
1686403440,+3.47,+15.542,+11.052,+0.941
1686403500,+3.47,+15.499,+11.059,+0.941
1686403560,+3.47,+15.499,+11.069,+0.942
1686403620,+3.47,+15.491,+11.048,+0.941
1686403680,+3.47,+15.414,+11.094,+0.942
1686403740,+3.47,+15.491,+11.048,+0.942
1686403800,+3.47,+15.465,+11.016,+0.941
1686403860,+3.47,+15.431,+11.023,+0.941
1686403920,+3.47,+15.371,+11.082,+0.941
1686403980,+3.47,+15.405,+11.080,+0.942
1686404040,+3.47,+15.379,+11.097,+0.941
1686404100,+3.47,+15.328,+11.123,+0.942
1686404160,+3.47,+15.396,+11.100,+0.942
1686404220,+3.47,+15.396,+11.091,+0.942
1686404280,+3.47,+15.414,+11.051,+0.941
1686404340,+3.47,+15.431,+11.035,+0.941
1686404400,+3.47,+15.396,+11.046,+0.942
1686404460,+3.47,+15.388,+10.994,+0.941
1686404520,+3.47,+15.371,+10.958,+0.941
1686404580,+3.47,+15.268,+10.968,+0.941
1686404640,+3.47,+15.164,+10.969,+0.941
1686404700,+3.47,+15.113,+10.979,+0.941
1686404760,+3.47,+15.156,+10.958,+0.941
1686404820,+3.47,+15.095,+11.007,+0.941
1686404880,+3.47,+15.087,+10.982,+0.941
1686404940,+3.47,+15.052,+11.048,+0.942
1686405000,+3.47,+14.992,+11.047,+0.941
1686405060,+3.47,+14.975,+11.056,+0.942
1686405120,+3.47,+14.897,+11.079,+0.941
1686405180,+3.47,+14.992,+11.047,+0.941
1686405240,+3.47,+14.871,+11.087,+0.941
1686405300,+3.47,+14.871,+11.072,+0.941
1686405360,+3.47,+14.845,+11.093,+0.941
1686405420,+3.47,+14.845,+11.097,+0.941
1686405480,+3.47,+14.863,+11.097,+0.942
1686405540,+3.47,+14.785,+11.123,+0.942
1686405600,+3.47,+14.802,+11.119,+0.941
1686405660,+3.47,+14.768,+11.105,+0.941
1686405720,+3.47,+14.828,+11.098,+0.941
1686405780,+3.47,+14.776,+11.114,+0.942
1686405840,+3.47,+14.759,+11.052,+0.941
1686405900,+3.47,+14.647,+11.048,+0.941
1686405960,+3.47,+14.569,+11.044,+0.942
1686406020,+3.47,+14.465,+11.072,+0.941
1686406080,+3.47,+14.500,+11.042,+0.941
1686406140,+3.47,+14.491,+11.035,+0.942
1686406200,+3.47,+14.526,+10.991,+0.941
1686406260,+3.47,+14.482,+11.045,+0.942
1686406320,+3.47,+14.396,+11.055,+0.941
1686406380,+3.47,+14.404,+11.065,+0.942
1686406440,+3.47,+14.370,+11.034,+0.941
1686406500,+3.47,+14.326,+11.032,+0.941
1686406560,+3.47,+14.283,+11.024,+0.941
1686406620,+3.47,+14.326,+11.024,+0.941
1686406680,+3.47,+14.309,+11.029,+0.941
1686406740,+3.47,+14.274,+11.042,+0.941
1686406800,+3.47,+14.309,+11.080,+0.942
1686406860,+3.47,+14.318,+11.076,+0.942
1686406920,+3.47,+14.257,+11.072,+0.941
1686406980,+3.47,+14.239,+11.045,+0.941
1686407040,+3.47,+14.231,+11.071,+0.941
1686407100,+3.47,+14.239,+11.038,+0.941
1686407160,+3.47,+14.213,+11.058,+0.941
1686407220,+3.47,+14.196,+11.075,+0.942
1686407280,+3.47,+14.213,+11.003,+0.941
1686407340,+3.47,+14.135,+11.000,+0.942
1686407400,+3.47,+14.127,+10.975,+0.941
1686407460,+3.47,+14.109,+10.875,+0.941
1686407520,+3.47,+14.057,+10.840,+0.941
1686407580,+3.47,+14.040,+10.845,+0.941
1686407640,+3.47,+14.092,+10.842,+0.942
1686407700,+3.47,+14.022,+10.913,+0.942
1686407760,+3.47,+14.031,+10.946,+0.942
1686407820,+3.47,+13.970,+10.908,+0.941
1686407880,+3.47,+13.918,+10.711,+0.941
1686407940,+3.47,+13.770,+10.621,+0.941
1686408000,+3.47,+13.674,+10.559,+0.940
1686408060,+3.47,+13.499,+10.587,+0.941
1686408120,+3.47,+13.516,+10.540,+0.941
1686408180,+3.47,+13.385,+10.019,+0.938
1686408240,+3.47,+12.964, +9.890,+0.939
1686408300,+3.47,+12.779,+10.089,+0.939
1686408360,+3.47,+12.691,+10.162,+0.940
1686408420,+3.47,+12.585,+10.201,+0.940
1686408480,+3.47,+12.532,+10.193,+0.940
1686408540,+3.47,+12.478,+10.164,+0.940
1686408600,+3.47,+12.514,+10.137,+0.940
1686408660,+3.47,+12.532,+10.112,+0.940
1686408720,+3.47,+12.549,+10.099,+0.940
1686408780,+3.47,+12.576,+10.150,+0.940
1686408840,+3.47,+12.805,+10.282,+0.941
1686408900,+3.47,+12.964,+10.462,+0.941
1686408960,+3.47,+12.902,+10.210,+0.941
1686409020,+3.47,+12.805,+10.266,+0.940
1686409080,+3.47,+12.788,+10.294,+0.941
1686409140,+3.47,+12.823,+10.311,+0.941
1686409200,+3.47,+12.849,+10.310,+0.941
1686409260,+3.47,+12.955,+10.307,+0.941
1686409320,+3.47,+12.981,+10.387,+0.941
1686409380,+3.47,+13.166,+10.540,+0.942
1686409440,+3.47,+13.271,+10.590,+0.942
1686409500,+3.47,+13.201,+10.422,+0.940
1686409560,+3.47,+13.148,+10.452,+0.941
1686409620,+3.47,+13.096,+10.424,+0.940
1686409680,+3.47,+13.069,+10.451,+0.941
1686409740,+3.47,+13.043,+10.470,+0.941
1686409800,+3.47,+13.236,+10.508,+0.941
1686409860,+3.47,+13.446,+10.623,+0.942
1686409920,+3.47,+13.543,+10.713,+0.942
1686409980,+3.47,+13.551,+10.847,+0.942
1686410040,+3.47,+13.438,+10.360,+0.941
1686410100,+3.47,+13.306,+10.369,+0.940
1686410160,+3.47,+13.131,+10.242,+0.940
1686410220,+3.47,+12.990,+10.226,+0.940
1686410280,+3.47,+12.920,+10.265,+0.940
1686410340,+3.47,+12.902,+10.308,+0.941
1686410400,+3.47,+12.849,+10.357,+0.941
1686410460,+3.47,+12.867,+10.358,+0.940
1686410520,+3.47,+12.840,+10.282,+0.941
1686410580,+3.47,+12.699,+10.248,+0.940
1686410640,+3.47,+12.708,+10.215,+0.940
1686410700,+3.47,+12.682,+10.238,+0.941
1686410760,+3.47,+12.664,+10.246,+0.940
1686410820,+3.47,+12.699,+10.261,+0.941
1686410880,+3.47,+12.664,+10.273,+0.940
1686410940,+3.47,+12.717,+10.186,+0.940
1686411000,+3.47,+12.593,+10.220,+0.940
1686411060,+3.47,+12.532,+10.296,+0.940
1686411120,+3.47,+12.425,+10.351,+0.941
1686411180,+3.47,+12.399,+10.353,+0.940
1686411240,+3.47,+12.461,+10.300,+0.941
1686411300,+3.47,+12.470,+10.279,+0.941
1686411360,+3.47,+12.505,+10.286,+0.941
1686411420,+3.47,+12.567,+10.268,+0.941
1686411480,+3.47,+12.470,+10.297,+0.941
1686411540,+3.47,+12.505,+10.307,+0.941
1686411600,+3.47,+12.549,+10.284,+0.941
1686411660,+3.47,+12.496,+10.309,+0.941
1686411720,+3.47,+12.593,+10.270,+0.941
1686411780,+3.47,+12.514,+10.266,+0.941
1686411840,+3.47,+12.487,+10.237,+0.941
1686411900,+3.47,+12.443,+10.212,+0.940
1686411960,+3.47,+12.416,+10.199,+0.940
1686412020,+3.47,+12.416,+10.176,+0.941
1686412080,+3.47,+12.354,+10.198,+0.941
1686412140,+3.47,+12.363,+10.201,+0.941
1686412200,+3.47,+12.363,+10.202,+0.941
1686412260,+3.47,+12.408,+10.207,+0.941
1686412320,+3.47,+12.443,+10.141,+0.940
1686412380,+3.47,+12.434,+10.180,+0.941
1686412440,+3.47,+12.381,+10.222,+0.941
1686412500,+3.47,+12.390,+10.210,+0.941
1686412560,+3.47,+12.310,+10.239,+0.941
1686412620,+3.47,+12.354,+10.207,+0.941
1686412680,+3.47,+12.381,+10.207,+0.941
1686412740,+3.47,+12.425,+10.210,+0.941
1686412800,+3.47,+12.452,+10.193,+0.941
1686412860,+3.47,+12.425,+10.206,+0.941
1686412920,+3.47,+12.372,+10.223,+0.941
1686412980,+3.47,+12.381,+10.223,+0.941
1686413040,+3.47,+12.399,+10.248,+0.941
1686413100,+3.47,+12.381,+10.271,+0.941
1686413160,+3.47,+12.434,+10.250,+0.941
1686413220,+3.47,+12.443,+10.255,+0.941
1686413280,+3.47,+12.505,+10.291,+0.941
1686413340,+3.47,+12.567,+10.295,+0.941
1686413400,+3.47,+12.646,+10.294,+0.941
1686413460,+3.47,+12.682,+10.309,+0.941
1686413520,+3.47,+12.779,+10.439,+0.942
1686413580,+3.47,+12.973,+10.750,+0.942
1686413640,+3.47,+13.131,+10.848,+0.942
1686413700,+3.47,+13.166,+10.844,+0.942
1686413760,+3.47,+13.245,+10.795,+0.941
1686413820,+3.47,+13.122,+10.750,+0.942
1686413880,+3.47,+13.236,+10.693,+0.941
1686413940,+3.47,+13.306,+10.745,+0.942
1686414000,+3.47,+13.306,+10.849,+0.942
1686414060,+3.47,+13.411,+10.795,+0.942
1686414120,+3.47,+13.481,+10.781,+0.942
1686414180,+3.47,+13.490,+10.800,+0.942
1686414240,+3.47,+13.578,+10.830,+0.942
1686414300,+3.47,+13.691,+10.856,+0.942
1686414360,+3.47,+13.726,+10.826,+0.941
1686414420,+3.47,+13.315,+10.311,+0.940
1686414480,+3.47,+13.078,+10.362,+0.941
1686414540,+3.47,+13.078,+10.359,+0.940
1686414600,+3.47,+13.069,+10.406,+0.941
1686414660,+3.47,+13.254,+10.464,+0.942
1686414720,+3.47,+13.403,+10.517,+0.941
1686414780,+3.47,+13.201,+10.305,+0.940
1686414840,+3.47,+13.034,+10.322,+0.940
1686414900,+3.47,+12.999,+10.411,+0.941
1686414960,+3.47,+13.219,+10.482,+0.941
1686415020,+3.47,+13.438,+10.616,+0.942
1686415080,+3.47,+13.569,+10.706,+0.942
1686415140,+3.47,+13.691,+10.754,+0.942
1686415200,+3.47,+13.796,+10.771,+0.941
1686415260,+3.47,+13.796,+10.772,+0.942
1686415320,+3.47,+13.874,+10.701,+0.941
1686415380,+3.47,+13.866,+10.703,+0.941
1686415440,+3.47,+13.900,+10.726,+0.942
1686415500,+3.47,+13.935,+10.755,+0.942
1686415560,+3.47,+13.987,+10.790,+0.941
1686415620,+3.47,+14.031,+10.810,+0.941
1686415680,+3.47,+14.022,+10.840,+0.941
1686415740,+3.47,+13.961,+10.876,+0.941
1686415800,+3.47,+14.048,+10.836,+0.941
1686415860,+3.47,+14.048,+10.876,+0.941
1686415920,+3.47,+14.031,+10.904,+0.942
1686415980,+3.47,+14.083,+10.874,+0.941
1686416040,+3.47,+14.022,+10.696,+0.940
1686416100,+3.47,+13.848,+10.590,+0.941
1686416160,+3.47,+13.726,+10.460,+0.940
1686416220,+3.47,+13.560,+10.466,+0.940
1686416280,+3.47,+13.446,+10.592,+0.940
1686416340,+3.47,+13.438,+10.617,+0.941
1686416400,+3.47,+13.359,+10.620,+0.941
1686416460,+3.47,+13.341,+10.615,+0.941
1686416520,+3.47,+13.368,+10.585,+0.941
1686416580,+3.47,+13.385,+10.558,+0.941
1686416640,+3.47,+13.333,+10.568,+0.941
1686416700,+3.47,+13.359,+10.548,+0.941
1686416760,+3.47,+13.333,+10.556,+0.941
1686416820,+3.47,+13.315,+10.595,+0.941
1686416880,+3.47,+13.297,+10.668,+0.941
1686416940,+3.47,+13.280,+10.680,+0.941
1686417000,+3.47,+13.192,+10.711,+0.941
1686417060,+3.47,+13.201,+10.699,+0.941
1686417120,+3.47,+13.324,+10.625,+0.940
1686417180,+3.47,+13.280,+10.629,+0.941
1686417240,+3.47,+13.175,+10.640,+0.941
1686417300,+3.47,+13.157,+10.595,+0.941
1686417360,+3.47,+13.148,+10.577,+0.941
1686417420,+3.47,+13.227,+10.522,+0.941
1686417480,+3.47,+13.210,+10.484,+0.941
1686417540,+3.47,+13.140,+10.463,+0.940
1686417600,+3.47,+13.078,+10.475,+0.941
1686417660,+3.47,+13.060,+10.365,+0.940
1686417720,+3.47,+12.885,+10.138,+0.940
1686417780,+3.47,+12.788,+10.146,+0.940
1686417840,+3.47,+12.673,+10.218,+0.940
1686417900,+3.47,+12.629,+10.246,+0.941
1686417960,+3.47,+12.620,+10.228,+0.940
1686418020,+3.47,+12.638,+10.228,+0.940
1686418080,+3.47,+12.646,+10.227,+0.941
1686418140,+3.47,+12.664,+10.203,+0.941
1686418200,+3.47,+12.629,+10.203,+0.940
1686418260,+3.47,+12.611,+10.236,+0.940
1686418320,+3.47,+12.558,+10.287,+0.940
1686418380,+3.47,+12.514,+10.324,+0.941
1686418440,+3.47,+12.443,+10.329,+0.941
1686418500,+3.47,+12.470,+10.301,+0.941
1686418560,+3.47,+12.470,+10.260,+0.940
1686418620,+3.47,+12.452,+10.257,+0.941
1686418680,+3.47,+12.496,+10.235,+0.941
1686418740,+3.47,+12.452,+10.229,+0.941
1686418800,+3.47,+12.443,+10.218,+0.941
1686418860,+3.47,+12.452,+10.203,+0.941
1686418920,+3.47,+12.452,+10.200,+0.941
1686418980,+3.47,+12.461,+10.199,+0.941
1686419040,+3.47,+12.461,+10.185,+0.941
1686419100,+3.47,+12.452,+10.189,+0.940
1686419160,+3.47,+12.443,+10.159,+0.940
1686419220,+3.47,+12.425,+10.156,+0.941
1686419280,+3.47,+12.372,+10.180,+0.941
1686419340,+3.47,+12.390,+10.180,+0.941
1686419400,+3.47,+12.381,+10.192,+0.941
1686419460,+3.47,+12.416,+10.180,+0.940
1686419520,+3.47,+12.346,+10.202,+0.941
1686419580,+3.47,+12.346,+10.185,+0.941
1686419640,+3.47,+12.337,+10.181,+0.941
1686419700,+3.47,+12.328,+10.194,+0.941
1686419760,+3.47,+12.372,+10.186,+0.941
1686419820,+3.47,+12.363,+10.182,+0.941
1686419880,+3.47,+12.337,+10.174,+0.940
1686419940,+3.47,+12.372,+10.151,+0.940
1686420000,+3.47,+12.346,+10.167,+0.941
1686420060,+3.47,+12.408,+10.139,+0.941
1686420120,+3.47,+12.399,+10.138,+0.941
1686420180,+3.47,+12.425,+10.151,+0.941
1686420240,+3.47,+12.461,+10.152,+0.941
1686420300,+3.47,+12.443,+10.154,+0.940
1686420360,+3.47,+12.532,+10.141,+0.940
1686420420,+3.47,+12.505,+10.199,+0.941
1686420480,+3.47,+12.585,+10.205,+0.941
1686420540,+3.47,+12.487,+10.260,+0.941
1686420600,+3.47,+12.558,+10.232,+0.941
1686420660,+3.47,+12.576,+10.231,+0.941
1686420720,+3.47,+12.532,+10.263,+0.941
1686420780,+3.47,+12.540,+10.258,+0.941
1686420840,+3.47,+12.532,+10.222,+0.941
1686420900,+3.47,+12.532,+10.177,+0.940
1686420960,+3.47,+12.549,+10.160,+0.940
1686421020,+3.47,+12.532,+10.201,+0.941
1686421080,+3.47,+12.549,+10.230,+0.941
1686421140,+3.47,+12.576,+10.226,+0.941
1686421200,+3.47,+12.576,+10.233,+0.941
1686421260,+3.47,+12.549,+10.249,+0.941
1686421320,+3.47,+12.593,+10.227,+0.941
1686421380,+3.47,+12.558,+10.275,+0.941
1686421440,+3.47,+12.514,+10.319,+0.941
1686421500,+3.47,+12.540,+10.291,+0.941
1686421560,+3.47,+12.540,+10.297,+0.941
1686421620,+3.47,+12.593,+10.244,+0.941
1686421680,+3.47,+12.567,+10.240,+0.941
1686421740,+3.47,+12.540,+10.232,+0.941
1686421800,+3.47,+12.567,+10.191,+0.940
1686421860,+3.47,+12.567,+10.186,+0.941
1686421920,+3.47,+12.540,+10.181,+0.941
1686421980,+3.47,+12.523,+10.188,+0.941
1686422040,+3.47,+12.540,+10.163,+0.940
1686422100,+3.47,+12.567,+10.092,+0.941
1686422160,+3.47,+12.602,+10.068,+0.940
1686422220,+3.47,+12.558,+10.089,+0.940
1686422280,+3.47,+12.549,+10.195,+0.941
1686422340,+3.47,+12.470,+10.295,+0.941
1686422400,+3.47,+12.514,+10.225,+0.941
1686422460,+3.47,+12.470,+10.021,+0.941
1686422520,+3.47,+12.425, +9.940,+0.940
1686422580,+3.47,+12.425, +9.921,+0.940
1686422640,+3.47,+12.399, +9.974,+0.940
1686422700,+3.47,+12.381, +9.932,+0.940
1686422760,+3.47,+12.248, +9.976,+0.940
1686422820,+3.47,+12.284,+10.085,+0.940
1686422880,+3.47,+12.195,+10.212,+0.940
1686422940,+3.47,+12.204,+10.311,+0.940
1686423000,+3.47,+12.168,+10.351,+0.941
1686423060,+3.47,+12.168,+10.360,+0.941
1686423120,+3.47,+12.186,+10.336,+0.940
1686423180,+3.47,+12.177,+10.340,+0.941
1686423240,+3.47,+12.150,+10.333,+0.941
1686423300,+3.47,+12.106,+10.344,+0.941
1686423360,+3.47,+12.159,+10.343,+0.941
1686423420,+3.47,+12.141,+10.359,+0.941
1686423480,+3.47,+12.115,+10.359,+0.941
1686423540,+3.47,+12.150,+10.349,+0.941
1686423600,+3.47,+12.115,+10.353,+0.941
1686423660,+3.47,+12.177,+10.320,+0.941
1686423720,+3.47,+12.106,+10.356,+0.941
1686423780,+3.47,+12.124,+10.342,+0.941
1686423840,+3.47,+12.115,+10.319,+0.940
1686423900,+3.47,+12.115,+10.320,+0.941
1686423960,+3.47,+12.115,+10.319,+0.941
1686424020,+3.47,+12.141,+10.306,+0.941
1686424080,+3.47,+12.097,+10.326,+0.941
1686424140,+3.47,+12.150,+10.284,+0.941
1686424200,+3.47,+12.159,+10.268,+0.941
1686424260,+3.47,+12.168,+10.235,+0.941
1686424320,+3.47,+12.186,+10.176,+0.941
1686424380,+3.47,+12.168,+10.199,+0.941
1686424440,+3.47,+12.115,+10.244,+0.941
1686424500,+3.47,+12.159,+10.266,+0.941
1686424560,+3.47,+12.141,+10.286,+0.941
1686424620,+3.47,+12.177,+10.256,+0.941
1686424680,+3.47,+12.168,+10.240,+0.941
1686424740,+3.47,+12.141,+10.151,+0.941
1686424800,+3.47,+12.186,+10.095,+0.941
1686424860,+3.47,+12.186,+10.061,+0.941
1686424920,+3.47,+12.213,+10.052,+0.941
1686424980,+3.47,+12.186,+10.068,+0.941
1686425040,+3.47,+12.239,+10.004,+0.941
1686425100,+3.47,+12.248, +9.957,+0.940
1686425160,+3.47,+12.310, +9.946,+0.941
1686425220,+3.47,+12.408, +9.937,+0.941
1686425280,+3.47,+12.416, +9.903,+0.941
1686425340,+3.47,+12.478, +9.844,+0.941
1686425400,+3.47,+12.470, +9.792,+0.940
1686425460,+3.47,+12.443, +9.846,+0.941
1686425520,+3.47,+12.443,+10.050,+0.941
1686425580,+3.47,+12.354,+10.029,+0.941
1686425640,+3.47,+12.434, +9.980,+0.940
1686425700,+3.47,+12.478, +9.974,+0.941
1686425760,+3.47,+12.567, +9.936,+0.941
1686425820,+3.47,+12.699, +9.893,+0.940
1686425880,+3.47,+12.691, +9.879,+0.940
1686425940,+3.47,+12.523, +9.918,+0.940
1686426000,+3.47,+12.478,+10.041,+0.941
1686426060,+3.47,+12.390,+10.085,+0.941
1686426120,+3.47,+12.363,+10.082,+0.940
1686426180,+3.47,+12.363,+10.056,+0.941
1686426240,+3.47,+12.363,+10.005,+0.940
1686426300,+3.47,+12.337,+10.004,+0.941
1686426360,+3.47,+12.399, +9.954,+0.941
1686426420,+3.47,+12.505, +9.872,+0.941
1686426480,+3.47,+12.532, +9.923,+0.940
1686426540,+3.47,+12.646, +9.965,+0.941
1686426600,+3.47,+12.691, +9.989,+0.941
1686426660,+3.47,+12.788, +9.989,+0.941
1686426720,+3.47,+12.832,+10.067,+0.941
1686426780,+3.47,+12.876,+10.153,+0.941
1686426840,+3.47,+12.858,+10.201,+0.941
1686426900,+3.47,+12.911,+10.150,+0.940
1686426960,+3.47,+12.929,+10.082,+0.941
1686427020,+3.47,+12.893, +9.988,+0.941
1686427080,+3.47,+12.867,+10.226,+0.941
1686427140,+3.47,+12.814, +9.935,+0.940
1686427200,+3.47,+12.664, +9.982,+0.940
1686427260,+3.47,+12.664,+10.096,+0.940
1686427320,+3.47,+12.558,+10.202,+0.940
1686427380,+3.47,+12.523,+10.240,+0.940
1686427440,+3.47,+12.585,+10.152,+0.941
1686427500,+3.47,+12.514,+10.146,+0.941
1686427560,+3.47,+12.505,+10.171,+0.941
1686427620,+3.47,+12.505,+10.130,+0.941
1686427680,+3.47,+12.523,+10.164,+0.941
1686427740,+3.47,+12.478,+10.170,+0.941
1686427800,+3.47,+12.452,+10.204,+0.940
1686427860,+3.47,+12.434,+10.127,+0.940
1686427920,+3.47,+12.390,+10.113,+0.940
1686427980,+3.47,+12.337,+10.118,+0.941
1686428040,+3.47,+12.346,+10.091,+0.940
1686428100,+3.47,+12.319,+10.144,+0.941
1686428160,+3.47,+12.266,+10.297,+0.940
1686428220,+3.47,+12.284,+10.294,+0.940
1686428280,+3.47,+12.284,+10.301,+0.941
1686428340,+3.47,+12.257,+10.302,+0.940
1686428400,+3.47,+12.239,+10.308,+0.940
1686428460,+3.47,+12.284,+10.299,+0.941
1686428520,+3.47,+12.213,+10.344,+0.942
1686428580,+3.47,+12.239,+10.342,+0.941
1686428640,+3.47,+12.204,+10.379,+0.941
1686428700,+3.47,+12.159,+10.405,+0.941
1686428760,+3.47,+12.168,+10.381,+0.940
1686428820,+3.47,+12.195,+10.379,+0.941
1686428880,+3.47,+12.213,+10.348,+0.941
1686428940,+3.47,+12.221,+10.306,+0.941
1686429000,+3.47,+12.239,+10.278,+0.941
1686429060,+3.47,+12.266,+10.263,+0.941
1686429120,+3.47,+12.328,+10.221,+0.940
1686429180,+3.47,+12.266,+10.237,+0.941
1686429240,+3.47,+12.301,+10.194,+0.941
1686429300,+3.47,+12.257,+10.339,+0.941
1686429360,+3.47,+12.195,+10.201,+0.940
1686429420,+3.47,+12.035,+10.206,+0.940
1686429480,+3.47,+11.964,+10.245,+0.940
1686429540,+3.47,+11.955,+10.244,+0.940
1686429600,+3.47,+11.910,+10.263,+0.940
1686429660,+3.47,+11.892,+10.264,+0.940
1686429720,+3.47,+11.892,+10.266,+0.940
1686429780,+3.47,+11.866,+10.278,+0.940
1686429840,+3.47,+11.892,+10.261,+0.940
1686429900,+3.47,+11.928,+10.240,+0.941
1686429960,+3.47,+11.812,+10.262,+0.941
1686430020,+3.47,+11.812,+10.249,+0.941
1686430080,+3.47,+11.794,+10.248,+0.940
1686430140,+3.47,+11.830,+10.243,+0.941
1686430200,+3.47,+11.883,+10.219,+0.941
1686430260,+3.47,+11.901,+10.194,+0.940
1686430320,+3.47,+11.839,+10.224,+0.941
1686430380,+3.47,+11.857,+10.220,+0.941
1686430440,+3.47,+11.857,+10.211,+0.941
1686430500,+3.47,+11.874,+10.194,+0.941
1686430560,+3.47,+11.866,+10.195,+0.941
1686430620,+3.47,+11.839,+10.264,+0.941
1686430680,+3.47,+11.901,+10.272,+0.941
1686430740,+3.47,+11.946,+10.233,+0.940
1686430800,+3.47,+11.910,+10.206,+0.941
1686430860,+3.47,+11.883,+10.137,+0.940
1686430920,+3.47,+11.812,+10.126,+0.940
1686430980,+3.47,+11.776,+10.126,+0.941
1686431040,+3.47,+11.848,+10.083,+0.941
1686431100,+3.47,+11.866,+10.084,+0.940
1686431160,+3.47,+11.785,+10.099,+0.941
1686431220,+3.47,+11.821,+10.081,+0.941
1686431280,+3.47,+11.812,+10.117,+0.941
1686431340,+3.47,+11.857,+10.175,+0.941
1686431400,+3.47,+11.892,+10.179,+0.941
1686431460,+3.47,+11.866,+10.098,+0.940
1686431520,+3.47,+11.830,+10.059,+0.941
1686431580,+3.47,+11.830,+10.134,+0.941
1686431640,+3.47,+11.714,+10.163,+0.940
1686431700,+3.47,+11.660,+10.168,+0.941
1686431760,+3.47,+11.669,+10.140,+0.940
1686431820,+3.47,+11.562,+10.140,+0.940
1686431880,+3.47,+11.535,+10.162,+0.941
1686431940,+3.47,+11.517,+10.143,+0.941
1686432000,+3.47,+11.499,+10.141,+0.940
1686432060,+3.47,+11.436,+10.162,+0.941
1686432120,+3.47,+11.427,+10.139,+0.941
1686432180,+3.47,+11.418,+10.134,+0.941
1686432240,+3.47,+11.418,+10.126,+0.941
1686432300,+3.47,+11.347,+10.154,+0.941
1686432360,+3.47,+11.365,+10.144,+0.941
1686432420,+3.47,+11.409,+10.128,+0.941
1686432480,+3.47,+11.347,+10.125,+0.941
1686432540,+3.47,+11.356,+10.099,+0.941
1686432600,+3.47,+11.338,+10.106,+0.941
1686432660,+3.47,+11.338,+10.097,+0.941
1686432720,+3.47,+11.302,+10.113,+0.941
1686432780,+3.47,+11.427,+10.071,+0.941
1686432840,+3.47,+11.347,+10.089,+0.941
1686432900,+3.47,+11.347,+10.087,+0.941
1686432960,+3.47,+11.374,+10.101,+0.941
1686433020,+3.47,+11.508,+10.102,+0.941
1686433080,+3.47,+11.535,+10.138,+0.941
1686433140,+3.47,+11.642,+10.118,+0.941
1686433200,+3.47,+11.642,+10.104,+0.941
1686433260,+3.47,+11.687,+10.097,+0.941
1686433320,+3.47,+11.723,+10.106,+0.941
1686433380,+3.47,+11.723,+10.130,+0.941
1686433440,+3.47,+11.750,+10.185,+0.941
1686433500,+3.47,+11.758,+10.211,+0.941
1686433560,+3.47,+11.785,+10.232,+0.941
1686433620,+3.47,+11.830,+10.229,+0.941
1686433680,+3.47,+11.812,+10.240,+0.941
1686433740,+3.47,+11.857,+10.216,+0.941
1686433800,+3.47,+11.830,+10.197,+0.941
1686433860,+3.47,+11.803,+10.214,+0.941
1686433920,+3.47,+11.830,+10.208,+0.941
1686433980,+3.47,+11.857,+10.178,+0.941
1686434040,+3.47,+11.972,+10.129,+0.941
1686434100,+3.47,+11.999,+10.175,+0.941
1686434160,+3.47,+11.964,+10.272,+0.941
1686434220,+3.47,+11.999,+10.319,+0.941
1686434280,+3.47,+12.035,+10.318,+0.941
1686434340,+3.47,+12.079,+10.290,+0.941
1686434400,+3.47,+12.044,+10.293,+0.941
1686434460,+3.47,+12.079,+10.244,+0.941
1686434520,+3.47,+12.079,+10.168,+0.941
1686434580,+3.47,+12.026,+10.177,+0.941
1686434640,+3.47,+12.008,+10.150,+0.940
1686434700,+3.47,+12.053,+10.108,+0.940
1686434760,+3.47,+11.999,+10.116,+0.941
1686434820,+3.47,+12.026,+10.127,+0.941
1686434880,+3.47,+12.035,+10.109,+0.941
1686434940,+3.47,+12.079,+10.107,+0.941
1686435000,+3.47,+12.070,+10.143,+0.941
1686435060,+3.47,+12.115,+10.161,+0.941
1686435120,+3.47,+12.097,+10.153,+0.941
1686435180,+3.47,+12.079,+10.136,+0.941
1686435240,+3.47,+12.115,+10.117,+0.940
1686435300,+3.47,+12.070,+10.132,+0.941
1686435360,+3.47,+12.070, +9.888,+0.940
1686435420,+3.47,+11.928, +9.872,+0.940
1686435480,+3.47,+11.839, +9.865,+0.941
1686435540,+3.47,+11.812, +9.936,+0.941
1686435600,+3.47,+11.741, +9.959,+0.940
1686435660,+3.47,+11.642, +9.972,+0.940
1686435720,+3.47,+11.678, +9.959,+0.941
1686435780,+3.47,+11.615, +9.978,+0.941
1686435840,+3.47,+11.642, +9.957,+0.941
1686435900,+3.47,+11.571, +9.969,+0.941
1686435960,+3.47,+11.571, +9.969,+0.941
1686436020,+3.47,+11.669, +9.927,+0.940
1686436080,+3.47,+11.660, +9.942,+0.941
1686436140,+3.47,+11.651, +9.951,+0.941
1686436200,+3.47,+11.767, +9.938,+0.941
1686436260,+3.47,+11.794, +9.988,+0.941
1686436320,+3.47,+11.767,+10.004,+0.941
1686436380,+3.47,+11.785,+10.006,+0.941
1686436440,+3.47,+11.758,+10.008,+0.941
1686436500,+3.47,+11.741, +9.987,+0.941
1686436560,+3.47,+11.732, +9.932,+0.940
1686436620,+3.47,+11.741, +9.920,+0.941
1686436680,+3.47,+11.758, +9.902,+0.941
1686436740,+3.47,+11.750, +9.912,+0.940
1686436800,+3.47,+11.821, +9.925,+0.941
1686436860,+3.47,+11.866, +9.919,+0.941
1686436920,+3.47,+11.928, +9.901,+0.941
1686436980,+3.47,+11.946, +9.921,+0.941
1686437040,+3.47,+11.928, +9.943,+0.941
1686437100,+3.47,+11.981, +9.945,+0.940
1686437160,+3.47,+12.008, +9.962,+0.941
1686437220,+3.47,+12.044, +9.960,+0.941
1686437280,+3.47,+12.070, +9.966,+0.941
1686437340,+3.47,+12.079, +9.978,+0.941
1686437400,+3.47,+12.106, +9.987,+0.941
1686437460,+3.47,+12.026,+10.048,+0.941
1686437520,+3.47,+12.097,+10.056,+0.941
1686437580,+3.47,+12.106,+10.040,+0.941
1686437640,+3.47,+12.070,+10.106,+0.941
1686437700,+3.47,+12.150,+10.132,+0.941
1686437760,+3.47,+12.124,+10.177,+0.941
1686437820,+3.47,+12.141,+10.192,+0.941
1686437880,+3.47,+12.115,+10.242,+0.941
1686437940,+3.47,+12.106,+10.258,+0.941
1686438000,+3.47,+12.150,+10.276,+0.941
1686438060,+3.47,+12.133,+10.244,+0.941
1686438120,+3.47,+12.133,+10.175,+0.941
1686438180,+3.47,+12.141,+10.083,+0.941
1686438240,+3.47,+12.204,+10.020,+0.941
1686438300,+3.47,+12.159,+10.091,+0.940
1686438360,+3.47,+12.133,+10.196,+0.941
1686438420,+3.47,+12.150,+10.171,+0.941
1686438480,+3.47,+12.124,+10.172,+0.941
1686438540,+3.47,+12.177,+10.110,+0.940
1686438600,+3.47,+12.141,+10.072,+0.940
1686438660,+3.47,+12.168,+10.031,+0.940
1686438720,+3.47,+12.168,+10.008,+0.941
1686438780,+3.47,+12.204, +9.975,+0.940
1686438840,+3.47,+12.230, +9.945,+0.941
1686438900,+3.47,+12.204, +9.912,+0.941
1686438960,+3.47,+12.257, +9.819,+0.941
1686439020,+3.47,+12.275, +9.734,+0.940
1686439080,+3.47,+12.310, +9.985,+0.941
1686439140,+3.47,+12.284,+10.016,+0.940
1686439200,+3.47,+12.239, +9.920,+0.941
1686439260,+3.47,+12.168, +9.915,+0.940
1686439320,+3.47,+12.159, +9.899,+0.941
1686439380,+3.47,+12.195, +9.865,+0.941
1686439440,+3.47,+12.221, +9.842,+0.940
1686439500,+3.47,+12.230, +9.830,+0.940
1686439560,+3.47,+12.213, +9.828,+0.941
1686439620,+3.47,+12.310, +9.854,+0.940
1686439680,+3.47,+12.354, +9.929,+0.941
1686439740,+3.47,+12.585, +9.863,+0.942
1686439800,+3.47,+12.814, +9.751,+0.941
1686439860,+3.47,+12.981, +9.729,+0.941
1686439920,+3.47,+13.043, +9.695,+0.940
1686439980,+3.47,+13.069, +9.670,+0.941
1686440040,+3.47,+13.148, +9.667,+0.940
1686440100,+3.47,+13.262, +9.741,+0.941
1686440160,+3.47,+13.586, +9.780,+0.941
1686440220,+3.47,+13.831, +9.844,+0.942
1686440280,+3.47,+14.222, +9.939,+0.942
1686440340,+3.47,+14.422,+10.023,+0.942
1686440400,+3.47,+14.621,+10.176,+0.942
1686440460,+3.47,+14.785,+10.323,+0.942
1686440520,+3.47,+14.837,+10.337,+0.942
1686440580,+3.47,+14.794,+10.386,+0.942
1686440640,+3.47,+14.880,+10.357,+0.942
1686440700,+3.47,+14.871,+10.362,+0.942
1686440760,+3.47,+14.906,+10.358,+0.941
1686440820,+3.47,+14.940,+10.308,+0.941
1686440880,+3.47,+14.914,+10.182,+0.940
1686440940,+3.47,+14.603, +9.944,+0.940
1686441000,+3.47,+14.500, +9.911,+0.940
1686441060,+3.47,+14.378, +9.910,+0.941
1686441120,+3.47,+14.344, +9.876,+0.940
1686441180,+3.47,+14.222, +9.681,+0.939
1686441240,+3.47,+13.979,+10.115,+0.939
1686441300,+3.47,+13.804,+10.130,+0.940
1686441360,+3.47,+13.761,+10.292,+0.941
1686441420,+3.47,+13.778,+10.260,+0.941
1686441480,+3.47,+13.796,+10.233,+0.940
1686441540,+3.47,+13.752,+10.232,+0.941
1686441600,+3.47,+13.752,+10.239,+0.940
1686441660,+3.47,+13.691,+10.218,+0.940
1686441720,+3.47,+13.604,+10.375,+0.940
1686441780,+3.47,+13.543,+10.330,+0.940
1686441840,+3.47,+13.586,+10.378,+0.940
1686441900,+3.47,+13.787,+10.296,+0.941
1686441960,+3.47,+13.630,+10.268,+0.940
1686442020,+3.47,+13.525,+10.291,+0.940
1686442080,+3.47,+13.560,+10.294,+0.940
1686442140,+3.47,+13.804,+10.356,+0.940
1686442200,+3.47,+14.109,+10.424,+0.941
1686442260,+3.47,+14.266,+10.497,+0.942
1686442320,+3.47,+14.500,+10.693,+0.942
1686442380,+3.47,+14.344,+10.087,+0.939
1686442440,+3.47,+13.900, +9.964,+0.939
1686442500,+3.47,+13.516, +9.921,+0.940
1686442560,+3.47,+13.376, +9.968,+0.940
1686442620,+3.47,+13.341, +9.991,+0.939
1686442680,+3.47,+13.201,+10.001,+0.940
1686442740,+3.47,+13.113,+10.008,+0.940
1686442800,+3.47,+13.219,+10.016,+0.940
1686442860,+3.47,+13.455,+10.345,+0.942
1686442920,+3.47,+13.831,+10.363,+0.942
1686442980,+3.47,+13.987,+10.342,+0.941
1686443040,+3.47,+14.179,+10.396,+0.942
1686443100,+3.47,+13.735, +9.714,+0.939
1686443160,+3.47,+13.508, +9.829,+0.940
1686443220,+3.47,+13.350, +9.869,+0.940
1686443280,+3.47,+13.245, +9.885,+0.940
1686443340,+3.47,+13.131, +9.888,+0.940
1686443400,+3.47,+13.096, +9.873,+0.940
1686443460,+3.47,+13.060, +9.935,+0.941
1686443520,+3.47,+13.210, +9.921,+0.940
1686443580,+3.47,+13.262, +9.946,+0.941
1686443640,+3.47,+13.403, +9.988,+0.941
1686443700,+3.47,+13.656,+10.020,+0.941
1686443760,+3.47,+13.848,+10.094,+0.941
1686443820,+3.47,+14.100,+10.211,+0.941
1686443880,+3.47,+14.309,+10.383,+0.942
1686443940,+3.47,+14.430,+10.527,+0.942
1686444000,+3.47,+14.456,+10.226,+0.941
1686444060,+3.47,+14.283, +9.888,+0.939
1686444120,+3.47,+13.857, +9.784,+0.939
1686444180,+3.47,+13.682, +9.917,+0.939
1686444240,+3.47,+13.560, +9.956,+0.940
1686444300,+3.47,+13.569, +9.922,+0.940
1686444360,+3.47,+13.560, +9.948,+0.940
1686444420,+3.47,+13.647, +9.757,+0.939
1686444480,+3.47,+13.420, +9.807,+0.940
1686444540,+3.47,+13.201, +9.750,+0.939
1686444600,+3.47,+13.052, +9.770,+0.939
1686444660,+3.47,+12.929, +9.788,+0.940
1686444720,+3.47,+12.832, +9.814,+0.939
1686444780,+3.47,+12.717, +9.847,+0.939
1686444840,+3.47,+12.743, +9.774,+0.939
1686444900,+3.47,+12.593, +9.811,+0.940
1686444960,+3.47,+12.532, +9.869,+0.940
1686445020,+3.47,+12.523, +9.911,+0.940
1686445080,+3.47,+12.576, +9.910,+0.940
1686445140,+3.47,+12.505, +9.948,+0.940
1686445200,+3.47,+12.470, +9.958,+0.940
1686445260,+3.47,+12.532, +9.974,+0.940
1686445320,+3.47,+12.567, +9.967,+0.940
1686445380,+3.47,+12.602, +9.947,+0.940
1686445440,+3.47,+12.620, +9.970,+0.941
1686445500,+3.47,+12.646, +9.926,+0.940
1686445560,+3.47,+12.549, +9.993,+0.940
1686445620,+3.47,+12.514,+10.012,+0.940
1686445680,+3.47,+12.478,+10.011,+0.940
1686445740,+3.47,+12.408, +9.954,+0.940
1686445800,+3.47,+12.346, +9.916,+0.940
1686445860,+3.47,+12.372, +9.867,+0.940
1686445920,+3.47,+12.363, +9.830,+0.940
1686445980,+3.47,+12.390, +9.888,+0.940
1686446040,+3.47,+12.328, +9.898,+0.940
1686446100,+3.47,+12.354, +9.856,+0.940
1686446160,+3.47,+12.310, +9.828,+0.941
1686446220,+3.47,+12.239, +9.809,+0.940
1686446280,+3.47,+12.221, +9.826,+0.941
1686446340,+3.47,+12.248, +9.835,+0.940
1686446400,+3.47,+12.239, +9.818,+0.940
1686446460,+3.47,+12.239, +9.824,+0.941
1686446520,+3.47,+12.230, +9.830,+0.940
1686446580,+3.47,+12.195, +9.853,+0.941
1686446640,+3.47,+12.257, +9.831,+0.941
1686446700,+3.47,+12.284, +9.860,+0.941
1686446760,+3.47,+12.275, +9.885,+0.941
1686446820,+3.47,+12.292, +9.894,+0.941
1686446880,+3.47,+12.284, +9.896,+0.941
1686446940,+3.47,+12.275, +9.904,+0.941
1686447000,+3.47,+12.292, +9.931,+0.940
1686447060,+3.47,+12.275, +9.984,+0.941
1686447120,+3.47,+12.310, +9.997,+0.941
1686447180,+3.47,+12.328, +9.993,+0.940
1686447240,+3.47,+12.337, +9.950,+0.940
1686447300,+3.47,+12.310, +9.939,+0.940
1686447360,+3.47,+12.372, +9.852,+0.941
1686447420,+3.47,+12.372, +9.803,+0.941
1686447480,+3.47,+12.372, +9.777,+0.941
1686447540,+3.47,+12.416, +9.877,+0.941
1686447600,+3.47,+12.390,+10.013,+0.941
1686447660,+3.47,+12.354,+10.020,+0.940
1686447720,+3.47,+12.354,+10.014,+0.940
1686447780,+3.47,+12.346,+10.060,+0.940
1686447840,+3.47,+12.354,+10.000,+0.941
1686447900,+3.47,+12.266,+10.013,+0.941
1686447960,+3.47,+12.301,+10.036,+0.940
1686448020,+3.47,+12.310,+10.076,+0.941
1686448080,+3.47,+12.354,+10.073,+0.940
1686448140,+3.47,+12.337,+10.087,+0.941
1686448200,+3.47,+12.328,+10.076,+0.941
1686448260,+3.47,+12.284,+10.078,+0.941
1686448320,+3.47,+12.275,+10.087,+0.941
1686448380,+3.47,+12.328,+10.056,+0.941
1686448440,+3.47,+12.301,+10.060,+0.941
1686448500,+3.47,+12.381, +9.997,+0.941
1686448560,+3.47,+12.443, +9.943,+0.941
1686448620,+3.47,+12.505, +9.883,+0.941
1686448680,+3.47,+12.567, +9.843,+0.941
1686448740,+3.47,+12.770, +9.768,+0.941
1686448800,+3.47,+12.805, +9.741,+0.941
1686448860,+3.47,+12.805, +9.699,+0.941
1686448920,+3.47,+12.823, +9.749,+0.941
1686448980,+3.47,+12.849, +9.779,+0.941
1686449040,+3.47,+12.911, +9.767,+0.941
1686449100,+3.47,+12.955, +9.743,+0.941
1686449160,+3.47,+12.999, +9.727,+0.941
1686449220,+3.47,+13.113, +9.691,+0.941
1686449280,+3.47,+13.113, +9.691,+0.941
1686449340,+3.47,+13.166, +9.761,+0.941
1686449400,+3.47,+13.271,+10.166,+0.941
1686449460,+3.47,+13.385,+10.516,+0.942
1686449520,+3.47,+13.306,+10.291,+0.941
1686449580,+3.47,+13.333,+10.243,+0.941
1686449640,+3.47,+13.280,+10.015,+0.940
1686449700,+3.47,+13.131, +9.910,+0.940
1686449760,+3.47,+13.104, +9.908,+0.940
1686449820,+3.47,+13.034, +9.888,+0.940
1686449880,+3.47,+12.946, +9.769,+0.940
1686449940,+3.47,+12.770, +9.706,+0.940
1686450000,+3.47,+12.796, +9.552,+0.939
1686450060,+3.47,+12.646, +9.823,+0.940
1686450120,+3.47,+12.549, +9.849,+0.940
1686450180,+3.47,+12.470, +9.829,+0.940
1686450240,+3.47,+12.443, +9.821,+0.940
1686450300,+3.47,+12.496, +9.774,+0.940
1686450360,+3.47,+12.452, +9.781,+0.941
1686450420,+3.47,+12.470, +9.800,+0.940
1686450480,+3.47,+12.505, +9.834,+0.941
1686450540,+3.47,+12.496, +9.786,+0.940
1686450600,+3.47,+12.532, +9.786,+0.940
1686450660,+3.47,+12.549,+10.135,+0.940
1686450720,+3.47,+12.558,+10.183,+0.940
1686450780,+3.47,+12.381, +9.819,+0.940
1686450840,+3.47,+12.186, +9.740,+0.940
1686450900,+3.47,+12.097, +9.748,+0.940
1686450960,+3.47,+12.061, +9.750,+0.940
1686451020,+3.47,+12.124, +9.742,+0.940
1686451080,+3.47,+12.186, +9.798,+0.940
1686451140,+3.47,+12.328, +9.932,+0.941
1686451200,+3.47,+12.470, +9.950,+0.941
1686451260,+3.47,+12.593, +9.927,+0.941
1686451320,+3.47,+12.682, +9.890,+0.940
1686451380,+3.47,+12.717, +9.886,+0.940
1686451440,+3.47,+12.761, +9.913,+0.941
1686451500,+3.47,+12.893, +9.899,+0.940
1686451560,+3.47,+12.920, +9.955,+0.941
1686451620,+3.47,+13.025, +9.956,+0.941
1686451680,+3.47,+13.060, +9.946,+0.941
1686451740,+3.47,+13.078, +9.874,+0.940
1686451800,+3.47,+13.043, +9.965,+0.940
1686451860,+3.47,+12.858,+10.036,+0.940
1686451920,+3.47,+12.823,+10.015,+0.941
1686451980,+3.47,+12.761,+10.014,+0.940
1686452040,+3.47,+12.752, +9.995,+0.940
1686452100,+3.47,+12.717, +9.933,+0.940
1686452160,+3.47,+12.567, +9.806,+0.940
1686452220,+3.47,+12.478, +9.800,+0.940
1686452280,+3.47,+12.363, +9.847,+0.940
1686452340,+3.47,+12.461, +9.807,+0.941
1686452400,+3.47,+12.470, +9.785,+0.941
1686452460,+3.47,+12.611, +9.825,+0.941
1686452520,+3.47,+12.664, +9.797,+0.941
1686452580,+3.47,+12.602, +9.685,+0.940
1686452640,+3.47,+12.576, +9.724,+0.940
1686452700,+3.47,+12.673, +9.736,+0.940
1686452760,+3.47,+12.743, +9.800,+0.941
1686452820,+3.47,+13.017, +9.903,+0.941
1686452880,+3.47,+13.236, +9.984,+0.941
1686452940,+3.47,+13.464, +9.930,+0.941
1686453000,+3.47,+13.586, +9.943,+0.941
1686453060,+3.47,+13.691,+10.017,+0.941
1686453120,+3.47,+13.804,+10.058,+0.942
1686453180,+3.47,+13.848,+10.080,+0.941
1686453240,+3.47,+13.996,+10.218,+0.942
1686453300,+3.47,+14.083,+10.176,+0.941
1686453360,+3.47,+14.057,+10.182,+0.941
1686453420,+3.47,+14.196,+10.173,+0.941
1686453480,+3.47,+14.222,+10.200,+0.941
1686453540,+3.47,+14.222,+10.247,+0.941
1686453600,+3.47,+14.318,+10.236,+0.941
1686453660,+3.47,+14.396,+10.273,+0.941
1686453720,+3.47,+14.491,+10.436,+0.942
1686453780,+3.47,+14.491,+10.384,+0.942
1686453840,+3.47,+14.387,+10.154,+0.940
1686453900,+3.47,+14.318,+10.184,+0.941
1686453960,+3.47,+14.283,+10.168,+0.941
1686454020,+3.47,+14.127,+10.208,+0.941
1686454080,+3.47,+14.179,+10.152,+0.940
1686454140,+3.47,+14.222,+10.089,+0.941
1686454200,+3.47,+14.196,+10.081,+0.940
1686454260,+3.47,+14.266,+10.097,+0.941
1686454320,+3.47,+14.326,+10.122,+0.941
1686454380,+3.47,+14.500,+10.122,+0.941
1686454440,+3.47,+14.465,+10.197,+0.941
1686454500,+3.47,+14.569,+10.230,+0.941
1686454560,+3.47,+14.612,+10.265,+0.941
1686454620,+3.47,+14.673,+10.335,+0.941
1686454680,+3.47,+14.742,+10.468,+0.941
1686454740,+3.47,+14.863,+10.512,+0.941
1686454800,+3.47,+14.828,+10.726,+0.942
1686454860,+3.47,+15.104,+10.689,+0.942
1686454920,+3.47,+15.542,+10.509,+0.943
1686454980,+3.47,+15.319,+10.536,+0.940
1686455040,+3.47,+15.070,+10.322,+0.941
1686455100,+3.47,+14.966,+10.428,+0.941
1686455160,+3.47,+15.001,+10.453,+0.941
1686455220,+3.47,+14.992,+10.493,+0.941
1686455280,+3.47,+15.070,+10.506,+0.941
1686455340,+3.47,+15.319,+10.409,+0.942
1686455400,+3.47,+15.448,+10.334,+0.941
1686455460,+3.47,+15.474,+10.398,+0.941
1686455520,+3.47,+15.525,+10.546,+0.942
1686455580,+3.47,+16.236,+10.287,+0.944
1686455640,+3.47,+17.053,+10.114,+0.945
1686455700,+3.47,+17.925, +9.881,+0.945
1686455760,+3.47,+18.667, +9.896,+0.945
1686455820,+3.47,+19.248, +9.735,+0.944
1686455880,+3.47,+18.996, +9.432,+0.942
1686455940,+3.47,+19.004, +9.536,+0.943
1686456000,+3.47,+19.307, +9.609,+0.944
1686456060,+3.47,+19.466, +9.528,+0.943
1686456120,+3.47,+19.542, +9.516,+0.943
1686456180,+3.47,+19.819, +9.612,+0.945
1686456240,+3.47,+20.071, +9.644,+0.944
1686456300,+3.47,+20.297, +9.702,+0.944
1686456360,+3.47,+20.456, +9.664,+0.944
1686456420,+3.47,+20.264, +9.471,+0.944
1686456480,+3.47,+20.079, +9.453,+0.944
1686456540,+3.47,+20.255, +9.422,+0.944
1686456600,+3.47,+20.381, +9.490,+0.944
1686456660,+3.47,+20.473, +9.511,+0.944
1686456720,+3.47,+20.498, +9.554,+0.945
1686456780,+3.47,+20.121, +9.135,+0.940
1686456840,+3.47,+19.424, +9.413,+0.943
1686456900,+3.47,+19.382, +9.396,+0.943
1686456960,+3.47,+19.391, +9.390,+0.943
1686457020,+3.47,+19.374, +9.323,+0.943
1686457080,+3.47,+18.811, +9.269,+0.940
1686457140,+3.47,+18.229, +9.449,+0.940
1686457200,+3.47,+17.764, +9.720,+0.942
1686457260,+3.47,+17.866, +9.741,+0.942
1686457320,+3.47,+18.212, +9.638,+0.943
1686457380,+3.47,+17.781, +9.533,+0.939
1686457440,+3.47,+16.934,+10.149,+0.940
1686457500,+3.47,+16.534,+10.471,+0.941
1686457560,+3.47,+16.338,+10.577,+0.941
1686457620,+3.47,+16.073,+10.676,+0.941
1686457680,+3.47,+15.911,+10.718,+0.941
1686457740,+3.47,+15.902,+10.688,+0.941
1686457800,+3.47,+15.825,+10.680,+0.941
1686457860,+3.47,+15.757,+10.670,+0.941
1686457920,+3.47,+15.808,+10.641,+0.941
1686457980,+3.47,+15.748,+10.604,+0.941
1686458040,+3.47,+15.722,+10.680,+0.940
1686458100,+3.47,+15.645,+10.793,+0.941
1686458160,+3.47,+15.611,+10.816,+0.941
1686458220,+3.47,+15.628,+10.794,+0.941
1686458280,+3.47,+15.902,+10.627,+0.942
1686458340,+3.47,+16.193,+10.313,+0.941
1686458400,+3.47,+16.219,+10.264,+0.942
1686458460,+3.47,+16.244,+10.302,+0.941
1686458520,+3.47,+16.125,+10.742,+0.942
1686458580,+3.47,+15.971,+10.628,+0.941
1686458640,+3.47,+15.748,+10.805,+0.940
1686458700,+3.47,+15.568,+10.774,+0.941
1686458760,+3.47,+15.517,+10.691,+0.941
1686458820,+3.47,+15.457,+10.748,+0.941
1686458880,+3.47,+15.388,+10.702,+0.941
1686458940,+3.47,+15.345,+10.704,+0.941
1686459000,+3.47,+15.328,+10.706,+0.941
1686459060,+3.47,+15.371,+10.728,+0.941
1686459120,+3.47,+15.379,+10.805,+0.941
1686459180,+3.47,+15.319,+10.869,+0.941
1686459240,+3.47,+15.336,+10.912,+0.942
1686459300,+3.47,+15.353,+10.909,+0.942
1686459360,+3.47,+15.405,+10.859,+0.942
1686459420,+3.47,+15.542,+10.653,+0.941
1686459480,+3.47,+15.465,+10.743,+0.941
1686459540,+3.47,+15.439,+10.903,+0.941
1686459600,+3.47,+15.353,+10.856,+0.941
1686459660,+3.47,+15.362,+10.749,+0.942
1686459720,+3.47,+15.259,+10.748,+0.941
1686459780,+3.47,+15.233,+10.748,+0.942
1686459840,+3.47,+15.268,+10.730,+0.941
1686459900,+3.47,+15.225,+10.737,+0.941
1686459960,+3.47,+15.285,+10.755,+0.941
1686460020,+3.47,+15.328,+10.701,+0.942
1686460080,+3.47,+15.328,+10.704,+0.941
1686460140,+3.47,+15.311,+10.757,+0.941
1686460200,+3.47,+15.336,+10.876,+0.942
1686460260,+3.47,+15.345,+10.894,+0.942
1686460320,+3.47,+15.448,+10.824,+0.941
1686460380,+3.47,+15.405,+10.854,+0.942
1686460440,+3.47,+15.577,+10.709,+0.942
1686460500,+3.47,+15.825,+10.449,+0.941
1686460560,+3.47,+15.919,+10.383,+0.942
1686460620,+3.47,+16.039,+10.385,+0.943
1686460680,+3.47,+16.150,+10.381,+0.942
1686460740,+3.47,+16.133,+10.404,+0.941
1686460800,+3.47,+16.338,+10.338,+0.942
1686460860,+3.47,+16.466,+10.227,+0.941
1686460920,+3.47,+16.628,+10.169,+0.942
1686460980,+3.47,+16.738,+10.123,+0.942
1686461040,+3.47,+16.900,+10.072,+0.941
1686461100,+3.47,+16.959,+10.063,+0.942
1686461160,+3.47,+16.951,+10.232,+0.942
1686461220,+3.47,+16.976,+10.273,+0.941
1686461280,+3.47,+16.959,+10.302,+0.942
1686461340,+3.47,+16.985,+10.251,+0.941
1686461400,+3.47,+17.027,+10.222,+0.941
1686461460,+3.47,+17.189,+10.154,+0.942
1686461520,+3.47,+17.138,+10.113,+0.942
1686461580,+3.47,+17.299,+10.034,+0.942
1686461640,+3.47,+17.400, +9.879,+0.942
1686461700,+3.47,+17.350,+10.082,+0.941
1686461760,+3.47,+17.316,+10.328,+0.942
1686461820,+3.47,+17.307,+10.363,+0.942
1686461880,+3.47,+17.316,+10.290,+0.942
1686461940,+3.47,+17.290,+10.218,+0.942
1686462000,+3.47,+17.036,+10.464,+0.941
1686462060,+3.47,+16.993,+10.420,+0.941
1686462120,+3.47,+16.942,+10.365,+0.942
1686462180,+3.47,+16.993,+10.371,+0.942
1686462240,+3.47,+16.985,+10.355,+0.942
1686462300,+3.47,+16.925,+10.350,+0.941
1686462360,+3.47,+16.721,+10.463,+0.941
1686462420,+3.47,+16.679,+10.492,+0.941
1686462480,+3.47,+16.551,+10.564,+0.942
1686462540,+3.47,+16.594,+10.552,+0.941
1686462600,+3.47,+16.500,+10.608,+0.942
1686462660,+3.47,+16.457,+10.611,+0.941
1686462720,+3.47,+16.491,+10.581,+0.941
1686462780,+3.47,+16.517,+10.568,+0.941
1686462840,+3.47,+16.517,+10.580,+0.942
1686462900,+3.47,+16.551,+10.583,+0.942
1686462960,+3.47,+16.543,+10.656,+0.941
1686463020,+3.47,+16.517,+10.668,+0.941
1686463080,+3.47,+16.449,+10.689,+0.941
1686463140,+3.47,+16.389,+10.675,+0.941
1686463200,+3.47,+16.346,+10.666,+0.942
1686463260,+3.47,+16.406,+10.576,+0.942
1686463320,+3.47,+16.432,+10.543,+0.942
1686463380,+3.47,+16.543,+10.535,+0.942
1686463440,+3.47,+16.670,+10.460,+0.942
1686463500,+3.47,+17.019,+10.246,+0.942
1686463560,+3.47,+17.121,+10.092,+0.942
1686463620,+3.47,+17.222,+10.033,+0.942
1686463680,+3.47,+17.333, +9.962,+0.942
1686463740,+3.47,+17.451, +9.951,+0.942
1686463800,+3.47,+17.544, +9.970,+0.941
1686463860,+3.47,+17.231,+10.099,+0.940
1686463920,+3.47,+16.891,+10.349,+0.941
1686463980,+3.47,+16.755,+10.420,+0.941
1686464040,+3.47,+16.687,+10.469,+0.942
1686464100,+3.47,+16.772,+10.329,+0.941
1686464160,+3.47,+16.738,+10.178,+0.941
1686464220,+3.47,+16.730,+10.102,+0.941
1686464280,+3.47,+16.670,+10.177,+0.941
1686464340,+3.47,+16.679,+10.176,+0.941
1686464400,+3.47,+16.696,+10.174,+0.941
1686464460,+3.47,+16.653,+10.241,+0.942
1686464520,+3.47,+16.721,+10.220,+0.942
1686464580,+3.47,+16.789,+10.224,+0.942
1686464640,+3.47,+17.010,+10.138,+0.942
1686464700,+3.47,+17.121,+10.154,+0.942
1686464760,+3.47,+17.341,+10.088,+0.942
1686464820,+3.47,+17.180, +9.944,+0.941
1686464880,+3.47,+17.027, +9.989,+0.941
1686464940,+3.47,+16.934,+10.080,+0.941
1686465000,+3.47,+16.891,+10.085,+0.941
1686465060,+3.47,+16.849,+10.198,+0.941
1686465120,+3.47,+16.823,+10.370,+0.941
1686465180,+3.47,+16.798,+10.258,+0.941
1686465240,+3.47,+16.857,+10.291,+0.941
1686465300,+3.47,+16.738,+10.519,+0.941
1686465360,+3.47,+16.687,+10.613,+0.941
1686465420,+3.47,+16.628,+10.576,+0.942
1686465480,+3.47,+16.645,+10.582,+0.942
1686465540,+3.47,+16.560,+10.571,+0.941
1686465600,+3.47,+16.611,+10.520,+0.941
1686465660,+3.47,+16.594,+10.515,+0.942
1686465720,+3.47,+16.628,+10.543,+0.942
1686465780,+3.47,+16.670,+10.570,+0.942
1686465840,+3.47,+16.866,+10.477,+0.942
1686465900,+3.47,+17.061,+10.316,+0.942
1686465960,+3.47,+17.222,+10.193,+0.942
1686466020,+3.47,+17.333,+10.133,+0.942
1686466080,+3.47,+17.502,+10.161,+0.942
1686466140,+3.47,+17.528,+10.131,+0.942
1686466200,+3.47,+17.375,+10.136,+0.941
1686466260,+3.47,+17.316,+10.248,+0.941
1686466320,+3.47,+17.087,+10.342,+0.941
1686466380,+3.47,+16.891,+10.424,+0.941
1686466440,+3.47,+16.704,+10.497,+0.941
1686466500,+3.47,+16.696,+10.487,+0.941
1686466560,+3.47,+16.653,+10.500,+0.942
1686466620,+3.47,+16.619,+10.515,+0.941
1686466680,+3.47,+16.687,+10.460,+0.942
1686466740,+3.47,+16.645,+10.416,+0.941
1686466800,+3.47,+16.662,+10.417,+0.941
1686466860,+3.47,+16.704,+10.407,+0.941
1686466920,+3.47,+16.789,+10.422,+0.942
1686466980,+3.47,+16.806,+10.516,+0.942
1686467040,+3.47,+16.755,+10.506,+0.942
1686467100,+3.47,+16.755,+10.591,+0.941
1686467160,+3.47,+16.636,+10.319,+0.940
1686467220,+3.47,+16.423,+10.267,+0.941
1686467280,+3.47,+16.184,+10.299,+0.941
1686467340,+3.47,+16.031,+10.329,+0.941
1686467400,+3.47,+15.919,+10.343,+0.940
1686467460,+3.47,+15.902,+10.358,+0.941
1686467520,+3.47,+15.885,+10.431,+0.942
1686467580,+3.47,+16.031,+10.484,+0.941
1686467640,+3.47,+16.090,+10.609,+0.942
1686467700,+3.47,+16.073,+10.547,+0.941
1686467760,+3.47,+16.005,+10.437,+0.941
1686467820,+3.47,+15.842,+10.478,+0.941
1686467880,+3.47,+15.817,+10.503,+0.941
1686467940,+3.47,+15.688,+10.525,+0.941
1686468000,+3.47,+15.594,+10.534,+0.941
1686468060,+3.47,+15.517,+10.447,+0.940
1686468120,+3.47,+15.285,+10.237,+0.940
1686468180,+3.47,+15.035,+10.186,+0.940
1686468240,+3.47,+15.061,+10.220,+0.940
1686468300,+3.47,+15.104,+10.377,+0.941
1686468360,+3.47,+15.302,+10.426,+0.941
1686468420,+3.47,+15.405,+10.463,+0.941
1686468480,+3.47,+15.577,+10.512,+0.941
1686468540,+3.47,+15.774,+10.579,+0.942
1686468600,+3.47,+15.971,+10.661,+0.942
1686468660,+3.47,+16.107,+10.682,+0.942
1686468720,+3.47,+16.133,+10.570,+0.941
1686468780,+3.47,+16.107,+10.565,+0.942
1686468840,+3.47,+16.073,+10.583,+0.942
1686468900,+3.47,+16.056,+10.580,+0.941
1686468960,+3.47,+15.825,+10.349,+0.940
1686469020,+3.47,+15.662,+10.392,+0.941
1686469080,+3.47,+15.534,+10.394,+0.940
1686469140,+3.47,+15.328,+10.292,+0.940
1686469200,+3.47,+15.078,+10.082,+0.939
1686469260,+3.47,+14.819,+10.019,+0.939
1686469320,+3.47,+14.638,+10.086,+0.940
1686469380,+3.47,+14.491,+10.216,+0.939
1686469440,+3.47,+14.396,+10.312,+0.940
1686469500,+3.47,+14.266,+10.364,+0.940
1686469560,+3.47,+14.205,+10.415,+0.940
1686469620,+3.47,+14.144,+10.454,+0.940
1686469680,+3.47,+14.135,+10.490,+0.940
1686469740,+3.47,+14.135,+10.579,+0.941
1686469800,+3.47,+14.422,+10.435,+0.942
1686469860,+3.47,+14.603,+10.339,+0.941
1686469920,+3.47,+14.699,+10.361,+0.941
1686469980,+3.47,+14.845,+10.414,+0.941
1686470040,+3.47,+14.932,+10.479,+0.942
1686470100,+3.47,+14.906,+10.469,+0.942
1686470160,+3.47,+15.078,+10.460,+0.941
1686470220,+3.47,+15.147,+10.563,+0.941
1686470280,+3.47,+15.268,+10.545,+0.941
1686470340,+3.47,+15.396,+10.612,+0.943
1686470400,+3.47,+15.517,+10.642,+0.943
1686470460,+3.47,+15.662,+10.606,+0.942
1686470520,+3.47,+15.748,+10.604,+0.942
1686470580,+3.47,+15.817,+10.624,+0.942
1686470640,+3.47,+15.868,+10.632,+0.942
1686470700,+3.47,+15.911,+10.651,+0.942
1686470760,+3.47,+15.962,+10.659,+0.942
1686470820,+3.47,+15.979,+10.691,+0.942
1686470880,+3.47,+16.005,+10.587,+0.941
1686470940,+3.47,+15.902,+10.499,+0.941
1686471000,+3.47,+15.791,+10.491,+0.941
1686471060,+3.47,+15.851,+10.479,+0.941
1686471120,+3.47,+15.834,+10.596,+0.942
1686471180,+3.47,+15.885,+10.591,+0.942
1686471240,+3.47,+15.911,+10.605,+0.941
1686471300,+3.47,+15.945,+10.636,+0.942
1686471360,+3.47,+16.013,+10.611,+0.942
1686471420,+3.47,+16.005,+10.625,+0.942
1686471480,+3.47,+15.962,+10.694,+0.942
1686471540,+3.47,+16.022,+10.399,+0.940
1686471600,+3.47,+15.722,+10.304,+0.940
1686471660,+3.47,+15.560,+10.094,+0.940
1686471720,+3.47,+15.138, +9.973,+0.939
1686471780,+3.47,+14.716,+10.148,+0.939
1686471840,+3.47,+14.534,+10.243,+0.940
1686471900,+3.47,+14.387,+10.291,+0.939
1686471960,+3.47,+14.187,+10.327,+0.940
1686472020,+3.47,+14.179,+10.311,+0.940
1686472080,+3.47,+14.266,+10.291,+0.940
1686472140,+3.47,+14.430,+10.220,+0.940
1686472200,+3.47,+14.577,+10.174,+0.941
1686472260,+3.47,+14.845,+10.227,+0.941
1686472320,+3.47,+15.113,+10.467,+0.942
1686472380,+3.47,+15.371,+10.502,+0.942
1686472440,+3.47,+15.508,+10.528,+0.942
1686472500,+3.47,+15.662,+10.593,+0.942
1686472560,+3.47,+15.671,+10.647,+0.942
1686472620,+3.47,+15.748,+10.676,+0.942
1686472680,+3.47,+15.851,+10.678,+0.942
1686472740,+3.47,+15.885,+10.710,+0.942
1686472800,+3.47,+15.894,+10.699,+0.942
1686472860,+3.47,+15.954,+10.692,+0.942
1686472920,+3.47,+15.937,+10.699,+0.942
1686472980,+3.47,+15.902,+10.723,+0.942
1686473040,+3.47,+15.945,+10.704,+0.941
1686473100,+3.47,+15.971,+10.696,+0.942
1686473160,+3.47,+15.988,+10.668,+0.941
1686473220,+3.47,+15.979,+10.691,+0.942
1686473280,+3.47,+15.996,+10.691,+0.941
1686473340,+3.47,+15.919,+10.776,+0.942
1686473400,+3.47,+15.911,+10.746,+0.941
1686473460,+3.47,+15.774,+10.539,+0.940
1686473520,+3.47,+15.697,+10.508,+0.941
1686473580,+3.47,+15.577,+10.477,+0.940
1686473640,+3.47,+15.414,+10.365,+0.940
1686473700,+3.47,+15.250,+10.361,+0.940
1686473760,+3.47,+15.190,+10.390,+0.941
1686473820,+3.47,+15.138,+10.411,+0.941
1686473880,+3.47,+15.199,+10.403,+0.941
1686473940,+3.47,+15.216,+10.444,+0.942
1686474000,+3.47,+15.293,+10.497,+0.941
1686474060,+3.47,+15.474,+10.587,+0.941
1686474120,+3.47,+15.585,+10.617,+0.942
1686474180,+3.47,+15.688,+10.621,+0.942
1686474240,+3.47,+15.740,+10.632,+0.941
1686474300,+3.47,+15.834,+10.628,+0.942
1686474360,+3.47,+15.885,+10.613,+0.942
1686474420,+3.47,+15.945,+10.620,+0.942
1686474480,+3.47,+15.945,+10.603,+0.942
1686474540,+3.47,+16.013,+10.585,+0.942
1686474600,+3.47,+15.979,+10.604,+0.942
1686474660,+3.47,+16.056,+10.581,+0.941
1686474720,+3.47,+15.962,+10.621,+0.941
1686474780,+3.47,+15.954,+10.622,+0.941
1686474840,+3.47,+15.971,+10.599,+0.941
1686474900,+3.47,+15.962,+10.603,+0.941
1686474960,+3.47,+16.005,+10.630,+0.942
1686475020,+3.47,+16.039,+10.648,+0.942
1686475080,+3.47,+16.107,+10.615,+0.942
1686475140,+3.47,+16.107,+10.593,+0.942
1686475200,+3.47,+16.159,+10.613,+0.941
1686475260,+3.47,+16.150,+10.682,+0.942
1686475320,+3.47,+16.090,+10.709,+0.941
1686475380,+3.47,+16.048,+10.808,+0.941
1686475440,+3.47,+15.937,+10.745,+0.941
1686475500,+3.47,+15.945,+10.553,+0.941
1686475560,+3.47,+15.791,+10.520,+0.940
1686475620,+3.47,+15.680,+10.481,+0.941
1686475680,+3.47,+15.585,+10.468,+0.941
1686475740,+3.47,+15.611,+10.457,+0.941
1686475800,+3.47,+15.551,+10.537,+0.941
1686475860,+3.47,+15.491,+10.642,+0.941
1686475920,+3.47,+15.551,+10.686,+0.941
1686475980,+3.47,+15.508,+10.796,+0.941
1686476040,+3.47,+15.414,+10.666,+0.941
1686476100,+3.47,+15.276,+10.548,+0.940
1686476160,+3.47,+15.216,+10.381,+0.940
1686476220,+3.47,+15.095,+10.326,+0.940
1686476280,+3.47,+15.061,+10.315,+0.941
1686476340,+3.47,+15.001,+10.327,+0.941
1686476400,+3.47,+14.958,+10.374,+0.940
1686476460,+3.47,+14.940,+10.453,+0.941
1686476520,+3.47,+14.889,+10.490,+0.941
1686476580,+3.47,+14.854,+10.484,+0.941
1686476640,+3.47,+14.871,+10.460,+0.940
1686476700,+3.47,+14.854,+10.447,+0.941
1686476760,+3.47,+14.880,+10.416,+0.941
1686476820,+3.47,+14.854,+10.412,+0.940
1686476880,+3.47,+14.897,+10.411,+0.941
1686476940,+3.47,+14.871,+10.442,+0.941
1686477000,+3.47,+14.845,+10.431,+0.941
1686477060,+3.47,+14.794,+10.447,+0.941
1686477120,+3.47,+14.837,+10.454,+0.941
1686477180,+3.47,+14.811,+10.489,+0.941
1686477240,+3.47,+14.776,+10.529,+0.941
1686477300,+3.47,+14.828,+10.546,+0.941
1686477360,+3.47,+14.828,+10.564,+0.942
1686477420,+3.47,+14.819,+10.595,+0.941
1686477480,+3.47,+14.802,+10.601,+0.941
1686477540,+3.47,+14.785,+10.628,+0.941
1686477600,+3.47,+14.802,+10.629,+0.941
1686477660,+3.47,+14.776,+10.637,+0.941
1686477720,+3.47,+14.802,+10.651,+0.942
1686477780,+3.47,+14.768,+10.655,+0.942
1686477840,+3.47,+14.759,+10.642,+0.941
1686477900,+3.47,+14.724,+10.669,+0.942
1686477960,+3.47,+14.724,+10.658,+0.941
1686478020,+3.47,+14.759,+10.631,+0.941
1686478080,+3.47,+14.673,+10.647,+0.942
1686478140,+3.47,+14.664,+10.657,+0.942
1686478200,+3.47,+14.595,+10.691,+0.941
1686478260,+3.47,+14.595,+10.695,+0.941
1686478320,+3.47,+14.491,+10.492,+0.941
1686478380,+3.47,+14.413,+10.476,+0.941
1686478440,+3.47,+14.439,+10.511,+0.941
1686478500,+3.47,+14.413,+10.586,+0.941
1686478560,+3.47,+14.448,+10.606,+0.941
1686478620,+3.47,+14.396,+10.649,+0.941
1686478680,+3.47,+14.370,+10.698,+0.941
1686478740,+3.47,+14.456,+10.688,+0.941
1686478800,+3.47,+14.465,+10.713,+0.942
1686478860,+3.47,+14.482,+10.709,+0.941
1686478920,+3.47,+14.508,+10.715,+0.941
1686478980,+3.47,+14.456,+10.754,+0.942
1686479040,+3.47,+14.508,+10.749,+0.942
1686479100,+3.47,+14.517,+10.749,+0.942
1686479160,+3.47,+14.517,+10.754,+0.942
1686479220,+3.47,+14.508,+10.753,+0.941
1686479280,+3.47,+14.500,+10.747,+0.942
1686479340,+3.47,+14.491,+10.721,+0.941
1686479400,+3.47,+14.491,+10.712,+0.941
1686479460,+3.47,+14.491,+10.745,+0.942
1686479520,+3.47,+14.465,+10.748,+0.941
1686479580,+3.47,+14.439,+10.755,+0.942
1686479640,+3.47,+14.422,+10.733,+0.941
1686479700,+3.47,+14.448,+10.699,+0.941
1686479760,+3.47,+14.474,+10.688,+0.941
1686479820,+3.47,+14.430,+10.705,+0.941
1686479880,+3.47,+14.430,+10.704,+0.941
1686479940,+3.47,+14.404,+10.710,+0.941
1686480000,+3.47,+14.465,+10.697,+0.941
1686480060,+3.47,+14.404,+10.730,+0.941
1686480120,+3.47,+14.491,+10.716,+0.941
1686480180,+3.47,+14.500,+10.748,+0.942
1686480240,+3.47,+14.526,+10.760,+0.941
1686480300,+3.47,+14.526,+10.764,+0.941
1686480360,+3.47,+14.543,+10.768,+0.942
1686480420,+3.47,+14.500,+10.756,+0.942
1686480480,+3.47,+14.491,+10.755,+0.942
1686480540,+3.47,+14.526,+10.729,+0.941
1686480600,+3.47,+14.534,+10.727,+0.941
1686480660,+3.47,+14.560,+10.728,+0.942
1686480720,+3.47,+14.543,+10.740,+0.941
1686480780,+3.47,+14.508,+10.828,+0.941
1686480840,+3.47,+14.508,+10.927,+0.942
1686480900,+3.47,+14.456,+10.928,+0.942
1686480960,+3.47,+14.491,+10.876,+0.941
1686481020,+3.47,+14.448,+10.923,+0.941
1686481080,+3.47,+14.465,+10.907,+0.942
1686481140,+3.47,+14.413,+10.913,+0.941
1686481200,+3.47,+14.439,+10.941,+0.941
1686481260,+3.47,+14.422,+10.968,+0.942
1686481320,+3.47,+14.413,+10.970,+0.941
1686481380,+3.47,+14.430,+10.950,+0.941
1686481440,+3.47,+14.378,+10.971,+0.941
1686481500,+3.47,+14.396,+10.962,+0.941
1686481560,+3.47,+14.387,+10.970,+0.941
1686481620,+3.47,+14.404,+10.982,+0.942
1686481680,+3.47,+14.474,+10.957,+0.942
1686481740,+3.47,+14.430,+10.978,+0.942
1686481800,+3.47,+14.456,+10.958,+0.941
1686481860,+3.47,+14.422,+10.962,+0.941
1686481920,+3.47,+14.396,+10.965,+0.941
1686481980,+3.47,+14.404,+10.964,+0.941
1686482040,+3.47,+14.404,+10.978,+0.942
1686482100,+3.47,+14.396,+10.983,+0.942
1686482160,+3.47,+14.404,+11.005,+0.942
1686482220,+3.47,+14.396,+11.014,+0.942
1686482280,+3.47,+14.404,+11.016,+0.942
1686482340,+3.47,+14.361,+11.041,+0.942
1686482400,+3.47,+14.335,+11.020,+0.942
1686482460,+3.47,+14.326,+11.039,+0.942
1686482520,+3.47,+14.318,+11.043,+0.942
1686482580,+3.47,+14.266,+11.050,+0.942
1686482640,+3.47,+14.318,+11.031,+0.942
1686482700,+3.47,+14.318,+11.017,+0.941
1686482760,+3.47,+14.309,+11.017,+0.941
1686482820,+3.47,+14.335,+11.014,+0.942
1686482880,+3.47,+14.266,+11.048,+0.942
1686482940,+3.47,+14.300,+10.929,+0.941
1686483000,+3.47,+14.205,+10.957,+0.941
1686483060,+3.47,+14.231,+10.949,+0.941
1686483120,+3.47,+14.222,+10.986,+0.941
1686483180,+3.47,+14.196,+11.020,+0.942
1686483240,+3.47,+14.170,+10.967,+0.941
1686483300,+3.47,+14.196,+10.977,+0.941
1686483360,+3.47,+14.144,+11.015,+0.942
1686483420,+3.47,+14.205,+10.978,+0.941
1686483480,+3.47,+14.179,+11.011,+0.941
1686483540,+3.47,+14.179,+10.991,+0.941
1686483600,+3.47,+14.187,+11.010,+0.942
1686483660,+3.47,+14.144,+11.050,+0.942
1686483720,+3.47,+14.153,+11.053,+0.941
1686483780,+3.47,+14.205,+11.058,+0.942
1686483840,+3.47,+14.222,+11.066,+0.941
1686483900,+3.47,+14.187,+11.104,+0.942
1686483960,+3.47,+14.205,+11.118,+0.942
1686484020,+3.47,+14.205,+11.112,+0.942
1686484080,+3.47,+14.257,+11.063,+0.941
1686484140,+3.47,+14.231,+11.075,+0.941
1686484200,+3.47,+14.239,+11.081,+0.942
1686484260,+3.47,+14.274,+11.060,+0.942
1686484320,+3.47,+14.196,+11.080,+0.942
1686484380,+3.47,+14.239,+11.058,+0.942
1686484440,+3.47,+14.231,+11.048,+0.941
1686484500,+3.47,+14.179,+11.084,+0.941
1686484560,+3.47,+14.248,+11.050,+0.942
1686484620,+3.47,+14.222,+11.049,+0.942
1686484680,+3.47,+14.205,+11.015,+0.941
1686484740,+3.47,+14.135,+11.039,+0.942
1686484800,+3.47,+14.170,+11.017,+0.941
1686484860,+3.47,+14.161,+11.022,+0.942
1686484920,+3.47,+14.127,+11.065,+0.942
1686484980,+3.47,+14.170,+11.044,+0.941
1686485040,+3.47,+14.161,+11.045,+0.942
1686485100,+3.47,+14.135,+11.034,+0.942
1686485160,+3.47,+14.153,+11.015,+0.941
1686485220,+3.47,+14.127,+11.012,+0.941
1686485280,+3.47,+14.153,+11.005,+0.942
1686485340,+3.47,+14.135,+11.006,+0.942
1686485400,+3.47,+14.127,+11.026,+0.942
1686485460,+3.47,+14.100,+11.037,+0.942
1686485520,+3.47,+14.092,+11.032,+0.941
1686485580,+3.47,+14.109,+11.029,+0.941
1686485640,+3.47,+14.066,+11.030,+0.941
1686485700,+3.47,+14.161,+11.000,+0.942
1686485760,+3.47,+14.196,+11.028,+0.941
1686485820,+3.47,+14.170,+11.066,+0.942
1686485880,+3.47,+14.196,+11.085,+0.942
1686485940,+3.47,+14.213,+11.087,+0.942
1686486000,+3.47,+14.231,+11.046,+0.942
1686486060,+3.47,+14.187,+11.006,+0.941
1686486120,+3.47,+14.135,+11.013,+0.942
1686486180,+3.47,+14.135,+11.001,+0.942
1686486240,+3.47,+14.109,+11.010,+0.942
1686486300,+3.47,+14.118,+10.996,+0.941
1686486360,+3.47,+14.153,+10.987,+0.941
1686486420,+3.47,+14.127,+11.006,+0.941
1686486480,+3.47,+14.170,+11.023,+0.942
1686486540,+3.47,+14.187,+11.047,+0.942
1686486600,+3.47,+14.213,+11.076,+0.942
1686486660,+3.47,+14.266,+11.072,+0.942
1686486720,+3.47,+14.274,+11.093,+0.942
1686486780,+3.47,+14.292,+11.095,+0.942
1686486840,+3.47,+14.266,+11.113,+0.942
1686486900,+3.47,+14.326,+11.080,+0.942
1686486960,+3.47,+14.309,+11.093,+0.942
1686487020,+3.47,+14.318,+11.090,+0.942
1686487080,+3.47,+14.344,+11.072,+0.942
1686487140,+3.47,+14.326,+11.105,+0.942
1686487200,+3.47,+14.534,+11.083,+0.942
1686487260,+3.47,+14.776,+11.039,+0.942
1686487320,+3.47,+14.854,+11.018,+0.942
1686487380,+3.47,+14.966,+10.971,+0.942
1686487440,+3.47,+15.095,+10.901,+0.942
1686487500,+3.47,+15.138,+10.879,+0.942
1686487560,+3.47,+15.268,+10.869,+0.942
1686487620,+3.47,+15.311,+10.864,+0.942
1686487680,+3.47,+15.457,+10.852,+0.943
1686487740,+3.47,+15.508,+10.837,+0.942
1686487800,+3.47,+15.560,+10.838,+0.942
1686487860,+3.47,+15.594,+10.808,+0.942
1686487920,+3.47,+15.697,+10.740,+0.942
1686487980,+3.47,+15.714,+10.721,+0.941
