7450-798456
OS REV: 1.03 Sensor Cal: 1539277937
Time (sec),  BV (Volts),  T (deg C),  DO (mg/l),  Q ()
1686747240,+3.47,+17.010, +9.531,+0.941
1686747300,+3.47,+16.687, +9.842,+0.940
1686747360,+3.47,+16.270,+10.010,+0.939
1686747420,+3.48,+15.894,+10.100,+0.940
1686747480,+3.47,+15.620,+10.199,+0.940
1686747540,+3.48,+15.517,+10.254,+0.941
1686747600,+3.47,+15.405,+10.240,+0.940
1686747660,+3.48,+15.242,+10.210,+0.940
1686747720,+3.48,+15.173,+10.196,+0.940
1686747780,+3.48,+14.983, +9.901,+0.939
1686747840,+3.48,+14.699, +9.904,+0.940
1686747900,+3.48,+14.699, +9.878,+0.940
1686747960,+3.48,+14.647, +9.887,+0.940
1686748020,+3.48,+14.595,+10.060,+0.941
1686748080,+3.47,+14.975,+10.296,+0.941
1686748140,+3.48,+15.147,+10.418,+0.942
1686748200,+3.48,+15.414,+10.456,+0.942
1686748260,+3.47,+15.628,+10.270,+0.943
1686748320,+3.48,+15.954,+10.090,+0.942
1686748380,+3.48,+16.125, +9.996,+0.942
1686748440,+3.48,+16.244, +9.945,+0.941
1686748500,+3.47,+16.440, +9.890,+0.941
1686748560,+3.48,+16.560, +9.872,+0.942
1686748620,+3.47,+16.730, +9.798,+0.942
1686748680,+3.48,+16.798, +9.729,+0.942
1686748740,+3.48,+16.883, +9.689,+0.941
1686748800,+3.47,+16.772, +9.775,+0.941
1686748860,+3.47,+16.543,+10.033,+0.941
1686748920,+3.47,+16.415,+10.043,+0.941
1686748980,+3.48,+16.227,+10.127,+0.941
1686749040,+3.48,+16.142,+10.169,+0.940
1686749100,+3.48,+16.065,+10.237,+0.941
1686749160,+3.48,+16.031,+10.256,+0.941
1686749220,+3.48,+16.159,+10.224,+0.942
1686749280,+3.48,+16.219,+10.090,+0.941
1686749340,+3.48,+16.261, +9.979,+0.941
1686749400,+3.47,+16.107,+10.199,+0.940
1686749460,+3.48,+15.894,+10.209,+0.940
1686749520,+3.48,+15.782,+10.249,+0.941
1686749580,+3.48,+15.705,+10.236,+0.940
1686749640,+3.47,+15.620,+10.226,+0.940
1686749700,+3.47,+15.499,+10.246,+0.941
1686749760,+3.48,+15.474,+10.255,+0.941
1686749820,+3.47,+15.431,+10.246,+0.941
1686749880,+3.48,+15.542,+10.347,+0.941
1686749940,+3.48,+15.620,+10.299,+0.941
1686750000,+3.47,+15.482,+10.293,+0.941
1686750060,+3.48,+15.396,+10.404,+0.941
1686750120,+3.47,+15.602,+10.372,+0.941
1686750180,+3.47,+15.542,+10.254,+0.940
1686750240,+3.47,+15.439,+10.261,+0.941
1686750300,+3.47,+15.422,+10.274,+0.941
1686750360,+3.48,+15.499,+10.253,+0.941
1686750420,+3.47,+15.422,+10.313,+0.941
1686750480,+3.47,+15.379,+10.326,+0.941
1686750540,+3.47,+15.551,+10.319,+0.941
1686750600,+3.48,+15.765,+10.312,+0.942
1686750660,+3.48,+16.048,+10.214,+0.942
1686750720,+3.48,+16.423,+10.045,+0.942
1686750780,+3.47,+16.662, +9.851,+0.942
1686750840,+3.47,+16.585, +9.877,+0.941
1686750900,+3.48,+16.236,+10.168,+0.940
1686750960,+3.48,+16.005,+10.419,+0.941
1686751020,+3.48,+15.782,+10.404,+0.941
1686751080,+3.47,+15.645,+10.400,+0.941
1686751140,+3.47,+15.594,+10.389,+0.941
1686751200,+3.47,+15.491,+10.396,+0.941
1686751260,+3.47,+15.482,+10.382,+0.940
1686751320,+3.47,+15.508,+10.409,+0.941
1686751380,+3.47,+15.517,+10.451,+0.941
1686751440,+3.47,+15.602,+10.424,+0.942
1686751500,+3.47,+15.645,+10.378,+0.941
1686751560,+3.47,+15.722,+10.367,+0.941
1686751620,+3.48,+15.765,+10.365,+0.942
1686751680,+3.48,+15.842,+10.305,+0.941
1686751740,+3.47,+15.894,+10.212,+0.942
1686751800,+3.48,+16.107,+10.132,+0.942
1686751860,+3.47,+16.304,+10.033,+0.941
1686751920,+3.47,+16.457, +9.919,+0.942
1686751980,+3.47,+16.543, +9.837,+0.941
1686752040,+3.47,+16.713, +9.836,+0.941
1686752100,+3.47,+16.764, +9.795,+0.941
1686752160,+3.47,+16.704, +9.780,+0.941
1686752220,+3.47,+16.568, +9.787,+0.940
1686752280,+3.47,+16.415, +9.816,+0.940
1686752340,+3.47,+16.193,+10.088,+0.940
1686752400,+3.48,+16.099,+10.229,+0.941
1686752460,+3.48,+15.928,+10.251,+0.941
1686752520,+3.48,+15.851,+10.395,+0.941
1686752580,+3.48,+15.714,+10.473,+0.941
1686752640,+3.48,+15.688,+10.478,+0.941
1686752700,+3.47,+15.671,+10.480,+0.940
1686752760,+3.48,+15.705,+10.414,+0.941
1686752820,+3.48,+15.757,+10.369,+0.940
1686752880,+3.48,+15.988,+10.212,+0.941
1686752940,+3.47,+16.338, +9.980,+0.942
1686753000,+3.47,+16.551, +9.780,+0.941
1686753060,+3.47,+16.755, +9.606,+0.941
1686753120,+3.47,+16.840, +9.725,+0.942
1686753180,+3.47,+16.908, +9.674,+0.941
1686753240,+3.48,+16.883, +9.726,+0.941
1686753300,+3.48,+16.925, +9.733,+0.941
1686753360,+3.48,+16.900, +9.755,+0.941
1686753420,+3.48,+16.908, +9.774,+0.941
1686753480,+3.47,+16.934, +9.773,+0.941
1686753540,+3.47,+16.942, +9.795,+0.941
1686753600,+3.48,+16.976, +9.776,+0.941
1686753660,+3.48,+16.806, +9.844,+0.941
1686753720,+3.47,+16.764, +9.939,+0.941
1686753780,+3.47,+16.645, +9.796,+0.940
1686753840,+3.47,+16.244,+10.078,+0.940
1686753900,+3.48,+16.022,+10.254,+0.941
1686753960,+3.48,+15.919,+10.311,+0.941
1686754020,+3.48,+15.954,+10.220,+0.940
1686754080,+3.48,+16.005,+10.137,+0.941
1686754140,+3.48,+16.099,+10.079,+0.941
1686754200,+3.48,+16.176,+10.031,+0.941
1686754260,+3.48,+16.329, +9.998,+0.942
1686754320,+3.47,+16.389, +9.946,+0.941
1686754380,+3.47,+16.474, +9.905,+0.941
1686754440,+3.47,+16.602, +9.895,+0.941
1686754500,+3.47,+16.696, +9.898,+0.942
1686754560,+3.47,+16.747, +9.883,+0.941
1686754620,+3.48,+16.891, +9.866,+0.942
1686754680,+3.47,+16.891, +9.843,+0.941
1686754740,+3.48,+16.934, +9.848,+0.942
1686754800,+3.48,+16.883, +9.856,+0.942
1686754860,+3.47,+16.866, +9.817,+0.941
1686754920,+3.48,+16.789, +9.807,+0.941
1686754980,+3.47,+16.764, +9.825,+0.941
1686755040,+3.48,+16.857, +9.747,+0.941
1686755100,+3.48,+17.019, +9.716,+0.941
1686755160,+3.48,+17.121, +9.710,+0.941
1686755220,+3.48,+17.222, +9.666,+0.941
1686755280,+3.48,+17.121, +9.722,+0.942
1686755340,+3.48,+17.095, +9.763,+0.941
1686755400,+3.47,+16.849, +9.942,+0.940
1686755460,+3.47,+16.619,+10.066,+0.940
1686755520,+3.48,+16.457,+10.025,+0.941
1686755580,+3.47,+16.304,+10.027,+0.940
1686755640,+3.47,+16.270,+10.047,+0.941
1686755700,+3.48,+16.219,+10.063,+0.940
1686755760,+3.48,+16.236,+10.059,+0.940
1686755820,+3.48,+16.176,+10.049,+0.941
1686755880,+3.48,+16.244,+10.113,+0.941
1686755940,+3.48,+16.184,+10.150,+0.941
1686756000,+3.48,+16.159,+10.121,+0.941
1686756060,+3.48,+16.125,+10.097,+0.941
1686756120,+3.48,+16.099,+10.087,+0.941
1686756180,+3.48,+16.107,+10.019,+0.940
1686756240,+3.48,+16.099,+10.048,+0.941
1686756300,+3.48,+16.099,+10.061,+0.941
1686756360,+3.48,+16.116,+10.075,+0.941
1686756420,+3.47,+16.236,+10.082,+0.941
1686756480,+3.48,+16.338,+10.133,+0.942
1686756540,+3.47,+16.474,+10.007,+0.941
1686756600,+3.47,+16.270, +9.925,+0.940
1686756660,+3.48,+16.125,+10.040,+0.940
1686756720,+3.48,+15.902,+10.117,+0.940
1686756780,+3.48,+15.765,+10.191,+0.940
1686756840,+3.48,+15.654,+10.221,+0.941
1686756900,+3.47,+15.680,+10.201,+0.940
1686756960,+3.48,+15.714,+10.214,+0.941
1686757020,+3.47,+15.782,+10.197,+0.941
1686757080,+3.48,+15.834,+10.156,+0.941
1686757140,+3.48,+15.945,+10.142,+0.941
1686757200,+3.47,+16.065,+10.094,+0.941
1686757260,+3.48,+16.116,+10.089,+0.941
1686757320,+3.48,+16.150,+10.072,+0.941
1686757380,+3.48,+16.159,+10.050,+0.941
1686757440,+3.48,+16.090, +9.966,+0.940
1686757500,+3.48,+15.868,+10.099,+0.940
1686757560,+3.48,+15.774,+10.221,+0.940
1686757620,+3.48,+15.654,+10.361,+0.941
1686757680,+3.48,+15.620,+10.400,+0.941
1686757740,+3.47,+15.585,+10.390,+0.940
1686757800,+3.47,+15.585,+10.397,+0.941
1686757860,+3.47,+15.585,+10.399,+0.941
1686757920,+3.47,+15.620,+10.349,+0.941
1686757980,+3.48,+15.602,+10.330,+0.941
1686758040,+3.48,+15.620,+10.311,+0.941
1686758100,+3.47,+15.645,+10.201,+0.941
1686758160,+3.47,+15.568,+10.184,+0.941
1686758220,+3.48,+15.491,+10.200,+0.941
1686758280,+3.47,+15.405,+10.237,+0.940
1686758340,+3.48,+15.319,+10.253,+0.940
1686758400,+3.48,+15.259,+10.279,+0.941
1686758460,+3.48,+15.268,+10.336,+0.941
1686758520,+3.48,+15.173,+10.380,+0.940
1686758580,+3.48,+15.199,+10.356,+0.941
1686758640,+3.47,+15.250,+10.320,+0.941
1686758700,+3.48,+15.216,+10.338,+0.941
1686758760,+3.47,+15.225,+10.341,+0.941
1686758820,+3.48,+15.233,+10.356,+0.940
1686758880,+3.48,+15.259,+10.371,+0.941
1686758940,+3.48,+15.199,+10.383,+0.941
1686759000,+3.48,+15.268,+10.332,+0.940
1686759060,+3.48,+15.276,+10.316,+0.941
1686759120,+3.48,+15.319,+10.307,+0.941
1686759180,+3.48,+15.388,+10.263,+0.940
1686759240,+3.48,+15.345,+10.232,+0.941
1686759300,+3.48,+15.302,+10.205,+0.941
1686759360,+3.48,+15.319,+10.194,+0.941
1686759420,+3.48,+15.225,+10.329,+0.941
1686759480,+3.48,+15.268,+10.457,+0.941
1686759540,+3.48,+15.164,+10.519,+0.941
1686759600,+3.48,+15.147,+10.515,+0.941
1686759660,+3.48,+15.225,+10.444,+0.941
1686759720,+3.47,+15.173,+10.481,+0.941
1686759780,+3.47,+15.216,+10.459,+0.941
1686759840,+3.48,+15.207,+10.403,+0.941
1686759900,+3.48,+15.268,+10.320,+0.941
1686759960,+3.48,+15.216,+10.331,+0.940
1686760020,+3.48,+15.259,+10.332,+0.941
1686760080,+3.48,+15.285,+10.320,+0.941
1686760140,+3.48,+15.250,+10.331,+0.941
1686760200,+3.47,+15.242,+10.315,+0.941
1686760260,+3.48,+15.285,+10.290,+0.941
1686760320,+3.48,+15.259,+10.296,+0.941
1686760380,+3.47,+15.268,+10.279,+0.941
1686760440,+3.47,+15.285,+10.269,+0.941
1686760500,+3.48,+15.268,+10.366,+0.942
1686760560,+3.47,+15.250,+10.401,+0.941
1686760620,+3.48,+15.276,+10.403,+0.941
1686760680,+3.47,+15.250,+10.390,+0.940
1686760740,+3.47,+15.302,+10.367,+0.941
1686760800,+3.48,+15.250,+10.381,+0.941
1686760860,+3.48,+15.302,+10.371,+0.941
1686760920,+3.47,+15.242,+10.342,+0.941
1686760980,+3.48,+15.207,+10.206,+0.941
1686761040,+3.48,+15.001, +9.829,+0.940
1686761100,+3.48,+14.975,+10.011,+0.941
1686761160,+3.48,+15.001,+10.167,+0.940
1686761220,+3.48,+14.958,+10.251,+0.941
1686761280,+3.48,+14.975,+10.280,+0.941
1686761340,+3.48,+14.940,+10.306,+0.941
1686761400,+3.48,+14.958,+10.285,+0.940
1686761460,+3.48,+15.009,+10.273,+0.941
1686761520,+3.48,+14.992,+10.277,+0.941
1686761580,+3.48,+14.949,+10.249,+0.941
1686761640,+3.48,+14.975,+10.204,+0.941
1686761700,+3.47,+14.975,+10.196,+0.941
1686761760,+3.48,+14.897,+10.182,+0.940
1686761820,+3.48,+14.837,+10.120,+0.941
1686761880,+3.48,+14.854,+10.102,+0.941
1686761940,+3.48,+14.828,+10.090,+0.941
1686762000,+3.48,+14.863,+10.065,+0.941
1686762060,+3.48,+14.871,+10.109,+0.941
1686762120,+3.48,+14.845,+10.127,+0.941
1686762180,+3.48,+14.854,+10.144,+0.941
1686762240,+3.48,+14.854,+10.241,+0.941
1686762300,+3.48,+14.845,+10.321,+0.941
1686762360,+3.48,+14.871,+10.325,+0.941
1686762420,+3.48,+14.906,+10.334,+0.941
1686762480,+3.48,+14.889,+10.324,+0.941
1686762540,+3.48,+14.863,+10.288,+0.941
1686762600,+3.48,+14.914,+10.247,+0.941
1686762660,+3.48,+14.837,+10.217,+0.940
1686762720,+3.48,+14.828,+10.208,+0.941
1686762780,+3.48,+14.845,+10.292,+0.941
1686762840,+3.48,+14.863,+10.424,+0.942
1686762900,+3.48,+14.819,+10.265,+0.940
1686762960,+3.48,+14.742,+10.193,+0.941
1686763020,+3.48,+14.785,+10.231,+0.941
1686763080,+3.48,+14.776,+10.259,+0.941
1686763140,+3.48,+14.794,+10.210,+0.940
1686763200,+3.47,+14.750,+10.374,+0.942
1686763260,+3.48,+14.750,+10.442,+0.941
1686763320,+3.48,+14.776,+10.460,+0.942
1686763380,+3.48,+14.776,+10.462,+0.941
1686763440,+3.48,+14.750,+10.404,+0.941
1686763500,+3.48,+14.776,+10.344,+0.941
1686763560,+3.48,+14.794,+10.347,+0.941
1686763620,+3.48,+14.906,+10.319,+0.941
1686763680,+3.48,+14.975,+10.298,+0.941
1686763740,+3.47,+15.044,+10.338,+0.941
1686763800,+3.48,+15.104,+10.366,+0.942
1686763860,+3.48,+15.026,+10.074,+0.941
1686763920,+3.48,+14.923,+10.251,+0.941
1686763980,+3.48,+14.785,+10.240,+0.940
1686764040,+3.48,+14.716,+10.253,+0.941
1686764100,+3.48,+14.612,+10.171,+0.940
1686764160,+3.48,+14.569,+10.089,+0.940
1686764220,+3.47,+14.456,+10.042,+0.940
1686764280,+3.47,+14.326,+10.039,+0.941
1686764340,+3.47,+14.309, +9.969,+0.940
1686764400,+3.47,+14.352,+10.027,+0.941
1686764460,+3.48,+14.422,+10.037,+0.940
1686764520,+3.48,+14.413,+10.049,+0.941
1686764580,+3.47,+14.465,+10.082,+0.941
1686764640,+3.47,+14.508,+10.156,+0.941
1686764700,+3.47,+14.543,+10.211,+0.941
1686764760,+3.47,+14.534,+10.171,+0.941
1686764820,+3.47,+14.534,+10.125,+0.941
1686764880,+3.47,+14.500,+10.108,+0.941
1686764940,+3.48,+14.491,+10.102,+0.940
1686765000,+3.47,+14.526,+10.088,+0.941
1686765060,+3.47,+14.543,+10.087,+0.941
1686765120,+3.47,+14.577,+10.079,+0.941
1686765180,+3.47,+14.612,+10.078,+0.941
1686765240,+3.47,+14.647,+10.083,+0.941
1686765300,+3.48,+14.655,+10.104,+0.941
1686765360,+3.48,+14.655,+10.111,+0.940
1686765420,+3.48,+14.699,+10.106,+0.941
1686765480,+3.48,+14.733,+10.096,+0.940
1686765540,+3.48,+14.750,+10.116,+0.941
1686765600,+3.48,+14.690,+10.006,+0.941
1686765660,+3.47,+14.690,+10.073,+0.941
1686765720,+3.47,+14.699,+10.078,+0.941
1686765780,+3.47,+14.655,+10.089,+0.940
1686765840,+3.48,+14.647,+10.093,+0.941
1686765900,+3.47,+14.577,+10.092,+0.941
1686765960,+3.48,+14.586,+10.075,+0.941
1686766020,+3.47,+14.517,+10.082,+0.941
1686766080,+3.47,+14.552,+10.060,+0.941
1686766140,+3.47,+14.508,+10.046,+0.940
1686766200,+3.48,+14.517,+10.021,+0.940
1686766260,+3.47,+14.274, +9.662,+0.939
1686766320,+3.47,+14.066, +9.632,+0.939
1686766380,+3.48,+13.935, +9.700,+0.940
1686766440,+3.48,+13.900, +9.683,+0.939
1686766500,+3.48,+13.787, +9.651,+0.939
1686766560,+3.48,+13.691, +9.671,+0.940
1686766620,+3.48,+13.735, +9.689,+0.939
1686766680,+3.48,+13.656, +9.751,+0.940
1686766740,+3.48,+13.682, +9.779,+0.940
1686766800,+3.48,+13.674, +9.815,+0.941
1686766860,+3.48,+13.761, +9.818,+0.941
1686766920,+3.48,+13.831, +9.794,+0.940
1686766980,+3.47,+13.787, +9.736,+0.940
1686767040,+3.48,+13.796, +9.740,+0.941
1686767100,+3.48,+13.743, +9.755,+0.940
1686767160,+3.48,+13.770, +9.740,+0.940
1686767220,+3.48,+13.778, +9.777,+0.941
1686767280,+3.48,+13.770, +9.813,+0.940
1686767340,+3.48,+13.909, +9.828,+0.941
1686767400,+3.47,+14.005, +9.863,+0.941
1686767460,+3.48,+14.048, +9.809,+0.940
1686767520,+3.48,+13.918, +9.676,+0.940
1686767580,+3.48,+13.804, +9.595,+0.940
1686767640,+3.47,+13.726, +9.567,+0.940
1686767700,+3.48,+13.700, +9.564,+0.940
1686767760,+3.48,+13.735, +9.573,+0.940
1686767820,+3.48,+13.813, +9.574,+0.940
1686767880,+3.48,+13.752, +9.612,+0.940
1686767940,+3.48,+13.804, +9.643,+0.940
1686768000,+3.48,+13.874, +9.667,+0.940
1686768060,+3.47,+13.909, +9.722,+0.941
1686768120,+3.47,+13.996, +9.821,+0.940
1686768180,+3.47,+14.031, +9.846,+0.940
1686768240,+3.48,+14.022, +9.851,+0.941
1686768300,+3.47,+13.918, +9.842,+0.940
1686768360,+3.47,+13.918, +9.819,+0.940
1686768420,+3.48,+13.900, +9.820,+0.940
1686768480,+3.48,+13.900, +9.823,+0.940
1686768540,+3.48,+13.874, +9.729,+0.940
1686768600,+3.48,+13.709, +9.609,+0.940
1686768660,+3.48,+13.578, +9.582,+0.940
1686768720,+3.48,+13.525, +9.560,+0.940
1686768780,+3.47,+13.499, +9.535,+0.940
1686768840,+3.47,+13.420, +9.497,+0.940
1686768900,+3.47,+13.376, +9.503,+0.940
1686768960,+3.47,+13.333, +9.488,+0.940
1686769020,+3.47,+13.324, +9.492,+0.940
1686769080,+3.47,+13.262, +9.534,+0.940
1686769140,+3.47,+13.280, +9.584,+0.940
1686769200,+3.47,+13.341, +9.575,+0.941
1686769260,+3.47,+13.368, +9.554,+0.940
1686769320,+3.47,+13.333, +9.544,+0.940
1686769380,+3.47,+13.324, +9.609,+0.940
1686769440,+3.47,+13.262, +9.662,+0.940
1686769500,+3.47,+13.262, +9.687,+0.941
1686769560,+3.47,+13.219, +9.704,+0.940
1686769620,+3.47,+13.254, +9.699,+0.940
1686769680,+3.47,+13.219, +9.675,+0.941
1686769740,+3.47,+13.306, +9.599,+0.940
1686769800,+3.47,+13.280, +9.630,+0.940
1686769860,+3.47,+13.324, +9.625,+0.941
1686769920,+3.47,+13.359, +9.694,+0.941
1686769980,+3.47,+13.368, +9.772,+0.940
1686770040,+3.47,+13.429, +9.809,+0.941
1686770100,+3.47,+13.333, +9.915,+0.940
1686770160,+3.47,+13.306, +9.829,+0.940
1686770220,+3.47,+13.236, +9.835,+0.941
1686770280,+3.47,+13.219, +9.813,+0.940
1686770340,+3.47,+13.245, +9.794,+0.940
1686770400,+3.48,+13.227, +9.807,+0.941
1686770460,+3.47,+13.227, +9.800,+0.940
1686770520,+3.47,+13.192, +9.785,+0.940
1686770580,+3.47,+13.192, +9.744,+0.941
1686770640,+3.47,+13.166, +9.697,+0.940
1686770700,+3.47,+13.157, +9.676,+0.940
1686770760,+3.47,+13.104, +9.665,+0.940
1686770820,+3.47,+13.122, +9.639,+0.940
1686770880,+3.47,+13.060, +9.658,+0.940
1686770940,+3.47,+13.113, +9.634,+0.940
1686771000,+3.48,+13.166, +9.627,+0.940
1686771060,+3.48,+13.060, +9.652,+0.941
1686771120,+3.47,+13.166, +9.593,+0.941
1686771180,+3.47,+13.104, +9.617,+0.940
1686771240,+3.47,+13.122, +9.618,+0.941
1686771300,+3.47,+13.087, +9.570,+0.941
1686771360,+3.47,+13.052, +9.588,+0.940
1686771420,+3.47,+12.973, +9.553,+0.940
1686771480,+3.47,+13.017, +9.578,+0.940
1686771540,+3.48,+13.008, +9.650,+0.940
1686771600,+3.47,+12.937, +9.716,+0.941
1686771660,+3.47,+12.929, +9.713,+0.940
1686771720,+3.47,+12.955, +9.597,+0.940
1686771780,+3.47,+12.867, +9.611,+0.941
1686771840,+3.48,+12.911, +9.567,+0.941
1686771900,+3.47,+12.937, +9.547,+0.940
1686771960,+3.47,+12.893, +9.570,+0.941
1686772020,+3.47,+12.973, +9.535,+0.940
1686772080,+3.47,+12.929, +9.560,+0.941
1686772140,+3.47,+12.990, +9.552,+0.941
1686772200,+3.47,+13.078, +9.530,+0.940
1686772260,+3.47,+13.122, +9.530,+0.940
1686772320,+3.47,+13.122, +9.560,+0.940
1686772380,+3.47,+13.052, +9.539,+0.940
1686772440,+3.47,+13.034, +9.584,+0.940
1686772500,+3.47,+12.973, +9.705,+0.940
1686772560,+3.47,+12.876, +9.766,+0.940
1686772620,+3.47,+12.840, +9.687,+0.940
1686772680,+3.47,+12.805, +9.606,+0.940
1686772740,+3.47,+12.761, +9.564,+0.940
1686772800,+3.47,+12.752, +9.502,+0.940
1686772860,+3.47,+12.717, +9.485,+0.940
1686772920,+3.47,+12.752, +9.453,+0.940
1686772980,+3.47,+12.691, +9.486,+0.940
1686773040,+3.47,+12.717, +9.454,+0.940
1686773100,+3.48,+12.682, +9.442,+0.940
1686773160,+3.47,+12.655, +9.445,+0.941
1686773220,+3.47,+12.646, +9.445,+0.941
1686773280,+3.47,+12.673, +9.422,+0.940
1686773340,+3.47,+12.708, +9.427,+0.941
1686773400,+3.47,+12.708, +9.441,+0.940
1686773460,+3.47,+12.735, +9.484,+0.940
1686773520,+3.47,+12.708, +9.514,+0.940
1686773580,+3.48,+12.691, +9.497,+0.940
1686773640,+3.47,+12.664, +9.480,+0.941
1686773700,+3.47,+12.717, +9.459,+0.941
1686773760,+3.48,+12.832, +9.444,+0.941
1686773820,+3.47,+12.902, +9.457,+0.941
1686773880,+3.47,+13.008, +9.446,+0.941
1686773940,+3.47,+13.087, +9.465,+0.941
1686774000,+3.47,+13.131, +9.506,+0.941
1686774060,+3.47,+13.210, +9.485,+0.941
1686774120,+3.47,+13.271, +9.456,+0.941
1686774180,+3.47,+13.280, +9.437,+0.941
1686774240,+3.47,+13.315, +9.407,+0.940
1686774300,+3.47,+13.289, +9.510,+0.940
1686774360,+3.47,+13.324, +9.490,+0.941
1686774420,+3.47,+13.289, +9.476,+0.941
1686774480,+3.47,+13.297, +9.449,+0.941
1686774540,+3.47,+13.219, +9.439,+0.941
1686774600,+3.47,+13.262, +9.382,+0.941
1686774660,+3.47,+13.306, +9.418,+0.941
1686774720,+3.47,+13.376, +9.463,+0.940
1686774780,+3.47,+13.420, +9.469,+0.940
1686774840,+3.47,+13.499, +9.450,+0.941
1686774900,+3.47,+13.516, +9.458,+0.941
1686774960,+3.47,+13.578, +9.448,+0.940
1686775020,+3.47,+13.604, +9.444,+0.941
1686775080,+3.47,+13.639, +9.384,+0.940
1686775140,+3.48,+13.630, +9.344,+0.941
1686775200,+3.47,+13.639, +9.366,+0.941
1686775260,+3.47,+13.682, +9.355,+0.941
1686775320,+3.47,+13.674, +9.408,+0.941
1686775380,+3.47,+13.656, +9.443,+0.940
1686775440,+3.47,+13.647, +9.441,+0.940
1686775500,+3.47,+13.639, +9.456,+0.940
1686775560,+3.47,+13.674, +9.441,+0.941
1686775620,+3.47,+13.665, +9.400,+0.940
1686775680,+3.47,+13.700, +9.366,+0.940
1686775740,+3.47,+13.717, +9.067,+0.940
1686775800,+3.47,+13.586, +9.484,+0.940
1686775860,+3.47,+13.499, +9.557,+0.940
1686775920,+3.47,+13.333, +9.612,+0.940
1686775980,+3.47,+13.289, +9.564,+0.940
1686776040,+3.47,+13.289, +9.566,+0.940
1686776100,+3.47,+13.219, +9.514,+0.940
1686776160,+3.47,+13.227, +9.436,+0.940
1686776220,+3.47,+13.236, +9.402,+0.940
1686776280,+3.47,+13.245, +9.391,+0.941
1686776340,+3.47,+13.262, +9.326,+0.940
1686776400,+3.47,+13.148, +9.420,+0.939
1686776460,+3.47,+13.008, +9.575,+0.940
1686776520,+3.47,+12.929, +9.555,+0.940
1686776580,+3.47,+12.876, +9.526,+0.940
1686776640,+3.47,+12.805, +9.543,+0.940
1686776700,+3.47,+12.832, +9.517,+0.940
1686776760,+3.47,+12.832, +9.504,+0.940
1686776820,+3.47,+12.770, +9.530,+0.940
1686776880,+3.47,+12.849, +9.527,+0.940
1686776940,+3.47,+12.902, +9.464,+0.940
1686777000,+3.47,+12.973, +9.349,+0.940
1686777060,+3.47,+12.840, +9.461,+0.940
1686777120,+3.47,+12.752, +9.288,+0.940
1686777180,+3.47,+12.620, +9.240,+0.940
1686777240,+3.47,+12.585, +9.246,+0.940
1686777300,+3.47,+12.585, +9.267,+0.940
1686777360,+3.47,+12.593, +9.306,+0.940
1686777420,+3.47,+12.611, +9.304,+0.940
1686777480,+3.47,+12.549, +9.322,+0.940
1686777540,+3.47,+12.620, +9.325,+0.940
1686777600,+3.47,+12.717, +9.352,+0.941
1686777660,+3.47,+12.814, +9.341,+0.941
1686777720,+3.47,+12.893, +9.394,+0.941
1686777780,+3.47,+13.069, +9.360,+0.940
1686777840,+3.47,+13.113, +9.392,+0.941
1686777900,+3.47,+13.262, +9.425,+0.941
1686777960,+3.47,+13.359, +9.476,+0.941
1686778020,+3.47,+13.411, +9.587,+0.941
1686778080,+3.47,+13.569, +9.673,+0.941
1686778140,+3.47,+13.639, +9.717,+0.940
1686778200,+3.47,+13.691, +9.753,+0.941
1686778260,+3.47,+13.752, +9.713,+0.940
1686778320,+3.47,+13.743, +9.722,+0.941
1686778380,+3.47,+13.822, +9.674,+0.941
1686778440,+3.47,+14.031, +9.673,+0.942
1686778500,+3.47,+14.196, +9.670,+0.941
1686778560,+3.47,+14.266, +9.475,+0.941
1686778620,+3.47,+14.213, +9.387,+0.940
1686778680,+3.47,+14.187, +9.397,+0.941
1686778740,+3.47,+14.292, +9.412,+0.941
1686778800,+3.47,+14.413, +9.512,+0.941
1686778860,+3.47,+14.474, +9.632,+0.941
1686778920,+3.47,+14.560, +9.698,+0.941
1686778980,+3.47,+14.456, +9.495,+0.940
1686779040,+3.47,+14.196, +9.649,+0.940
1686779100,+3.47,+14.031, +9.839,+0.940
1686779160,+3.47,+13.874,+10.099,+0.940
1686779220,+3.47,+13.831,+10.117,+0.940
1686779280,+3.47,+13.831,+10.088,+0.940
1686779340,+3.47,+13.691,+10.294,+0.940
1686779400,+3.47,+13.604,+10.550,+0.941
1686779460,+3.47,+13.630,+10.513,+0.941
1686779520,+3.47,+13.595,+10.531,+0.941
1686779580,+3.47,+13.621,+10.514,+0.941
1686779640,+3.47,+13.630,+10.482,+0.941
1686779700,+3.47,+13.595,+10.455,+0.941
1686779760,+3.47,+13.996,+10.023,+0.942
1686779820,+3.47,+14.396, +9.813,+0.941
1686779880,+3.47,+14.066,+10.015,+0.940
1686779940,+3.47,+13.900,+10.401,+0.940
1686780000,+3.47,+13.717,+10.713,+0.941
1686780060,+3.47,+13.647,+10.504,+0.941
1686780120,+3.47,+13.490, +9.823,+0.940
1686780180,+3.47,+13.368, +9.863,+0.939
1686780240,+3.47,+13.289, +9.946,+0.940
1686780300,+3.47,+13.227,+10.011,+0.940
1686780360,+3.47,+13.341,+10.080,+0.941
1686780420,+3.47,+13.420,+10.231,+0.941
1686780480,+3.47,+13.455,+10.281,+0.941
1686780540,+3.47,+13.639,+10.249,+0.941
1686780600,+3.47,+13.804,+10.217,+0.942
1686780660,+3.47,+14.370,+10.155,+0.942
1686780720,+3.47,+14.733,+10.082,+0.942
1686780780,+3.47,+14.983,+10.101,+0.942
1686780840,+3.47,+15.319,+10.195,+0.943
1686780900,+3.47,+15.628,+10.240,+0.942
1686780960,+3.47,+15.808,+10.473,+0.943
1686781020,+3.47,+16.099,+10.649,+0.943
1686781080,+3.47,+16.133,+10.692,+0.943
1686781140,+3.47,+16.253,+10.665,+0.943
1686781200,+3.47,+16.287,+10.613,+0.942
1686781260,+3.47,+16.312,+10.712,+0.942
1686781320,+3.47,+16.295,+10.417,+0.941
1686781380,+3.47,+16.073,+10.074,+0.941
1686781440,+3.47,+15.979,+10.038,+0.940
1686781500,+3.47,+15.825,+10.043,+0.941
1686781560,+3.47,+15.817,+10.018,+0.940
1686781620,+3.47,+15.782,+10.011,+0.940
1686781680,+3.47,+15.671, +9.999,+0.940
1686781740,+3.47,+15.637, +9.970,+0.940
1686781800,+3.47,+15.680, +9.862,+0.940
1686781860,+3.47,+15.371, +9.481,+0.939
1686781920,+3.47,+14.880, +9.537,+0.938
1686781980,+3.47,+14.491, +9.788,+0.939
1686782040,+3.47,+14.283, +9.875,+0.939
1686782100,+3.47,+14.127, +9.898,+0.939
1686782160,+3.47,+14.127, +9.954,+0.940
1686782220,+3.47,+14.344, +9.861,+0.940
1686782280,+3.47,+14.629, +9.770,+0.940
1686782340,+3.47,+14.932, +9.799,+0.941
1686782400,+3.47,+15.276, +9.987,+0.942
1686782460,+3.47,+15.637,+10.305,+0.942
1686782520,+3.47,+15.851,+10.314,+0.942
1686782580,+3.47,+15.851,+10.096,+0.941
1686782640,+3.47,+15.782, +9.949,+0.941
1686782700,+3.47,+15.705, +9.643,+0.940
1686782760,+3.47,+15.414, +9.578,+0.939
1686782820,+3.47,+15.225, +9.604,+0.939
1686782880,+3.47,+15.001, +9.513,+0.939
1686782940,+3.47,+14.586, +9.560,+0.938
1686783000,+3.47,+14.387, +9.723,+0.939
1686783060,+3.47,+14.231, +9.777,+0.939
1686783120,+3.47,+14.187, +9.798,+0.939
1686783180,+3.47,+14.127, +9.803,+0.940
1686783240,+3.47,+14.127, +9.739,+0.940
1686783300,+3.47,+14.248, +9.711,+0.940
1686783360,+3.47,+14.335, +9.654,+0.940
1686783420,+3.47,+14.231, +9.677,+0.940
1686783480,+3.47,+14.179, +9.693,+0.940
1686783540,+3.47,+14.127, +9.686,+0.940
1686783600,+3.47,+14.066, +9.706,+0.939
1686783660,+3.47,+14.170, +9.799,+0.941
1686783720,+3.47,+14.413, +9.809,+0.941
1686783780,+3.47,+14.655, +9.757,+0.941
1686783840,+3.47,+14.776, +9.726,+0.941
1686783900,+3.47,+14.837, +9.493,+0.939
1686783960,+3.47,+14.361, +9.610,+0.939
1686784020,+3.47,+14.040, +9.866,+0.939
1686784080,+3.47,+13.752, +9.768,+0.939
1686784140,+3.47,+13.525, +9.477,+0.939
1686784200,+3.47,+13.403, +9.453,+0.939
1686784260,+3.47,+13.289, +9.485,+0.939
1686784320,+3.47,+13.201, +9.547,+0.939
1686784380,+3.47,+13.210, +9.601,+0.940
1686784440,+3.47,+13.227, +9.628,+0.940
1686784500,+3.47,+13.359, +9.829,+0.940
1686784560,+3.47,+13.525, +9.770,+0.940
1686784620,+3.47,+13.446, +9.679,+0.940
1686784680,+3.47,+13.227, +9.633,+0.940
1686784740,+3.47,+13.148, +9.704,+0.939
1686784800,+3.47,+12.823, +9.194,+0.939
1686784860,+3.47,+12.664, +9.087,+0.939
1686784920,+3.47,+12.461, +9.108,+0.939
1686784980,+3.47,+12.346, +9.103,+0.939
1686785040,+3.47,+12.310, +9.136,+0.939
1686785100,+3.47,+12.328, +9.323,+0.940
1686785160,+3.47,+12.452, +9.479,+0.940
1686785220,+3.47,+12.638, +9.603,+0.941
1686785280,+3.47,+12.761, +9.795,+0.940
1686785340,+3.47,+12.761, +9.847,+0.941
1686785400,+3.47,+12.796, +9.754,+0.941
1686785460,+3.47,+12.752, +9.651,+0.940
1686785520,+3.47,+12.699, +9.630,+0.940
1686785580,+3.47,+12.735, +9.544,+0.940
1686785640,+3.47,+12.699, +9.515,+0.940
1686785700,+3.47,+12.752, +9.584,+0.941
1686785760,+3.47,+13.324, +9.992,+0.943
1686785820,+3.47,+14.022,+10.013,+0.943
1686785880,+3.47,+14.370,+10.074,+0.943
1686785940,+3.47,+14.638,+10.092,+0.942
1686786000,+3.47,+14.552, +9.467,+0.939
1686786060,+3.47,+13.953, +9.439,+0.939
1686786120,+3.47,+13.735, +9.468,+0.940
1686786180,+3.47,+13.578, +9.479,+0.940
1686786240,+3.47,+13.446, +9.518,+0.940
1686786300,+3.47,+13.368, +9.423,+0.940
1686786360,+3.47,+13.315, +9.479,+0.940
1686786420,+3.47,+13.236, +9.536,+0.940
1686786480,+3.47,+13.210, +9.556,+0.940
1686786540,+3.47,+13.104, +9.550,+0.940
1686786600,+3.47,+13.060, +9.559,+0.940
1686786660,+3.47,+12.955, +9.650,+0.940
1686786720,+3.47,+12.990, +9.722,+0.940
1686786780,+3.47,+13.122, +9.755,+0.940
1686786840,+3.47,+13.140, +9.707,+0.940
1686786900,+3.47,+13.166, +9.727,+0.940
1686786960,+3.47,+13.104, +9.746,+0.939
1686787020,+3.47,+12.964, +9.957,+0.940
1686787080,+3.47,+12.946, +9.984,+0.940
1686787140,+3.47,+12.832, +9.974,+0.940
1686787200,+3.47,+12.885, +9.975,+0.940
1686787260,+3.47,+12.814, +9.976,+0.940
1686787320,+3.47,+12.849, +9.912,+0.940
1686787380,+3.47,+12.885, +9.784,+0.940
1686787440,+3.47,+12.867,+10.029,+0.941
1686787500,+3.47,+12.779, +9.962,+0.940
1686787560,+3.47,+12.752, +9.780,+0.940
1686787620,+3.47,+12.664, +9.749,+0.940
1686787680,+3.47,+12.664, +9.764,+0.941
1686787740,+3.47,+12.664, +9.746,+0.940
1686787800,+3.47,+12.673, +9.764,+0.941
1686787860,+3.47,+12.664, +9.737,+0.941
1686787920,+3.47,+12.620, +9.789,+0.941
1686787980,+3.47,+12.532, +9.548,+0.940
1686788040,+3.47,+12.434, +9.422,+0.940
1686788100,+3.47,+12.416, +9.510,+0.940
1686788160,+3.47,+12.443, +9.577,+0.940
1686788220,+3.47,+12.390, +9.579,+0.940
1686788280,+3.47,+12.354, +9.569,+0.940
1686788340,+3.47,+12.381, +9.451,+0.940
1686788400,+3.47,+12.399, +9.497,+0.940
1686788460,+3.47,+12.416, +9.542,+0.941
1686788520,+3.47,+12.523, +9.563,+0.941
1686788580,+3.47,+12.523, +9.654,+0.941
1686788640,+3.47,+12.523, +9.658,+0.941
1686788700,+3.47,+12.478, +9.681,+0.941
1686788760,+3.47,+12.461, +9.664,+0.940
1686788820,+3.47,+12.461, +9.626,+0.940
1686788880,+3.47,+12.452, +9.617,+0.941
1686788940,+3.47,+12.523, +9.600,+0.941
1686789000,+3.47,+12.514, +9.702,+0.941
1686789060,+3.47,+12.576, +9.813,+0.941
1686789120,+3.47,+12.593, +9.897,+0.941
1686789180,+3.47,+12.646, +9.862,+0.940
1686789240,+3.47,+12.611, +9.849,+0.941
1686789300,+3.47,+12.602, +9.841,+0.940
1686789360,+3.47,+12.620, +9.817,+0.941
1686789420,+3.47,+12.691, +9.783,+0.940
1686789480,+3.47,+12.735, +9.824,+0.941
1686789540,+3.47,+12.858, +9.849,+0.941
1686789600,+3.47,+12.876, +9.994,+0.941
1686789660,+3.47,+12.840, +9.949,+0.940
1686789720,+3.47,+12.867, +9.975,+0.941
1686789780,+3.47,+12.796, +9.931,+0.940
1686789840,+3.47,+12.770, +9.862,+0.941
1686789900,+3.47,+12.858, +9.754,+0.940
1686789960,+3.47,+12.885, +9.797,+0.941
1686790020,+3.47,+13.008, +9.747,+0.941
1686790080,+3.47,+13.017, +9.779,+0.941
1686790140,+3.47,+13.008, +9.829,+0.941
1686790200,+3.47,+12.981, +9.871,+0.940
1686790260,+3.47,+12.902, +9.932,+0.941
1686790320,+3.47,+12.902, +9.985,+0.941
1686790380,+3.47,+12.823, +9.957,+0.940
1686790440,+3.47,+12.814, +9.930,+0.940
1686790500,+3.47,+12.814, +9.922,+0.941
1686790560,+3.47,+12.814, +9.918,+0.940
1686790620,+3.47,+12.735, +9.925,+0.940
1686790680,+3.47,+12.726, +9.823,+0.940
1686790740,+3.47,+12.682, +9.557,+0.940
1686790800,+3.47,+12.363, +9.000,+0.939
1686790860,+3.47,+11.955, +8.643,+0.938
1686790920,+3.47,+11.642, +8.705,+0.939
1686790980,+3.47,+11.562, +8.698,+0.939
1686791040,+3.47,+11.391, +8.682,+0.939
1686791100,+3.47,+11.266, +8.687,+0.939
1686791160,+3.47,+11.203, +8.696,+0.939
1686791220,+3.47,+11.230, +8.706,+0.939
1686791280,+3.47,+11.257, +8.751,+0.939
1686791340,+3.47,+11.113, +8.756,+0.939
1686791400,+3.47,+10.987, +8.732,+0.939
1686791460,+3.47,+10.752, +8.650,+0.938
1686791520,+3.47,+10.598, +8.659,+0.939
1686791580,+3.47,+10.507, +8.645,+0.939
1686791640,+3.47,+10.443, +8.648,+0.939
1686791700,+3.47,+10.570, +8.752,+0.940
1686791760,+3.47,+10.869, +8.829,+0.940
1686791820,+3.47,+11.104, +8.870,+0.940
1686791880,+3.47,+11.320, +8.918,+0.940
1686791940,+3.47,+11.427, +9.017,+0.941
1686792000,+3.47,+11.642, +9.058,+0.941
1686792060,+3.47,+11.767, +9.156,+0.941
1686792120,+3.47,+11.955, +9.179,+0.941
1686792180,+3.47,+11.999, +9.289,+0.942
1686792240,+3.47,+12.133, +9.387,+0.941
1686792300,+3.47,+12.292, +9.433,+0.941
1686792360,+3.47,+12.425, +9.645,+0.941
1686792420,+3.47,+12.514, +9.746,+0.941
1686792480,+3.47,+12.585, +9.832,+0.941
1686792540,+3.47,+12.620, +9.815,+0.941
1686792600,+3.47,+12.629, +9.739,+0.941
1686792660,+3.47,+12.549, +9.642,+0.941
1686792720,+3.47,+12.602, +9.588,+0.941
1686792780,+3.47,+12.593, +9.591,+0.941
1686792840,+3.47,+12.585, +9.602,+0.941
1686792900,+3.47,+12.655, +9.659,+0.941
1686792960,+3.47,+12.585, +9.626,+0.940
1686793020,+3.47,+12.337, +8.994,+0.939
1686793080,+3.47,+11.928, +8.764,+0.939
1686793140,+3.47,+11.607, +8.802,+0.939
1686793200,+3.47,+11.427, +8.808,+0.939
1686793260,+3.47,+11.311, +8.809,+0.939
1686793320,+3.47,+11.230, +8.813,+0.939
1686793380,+3.47,+11.221, +8.833,+0.939
1686793440,+3.47,+11.248, +8.848,+0.940
1686793500,+3.47,+11.266, +8.833,+0.939
1686793560,+3.47,+11.266, +8.849,+0.940
1686793620,+3.47,+11.329, +8.836,+0.940
1686793680,+3.47,+11.248, +8.870,+0.940
1686793740,+3.47,+11.293, +8.838,+0.940
1686793800,+3.47,+11.266, +8.831,+0.940
1686793860,+3.47,+11.239, +8.829,+0.939
1686793920,+3.47,+11.248, +8.853,+0.940
1686793980,+3.47,+11.284, +8.842,+0.940
1686794040,+3.47,+11.436, +8.935,+0.940
1686794100,+3.47,+11.607, +9.071,+0.941
1686794160,+3.47,+11.901, +9.229,+0.941
1686794220,+3.47,+12.061, +9.656,+0.941
1686794280,+3.47,+12.177, +9.734,+0.941
1686794340,+3.47,+12.204, +9.731,+0.941
1686794400,+3.47,+12.230, +9.685,+0.941
1686794460,+3.47,+12.248, +9.632,+0.940
1686794520,+3.47,+12.221, +9.556,+0.941
1686794580,+3.47,+12.292, +9.514,+0.941
1686794640,+3.47,+12.363, +9.532,+0.941
1686794700,+3.47,+12.390, +9.550,+0.941
1686794760,+3.47,+12.532, +9.563,+0.941
1686794820,+3.47,+12.496, +9.655,+0.941
1686794880,+3.47,+12.532, +9.674,+0.941
1686794940,+3.47,+12.629, +9.635,+0.941
1686795000,+3.47,+12.691, +9.645,+0.941
1686795060,+3.47,+12.999, +9.679,+0.942
1686795120,+3.47,+13.621, +9.774,+0.942
1686795180,+3.47,+14.196, +9.839,+0.943
1686795240,+3.47,+14.673, +9.827,+0.943
1686795300,+3.47,+14.871, +9.665,+0.942
1686795360,+3.47,+14.733, +9.450,+0.941
1686795420,+3.47,+14.448, +9.368,+0.940
1686795480,+3.47,+14.283, +9.255,+0.940
1686795540,+3.47,+14.022, +9.171,+0.939
1686795600,+3.47,+13.857, +9.225,+0.940
1686795660,+3.47,+13.691, +9.268,+0.940
1686795720,+3.47,+13.604, +9.312,+0.940
1686795780,+3.47,+13.674, +9.334,+0.940
1686795840,+3.47,+13.700, +9.300,+0.940
1686795900,+3.47,+13.464, +9.465,+0.939
1686795960,+3.47,+13.341, +9.498,+0.940
1686796020,+3.47,+13.201, +9.636,+0.940
1686796080,+3.47,+13.166, +9.581,+0.940
1686796140,+3.47,+13.201, +9.507,+0.941
1686796200,+3.47,+13.297, +9.516,+0.941
1686796260,+3.47,+13.848, +9.688,+0.943
1686796320,+3.47,+14.638, +9.485,+0.940
1686796380,+3.47,+14.266, +9.306,+0.939
1686796440,+3.47,+14.153, +9.630,+0.941
1686796500,+3.47,+14.508, +9.699,+0.942
1686796560,+3.47,+14.716, +9.577,+0.941
1686796620,+3.47,+14.586, +9.442,+0.940
1686796680,+3.47,+14.318, +9.313,+0.939
1686796740,+3.47,+14.048, +9.336,+0.939
1686796800,+3.47,+14.239, +9.487,+0.941
1686796860,+3.47,+14.638, +9.091,+0.938
1686796920,+3.47,+13.961, +9.229,+0.938
1686796980,+3.47,+13.604, +9.430,+0.939
1686797040,+3.47,+13.411, +9.473,+0.939
1686797100,+3.47,+13.770, +9.923,+0.943
1686797160,+3.47,+14.759,+10.109,+0.943
1686797220,+3.47,+15.336, +9.906,+0.942
1686797280,+3.47,+15.680, +9.896,+0.943
1686797340,+3.47,+16.116, +9.847,+0.942
1686797400,+3.47,+16.508, +9.757,+0.942
1686797460,+3.47,+16.738, +9.687,+0.942
1686797520,+3.47,+16.925, +9.709,+0.942
1686797580,+3.47,+16.662, +9.444,+0.940
1686797640,+3.47,+16.150, +9.194,+0.939
1686797700,+3.47,+15.508, +9.124,+0.938
1686797760,+3.47,+15.052, +9.283,+0.939
1686797820,+3.47,+15.164, +9.324,+0.940
1686797880,+3.47,+15.396, +9.417,+0.940
1686797940,+3.47,+15.757, +9.623,+0.942
1686798000,+3.47,+16.159, +9.683,+0.941
1686798060,+3.47,+16.346, +9.634,+0.941
1686798120,+3.47,+16.432, +9.644,+0.941
1686798180,+3.47,+16.602, +9.646,+0.941
1686798240,+3.47,+16.517, +9.759,+0.941
1686798300,+3.47,+16.457, +9.783,+0.941
1686798360,+3.47,+16.543, +9.839,+0.941
1686798420,+3.47,+16.713, +9.789,+0.941
1686798480,+3.47,+16.874, +9.726,+0.941
1686798540,+3.47,+17.044, +9.743,+0.942
1686798600,+3.47,+17.146, +9.698,+0.942
1686798660,+3.47,+17.299, +9.684,+0.942
1686798720,+3.47,+17.485, +9.731,+0.942
1686798780,+3.47,+18.060, +9.343,+0.943
1686798840,+3.47,+18.718, +9.135,+0.943
1686798900,+3.47,+19.265, +9.126,+0.943
1686798960,+3.47,+19.559, +9.088,+0.943
1686799020,+3.47,+19.811, +9.093,+0.944
1686799080,+3.47,+19.987, +9.024,+0.943
1686799140,+3.47,+20.071, +9.018,+0.944
1686799200,+3.47,+20.222, +8.957,+0.944
1686799260,+3.47,+20.373, +8.829,+0.943
1686799320,+3.47,+20.414, +8.832,+0.943
1686799380,+3.47,+20.515, +8.816,+0.943
1686799440,+3.47,+20.507, +8.803,+0.943
1686799500,+3.47,+20.079, +8.622,+0.941
1686799560,+3.47,+19.827, +8.714,+0.942
1686799620,+3.47,+19.576, +8.879,+0.942
1686799680,+3.47,+19.483, +8.882,+0.942
1686799740,+3.47,+19.458, +8.851,+0.942
1686799800,+3.47,+19.366, +8.736,+0.940
1686799860,+3.47,+18.600, +9.227,+0.941
1686799920,+3.47,+18.153, +9.264,+0.941
1686799980,+3.47,+17.671, +9.280,+0.940
1686800040,+3.47,+17.358, +9.397,+0.940
1686800100,+3.47,+17.189, +9.506,+0.941
1686800160,+3.47,+17.070, +9.517,+0.941
1686800220,+3.47,+16.976, +9.567,+0.941
1686800280,+3.47,+16.866, +9.670,+0.941
1686800340,+3.47,+16.764, +9.728,+0.941
1686800400,+3.47,+16.747, +9.722,+0.941
1686800460,+3.47,+16.764, +9.897,+0.941
1686800520,+3.47,+16.815, +9.853,+0.941
1686800580,+3.47,+16.840, +9.635,+0.940
1686800640,+3.47,+16.849, +9.509,+0.941
1686800700,+3.47,+16.772, +9.525,+0.941
1686800760,+3.47,+17.087, +9.420,+0.941
1686800820,+3.47,+17.417, +9.293,+0.941
1686800880,+3.47,+17.781, +9.142,+0.941
1686800940,+3.47,+18.102, +9.037,+0.942
1686801000,+3.47,+18.347, +8.974,+0.942
1686801060,+3.47,+18.659, +8.913,+0.942
1686801120,+3.47,+18.928, +8.924,+0.942
1686801180,+3.47,+19.298, +8.963,+0.943
1686801240,+3.47,+19.492, +8.963,+0.943
1686801300,+3.47,+19.634, +8.977,+0.943
1686801360,+3.47,+19.760, +8.945,+0.943
1686801420,+3.47,+19.534, +8.188,+0.938
1686801480,+3.47,+17.138, +8.286,+0.935
1686801540,+3.47,+15.560, +8.618,+0.936
1686801600,+3.47,+14.664, +8.965,+0.937
1686801660,+3.47,+14.213, +9.103,+0.938
1686801720,+3.47,+13.726, +9.164,+0.938
1686801780,+3.47,+13.429, +9.252,+0.938
1686801840,+3.47,+13.516, +9.528,+0.940
1686801900,+3.47,+14.638, +9.583,+0.941
1686801960,+3.47,+15.491, +9.598,+0.941
1686802020,+3.47,+16.082, +9.638,+0.942
1686802080,+3.47,+16.560, +9.718,+0.942
1686802140,+3.47,+16.976, +9.652,+0.942
1686802200,+3.47,+17.112, +9.441,+0.941
1686802260,+3.47,+17.002, +9.513,+0.941
1686802320,+3.47,+16.917, +9.558,+0.941
1686802380,+3.47,+16.653, +9.488,+0.939
1686802440,+3.47,+15.979, +8.975,+0.937
1686802500,+3.47,+15.018, +9.010,+0.937
1686802560,+3.47,+14.500, +9.120,+0.937
1686802620,+3.47,+14.153, +9.240,+0.938
1686802680,+3.47,+13.866, +9.222,+0.937
1686802740,+3.47,+13.481, +9.293,+0.938
1686802800,+3.47,+13.245, +9.436,+0.938
1686802860,+3.47,+13.122, +9.435,+0.938
1686802920,+3.47,+12.946, +9.488,+0.939
1686802980,+3.47,+12.876, +9.533,+0.939
1686803040,+3.47,+12.805, +9.578,+0.939
1686803100,+3.47,+12.805, +9.564,+0.939
1686803160,+3.47,+12.752, +9.574,+0.939
1686803220,+3.47,+12.726, +9.562,+0.939
1686803280,+3.47,+12.743, +9.572,+0.940
1686803340,+3.47,+12.655, +9.397,+0.939
1686803400,+3.47,+12.337, +9.130,+0.939
1686803460,+3.47,+12.115, +9.052,+0.939
1686803520,+3.47,+11.990, +9.040,+0.939
1686803580,+3.47,+11.901, +9.071,+0.939
1686803640,+3.47,+11.848, +9.065,+0.939
1686803700,+3.47,+11.821, +9.101,+0.940
1686803760,+3.47,+11.874, +9.100,+0.940
1686803820,+3.47,+11.803, +9.184,+0.940
1686803880,+3.47,+11.910, +9.177,+0.940
1686803940,+3.47,+11.901, +9.217,+0.940
1686804000,+3.47,+11.928, +9.241,+0.940
1686804060,+3.47,+11.990, +9.313,+0.940
1686804120,+3.47,+12.053, +9.408,+0.940
1686804180,+3.47,+12.106, +9.465,+0.940
1686804240,+3.47,+12.088, +9.497,+0.940
1686804300,+3.47,+12.088, +9.500,+0.940
1686804360,+3.47,+12.124, +9.475,+0.940
1686804420,+3.47,+12.115, +9.490,+0.941
1686804480,+3.47,+12.177, +9.543,+0.940
1686804540,+3.47,+12.239, +9.566,+0.941
1686804600,+3.47,+12.284, +9.584,+0.941
1686804660,+3.47,+12.337, +9.573,+0.941
1686804720,+3.47,+12.363, +9.549,+0.941
1686804780,+3.47,+12.434, +9.538,+0.941
1686804840,+3.47,+12.532, +9.485,+0.940
1686804900,+3.47,+12.514, +9.502,+0.941
1686804960,+3.47,+12.611, +9.484,+0.941
1686805020,+3.47,+12.602, +9.490,+0.940
1686805080,+3.47,+12.558, +9.509,+0.941
1686805140,+3.47,+12.576, +9.508,+0.940
1686805200,+3.47,+12.576, +9.467,+0.940
1686805260,+3.47,+12.549, +9.481,+0.941
1686805320,+3.47,+12.699, +9.413,+0.941
1686805380,+3.47,+12.823, +9.323,+0.940
1686805440,+3.47,+12.779, +9.293,+0.940
1686805500,+3.47,+12.682, +9.371,+0.940
1686805560,+3.47,+12.682, +9.445,+0.940
1686805620,+3.47,+12.602, +9.418,+0.941
1686805680,+3.47,+12.576, +9.609,+0.941
1686805740,+3.47,+12.523, +9.690,+0.940
1686805800,+3.47,+12.514, +9.743,+0.940
1686805860,+3.47,+12.487, +9.683,+0.941
1686805920,+3.47,+12.505, +9.543,+0.941
1686805980,+3.47,+12.611, +9.460,+0.941
1686806040,+3.47,+12.761, +9.448,+0.941
1686806100,+3.47,+12.876, +9.422,+0.941
1686806160,+3.47,+12.999, +9.397,+0.940
1686806220,+3.47,+13.025, +9.400,+0.941
1686806280,+3.47,+13.087, +9.407,+0.941
1686806340,+3.47,+13.271, +9.381,+0.941
1686806400,+3.47,+13.324, +9.332,+0.941
1686806460,+3.47,+13.490, +9.268,+0.941
1686806520,+3.47,+13.700, +9.248,+0.941
1686806580,+3.47,+13.804, +9.202,+0.941
1686806640,+3.47,+13.674, +9.174,+0.940
1686806700,+3.47,+13.411, +9.630,+0.940
1686806760,+3.47,+13.227, +9.852,+0.940
1686806820,+3.47,+13.157, +9.804,+0.940
1686806880,+3.47,+13.060, +9.782,+0.940
1686806940,+3.47,+13.069, +9.719,+0.941
1686807000,+3.47,+13.148, +9.589,+0.940
1686807060,+3.47,+13.403, +9.527,+0.941
1686807120,+3.47,+13.604, +9.483,+0.941
1686807180,+3.47,+13.961, +9.388,+0.941
1686807240,+3.47,+14.040, +9.313,+0.941
1686807300,+3.47,+14.074, +9.281,+0.940
1686807360,+3.47,+14.057, +9.269,+0.940
1686807420,+3.47,+14.074, +9.264,+0.940
1686807480,+3.47,+14.066, +9.256,+0.940
1686807540,+3.47,+14.057, +9.265,+0.941
1686807600,+3.47,+13.987, +9.300,+0.941
1686807660,+3.47,+14.092, +9.247,+0.940
1686807720,+3.47,+14.144, +9.255,+0.940
1686807780,+3.47,+14.231, +9.293,+0.941
1686807840,+3.47,+14.361, +9.343,+0.941
1686807900,+3.47,+14.552, +9.304,+0.940
1686807960,+3.47,+14.638, +9.297,+0.940
1686808020,+3.47,+14.621, +9.216,+0.940
1686808080,+3.47,+14.508, +9.258,+0.940
1686808140,+3.47,+14.543, +9.247,+0.940
1686808200,+3.47,+14.508, +9.234,+0.940
1686808260,+3.47,+14.543, +9.224,+0.940
1686808320,+3.47,+14.629, +9.280,+0.940
1686808380,+3.47,+14.794, +9.355,+0.941
1686808440,+3.47,+14.992, +9.361,+0.940
1686808500,+3.47,+15.095, +9.400,+0.941
1686808560,+3.47,+15.242, +9.531,+0.941
1686808620,+3.47,+15.431, +9.680,+0.941
1686808680,+3.47,+15.551, +9.835,+0.942
1686808740,+3.47,+15.731, +9.897,+0.941
1686808800,+3.47,+15.748,+10.034,+0.941
1686808860,+3.47,+15.697, +9.891,+0.942
1686808920,+3.47,+15.757, +9.834,+0.941
1686808980,+3.47,+15.620, +9.420,+0.940
1686809040,+3.47,+15.353, +9.244,+0.939
1686809100,+3.47,+15.190, +9.231,+0.940
1686809160,+3.47,+15.130, +9.252,+0.940
1686809220,+3.47,+15.070, +9.251,+0.939
1686809280,+3.47,+14.983, +9.260,+0.939
1686809340,+3.47,+14.906, +9.273,+0.940
1686809400,+3.47,+14.906, +9.324,+0.939
1686809460,+3.47,+15.001, +9.324,+0.940
1686809520,+3.47,+15.156, +9.579,+0.941
1686809580,+3.47,+15.439, +9.679,+0.941
1686809640,+3.47,+15.740, +9.710,+0.942
1686809700,+3.47,+16.236, +9.533,+0.941
1686809760,+3.47,+16.857, +9.478,+0.943
1686809820,+3.47,+17.646, +9.248,+0.943
1686809880,+3.47,+18.153, +9.099,+0.943
1686809940,+3.47,+18.566, +9.018,+0.943
1686810000,+3.47,+18.836, +8.917,+0.942
1686810060,+3.47,+19.063, +8.911,+0.943
1686810120,+3.47,+18.372, +9.177,+0.940
1686810180,+3.47,+17.638, +9.167,+0.939
1686810240,+3.47,+16.815, +8.951,+0.938
1686810300,+3.47,+16.329, +9.011,+0.938
1686810360,+3.47,+15.774, +9.042,+0.938
1686810420,+3.47,+15.431, +9.184,+0.939
1686810480,+3.47,+15.336, +9.214,+0.939
1686810540,+3.47,+15.259, +9.271,+0.939
1686810600,+3.47,+15.147, +9.323,+0.939
1686810660,+3.47,+15.164, +9.402,+0.939
1686810720,+3.47,+15.156, +9.462,+0.940
1686810780,+3.47,+15.130, +9.465,+0.939
1686810840,+3.47,+15.113, +9.475,+0.939
1686810900,+3.47,+15.130, +9.505,+0.940
1686810960,+3.47,+15.156, +9.558,+0.940
1686811020,+3.47,+15.268, +9.616,+0.940
1686811080,+3.47,+15.242, +9.474,+0.940
1686811140,+3.47,+15.087, +9.447,+0.939
1686811200,+3.47,+14.992, +9.492,+0.939
1686811260,+3.47,+14.966, +9.509,+0.939
1686811320,+3.47,+14.923, +9.527,+0.940
1686811380,+3.47,+14.863, +9.544,+0.940
1686811440,+3.47,+14.906, +9.516,+0.940
1686811500,+3.47,+14.880, +9.525,+0.940
1686811560,+3.47,+14.889, +9.524,+0.940
1686811620,+3.47,+15.035, +9.658,+0.940
1686811680,+3.47,+15.087, +9.602,+0.940
1686811740,+3.47,+14.966, +9.270,+0.939
1686811800,+3.47,+14.673, +9.167,+0.939
1686811860,+3.47,+14.517, +9.200,+0.939
1686811920,+3.47,+14.413, +9.252,+0.939
1686811980,+3.47,+14.526, +9.319,+0.940
1686812040,+3.47,+14.811, +9.389,+0.940
1686812100,+3.47,+14.871, +9.515,+0.940
1686812160,+3.47,+15.052, +9.551,+0.940
1686812220,+3.47,+15.181, +9.698,+0.940
1686812280,+3.47,+15.302, +9.809,+0.941
1686812340,+3.47,+15.371, +9.823,+0.941
1686812400,+3.47,+15.345, +9.719,+0.940
1686812460,+3.47,+15.345, +9.668,+0.941
1686812520,+3.47,+15.439, +9.778,+0.940
1686812580,+3.47,+15.508, +9.860,+0.941
1686812640,+3.47,+15.457, +9.968,+0.941
1686812700,+3.47,+15.474, +9.707,+0.940
1686812760,+3.47,+15.164, +9.038,+0.939
1686812820,+3.47,+14.845, +9.180,+0.938
1686812880,+3.47,+14.673, +9.148,+0.939
1686812940,+3.47,+14.508, +9.189,+0.939
1686813000,+3.47,+14.352, +9.163,+0.939
1686813060,+3.47,+14.222, +9.166,+0.939
1686813120,+3.47,+14.283, +9.211,+0.939
1686813180,+3.47,+14.283, +9.234,+0.939
1686813240,+3.47,+14.205, +9.304,+0.939
1686813300,+3.47,+14.092, +9.308,+0.939
1686813360,+3.47,+13.996, +9.250,+0.939
1686813420,+3.47,+13.822, +9.169,+0.939
1686813480,+3.47,+13.621, +9.311,+0.940
1686813540,+3.47,+13.446, +9.575,+0.939
1686813600,+3.47,+13.254, +9.715,+0.939
1686813660,+3.47,+13.201, +9.732,+0.939
1686813720,+3.47,+13.236, +9.696,+0.939
1686813780,+3.47,+13.192, +9.689,+0.940
1686813840,+3.47,+13.192, +9.666,+0.940
1686813900,+3.47,+13.175, +9.649,+0.940
1686813960,+3.47,+13.201, +9.624,+0.940
1686814020,+3.47,+13.254, +9.576,+0.940
1686814080,+3.47,+13.280, +9.510,+0.940
1686814140,+3.47,+13.306, +9.438,+0.940
1686814200,+3.47,+13.446, +9.423,+0.941
1686814260,+3.47,+13.717, +9.463,+0.941
1686814320,+3.47,+14.109, +9.663,+0.941
1686814380,+3.47,+14.577, +9.847,+0.942
1686814440,+3.47,+14.906,+10.150,+0.942
1686814500,+3.47,+15.173, +9.747,+0.940
1686814560,+3.47,+14.603, +9.201,+0.939
1686814620,+3.47,+14.292, +9.206,+0.940
1686814680,+3.47,+14.014, +9.242,+0.939
1686814740,+3.47,+13.822, +9.315,+0.939
1686814800,+3.47,+13.700, +9.344,+0.939
1686814860,+3.47,+13.578, +9.400,+0.939
1686814920,+3.47,+13.516, +9.390,+0.939
1686814980,+3.47,+13.368, +9.420,+0.940
1686815040,+3.47,+13.376, +9.440,+0.940
1686815100,+3.47,+13.385, +9.453,+0.940
1686815160,+3.47,+13.333, +9.508,+0.939
1686815220,+3.47,+13.473, +9.506,+0.940
1686815280,+3.47,+13.578, +9.469,+0.940
1686815340,+3.47,+13.796, +9.424,+0.941
1686815400,+3.47,+14.040, +9.454,+0.941
1686815460,+3.47,+14.456, +9.891,+0.942
1686815520,+3.47,+14.759, +9.930,+0.942
1686815580,+3.47,+14.871, +9.840,+0.940
1686815640,+3.47,+14.880, +9.835,+0.941
1686815700,+3.47,+15.018, +9.798,+0.941
1686815760,+3.47,+15.095, +9.803,+0.941
1686815820,+3.47,+15.199, +9.858,+0.941
1686815880,+3.47,+15.026, +9.325,+0.939
1686815940,+3.47,+14.647, +9.270,+0.939
1686816000,+3.47,+14.387, +9.285,+0.939
1686816060,+3.47,+14.161, +9.228,+0.939
1686816120,+3.47,+13.848, +9.340,+0.939
1686816180,+3.47,+13.647, +9.397,+0.939
1686816240,+3.47,+13.525, +9.434,+0.939
1686816300,+3.47,+13.429, +9.470,+0.940
1686816360,+3.47,+13.359, +9.505,+0.939
1686816420,+3.47,+13.604, +9.516,+0.940
1686816480,+3.47,+13.804, +9.451,+0.941
1686816540,+3.47,+13.926, +9.428,+0.940
1686816600,+3.47,+14.248, +9.514,+0.941
1686816660,+3.47,+14.707, +9.540,+0.942
1686816720,+3.47,+14.958, +9.506,+0.941
1686816780,+3.47,+15.422, +9.703,+0.942
1686816840,+3.47,+15.474, +9.606,+0.941
1686816900,+3.47,+15.482, +9.585,+0.940
1686816960,+3.47,+15.482, +9.644,+0.941
1686817020,+3.47,+15.577, +9.626,+0.941
1686817080,+3.47,+15.517, +9.670,+0.941
1686817140,+3.47,+15.645, +9.702,+0.941
1686817200,+3.47,+15.748, +9.753,+0.941
1686817260,+3.47,+16.013, +9.694,+0.941
1686817320,+3.47,+16.099, +9.657,+0.941
1686817380,+3.47,+16.184, +9.683,+0.941
1686817440,+3.47,+16.338, +9.687,+0.941
1686817500,+3.47,+16.133, +9.352,+0.940
1686817560,+3.47,+15.688, +9.418,+0.939
1686817620,+3.47,+15.431, +9.540,+0.940
1686817680,+3.47,+15.431, +9.660,+0.940
1686817740,+3.47,+15.748, +9.736,+0.941
1686817800,+3.47,+16.159, +9.812,+0.942
1686817860,+3.47,+16.687, +9.513,+0.941
1686817920,+3.47,+16.772, +9.490,+0.940
1686817980,+3.47,+16.483, +9.276,+0.939
1686818040,+3.47,+15.662, +9.027,+0.937
1686818100,+3.47,+15.044, +9.094,+0.938
1686818160,+3.47,+14.699, +9.198,+0.938
1686818220,+3.47,+14.422, +9.295,+0.939
1686818280,+3.47,+14.231, +9.284,+0.938
1686818340,+3.47,+14.118, +9.356,+0.939
1686818400,+3.47,+13.970, +9.308,+0.938
1686818460,+3.47,+13.735, +9.422,+0.939
1686818520,+3.47,+13.595, +9.499,+0.939
1686818580,+3.47,+13.394, +9.688,+0.939
1686818640,+3.47,+13.324, +9.883,+0.939
1686818700,+3.47,+13.306, +9.890,+0.939
1686818760,+3.47,+13.271, +9.837,+0.939
1686818820,+3.47,+13.359, +9.777,+0.940
1686818880,+3.47,+13.848, +9.775,+0.941
1686818940,+3.47,+14.387, +9.876,+0.941
1686819000,+3.47,+14.889, +9.928,+0.942
1686819060,+3.47,+15.087, +9.404,+0.939
1686819120,+3.47,+14.292, +9.202,+0.938
1686819180,+3.47,+13.909, +9.234,+0.939
1686819240,+3.47,+13.551, +9.341,+0.939
1686819300,+3.47,+13.446, +9.378,+0.939
1686819360,+3.47,+13.289, +9.450,+0.940
1686819420,+3.47,+13.324, +9.600,+0.941
1686819480,+3.47,+13.822, +9.722,+0.941
1686819540,+3.47,+14.612, +9.854,+0.943
1686819600,+3.47,+15.181, +9.815,+0.943
1686819660,+3.47,+15.851, +9.633,+0.943
1686819720,+3.47,+16.244, +9.553,+0.943
1686819780,+3.47,+16.721, +9.415,+0.942
1686819840,+3.47,+16.866, +9.347,+0.942
1686819900,+3.47,+16.942, +9.291,+0.941
1686819960,+3.47,+16.798, +9.330,+0.941
1686820020,+3.47,+16.747, +9.329,+0.941
1686820080,+3.47,+16.687, +9.364,+0.940
1686820140,+3.47,+16.645, +9.342,+0.940
1686820200,+3.47,+16.338, +9.301,+0.939
1686820260,+3.47,+15.800, +9.125,+0.939
1686820320,+3.47,+15.018, +8.970,+0.937
1686820380,+3.47,+14.318, +9.287,+0.937
1686820440,+3.47,+13.987, +9.499,+0.938
1686820500,+3.47,+13.656, +9.536,+0.938
1686820560,+3.47,+13.578, +9.543,+0.938
1686820620,+3.47,+13.508, +9.548,+0.939
1686820680,+3.47,+13.639, +9.539,+0.939
1686820740,+3.47,+13.918, +9.519,+0.940
1686820800,+3.47,+14.057, +9.607,+0.941
1686820860,+3.47,+14.430, +9.640,+0.941
1686820920,+3.47,+14.742, +9.658,+0.941
1686820980,+3.47,+14.880, +9.666,+0.941
1686821040,+3.47,+15.052, +9.653,+0.941
1686821100,+3.47,+15.216, +9.591,+0.940
1686821160,+3.47,+15.164, +9.570,+0.940
1686821220,+3.47,+14.949, +9.458,+0.940
1686821280,+3.47,+14.309, +9.298,+0.937
1686821340,+3.47,+13.857, +9.488,+0.939
1686821400,+3.47,+13.682, +9.522,+0.938
1686821460,+3.47,+13.499, +9.558,+0.939
1686821520,+3.47,+13.376, +9.574,+0.939
1686821580,+3.47,+13.297, +9.667,+0.939
1686821640,+3.47,+13.674, +9.744,+0.941
1686821700,+3.47,+14.066, +9.676,+0.940
1686821760,+3.47,+14.239, +9.720,+0.941
1686821820,+3.47,+14.543, +9.716,+0.941
1686821880,+3.47,+14.742, +9.708,+0.941
1686821940,+3.47,+14.863, +9.778,+0.941
1686822000,+3.47,+14.949, +9.730,+0.940
1686822060,+3.47,+14.906, +9.709,+0.941
1686822120,+3.47,+14.871, +9.635,+0.940
1686822180,+3.47,+14.768, +9.477,+0.939
1686822240,+3.47,+14.647, +9.486,+0.940
1686822300,+3.47,+14.517, +9.474,+0.939
1686822360,+3.47,+14.500, +9.487,+0.940
1686822420,+3.47,+14.352, +9.370,+0.939
1686822480,+3.47,+14.127, +9.473,+0.939
1686822540,+3.47,+14.066, +9.456,+0.940
1686822600,+3.47,+13.839, +9.366,+0.939
1686822660,+3.47,+13.534, +9.512,+0.938
1686822720,+3.47,+13.078, +9.008,+0.937
1686822780,+3.47,+12.717, +9.011,+0.938
1686822840,+3.47,+12.514, +9.043,+0.938
1686822900,+3.47,+12.275, +9.080,+0.939
1686822960,+3.47,+12.150, +9.133,+0.939
1686823020,+3.47,+12.115, +9.141,+0.939
1686823080,+3.47,+12.053, +9.154,+0.939
1686823140,+3.47,+11.972, +9.165,+0.939
1686823200,+3.47,+11.990, +9.144,+0.939
1686823260,+3.47,+11.919, +9.160,+0.939
1686823320,+3.47,+11.910, +9.174,+0.939
1686823380,+3.47,+11.919, +9.178,+0.940
1686823440,+3.47,+11.874, +9.190,+0.940
1686823500,+3.47,+11.901, +9.180,+0.940
1686823560,+3.47,+11.892, +9.202,+0.940
1686823620,+3.47,+11.901, +9.220,+0.940
1686823680,+3.47,+11.946, +9.222,+0.940
1686823740,+3.47,+11.910, +9.203,+0.940
1686823800,+3.47,+11.946, +9.210,+0.940
1686823860,+3.47,+11.999, +9.368,+0.941
1686823920,+3.47,+12.372, +9.812,+0.942
1686823980,+3.47,+12.876, +9.964,+0.943
1686824040,+3.47,+13.560, +9.991,+0.943
1686824100,+3.47,+14.066, +9.886,+0.942
1686824160,+3.47,+14.266, +9.776,+0.942
1686824220,+3.47,+14.344, +9.784,+0.942
1686824280,+3.47,+14.586, +9.804,+0.942
1686824340,+3.47,+14.690, +9.828,+0.942
1686824400,+3.47,+14.897, +9.854,+0.942
1686824460,+3.47,+15.035, +9.836,+0.942
1686824520,+3.47,+15.061, +9.755,+0.941
1686824580,+3.47,+14.949, +9.605,+0.941
1686824640,+3.47,+14.629, +9.403,+0.939
1686824700,+3.47,+14.335, +9.391,+0.939
1686824760,+3.47,+13.857, +9.334,+0.938
1686824820,+3.47,+13.368, +9.340,+0.939
1686824880,+3.47,+13.078, +9.333,+0.939
1686824940,+3.47,+12.893, +9.374,+0.939
1686825000,+3.47,+12.788, +9.381,+0.939
1686825060,+3.47,+12.735, +9.343,+0.939
1686825120,+3.47,+12.505, +9.280,+0.939
1686825180,+3.47,+12.363, +9.092,+0.938
1686825240,+3.47,+12.186, +9.129,+0.939
1686825300,+3.47,+12.213, +9.203,+0.940
1686825360,+3.47,+12.248, +9.336,+0.940
1686825420,+3.47,+12.514, +9.488,+0.941
1686825480,+3.47,+13.087, +9.720,+0.941
1686825540,+3.47,+13.770, +9.545,+0.940
1686825600,+3.47,+13.166, +9.216,+0.939
1686825660,+3.47,+12.902, +9.324,+0.939
1686825720,+3.47,+12.788, +9.355,+0.940
1686825780,+3.47,+12.699, +9.411,+0.939
1686825840,+3.47,+12.726, +9.393,+0.940
1686825900,+3.47,+12.638, +9.422,+0.940
1686825960,+3.47,+12.540, +9.382,+0.940
1686826020,+3.47,+12.567, +9.447,+0.940
1686826080,+3.47,+12.814, +9.576,+0.941
1686826140,+3.47,+13.236, +9.733,+0.942
1686826200,+3.47,+13.709, +9.684,+0.941
1686826260,+3.47,+13.866, +9.688,+0.941
1686826320,+3.47,+14.040, +9.693,+0.942
1686826380,+3.47,+14.074, +9.537,+0.940
1686826440,+3.47,+13.996, +9.556,+0.941
1686826500,+3.47,+13.926, +9.568,+0.940
1686826560,+3.47,+13.892, +9.588,+0.940
1686826620,+3.47,+13.866, +9.546,+0.940
1686826680,+3.47,+13.813, +9.617,+0.940
1686826740,+3.47,+13.778, +9.603,+0.940
1686826800,+3.47,+13.761, +9.592,+0.940
1686826860,+3.47,+13.743, +9.609,+0.940
1686826920,+3.47,+13.900, +9.582,+0.941
1686826980,+3.47,+14.257, +9.702,+0.942
1686827040,+3.47,+14.802, +9.877,+0.942
1686827100,+3.47,+15.009, +9.395,+0.939
1686827160,+3.47,+14.283, +9.301,+0.939
1686827220,+3.47,+13.813, +9.278,+0.939
1686827280,+3.47,+13.604, +9.316,+0.939
1686827340,+3.47,+13.473, +9.439,+0.939
1686827400,+3.47,+13.560, +9.489,+0.940
1686827460,+3.47,+13.709, +9.515,+0.940
1686827520,+3.47,+13.691, +9.470,+0.940
1686827580,+3.47,+13.481, +9.299,+0.939
1686827640,+3.47,+13.262, +9.342,+0.939
1686827700,+3.47,+13.175, +9.413,+0.940
1686827760,+3.47,+13.148, +9.482,+0.940
1686827820,+3.47,+13.341, +9.530,+0.940
1686827880,+3.47,+13.604, +9.543,+0.941
1686827940,+3.47,+13.787, +9.632,+0.941
1686828000,+3.47,+13.926, +9.534,+0.941
1686828060,+3.47,+13.473, +9.070,+0.939
1686828120,+3.47,+13.227, +9.233,+0.939
1686828180,+3.47,+13.359, +9.265,+0.940
1686828240,+3.47,+13.525, +9.301,+0.940
1686828300,+3.47,+13.499, +9.316,+0.940
1686828360,+3.47,+13.455, +9.336,+0.940
1686828420,+3.47,+13.525, +9.360,+0.940
1686828480,+3.47,+13.516, +9.408,+0.940
1686828540,+3.47,+13.743, +9.458,+0.940
1686828600,+3.47,+13.944, +9.496,+0.941
1686828660,+3.47,+14.127, +9.527,+0.941
1686828720,+3.47,+14.257, +9.467,+0.941
1686828780,+3.47,+14.283, +9.454,+0.940
1686828840,+3.47,+14.335, +9.448,+0.940
1686828900,+3.47,+14.361, +9.434,+0.940
1686828960,+3.47,+14.274, +9.332,+0.940
1686829020,+3.47,+13.909, +9.181,+0.939
1686829080,+3.47,+13.630, +9.267,+0.939
1686829140,+3.47,+13.464, +9.312,+0.939
1686829200,+3.47,+13.289, +9.356,+0.939
1686829260,+3.47,+13.192, +9.376,+0.940
1686829320,+3.47,+13.052, +9.330,+0.939
1686829380,+3.47,+12.885, +9.227,+0.939
1686829440,+3.47,+12.629, +9.216,+0.939
1686829500,+3.47,+12.443, +9.262,+0.939
1686829560,+3.47,+12.381, +9.238,+0.939
1686829620,+3.47,+12.408, +9.278,+0.940
1686829680,+3.47,+12.496, +9.385,+0.940
1686829740,+3.47,+12.876, +9.467,+0.941
1686829800,+3.47,+13.446, +9.562,+0.942
1686829860,+3.47,+13.691, +9.537,+0.941
1686829920,+3.47,+13.778, +9.434,+0.940
1686829980,+3.47,+13.813, +9.427,+0.940
1686830040,+3.47,+13.691, +9.292,+0.939
1686830100,+3.47,+13.420, +9.207,+0.939
1686830160,+3.47,+13.087, +9.252,+0.939
1686830220,+3.47,+12.867, +9.310,+0.939
1686830280,+3.47,+12.752, +9.317,+0.939
1686830340,+3.47,+12.752, +9.322,+0.940
1686830400,+3.47,+12.743, +9.376,+0.940
1686830460,+3.47,+12.832, +9.402,+0.940
1686830520,+3.47,+12.999, +9.423,+0.940
1686830580,+3.47,+13.175, +9.428,+0.940
1686830640,+3.47,+13.166, +9.430,+0.940
1686830700,+3.47,+13.131, +9.445,+0.940
1686830760,+3.47,+12.981, +9.436,+0.940
1686830820,+3.47,+12.955, +9.415,+0.940
1686830880,+3.47,+12.920, +9.490,+0.940
1686830940,+3.47,+13.148, +9.596,+0.941
1686831000,+3.47,+13.473, +9.542,+0.941
1686831060,+3.47,+13.787, +9.520,+0.941
1686831120,+3.47,+13.979, +9.494,+0.941
1686831180,+3.47,+14.187, +9.462,+0.941
1686831240,+3.47,+13.979, +9.243,+0.939
1686831300,+3.47,+13.691, +9.255,+0.939
1686831360,+3.47,+13.385, +9.348,+0.939
1686831420,+3.47,+13.254, +9.393,+0.939
1686831480,+3.47,+13.192, +9.418,+0.940
1686831540,+3.47,+13.219, +9.424,+0.940
1686831600,+3.47,+13.315, +9.460,+0.940
1686831660,+3.47,+13.534, +9.450,+0.941
1686831720,+3.47,+13.656, +9.423,+0.940
1686831780,+3.47,+13.700, +9.468,+0.941
1686831840,+3.47,+13.839, +9.481,+0.941
1686831900,+3.47,+13.935, +9.463,+0.940
1686831960,+3.47,+13.944, +9.386,+0.940
1686832020,+3.47,+13.770, +9.240,+0.939
1686832080,+3.47,+13.525, +9.342,+0.940
1686832140,+3.47,+13.464, +9.362,+0.940
1686832200,+3.47,+13.403, +9.380,+0.940
1686832260,+3.47,+13.438, +9.397,+0.940
1686832320,+3.47,+13.543, +9.397,+0.940
1686832380,+3.47,+13.586, +9.375,+0.940
1686832440,+3.47,+13.621, +9.386,+0.940
1686832500,+3.47,+13.630, +9.380,+0.940
1686832560,+3.47,+13.691, +9.323,+0.940
1686832620,+3.47,+13.543, +9.329,+0.940
1686832680,+3.47,+13.429, +9.309,+0.939
1686832740,+3.47,+13.271, +9.326,+0.939
1686832800,+3.47,+13.069, +9.379,+0.939
1686832860,+3.47,+12.964, +9.402,+0.940
1686832920,+3.47,+12.911, +9.453,+0.940
1686832980,+3.47,+12.876, +9.484,+0.940
1686833040,+3.47,+12.946, +9.489,+0.940
1686833100,+3.47,+13.043, +9.504,+0.940
1686833160,+3.47,+13.183, +9.451,+0.940
1686833220,+3.47,+13.175, +9.429,+0.940
1686833280,+3.47,+13.166, +9.436,+0.940
1686833340,+3.47,+13.069, +9.478,+0.940
1686833400,+3.47,+12.999, +9.525,+0.940
1686833460,+3.47,+13.078, +9.495,+0.940
1686833520,+3.47,+13.096, +9.526,+0.941
1686833580,+3.47,+13.236, +9.432,+0.940
