7450-798456
OS REV: 1.03 Sensor Cal: 1539277937
Time (sec),  BV (Volts),  T (deg C),  DO (mg/l),  Q ()
1685710440,+3.47,+12.097,+10.038,+0.941
1685710500,+3.47,+12.186, +9.990,+0.940
1685710560,+3.47,+12.177,+10.014,+0.941
1685710620,+3.47,+12.213,+10.007,+0.941
1685710680,+3.47,+12.266,+10.013,+0.941
1685710740,+3.47,+12.629,+10.467,+0.943
1685710800,+3.47,+13.333,+10.463,+0.943
1685710860,+3.47,+13.656,+10.469,+0.943
1685710920,+3.47,+13.918,+10.442,+0.943
1685710980,+3.47,+14.066,+10.469,+0.943
1685711040,+3.47,+14.266,+10.427,+0.943
1685711100,+3.47,+14.534,+10.333,+0.943
1685711160,+3.47,+14.638,+10.294,+0.942
1685711220,+3.47,+14.716,+10.384,+0.943
1685711280,+3.47,+14.811,+10.424,+0.942
1685711340,+3.47,+13.804, +9.500,+0.938
1685711400,+3.47,+12.929, +9.447,+0.938
1685711460,+3.47,+12.443, +9.581,+0.939
1685711520,+3.47,+12.106, +9.671,+0.940
1685711580,+3.47,+11.839, +9.733,+0.940
1685711640,+3.47,+11.723, +9.778,+0.940
1685711700,+3.47,+11.696, +9.831,+0.940
1685711760,+3.47,+11.732, +9.912,+0.941
1685711820,+3.47,+11.839,+10.008,+0.941
1685711880,+3.47,+12.266,+10.235,+0.942
1685711940,+3.47,+12.823,+10.442,+0.943
1685712000,+3.47,+13.254,+10.525,+0.943
1685712060,+3.47,+13.586,+10.530,+0.943
1685712120,+3.47,+13.778,+10.546,+0.943
1685712180,+3.47,+14.179,+10.513,+0.943
1685712240,+3.47,+14.187,+10.472,+0.942
1685712300,+3.47,+14.213,+10.477,+0.942
1685712360,+3.47,+14.292,+10.475,+0.942
1685712420,+3.47,+14.396,+10.470,+0.942
1685712480,+3.47,+14.456,+10.494,+0.942
1685712540,+3.47,+14.552,+10.496,+0.943
1685712600,+3.47,+14.612,+10.484,+0.942
1685712660,+3.47,+14.612,+10.484,+0.942
1685712720,+3.47,+14.655,+10.491,+0.942
1685712780,+3.47,+14.690,+10.459,+0.942
1685712840,+3.47,+14.647,+10.453,+0.942
1685712900,+3.47,+14.595,+10.476,+0.942
1685712960,+3.47,+14.621,+10.464,+0.942
1685713020,+3.47,+14.569, +9.904,+0.939
1685713080,+3.47,+13.665, +9.839,+0.940
1685713140,+3.47,+13.368, +9.864,+0.939
1685713200,+3.47,+13.157, +9.952,+0.940
1685713260,+3.47,+12.823, +9.893,+0.940
1685713320,+3.47,+12.743, +9.886,+0.940
1685713380,+3.47,+12.540, +9.900,+0.940
1685713440,+3.47,+12.390, +9.983,+0.940
1685713500,+3.47,+12.434,+10.075,+0.940
1685713560,+3.47,+12.602,+10.097,+0.941
1685713620,+3.47,+13.017,+10.325,+0.942
1685713680,+3.47,+13.420,+10.485,+0.943
1685713740,+3.47,+13.735,+10.483,+0.942
1685713800,+3.47,+13.866,+10.504,+0.942
1685713860,+3.47,+14.048,+10.464,+0.942
1685713920,+3.47,+14.196,+10.466,+0.943
1685713980,+3.47,+14.179,+10.509,+0.943
1685714040,+3.47,+14.387,+10.475,+0.942
1685714100,+3.47,+14.526,+10.486,+0.943
1685714160,+3.47,+14.577,+10.490,+0.942
1685714220,+3.47,+14.638,+10.483,+0.942
1685714280,+3.47,+14.673,+10.488,+0.942
1685714340,+3.47,+14.750,+10.480,+0.942
1685714400,+3.47,+14.785,+10.478,+0.942
1685714460,+3.47,+14.811,+10.419,+0.942
1685714520,+3.47,+14.100, +9.852,+0.939
1685714580,+3.47,+13.770,+10.108,+0.940
1685714640,+3.47,+13.551, +9.843,+0.939
1685714700,+3.47,+12.999, +9.738,+0.939
1685714760,+3.47,+12.655, +9.829,+0.939
1685714820,+3.47,+12.416, +9.888,+0.940
1685714880,+3.47,+12.284, +9.905,+0.940
1685714940,+3.47,+12.141, +9.938,+0.939
1685715000,+3.47,+12.070, +9.958,+0.940
1685715060,+3.47,+12.070, +9.936,+0.940
1685715120,+3.47,+12.141,+10.126,+0.941
1685715180,+3.47,+12.425,+10.382,+0.942
1685715240,+3.47,+12.885,+10.471,+0.943
1685715300,+3.47,+13.306,+10.576,+0.943
1685715360,+3.47,+13.647,+10.555,+0.943
1685715420,+3.47,+13.918,+10.587,+0.943
1685715480,+3.47,+14.179,+10.590,+0.943
1685715540,+3.47,+14.370,+10.580,+0.943
1685715600,+3.47,+14.517,+10.536,+0.943
1685715660,+3.47,+14.707,+10.479,+0.943
1685715720,+3.47,+14.854,+10.439,+0.943
1685715780,+3.47,+14.966,+10.389,+0.943
1685715840,+3.47,+15.087,+10.320,+0.942
1685715900,+3.47,+15.156,+10.310,+0.942
1685715960,+3.47,+15.250,+10.258,+0.942
1685716020,+3.47,+14.733, +9.266,+0.936
1685716080,+3.47,+13.682, +9.725,+0.939
1685716140,+3.47,+13.961, +9.806,+0.940
1685716200,+3.47,+13.857, +9.862,+0.940
1685716260,+3.47,+13.700, +9.976,+0.941
1685716320,+3.47,+13.735,+10.017,+0.940
1685716380,+3.47,+13.839,+10.110,+0.941
1685716440,+3.47,+13.996,+10.174,+0.942
1685716500,+3.47,+14.179,+10.191,+0.942
1685716560,+3.47,+14.335,+10.266,+0.942
1685716620,+3.47,+14.534,+10.274,+0.942
1685716680,+3.47,+14.699,+10.253,+0.942
1685716740,+3.47,+14.716,+10.287,+0.942
1685716800,+3.47,+14.811,+10.268,+0.942
1685716860,+3.47,+14.932,+10.247,+0.942
1685716920,+3.47,+15.009,+10.244,+0.942
1685716980,+3.47,+15.061,+10.251,+0.942
1685717040,+3.47,+14.992,+10.284,+0.942
1685717100,+3.47,+15.052,+10.271,+0.942
1685717160,+3.47,+15.035,+10.290,+0.941
1685717220,+3.47,+15.078,+10.295,+0.942
1685717280,+3.47,+15.104,+10.302,+0.942
1685717340,+3.47,+15.044,+10.315,+0.941
1685717400,+3.47,+15.087,+10.298,+0.942
1685717460,+3.47,+15.061,+10.294,+0.942
1685717520,+3.47,+15.044,+10.288,+0.941
1685717580,+3.47,+15.044,+10.270,+0.941
1685717640,+3.47,+13.743, +9.421,+0.938
1685717700,+3.47,+13.630, +9.765,+0.940
1685717760,+3.47,+13.770,+10.012,+0.941
1685717820,+3.47,+13.813, +9.965,+0.940
1685717880,+3.47,+13.778, +9.999,+0.941
1685717940,+3.47,+13.892,+10.049,+0.940
1685718000,+3.47,+13.979,+10.015,+0.941
1685718060,+3.47,+14.135,+10.185,+0.942
1685718120,+3.47,+14.213,+10.177,+0.941
1685718180,+3.47,+14.266,+10.198,+0.941
1685718240,+3.47,+14.387,+10.200,+0.941
1685718300,+3.47,+14.370,+10.258,+0.942
1685718360,+3.47,+14.144, +9.789,+0.939
1685718420,+3.47,+13.926,+10.042,+0.941
1685718480,+3.47,+14.014,+10.098,+0.940
1685718540,+3.47,+14.144,+10.137,+0.941
1685718600,+3.47,+14.239,+10.190,+0.941
1685718660,+3.47,+14.326,+10.294,+0.941
1685718720,+3.47,+14.430,+10.369,+0.942
1685718780,+3.47,+14.543,+10.417,+0.942
1685718840,+3.47,+14.673,+10.489,+0.942
1685718900,+3.47,+14.837,+10.457,+0.942
1685718960,+3.47,+14.897,+10.422,+0.942
1685719020,+3.47,+14.932,+10.387,+0.942
1685719080,+3.47,+15.018,+10.340,+0.942
1685719140,+3.47,+15.052,+10.274,+0.941
1685719200,+3.47,+15.078,+10.314,+0.942
1685719260,+3.47,+15.190,+10.288,+0.942
1685719320,+3.47,+15.259,+10.284,+0.942
1685719380,+3.47,+15.285,+10.274,+0.942
1685719440,+3.47,+15.371,+10.257,+0.942
1685719500,+3.47,+15.414,+10.235,+0.942
1685719560,+3.47,+15.457,+10.248,+0.942
1685719620,+3.47,+15.431,+10.280,+0.942
1685719680,+3.47,+15.482,+10.272,+0.942
1685719740,+3.47,+15.525,+10.268,+0.942
1685719800,+3.47,+15.551,+10.285,+0.942
1685719860,+3.47,+15.551,+10.273,+0.941
1685719920,+3.47,+15.525,+10.278,+0.942
1685719980,+3.47,+15.534,+10.251,+0.941
1685720040,+3.47,+15.508,+10.259,+0.942
1685720100,+3.47,+15.517,+10.256,+0.941
1685720160,+3.47,+15.534,+10.256,+0.941
1685720220,+3.47,+15.534,+10.254,+0.941
1685720280,+3.47,+15.499,+10.274,+0.942
1685720340,+3.47,+15.525,+10.268,+0.942
1685720400,+3.47,+15.508,+10.271,+0.942
1685720460,+3.47,+15.474,+10.258,+0.941
1685720520,+3.47,+15.491,+10.250,+0.941
1685720580,+3.47,+15.525,+10.250,+0.942
1685720640,+3.47,+15.517,+10.254,+0.942
1685720700,+3.47,+15.560,+10.251,+0.942
1685720760,+3.47,+15.551,+10.244,+0.942
1685720820,+3.47,+15.585,+10.238,+0.942
1685720880,+3.47,+15.680,+10.217,+0.941
1685720940,+3.47,+15.628,+10.238,+0.941
1685721000,+3.47,+15.662,+10.222,+0.942
1685721060,+3.47,+15.680,+10.241,+0.942
1685721120,+3.47,+15.748,+10.201,+0.941
1685721180,+3.47,+15.748,+10.219,+0.942
1685721240,+3.47,+15.748,+10.219,+0.942
1685721300,+3.47,+15.817,+10.174,+0.941
1685721360,+3.47,+15.808,+10.191,+0.942
1685721420,+3.47,+15.782,+10.209,+0.942
1685721480,+3.47,+15.817,+10.165,+0.941
1685721540,+3.47,+15.791,+10.147,+0.941
1685721600,+3.47,+15.680,+10.187,+0.942
1685721660,+3.47,+15.765,+10.170,+0.942
1685721720,+3.47,+15.697,+10.213,+0.942
1685721780,+3.47,+15.757,+10.207,+0.942
1685721840,+3.47,+15.722,+10.226,+0.942
1685721900,+3.47,+15.748,+10.209,+0.941
1685721960,+3.47,+15.731,+10.219,+0.942
1685722020,+3.47,+15.748,+10.209,+0.941
1685722080,+3.47,+15.705,+10.203,+0.941
1685722140,+3.47,+15.654,+10.272,+0.942
1685722200,+3.47,+15.680,+10.257,+0.942
1685722260,+3.47,+15.645,+10.250,+0.942
1685722320,+3.47,+15.645,+10.229,+0.941
1685722380,+3.47,+15.645,+10.236,+0.941
1685722440,+3.47,+15.671,+10.174,+0.941
1685722500,+3.47,+15.662,+10.174,+0.942
1685722560,+3.47,+15.645,+10.153,+0.941
1685722620,+3.47,+15.620,+10.105,+0.941
1685722680,+3.47,+15.499,+10.051,+0.942
1685722740,+3.47,+15.379,+10.097,+0.941
1685722800,+3.47,+15.405,+10.088,+0.941
1685722860,+3.47,+15.396,+10.086,+0.941
1685722920,+3.47,+15.405,+10.088,+0.941
1685722980,+3.47,+15.465,+10.059,+0.941
1685723040,+3.47,+15.448,+10.061,+0.941
1685723100,+3.47,+15.482,+10.059,+0.941
1685723160,+3.47,+15.482,+10.039,+0.941
1685723220,+3.47,+15.499,+10.025,+0.941
1685723280,+3.47,+15.474,+10.023,+0.941
1685723340,+3.47,+15.465,+10.009,+0.941
1685723400,+3.47,+15.431,+10.020,+0.941
1685723460,+3.47,+15.560,+10.029,+0.941
1685723520,+3.47,+15.637,+10.073,+0.942
1685723580,+3.47,+15.697,+10.081,+0.941
1685723640,+3.47,+15.774,+10.088,+0.941
1685723700,+3.47,+15.834,+10.095,+0.941
1685723760,+3.47,+15.782,+10.120,+0.941
1685723820,+3.47,+15.834,+10.121,+0.942
1685723880,+3.47,+15.911,+10.124,+0.942
1685723940,+3.47,+15.877,+10.142,+0.941
1685724000,+3.47,+15.962,+10.120,+0.941
1685724060,+3.47,+15.877,+10.161,+0.941
1685724120,+3.47,+15.945,+10.133,+0.941
1685724180,+3.47,+15.945,+10.144,+0.942
1685724240,+3.47,+15.945,+10.130,+0.941
1685724300,+3.47,+15.971,+10.108,+0.942
1685724360,+3.47,+15.979,+10.114,+0.941
1685724420,+3.47,+15.979,+10.120,+0.941
1685724480,+3.47,+15.928,+10.171,+0.942
1685724540,+3.47,+15.937,+10.189,+0.942
1685724600,+3.47,+15.937,+10.187,+0.941
1685724660,+3.47,+15.894,+10.201,+0.941
1685724720,+3.47,+15.662, +9.982,+0.941
1685724780,+3.47,+15.654,+10.049,+0.941
1685724840,+3.47,+15.714,+10.077,+0.941
1685724900,+3.47,+15.774,+10.090,+0.941
1685724960,+3.47,+15.748,+10.100,+0.941
1685725020,+3.47,+15.714,+10.104,+0.941
1685725080,+3.47,+15.765,+10.098,+0.941
1685725140,+3.47,+15.791,+10.104,+0.941
1685725200,+3.47,+15.714, +9.808,+0.940
1685725260,+3.47,+15.362, +9.945,+0.940
1685725320,+3.47,+15.388, +9.996,+0.941
1685725380,+3.47,+15.448,+10.038,+0.940
1685725440,+3.47,+15.474,+10.015,+0.941
1685725500,+3.47,+15.405, +9.967,+0.940
1685725560,+3.47,+15.362, +9.995,+0.941
1685725620,+3.47,+15.525,+10.059,+0.942
1685725680,+3.47,+15.594,+10.145,+0.942
1685725740,+3.47,+15.705,+10.168,+0.941
1685725800,+3.47,+15.774,+10.198,+0.942
1685725860,+3.47,+15.851,+10.196,+0.941
1685725920,+3.47,+15.859,+10.234,+0.942
1685725980,+3.47,+15.928,+10.220,+0.941
1685726040,+3.47,+15.945,+10.208,+0.941
1685726100,+3.47,+15.945,+10.210,+0.941
1685726160,+3.47,+15.979,+10.190,+0.942
1685726220,+3.47,+15.979,+10.203,+0.941
1685726280,+3.47,+16.031,+10.190,+0.941
1685726340,+3.47,+16.022,+10.173,+0.941
1685726400,+3.47,+16.022,+10.148,+0.942
1685726460,+3.47,+16.099,+10.105,+0.942
1685726520,+3.47,+16.099,+10.108,+0.942
1685726580,+3.47,+16.176,+10.081,+0.942
1685726640,+3.47,+16.125,+10.039,+0.941
1685726700,+3.47,+15.113, +9.458,+0.938
1685726760,+3.47,+14.500, +9.582,+0.938
1685726820,+3.47,+14.118, +9.683,+0.939
1685726880,+3.47,+13.874, +9.718,+0.939
1685726940,+3.47,+13.822, +9.791,+0.939
1685727000,+3.47,+13.987, +9.895,+0.940
1685727060,+3.47,+14.135, +9.978,+0.941
1685727120,+3.47,+14.404,+10.026,+0.941
1685727180,+3.47,+14.621,+10.130,+0.942
1685727240,+3.47,+14.724,+10.153,+0.941
1685727300,+3.47,+14.940,+10.099,+0.941
1685727360,+3.47,+15.078,+10.086,+0.942
1685727420,+3.47,+15.225,+10.085,+0.941
1685727480,+3.47,+15.259,+10.094,+0.942
1685727540,+3.47,+15.396,+10.105,+0.942
1685727600,+3.47,+15.353,+10.096,+0.942
1685727660,+3.47,+15.534,+10.025,+0.941
1685727720,+3.47,+15.560,+10.011,+0.941
1685727780,+3.47,+15.551,+10.014,+0.941
1685727840,+3.47,+15.662, +9.982,+0.942
1685727900,+3.47,+15.662, +9.989,+0.942
1685727960,+3.47,+15.705, +9.986,+0.942
1685728020,+3.47,+15.722,+10.019,+0.941
1685728080,+3.47,+15.817,+10.015,+0.941
1685728140,+3.47,+15.859,+10.071,+0.942
1685728200,+3.47,+15.868,+10.097,+0.942
1685728260,+3.47,+15.851,+10.095,+0.941
1685728320,+3.47,+15.885,+10.075,+0.942
1685728380,+3.47,+15.919,+10.061,+0.942
1685728440,+3.47,+15.885,+10.085,+0.941
1685728500,+3.47,+15.885,+10.093,+0.942
1685728560,+3.47,+15.542, +9.803,+0.940
1685728620,+3.47,+15.319, +9.918,+0.941
1685728680,+3.47,+15.336, +9.955,+0.941
1685728740,+3.47,+15.336, +9.951,+0.941
1685728800,+3.47,+15.311, +9.948,+0.941
1685728860,+3.47,+15.285, +9.987,+0.941
1685728920,+3.47,+15.388, +9.943,+0.940
1685728980,+3.47,+15.431, +9.968,+0.941
1685729040,+3.47,+15.482, +9.982,+0.941
1685729100,+3.47,+15.508, +9.976,+0.941
1685729160,+3.47,+15.611, +9.949,+0.941
1685729220,+3.47,+15.654,+10.003,+0.942
1685729280,+3.47,+15.654,+10.073,+0.942
1685729340,+3.47,+15.774,+10.009,+0.941
1685729400,+3.47,+15.885, +9.964,+0.941
1685729460,+3.47,+15.885, +9.890,+0.941
1685729520,+3.47,+15.877, +9.936,+0.942
1685729580,+3.47,+15.971, +9.955,+0.941
1685729640,+3.47,+16.048, +9.933,+0.942
1685729700,+3.47,+16.107, +9.935,+0.941
1685729760,+3.47,+16.167, +9.970,+0.942
1685729820,+3.47,+16.201, +9.929,+0.941
1685729880,+3.47,+16.219, +9.930,+0.941
1685729940,+3.47,+16.244, +9.915,+0.942
1685730000,+3.47,+16.022, +9.686,+0.941
1685730060,+3.47,+16.022, +9.802,+0.941
1685730120,+3.47,+15.945, +9.855,+0.941
1685730180,+3.47,+15.954, +9.899,+0.941
1685730240,+3.47,+15.911, +9.946,+0.941
1685730300,+3.47,+15.842, +9.924,+0.941
1685730360,+3.47,+15.680, +9.833,+0.941
1685730420,+3.47,+15.671, +9.819,+0.940
1685730480,+3.47,+15.602, +9.833,+0.941
1685730540,+3.47,+15.594, +9.833,+0.940
1685730600,+3.47,+15.594, +9.852,+0.941
1685730660,+3.47,+15.577, +9.813,+0.941
1685730720,+3.47,+15.585, +9.786,+0.941
1685730780,+3.47,+15.534, +9.781,+0.941
1685730840,+3.47,+15.525, +9.766,+0.941
1685730900,+3.47,+15.602, +9.831,+0.941
1685730960,+3.47,+15.568, +9.867,+0.941
1685731020,+3.47,+15.645, +9.827,+0.941
1685731080,+3.47,+15.637, +9.835,+0.941
1685731140,+3.47,+15.654, +9.849,+0.941
1685731200,+3.47,+15.662, +9.860,+0.941
1685731260,+3.47,+15.662, +9.901,+0.942
1685731320,+3.47,+15.740, +9.920,+0.942
1685731380,+3.47,+15.791, +9.926,+0.941
1685731440,+3.47,+15.748, +9.949,+0.941
1685731500,+3.47,+15.877, +9.890,+0.941
1685731560,+3.47,+15.885, +9.876,+0.941
1685731620,+3.47,+15.937, +9.893,+0.942
1685731680,+3.47,+16.031, +9.909,+0.941
1685731740,+3.47,+16.048, +9.908,+0.941
1685731800,+3.47,+16.082, +9.903,+0.941
1685731860,+3.47,+16.184, +9.914,+0.942
1685731920,+3.47,+16.176, +9.795,+0.940
1685731980,+3.47,+15.859, +9.994,+0.940
1685732040,+3.47,+15.705,+10.052,+0.941
1685732100,+3.47,+15.662, +9.962,+0.941
1685732160,+3.47,+15.645, +9.922,+0.940
1685732220,+3.47,+15.628, +9.927,+0.940
1685732280,+3.47,+15.620, +9.945,+0.941
1685732340,+3.47,+15.688, +9.903,+0.941
1685732400,+3.47,+15.722, +9.872,+0.941
1685732460,+3.47,+15.834, +9.940,+0.942
1685732520,+3.47,+15.988, +9.870,+0.941
1685732580,+3.47,+16.090, +9.889,+0.941
1685732640,+3.47,+16.142, +9.899,+0.942
1685732700,+3.47,+16.193, +9.942,+0.941
1685732760,+3.47,+16.270,+10.008,+0.942
1685732820,+3.47,+16.304,+10.049,+0.942
1685732880,+3.47,+16.346,+10.068,+0.941
1685732940,+3.47,+16.312,+10.096,+0.941
1685733000,+3.47,+16.398,+10.049,+0.941
1685733060,+3.47,+16.432,+10.019,+0.942
1685733120,+3.47,+16.449, +9.984,+0.941
1685733180,+3.47,+16.483, +9.971,+0.942
1685733240,+3.47,+16.474, +9.991,+0.941
1685733300,+3.47,+16.474, +9.972,+0.942
1685733360,+3.47,+16.466, +9.931,+0.942
1685733420,+3.47,+16.474, +9.910,+0.941
1685733480,+3.47,+16.508, +9.918,+0.941
1685733540,+3.47,+16.551, +9.952,+0.942
1685733600,+3.47,+16.551, +9.967,+0.942
1685733660,+3.47,+16.534,+10.011,+0.942
1685733720,+3.47,+16.594, +9.987,+0.941
1685733780,+3.47,+16.585, +9.971,+0.941
1685733840,+3.47,+16.628, +9.956,+0.942
1685733900,+3.47,+16.585, +9.917,+0.941
1685733960,+3.47,+16.585, +9.913,+0.942
1685734020,+3.47,+16.551, +9.898,+0.941
1685734080,+3.47,+16.594, +9.868,+0.941
1685734140,+3.47,+16.594, +9.845,+0.941
1685734200,+3.47,+16.611, +9.831,+0.941
1685734260,+3.47,+16.619, +9.818,+0.941
1685734320,+3.47,+16.619, +9.852,+0.941
1685734380,+3.47,+16.636, +9.886,+0.942
1685734440,+3.47,+16.653, +9.853,+0.941
1685734500,+3.47,+16.636, +9.848,+0.941
1685734560,+3.47,+16.653, +9.845,+0.941
1685734620,+3.47,+16.679, +9.832,+0.941
1685734680,+3.47,+16.628, +9.895,+0.941
1685734740,+3.47,+16.662, +9.868,+0.942
1685734800,+3.47,+16.662, +9.895,+0.941
1685734860,+3.47,+16.653, +9.885,+0.942
1685734920,+3.47,+16.662, +9.847,+0.942
1685734980,+3.47,+16.628, +9.874,+0.942
1685735040,+3.47,+16.628, +9.812,+0.941
1685735100,+3.47,+16.636, +9.786,+0.941
1685735160,+3.47,+16.636, +9.758,+0.942
1685735220,+3.47,+16.619, +9.756,+0.941
1685735280,+3.47,+16.568, +9.781,+0.941
1685735340,+3.47,+16.636, +9.762,+0.941
1685735400,+3.47,+16.636, +9.794,+0.941
1685735460,+3.47,+16.628, +9.780,+0.941
1685735520,+3.47,+16.653, +9.774,+0.941
1685735580,+3.47,+16.594, +9.806,+0.942
1685735640,+3.47,+16.687, +9.790,+0.941
1685735700,+3.47,+16.551, +9.839,+0.941
1685735760,+3.47,+16.619, +9.796,+0.941
1685735820,+3.47,+16.611, +9.800,+0.941
1685735880,+3.47,+16.611, +9.840,+0.941
1685735940,+3.47,+16.602, +9.832,+0.941
1685736000,+3.47,+16.636, +9.815,+0.941
1685736060,+3.47,+16.560, +9.615,+0.940
1685736120,+3.47,+16.048, +9.975,+0.940
1685736180,+3.47,+15.774,+10.123,+0.940
1685736240,+3.47,+15.585,+10.067,+0.940
1685736300,+3.47,+15.173, +9.568,+0.939
1685736360,+3.47,+14.370, +9.361,+0.938
1685736420,+3.47,+13.717, +9.322,+0.938
1685736480,+3.47,+13.201, +9.338,+0.937
1685736540,+3.47,+12.752, +9.475,+0.938
1685736600,+3.47,+12.558, +9.562,+0.939
1685736660,+3.47,+12.461, +9.609,+0.939
1685736720,+3.47,+12.470, +9.743,+0.940
1685736780,+3.47,+12.699, +9.777,+0.940
1685736840,+3.47,+12.673, +9.783,+0.940
1685736900,+3.47,+13.069,+10.089,+0.942
1685736960,+3.47,+13.578,+10.076,+0.942
1685737020,+3.47,+13.979,+10.119,+0.942
1685737080,+3.47,+14.534,+10.124,+0.942
1685737140,+3.47,+14.932,+10.094,+0.943
1685737200,+3.47,+15.173,+10.058,+0.943
1685737260,+3.47,+15.405,+10.031,+0.942
1685737320,+3.47,+15.628,+10.020,+0.942
1685737380,+3.47,+15.722, +9.975,+0.942
1685737440,+3.47,+15.474, +9.903,+0.941
1685737500,+3.47,+15.147, +9.872,+0.941
1685737560,+3.47,+15.070, +9.941,+0.941
1685737620,+3.47,+15.026, +9.993,+0.941
1685737680,+3.47,+14.975, +9.963,+0.941
1685737740,+3.47,+14.923,+10.053,+0.942
1685737800,+3.47,+15.001,+10.069,+0.942
1685737860,+3.47,+14.534, +9.745,+0.939
1685737920,+3.47,+13.909, +9.015,+0.936
1685737980,+3.47,+12.752, +9.062,+0.937
1685738040,+3.47,+12.133, +9.151,+0.938
1685738100,+3.47,+11.750, +9.273,+0.938
1685738160,+3.47,+11.598, +9.333,+0.939
1685738220,+3.47,+11.472, +9.421,+0.939
1685738280,+3.47,+11.400, +9.463,+0.939
1685738340,+3.47,+11.347, +9.511,+0.940
1685738400,+3.47,+11.266, +9.569,+0.940
1685738460,+3.47,+11.266, +9.616,+0.940
1685738520,+3.47,+11.266, +9.619,+0.940
1685738580,+3.47,+11.320, +9.606,+0.940
1685738640,+3.47,+11.257, +9.625,+0.940
1685738700,+3.47,+11.311, +9.683,+0.941
1685738760,+3.47,+11.776, +9.859,+0.942
1685738820,+3.47,+12.195,+10.029,+0.942
1685738880,+3.47,+12.505,+10.022,+0.942
1685738940,+3.47,+12.805, +9.979,+0.942
1685739000,+3.47,+12.964, +9.995,+0.942
1685739060,+3.47,+13.262, +9.890,+0.942
1685739120,+3.47,+13.201, +9.782,+0.941
1685739180,+3.47,+13.113, +9.789,+0.941
1685739240,+3.47,+12.964, +9.824,+0.941
1685739300,+3.47,+12.973, +9.870,+0.941
1685739360,+3.47,+12.964, +9.866,+0.941
1685739420,+3.47,+12.946, +9.663,+0.941
1685739480,+3.47,+12.691, +9.633,+0.941
1685739540,+3.47,+12.540, +9.644,+0.941
1685739600,+3.47,+12.470, +9.633,+0.941
1685739660,+3.47,+12.328, +9.642,+0.941
1685739720,+3.47,+12.363, +9.579,+0.941
1685739780,+3.47,+12.239, +9.632,+0.941
1685739840,+3.47,+12.248, +9.672,+0.941
1685739900,+3.47,+12.470, +9.692,+0.941
1685739960,+3.47,+12.576, +9.774,+0.942
1685740020,+3.47,+12.726, +9.770,+0.941
1685740080,+3.47,+12.761, +9.813,+0.942
1685740140,+3.47,+12.911, +9.819,+0.942
1685740200,+3.47,+12.929, +9.815,+0.941
1685740260,+3.47,+12.849, +9.893,+0.941
1685740320,+3.47,+12.911, +9.867,+0.941
1685740380,+3.47,+12.876, +9.881,+0.941
1685740440,+3.47,+12.867, +9.865,+0.941
1685740500,+3.47,+12.885, +9.850,+0.941
1685740560,+3.47,+12.849, +9.853,+0.941
1685740620,+3.47,+12.805, +9.755,+0.941
1685740680,+3.47,+12.708, +9.745,+0.941
1685740740,+3.47,+12.646, +9.768,+0.941
1685740800,+3.47,+12.585, +9.763,+0.941
1685740860,+3.47,+12.593, +9.751,+0.941
1685740920,+3.47,+12.602, +9.780,+0.941
1685740980,+3.47,+12.646, +9.810,+0.941
1685741040,+3.47,+12.620, +9.845,+0.941
1685741100,+3.47,+12.664, +9.823,+0.941
1685741160,+3.47,+12.602, +9.840,+0.941
1685741220,+3.47,+12.673, +9.828,+0.941
1685741280,+3.47,+12.673, +9.854,+0.941
1685741340,+3.47,+12.743, +9.836,+0.941
1685741400,+3.47,+12.699, +9.834,+0.941
1685741460,+3.47,+12.673, +9.827,+0.941
1685741520,+3.47,+12.726, +9.896,+0.941
1685741580,+3.47,+12.673, +9.715,+0.941
1685741640,+3.47,+12.611, +9.710,+0.940
1685741700,+3.47,+12.452, +9.721,+0.941
1685741760,+3.47,+12.372, +9.589,+0.941
1685741820,+3.47,+12.346, +9.603,+0.941
1685741880,+3.47,+12.266, +9.602,+0.941
1685741940,+3.47,+12.239, +9.603,+0.941
1685742000,+3.47,+12.239, +9.624,+0.941
1685742060,+3.47,+12.053, +9.499,+0.940
1685742120,+3.47,+11.758, +9.524,+0.940
1685742180,+3.47,+11.589, +9.559,+0.940
1685742240,+3.47,+11.418, +9.631,+0.941
1685742300,+3.47,+11.400, +9.619,+0.941
1685742360,+3.47,+11.329, +9.634,+0.940
1685742420,+3.47,+11.329, +9.639,+0.940
1685742480,+3.47,+11.311, +9.692,+0.941
1685742540,+3.47,+11.418, +9.679,+0.941
1685742600,+3.47,+11.481, +9.652,+0.941
1685742660,+3.47,+11.481, +9.616,+0.941
1685742720,+3.47,+11.400, +9.605,+0.941
1685742780,+3.47,+11.266, +9.613,+0.941
1685742840,+3.47,+11.239, +9.626,+0.941
1685742900,+3.47,+11.203, +9.634,+0.941
1685742960,+3.47,+11.221, +9.621,+0.941
1685743020,+3.47,+11.320, +9.617,+0.941
1685743080,+3.47,+11.526, +9.634,+0.942
1685743140,+3.47,+11.589, +9.641,+0.941
1685743200,+3.47,+11.714, +9.661,+0.941
1685743260,+3.47,+11.785, +9.692,+0.942
1685743320,+3.47,+11.732, +9.800,+0.942
1685743380,+3.47,+11.785, +9.789,+0.942
1685743440,+3.47,+11.794, +9.679,+0.941
1685743500,+3.47,+11.660, +9.473,+0.940
1685743560,+3.47,+11.508, +9.463,+0.941
1685743620,+3.47,+11.338, +9.411,+0.940
1685743680,+3.47,+11.167, +9.387,+0.940
1685743740,+3.47,+11.077, +9.440,+0.941
1685743800,+3.47,+11.059, +9.424,+0.941
1685743860,+3.47,+11.032, +9.423,+0.941
1685743920,+3.47,+10.996, +9.497,+0.941
1685743980,+3.47,+11.032, +9.497,+0.941
1685744040,+3.47,+11.104, +9.585,+0.941
1685744100,+3.47,+11.059, +9.620,+0.941
1685744160,+3.47,+11.176, +9.574,+0.941
1685744220,+3.47,+11.212, +9.580,+0.941
1685744280,+3.47,+11.212, +9.625,+0.941
1685744340,+3.47,+11.311, +9.621,+0.941
1685744400,+3.47,+11.329, +9.609,+0.941
1685744460,+3.47,+11.472, +9.629,+0.942
1685744520,+3.47,+11.544, +9.761,+0.942
1685744580,+3.47,+11.615, +9.712,+0.941
1685744640,+3.47,+11.687, +9.689,+0.942
1685744700,+3.47,+11.696, +9.686,+0.941
1685744760,+3.47,+11.758, +9.679,+0.941
1685744820,+3.47,+11.750, +9.744,+0.942
1685744880,+3.47,+11.785, +9.728,+0.942
1685744940,+3.47,+11.794, +9.718,+0.942
1685745000,+3.47,+11.732, +9.700,+0.941
1685745060,+3.47,+11.678, +9.722,+0.941
1685745120,+3.47,+11.723, +9.733,+0.941
1685745180,+3.47,+11.696, +9.739,+0.941
1685745240,+3.47,+11.678, +9.796,+0.941
1685745300,+3.47,+11.857, +9.809,+0.942
1685745360,+3.47,+11.892, +9.750,+0.941
1685745420,+3.47,+11.848, +9.707,+0.941
1685745480,+3.47,+11.910, +9.834,+0.942
1685745540,+3.47,+11.964, +9.823,+0.942
1685745600,+3.47,+11.990, +9.829,+0.942
1685745660,+3.47,+12.044, +9.829,+0.942
1685745720,+3.47,+12.115, +9.831,+0.942
1685745780,+3.47,+12.239, +9.852,+0.941
1685745840,+3.47,+12.284, +9.856,+0.941
1685745900,+3.47,+12.390, +9.872,+0.941
1685745960,+3.47,+12.399, +9.891,+0.942
1685746020,+3.47,+12.505, +9.883,+0.942
1685746080,+3.47,+12.673, +9.834,+0.941
1685746140,+3.47,+12.717, +9.895,+0.941
1685746200,+3.47,+12.638, +9.944,+0.941
1685746260,+3.47,+12.505,+10.002,+0.941
1685746320,+3.47,+12.416, +9.926,+0.941
1685746380,+3.47,+12.346, +9.838,+0.941
1685746440,+3.47,+12.275, +9.766,+0.941
1685746500,+3.47,+12.213, +9.791,+0.941
1685746560,+3.47,+12.168, +9.825,+0.941
1685746620,+3.47,+12.159, +9.822,+0.941
1685746680,+3.47,+12.141, +9.834,+0.941
1685746740,+3.47,+12.177, +9.831,+0.941
1685746800,+3.47,+12.177, +9.856,+0.941
1685746860,+3.47,+12.266, +9.914,+0.942
1685746920,+3.47,+12.470, +9.903,+0.941
1685746980,+3.47,+12.328, +9.756,+0.941
1685747040,+3.47,+12.221, +9.726,+0.941
1685747100,+3.47,+12.310, +9.684,+0.941
1685747160,+3.47,+12.248, +9.740,+0.941
1685747220,+3.47,+12.195, +9.751,+0.941
1685747280,+3.47,+12.115, +9.799,+0.941
1685747340,+3.47,+12.159, +9.786,+0.940
1685747400,+3.47,+12.017, +9.618,+0.940
1685747460,+3.47,+11.830, +9.539,+0.940
1685747520,+3.47,+11.633, +9.557,+0.940
1685747580,+3.47,+11.481, +9.583,+0.940
1685747640,+3.47,+11.400, +9.565,+0.941
1685747700,+3.47,+11.329, +9.569,+0.940
1685747760,+3.47,+11.329, +9.591,+0.941
1685747820,+3.47,+11.329, +9.603,+0.940
1685747880,+3.47,+11.490, +9.673,+0.941
1685747940,+3.47,+11.607, +9.759,+0.942
1685748000,+3.47,+11.812, +9.749,+0.941
1685748060,+3.47,+11.892, +9.995,+0.942
1685748120,+3.47,+12.115,+10.065,+0.942
1685748180,+3.47,+12.168, +9.884,+0.941
1685748240,+3.47,+11.910, +9.810,+0.941
1685748300,+3.47,+11.866, +9.744,+0.941
1685748360,+3.47,+11.857, +9.725,+0.941
1685748420,+3.47,+11.857, +9.700,+0.941
1685748480,+3.47,+11.981, +9.724,+0.941
1685748540,+3.47,+12.053, +9.763,+0.941
1685748600,+3.47,+11.937, +9.632,+0.941
1685748660,+3.47,+11.866, +9.612,+0.941
1685748720,+3.47,+11.803, +9.626,+0.941
1685748780,+3.47,+11.794, +9.660,+0.941
1685748840,+3.47,+11.892, +9.662,+0.942
1685748900,+3.47,+11.866, +9.748,+0.941
1685748960,+3.47,+11.964, +9.759,+0.941
1685749020,+3.47,+11.910, +9.820,+0.941
1685749080,+3.47,+11.999, +9.967,+0.941
1685749140,+3.47,+11.964,+10.001,+0.941
1685749200,+3.47,+12.017, +9.888,+0.941
1685749260,+3.47,+11.928, +9.969,+0.942
1685749320,+3.47,+11.964, +9.899,+0.941
1685749380,+3.47,+11.964, +9.897,+0.941
1685749440,+3.47,+11.955, +9.892,+0.941
1685749500,+3.47,+11.910, +9.904,+0.941
1685749560,+3.47,+11.972, +9.898,+0.942
1685749620,+3.47,+12.026, +9.899,+0.941
1685749680,+3.47,+11.990, +9.953,+0.942
1685749740,+3.47,+12.053, +9.971,+0.942
1685749800,+3.47,+12.053,+10.052,+0.941
1685749860,+3.47,+12.017,+10.066,+0.941
1685749920,+3.47,+12.035, +9.969,+0.941
1685749980,+3.47,+11.981, +9.968,+0.941
1685750040,+3.47,+12.017, +9.875,+0.941
1685750100,+3.47,+11.964, +9.832,+0.941
1685750160,+3.47,+11.758, +9.675,+0.940
1685750220,+3.47,+11.607, +9.724,+0.941
1685750280,+3.47,+11.526, +9.760,+0.941
1685750340,+3.47,+11.472, +9.753,+0.941
1685750400,+3.47,+11.391, +9.764,+0.941
1685750460,+3.47,+11.391, +9.734,+0.941
1685750520,+3.47,+11.365, +9.724,+0.940
1685750580,+3.47,+11.284, +9.722,+0.941
1685750640,+3.47,+11.311, +9.691,+0.941
1685750700,+3.47,+11.257, +9.683,+0.941
1685750760,+3.47,+11.194, +9.661,+0.941
1685750820,+3.47,+11.221, +9.594,+0.941
1685750880,+3.47,+11.077, +9.404,+0.940
1685750940,+3.47,+10.905, +9.325,+0.940
1685751000,+3.47,+10.878, +9.296,+0.940
1685751060,+3.47,+10.770, +9.355,+0.941
1685751120,+3.47,+10.752, +9.369,+0.941
1685751180,+3.47,+10.679, +9.406,+0.941
1685751240,+3.47,+10.643, +9.422,+0.941
1685751300,+3.47,+10.625, +9.428,+0.941
1685751360,+3.47,+10.706, +9.393,+0.941
1685751420,+3.47,+10.706, +9.390,+0.940
1685751480,+3.47,+10.706, +9.393,+0.941
1685751540,+3.47,+10.752, +9.387,+0.941
1685751600,+3.47,+10.743, +9.381,+0.941
1685751660,+3.47,+10.724, +9.396,+0.941
1685751720,+3.47,+10.779, +9.374,+0.941
1685751780,+3.47,+10.788, +9.369,+0.941
1685751840,+3.47,+10.743, +9.394,+0.941
1685751900,+3.47,+10.697, +9.401,+0.941
1685751960,+3.47,+10.697, +9.390,+0.941
1685752020,+3.47,+10.697, +9.377,+0.941
1685752080,+3.47,+10.734, +9.356,+0.941
1685752140,+3.47,+10.779, +9.342,+0.941
1685752200,+3.47,+10.752, +9.355,+0.941
1685752260,+3.47,+10.878, +9.333,+0.941
1685752320,+3.47,+10.932, +9.362,+0.941
1685752380,+3.47,+11.086, +9.438,+0.942
1685752440,+3.47,+11.248, +9.849,+0.942
1685752500,+3.47,+11.338, +9.748,+0.941
1685752560,+3.47,+11.365, +9.830,+0.942
1685752620,+3.47,+11.383, +9.849,+0.941
1685752680,+3.47,+11.418, +9.765,+0.941
1685752740,+3.47,+11.418, +9.736,+0.941
1685752800,+3.47,+11.508, +9.729,+0.941
1685752860,+3.47,+11.436, +9.785,+0.942
1685752920,+3.47,+11.499, +9.788,+0.942
1685752980,+3.47,+11.535, +9.788,+0.942
1685753040,+3.47,+11.499, +9.879,+0.942
1685753100,+3.47,+11.481, +9.953,+0.942
1685753160,+3.47,+11.517, +9.913,+0.941
1685753220,+3.47,+11.526, +9.899,+0.941
1685753280,+3.47,+11.517, +9.879,+0.941
1685753340,+3.47,+11.508, +9.882,+0.942
1685753400,+3.47,+11.463, +9.873,+0.941
1685753460,+3.47,+11.454, +9.871,+0.941
1685753520,+3.47,+11.472, +9.878,+0.942
1685753580,+3.47,+11.454, +9.869,+0.941
1685753640,+3.47,+11.499, +9.853,+0.941
1685753700,+3.47,+11.490, +9.819,+0.941
1685753760,+3.47,+11.436, +9.726,+0.941
1685753820,+3.47,+11.454, +9.661,+0.941
1685753880,+3.47,+11.400, +9.675,+0.941
1685753940,+3.47,+11.365, +9.663,+0.941
1685754000,+3.47,+11.365, +9.639,+0.941
1685754060,+3.47,+11.365, +9.643,+0.942
1685754120,+3.47,+11.284, +9.681,+0.941
1685754180,+3.47,+11.320, +9.692,+0.942
1685754240,+3.47,+11.365, +9.668,+0.941
1685754300,+3.47,+11.383, +9.642,+0.941
1685754360,+3.47,+11.356, +9.633,+0.941
1685754420,+3.47,+11.302, +9.656,+0.941
1685754480,+3.47,+11.365, +9.644,+0.941
1685754540,+3.47,+11.329, +9.668,+0.941
1685754600,+3.47,+11.320, +9.678,+0.941
1685754660,+3.47,+11.338, +9.695,+0.941
1685754720,+3.47,+11.338, +9.707,+0.941
1685754780,+3.47,+11.418, +9.681,+0.941
1685754840,+3.47,+11.391, +9.700,+0.942
1685754900,+3.47,+11.409, +9.681,+0.941
1685754960,+3.47,+11.391, +9.682,+0.941
1685755020,+3.47,+11.383, +9.692,+0.942
1685755080,+3.47,+11.427, +9.688,+0.941
1685755140,+3.47,+11.454, +9.696,+0.941
1685755200,+3.47,+11.517, +9.678,+0.941
1685755260,+3.47,+11.508, +9.694,+0.942
1685755320,+3.47,+11.454, +9.723,+0.941
1685755380,+3.47,+11.517, +9.694,+0.941
1685755440,+3.47,+11.481, +9.672,+0.941
1685755500,+3.47,+11.463, +9.563,+0.941
1685755560,+3.47,+11.418, +9.716,+0.941
1685755620,+3.47,+11.400, +9.703,+0.941
1685755680,+3.47,+11.391, +9.675,+0.941
1685755740,+3.47,+11.409, +9.697,+0.941
1685755800,+3.47,+11.400, +9.733,+0.942
1685755860,+3.47,+11.400, +9.738,+0.941
1685755920,+3.47,+11.409, +9.706,+0.941
1685755980,+3.47,+11.257, +9.778,+0.941
1685756040,+3.47,+11.347, +9.751,+0.941
1685756100,+3.47,+11.311, +9.752,+0.941
1685756160,+3.47,+11.356, +9.748,+0.941
1685756220,+3.47,+11.284, +9.814,+0.941
1685756280,+3.47,+11.275, +9.781,+0.941
1685756340,+3.47,+11.311, +9.730,+0.941
1685756400,+3.47,+11.293, +9.732,+0.941
1685756460,+3.47,+11.257, +9.731,+0.941
1685756520,+3.47,+11.284, +9.703,+0.941
1685756580,+3.47,+11.239, +9.712,+0.941
1685756640,+3.47,+11.257, +9.700,+0.941
1685756700,+3.47,+11.275, +9.688,+0.941
1685756760,+3.47,+11.248, +9.707,+0.942
1685756820,+3.47,+11.248, +9.715,+0.941
1685756880,+3.47,+11.266, +9.725,+0.941
1685756940,+3.47,+11.239, +9.706,+0.941
1685757000,+3.47,+11.176, +9.651,+0.941
1685757060,+3.47,+11.158, +9.633,+0.941
1685757120,+3.47,+11.203, +9.598,+0.941
1685757180,+3.47,+11.203, +9.553,+0.941
1685757240,+3.47,+11.194, +9.556,+0.941
1685757300,+3.47,+11.221, +9.546,+0.941
1685757360,+3.47,+11.167, +9.475,+0.941
1685757420,+3.47,+11.113, +9.473,+0.941
1685757480,+3.47,+11.104, +9.482,+0.941
1685757540,+3.47,+11.122, +9.539,+0.941
1685757600,+3.47,+11.086, +9.616,+0.941
1685757660,+3.47,+11.104, +9.658,+0.942
1685757720,+3.47,+11.086, +9.639,+0.942
1685757780,+3.47,+11.131, +9.584,+0.941
1685757840,+3.47,+11.122, +9.551,+0.941
1685757900,+3.47,+11.131, +9.525,+0.941
1685757960,+3.47,+11.140, +9.543,+0.941
1685758020,+3.47,+11.149, +9.596,+0.942
1685758080,+3.47,+11.140, +9.608,+0.941
1685758140,+3.47,+11.158, +9.605,+0.941
1685758200,+3.47,+11.140, +9.617,+0.941
1685758260,+3.47,+11.149, +9.614,+0.941
1685758320,+3.47,+11.167, +9.614,+0.942
1685758380,+3.47,+11.230, +9.577,+0.941
1685758440,+3.47,+11.194, +9.560,+0.941
1685758500,+3.47,+11.212, +9.601,+0.941
1685758560,+3.47,+11.239, +9.730,+0.941
1685758620,+3.47,+11.293, +9.848,+0.941
1685758680,+3.47,+11.275, +9.969,+0.942
1685758740,+3.47,+11.356, +9.986,+0.942
1685758800,+3.47,+11.391,+10.000,+0.942
1685758860,+3.47,+11.338,+10.022,+0.942
1685758920,+3.47,+11.329, +9.837,+0.941
1685758980,+3.47,+11.356, +9.753,+0.941
1685759040,+3.47,+11.356, +9.718,+0.941
1685759100,+3.47,+11.445, +9.694,+0.942
1685759160,+3.47,+11.544, +9.735,+0.942
1685759220,+3.47,+11.589, +9.693,+0.941
1685759280,+3.47,+11.732, +9.640,+0.941
1685759340,+3.47,+11.812, +9.626,+0.941
1685759400,+3.47,+11.857, +9.624,+0.942
1685759460,+3.47,+11.955, +9.618,+0.942
1685759520,+3.47,+12.088, +9.588,+0.941
1685759580,+3.47,+12.221, +9.581,+0.942
1685759640,+3.47,+12.266, +9.602,+0.941
1685759700,+3.47,+12.328, +9.620,+0.942
1685759760,+3.47,+12.408, +9.614,+0.942
1685759820,+3.47,+12.434, +9.631,+0.941
1685759880,+3.47,+12.514, +9.656,+0.941
1685759940,+3.47,+12.523, +9.732,+0.941
1685760000,+3.47,+12.540, +9.839,+0.941
1685760060,+3.47,+12.549, +9.891,+0.941
1685760120,+3.47,+12.443, +9.926,+0.941
1685760180,+3.47,+12.381, +9.936,+0.942
1685760240,+3.47,+12.399, +9.976,+0.941
1685760300,+3.47,+12.346,+10.020,+0.941
1685760360,+3.47,+12.363,+10.083,+0.941
1685760420,+3.47,+12.301,+10.020,+0.941
1685760480,+3.47,+12.230, +9.825,+0.941
1685760540,+3.47,+12.061, +9.791,+0.941
1685760600,+3.47,+11.901, +9.831,+0.940
1685760660,+3.47,+11.848, +9.858,+0.940
1685760720,+3.47,+11.803, +9.881,+0.941
1685760780,+3.47,+11.776, +9.902,+0.941
1685760840,+3.47,+11.919, +9.894,+0.941
1685760900,+3.47,+11.928, +9.912,+0.941
1685760960,+3.47,+11.910, +9.943,+0.941
1685761020,+3.47,+11.972, +9.936,+0.941
1685761080,+3.47,+11.848, +9.863,+0.941
1685761140,+3.47,+11.821, +9.876,+0.941
1685761200,+3.47,+11.767, +9.948,+0.941
1685761260,+3.47,+11.874, +9.965,+0.941
1685761320,+3.47,+11.910, +9.986,+0.942
1685761380,+3.47,+11.928, +9.973,+0.941
1685761440,+3.47,+11.990, +9.951,+0.941
1685761500,+3.47,+11.990,+10.033,+0.941
1685761560,+3.47,+12.168,+10.021,+0.941
1685761620,+3.47,+12.177,+10.036,+0.941
1685761680,+3.47,+12.257,+10.022,+0.942
1685761740,+3.47,+12.310,+10.022,+0.941
1685761800,+3.47,+12.328,+10.034,+0.942
1685761860,+3.47,+12.319,+10.026,+0.941
1685761920,+3.47,+12.275,+10.045,+0.941
1685761980,+3.47,+12.363,+10.016,+0.941
1685762040,+3.47,+12.337,+10.056,+0.942
1685762100,+3.47,+12.337,+10.025,+0.941
1685762160,+3.47,+12.354, +9.987,+0.941
1685762220,+3.47,+12.346, +9.990,+0.941
1685762280,+3.47,+12.328, +9.991,+0.941
1685762340,+3.47,+12.284, +9.972,+0.941
1685762400,+3.47,+12.168, +9.764,+0.940
1685762460,+3.47,+11.964, +9.760,+0.941
1685762520,+3.47,+11.883, +9.789,+0.941
1685762580,+3.47,+11.901, +9.795,+0.941
1685762640,+3.47,+11.928, +9.793,+0.941
1685762700,+3.47,+11.883, +9.842,+0.941
1685762760,+3.47,+11.910, +9.844,+0.941
1685762820,+3.47,+11.874, +9.620,+0.940
1685762880,+3.47,+11.481, +9.408,+0.940
1685762940,+3.47,+11.338, +9.472,+0.940
1685763000,+3.47,+11.329, +9.544,+0.941
1685763060,+3.47,+11.365, +9.581,+0.941
1685763120,+3.47,+11.436, +9.611,+0.941
1685763180,+3.47,+11.526, +9.650,+0.941
1685763240,+3.47,+11.517, +9.688,+0.941
1685763300,+3.47,+11.615, +9.749,+0.941
1685763360,+3.47,+11.741, +9.816,+0.942
1685763420,+3.47,+11.732, +9.800,+0.941
1685763480,+3.47,+11.732, +9.789,+0.941
1685763540,+3.47,+11.821, +9.787,+0.942
1685763600,+3.47,+11.901, +9.795,+0.941
1685763660,+3.47,+11.946, +9.822,+0.941
1685763720,+3.47,+11.937, +9.856,+0.941
1685763780,+3.47,+11.964, +9.858,+0.941
1685763840,+3.47,+11.955, +9.854,+0.941
1685763900,+3.47,+11.919, +9.864,+0.941
1685763960,+3.47,+11.928, +9.865,+0.941
1685764020,+3.47,+11.848, +9.870,+0.941
1685764080,+3.47,+11.857, +9.823,+0.941
1685764140,+3.47,+11.812, +9.783,+0.941
1685764200,+3.47,+11.642, +9.467,+0.940
1685764260,+3.47,+11.481, +9.655,+0.940
1685764320,+3.47,+11.347, +9.638,+0.940
1685764380,+3.47,+11.329, +9.522,+0.940
1685764440,+3.47,+11.293, +9.634,+0.941
1685764500,+3.47,+11.212, +9.819,+0.941
1685764560,+3.47,+11.167, +9.759,+0.940
1685764620,+3.47,+11.068, +9.642,+0.941
1685764680,+3.47,+10.896, +9.401,+0.940
1685764740,+3.47,+10.734, +9.370,+0.940
1685764800,+3.47,+10.634, +9.374,+0.940
1685764860,+3.47,+10.598, +9.365,+0.940
1685764920,+3.47,+10.543, +9.379,+0.940
1685764980,+3.47,+10.552, +9.310,+0.940
1685765040,+3.47,+10.361, +9.291,+0.940
1685765100,+3.47,+10.307, +9.295,+0.940
1685765160,+3.47,+10.270, +9.309,+0.940
1685765220,+3.47,+10.179, +9.338,+0.940
1685765280,+3.47,+10.225, +9.328,+0.941
1685765340,+3.47,+10.170, +9.329,+0.941
1685765400,+3.47,+10.143, +9.333,+0.941
1685765460,+3.47,+10.152, +9.326,+0.940
1685765520,+3.47,+10.133, +9.338,+0.941
1685765580,+3.47,+10.133, +9.326,+0.940
1685765640,+3.47,+10.106, +9.327,+0.941
1685765700,+3.47,+10.161, +9.306,+0.941
1685765760,+3.47,+10.124, +9.320,+0.940
1685765820,+3.47,+10.124, +9.322,+0.941
1685765880,+3.47,+10.143, +9.313,+0.941
1685765940,+3.47,+10.152, +9.329,+0.941
1685766000,+3.47,+10.188, +9.335,+0.941
1685766060,+3.47,+10.206, +9.356,+0.941
1685766120,+3.47,+10.307, +9.349,+0.941
1685766180,+3.47,+10.298, +9.395,+0.941
1685766240,+3.47,+10.361, +9.407,+0.941
1685766300,+3.47,+10.352, +9.452,+0.941
1685766360,+3.47,+10.380, +9.491,+0.942
1685766420,+3.47,+10.461, +9.514,+0.941
1685766480,+3.47,+10.470, +9.543,+0.941
1685766540,+3.47,+10.589, +9.528,+0.941
1685766600,+3.47,+10.570, +9.598,+0.941
1685766660,+3.47,+10.634, +9.625,+0.941
1685766720,+3.47,+10.634, +9.608,+0.941
1685766780,+3.47,+10.643, +9.593,+0.941
1685766840,+3.47,+10.579, +9.622,+0.941
1685766900,+3.47,+10.661, +9.610,+0.942
1685766960,+3.47,+10.625, +9.616,+0.942
1685767020,+3.47,+10.688, +9.575,+0.941
1685767080,+3.47,+10.679, +9.588,+0.942
1685767140,+3.47,+10.752, +9.551,+0.941
1685767200,+3.47,+10.752, +9.595,+0.941
1685767260,+3.47,+10.824, +9.616,+0.942
1685767320,+3.47,+10.896, +9.648,+0.942
1685767380,+3.47,+10.941, +9.671,+0.942
1685767440,+3.47,+11.068, +9.666,+0.941
1685767500,+3.47,+11.140, +9.685,+0.941
1685767560,+3.47,+11.203, +9.685,+0.942
1685767620,+3.47,+11.293, +9.695,+0.942
1685767680,+3.47,+11.338, +9.699,+0.941
1685767740,+3.47,+11.400, +9.720,+0.942
1685767800,+3.47,+11.463, +9.733,+0.942
1685767860,+3.47,+11.499, +9.744,+0.941
1685767920,+3.47,+11.535, +9.781,+0.942
1685767980,+3.47,+11.553, +9.797,+0.942
1685768040,+3.47,+11.633, +9.773,+0.942
1685768100,+3.47,+11.589, +9.825,+0.942
1685768160,+3.47,+11.696, +9.813,+0.942
1685768220,+3.47,+11.750, +9.816,+0.942
1685768280,+3.47,+11.848, +9.826,+0.942
1685768340,+3.47,+11.883, +9.887,+0.942
1685768400,+3.47,+12.017, +9.899,+0.941
1685768460,+3.47,+12.079, +9.919,+0.941
1685768520,+3.47,+12.133, +9.966,+0.943
1685768580,+3.47,+12.257, +9.922,+0.942
1685768640,+3.47,+12.337, +9.956,+0.942
1685768700,+3.47,+12.452, +9.985,+0.942
1685768760,+3.47,+12.558,+10.000,+0.942
1685768820,+3.47,+12.558,+10.077,+0.942
1685768880,+3.47,+12.629,+10.148,+0.942
1685768940,+3.47,+12.682,+10.135,+0.942
1685769000,+3.47,+12.726,+10.142,+0.942
1685769060,+3.47,+12.796,+10.129,+0.942
1685769120,+3.47,+12.893,+10.095,+0.942
1685769180,+3.47,+13.008,+10.066,+0.942
1685769240,+3.47,+13.104,+10.010,+0.942
1685769300,+3.47,+13.122, +9.982,+0.941
1685769360,+3.47,+13.210, +9.977,+0.942
1685769420,+3.47,+13.236, +9.972,+0.941
1685769480,+3.47,+13.297, +9.944,+0.941
1685769540,+3.47,+13.350, +9.923,+0.941
1685769600,+3.47,+13.385, +9.895,+0.941
1685769660,+3.47,+13.368, +9.864,+0.941
1685769720,+3.47,+13.359, +9.856,+0.941
1685769780,+3.47,+13.464, +9.816,+0.941
1685769840,+3.47,+13.534, +9.802,+0.941
1685769900,+3.47,+13.586, +9.766,+0.941
1685769960,+3.47,+13.674, +9.728,+0.941
1685770020,+3.47,+13.848, +9.754,+0.941
1685770080,+3.47,+14.022, +9.756,+0.942
1685770140,+3.47,+14.430, +9.789,+0.943
1685770200,+3.47,+14.897, +9.894,+0.943
1685770260,+3.47,+15.302, +9.891,+0.942
1685770320,+3.47,+15.534, +9.967,+0.943
1685770380,+3.47,+15.422, +9.807,+0.942
1685770440,+3.47,+15.517, +9.802,+0.942
1685770500,+3.47,+15.525, +9.636,+0.941
1685770560,+3.47,+15.422, +9.626,+0.941
1685770620,+3.47,+15.371, +9.646,+0.941
1685770680,+3.47,+15.302, +9.606,+0.941
1685770740,+3.47,+15.087, +9.541,+0.940
1685770800,+3.47,+14.992, +9.372,+0.939
1685770860,+3.47,+14.690, +9.491,+0.941
1685770920,+3.47,+14.500, +9.614,+0.941
1685770980,+3.47,+14.430, +9.676,+0.940
1685771040,+3.47,+14.326, +9.755,+0.940
1685771100,+3.47,+14.283, +9.785,+0.940
1685771160,+3.47,+14.344, +9.731,+0.940
1685771220,+3.47,+14.396, +9.742,+0.941
1685771280,+3.47,+14.543, +9.691,+0.940
1685771340,+3.47,+14.742, +9.687,+0.941
1685771400,+3.47,+15.070, +9.678,+0.942
1685771460,+3.47,+15.225, +9.763,+0.942
1685771520,+3.47,+15.499, +9.771,+0.942
1685771580,+3.47,+15.602, +9.812,+0.941
1685771640,+3.47,+15.834, +9.818,+0.942
1685771700,+3.47,+15.911, +9.789,+0.942
1685771760,+3.47,+15.971, +9.725,+0.941
1685771820,+3.47,+15.971, +9.695,+0.941
1685771880,+3.47,+16.039, +9.697,+0.941
1685771940,+3.47,+16.099, +9.802,+0.942
1685772000,+3.47,+16.099, +9.827,+0.942
1685772060,+3.47,+16.107, +9.846,+0.941
1685772120,+3.47,+15.560, +9.599,+0.940
1685772180,+3.47,+15.422, +9.641,+0.940
1685772240,+3.47,+15.371, +9.604,+0.940
1685772300,+3.47,+15.465, +9.649,+0.941
1685772360,+3.47,+15.628, +9.725,+0.941
1685772420,+3.47,+15.800, +9.730,+0.942
1685772480,+3.47,+16.031, +9.674,+0.941
1685772540,+3.47,+16.270, +9.694,+0.942
1685772600,+3.47,+16.500, +9.629,+0.941
1685772660,+3.47,+16.662, +9.590,+0.942
1685772720,+3.47,+16.798, +9.496,+0.942
1685772780,+3.47,+17.070, +9.484,+0.942
1685772840,+3.47,+17.189, +9.478,+0.941
1685772900,+3.47,+17.333, +9.495,+0.942
1685772960,+3.47,+17.485, +9.518,+0.942
1685773020,+3.47,+17.409, +9.339,+0.941
1685773080,+3.47,+17.155, +9.363,+0.941
1685773140,+3.47,+17.095, +9.466,+0.942
1685773200,+3.47,+17.197, +9.443,+0.942
1685773260,+3.47,+17.316, +9.430,+0.942
1685773320,+3.47,+17.333, +9.443,+0.941
1685773380,+3.47,+17.570, +9.560,+0.942
1685773440,+3.47,+17.663, +9.577,+0.942
1685773500,+3.47,+17.722, +9.603,+0.942
1685773560,+3.47,+17.824, +9.612,+0.942
1685773620,+3.47,+17.908, +9.582,+0.942
1685773680,+3.47,+17.976, +9.610,+0.943
1685773740,+3.47,+18.018, +9.597,+0.942
1685773800,+3.47,+18.043, +9.567,+0.942
1685773860,+3.47,+18.077, +9.537,+0.942
1685773920,+3.47,+18.010, +9.533,+0.942
1685773980,+3.47,+18.052, +9.508,+0.942
1685774040,+3.47,+17.248, +8.860,+0.937
1685774100,+3.47,+16.065, +9.329,+0.938
1685774160,+3.47,+15.705, +9.613,+0.940
1685774220,+3.47,+15.268, +9.650,+0.939
1685774280,+3.47,+15.070, +9.729,+0.940
1685774340,+3.47,+15.130, +9.768,+0.940
1685774400,+3.47,+15.336, +9.797,+0.941
1685774460,+3.47,+15.611, +9.864,+0.940
1685774520,+3.47,+15.774, +9.842,+0.941
1685774580,+3.47,+15.902, +9.790,+0.941
1685774640,+3.47,+16.090, +9.740,+0.942
1685774700,+3.47,+16.193, +9.686,+0.941
1685774760,+3.47,+16.219, +9.855,+0.942
1685774820,+3.47,+16.295, +9.908,+0.941
1685774880,+3.47,+16.210, +9.867,+0.941
1685774940,+3.47,+15.748, +9.611,+0.939
1685775000,+3.47,+15.474, +9.684,+0.940
1685775060,+3.47,+15.388, +9.727,+0.940
1685775120,+3.47,+15.250, +9.694,+0.939
1685775180,+3.47,+15.052, +9.685,+0.939
1685775240,+3.47,+14.794, +9.692,+0.939
1685775300,+3.47,+14.370, +9.537,+0.938
1685775360,+3.47,+13.804, +9.449,+0.938
1685775420,+3.47,+13.157, +9.376,+0.937
1685775480,+3.47,+12.805, +9.441,+0.938
1685775540,+3.47,+12.585, +9.546,+0.938
1685775600,+3.47,+12.505, +9.685,+0.939
1685775660,+3.47,+12.558, +9.802,+0.940
1685775720,+3.47,+12.752, +9.876,+0.940
1685775780,+3.47,+12.911, +9.935,+0.941
1685775840,+3.47,+13.087, +9.994,+0.940
1685775900,+3.47,+13.324,+10.052,+0.941
1685775960,+3.47,+13.551,+10.085,+0.941
1685776020,+3.47,+13.700,+10.059,+0.942
1685776080,+3.47,+13.831,+10.032,+0.941
1685776140,+3.47,+13.935,+10.022,+0.941
1685776200,+3.47,+14.057, +9.996,+0.941
1685776260,+3.47,+14.161,+10.029,+0.942
1685776320,+3.47,+14.326, +9.974,+0.942
1685776380,+3.47,+14.526, +9.942,+0.942
1685776440,+3.47,+14.664, +9.950,+0.942
1685776500,+3.47,+14.889, +9.931,+0.942
1685776560,+3.47,+15.070, +9.940,+0.942
1685776620,+3.47,+15.225, +9.796,+0.941
1685776680,+3.47,+15.052, +9.777,+0.941
1685776740,+3.47,+14.889, +9.804,+0.941
1685776800,+3.47,+14.707, +9.795,+0.941
1685776860,+3.47,+14.577, +9.864,+0.940
1685776920,+3.47,+14.474, +9.921,+0.941
1685776980,+3.47,+14.474, +9.927,+0.941
1685777040,+3.47,+14.517, +9.902,+0.940
1685777100,+3.47,+14.517, +9.929,+0.941
1685777160,+3.47,+14.534, +9.896,+0.941
1685777220,+3.47,+14.569, +9.869,+0.941
1685777280,+3.47,+14.603, +9.858,+0.941
1685777340,+3.47,+14.647, +9.874,+0.941
1685777400,+3.47,+14.776, +9.849,+0.941
1685777460,+3.47,+14.880, +9.852,+0.941
1685777520,+3.47,+15.052, +9.896,+0.942
1685777580,+3.47,+15.216, +9.911,+0.942
1685777640,+3.47,+15.542, +9.887,+0.942
1685777700,+3.47,+15.765, +9.913,+0.943
1685777760,+3.47,+15.911, +9.837,+0.942
1685777820,+3.47,+15.979, +9.824,+0.942
1685777880,+3.47,+16.056, +9.858,+0.942
1685777940,+3.47,+16.210, +9.854,+0.942
1685778000,+3.47,+16.355, +9.855,+0.942
1685778060,+3.47,+16.372, +9.852,+0.941
1685778120,+3.47,+16.415, +9.310,+0.938
1685778180,+3.47,+15.190, +9.264,+0.938
1685778240,+3.47,+14.248, +9.406,+0.937
1685778300,+3.47,+13.735, +9.555,+0.938
1685778360,+3.47,+13.306, +9.635,+0.938
1685778420,+3.47,+13.060, +9.675,+0.938
1685778480,+3.47,+13.017, +9.842,+0.939
1685778540,+3.47,+13.096,+10.016,+0.940
1685778600,+3.47,+13.289,+10.107,+0.940
1685778660,+3.47,+13.595,+10.150,+0.941
1685778720,+3.47,+13.770,+10.195,+0.941
1685778780,+3.47,+14.040,+10.175,+0.941
1685778840,+3.47,+14.153,+10.151,+0.941
1685778900,+3.47,+14.266,+10.137,+0.942
1685778960,+3.47,+13.918, +9.640,+0.938
1685779020,+3.47,+13.201, +9.493,+0.939
1685779080,+3.47,+12.558, +9.415,+0.938
1685779140,+3.47,+12.168, +9.524,+0.939
1685779200,+3.47,+11.892, +9.676,+0.939
1685779260,+3.47,+11.758, +9.726,+0.939
1685779320,+3.47,+11.598, +9.820,+0.940
1685779380,+3.47,+11.589, +9.827,+0.940
1685779440,+3.47,+11.499, +9.828,+0.939
1685779500,+3.47,+11.445, +9.861,+0.940
1685779560,+3.47,+11.418, +9.873,+0.940
1685779620,+3.47,+11.356, +9.893,+0.940
1685779680,+3.47,+11.356, +9.909,+0.941
1685779740,+3.47,+11.338, +9.920,+0.941
1685779800,+3.47,+11.329, +9.914,+0.940
1685779860,+3.47,+11.365, +9.901,+0.941
1685779920,+3.47,+11.499, +9.854,+0.941
1685779980,+3.47,+11.910,+10.115,+0.942
1685780040,+3.47,+12.319,+10.314,+0.943
1685780100,+3.47,+12.673,+10.291,+0.942
1685780160,+3.47,+12.576, +9.877,+0.940
1685780220,+3.47,+12.257, +9.902,+0.941
1685780280,+3.47,+12.026, +9.806,+0.940
1685780340,+3.47,+11.732, +9.793,+0.940
1685780400,+3.47,+11.526, +9.707,+0.940
1685780460,+3.47,+11.418, +9.715,+0.940
1685780520,+3.47,+11.302, +9.743,+0.940
1685780580,+3.47,+11.203, +9.793,+0.940
1685780640,+3.47,+11.158, +9.803,+0.940
1685780700,+3.47,+11.113, +9.841,+0.941
1685780760,+3.47,+11.068, +9.860,+0.940
1685780820,+3.47,+11.014, +9.911,+0.941
1685780880,+3.47,+11.131, +9.881,+0.941
1685780940,+3.47,+11.302,+10.000,+0.942
1685781000,+3.47,+11.687,+10.137,+0.942
1685781060,+3.47,+12.133,+10.173,+0.943
1685781120,+3.47,+12.452,+10.242,+0.942
1685781180,+3.47,+12.735,+10.331,+0.943
1685781240,+3.47,+13.043,+10.258,+0.943
1685781300,+3.47,+13.157,+10.276,+0.943
1685781360,+3.47,+13.245, +9.934,+0.941
1685781420,+3.47,+12.496, +9.515,+0.939
1685781480,+3.47,+11.999, +9.581,+0.940
1685781540,+3.47,+11.633, +9.668,+0.940
1685781600,+3.47,+11.454, +9.730,+0.940
1685781660,+3.47,+11.365, +9.768,+0.940
1685781720,+3.47,+11.329, +9.782,+0.940
1685781780,+3.47,+11.257, +9.789,+0.940
1685781840,+3.47,+11.212, +9.799,+0.941
1685781900,+3.47,+11.194, +9.813,+0.941
1685781960,+3.47,+11.158, +9.773,+0.940
1685782020,+3.47,+11.068, +9.798,+0.941
1685782080,+3.47,+11.068, +9.782,+0.941
1685782140,+3.47,+10.960, +9.832,+0.941
1685782200,+3.47,+11.023, +9.805,+0.941
1685782260,+3.47,+10.969, +9.795,+0.941
1685782320,+3.47,+11.032, +9.761,+0.941
1685782380,+3.47,+10.969, +9.789,+0.941
1685782440,+3.47,+10.941, +9.807,+0.942
1685782500,+3.47,+10.987, +9.788,+0.942
1685782560,+3.47,+10.969, +9.793,+0.942
1685782620,+3.47,+10.978, +9.777,+0.941
1685782680,+3.47,+10.978, +9.766,+0.941
1685782740,+3.47,+10.951, +9.770,+0.941
1685782800,+3.47,+10.951, +9.769,+0.941
1685782860,+3.47,+10.896, +9.764,+0.941
1685782920,+3.47,+10.878, +9.738,+0.941
1685782980,+3.47,+10.842, +9.729,+0.941
1685783040,+3.47,+10.824, +9.734,+0.941
1685783100,+3.47,+10.842, +9.709,+0.941
1685783160,+3.47,+10.788, +9.754,+0.941
1685783220,+3.47,+10.896, +9.777,+0.941
1685783280,+3.47,+10.932, +9.869,+0.942
1685783340,+3.47,+11.122, +9.855,+0.942
1685783400,+3.47,+11.365,+10.084,+0.943
1685783460,+3.47,+12.328,+10.467,+0.945
1685783520,+3.47,+12.955,+10.389,+0.944
1685783580,+3.47,+13.499,+10.510,+0.945
1685783640,+3.47,+13.892,+10.454,+0.944
1685783700,+3.47,+13.953, +9.377,+0.937
1685783760,+3.47,+12.620, +9.379,+0.939
1685783820,+3.47,+12.141, +9.408,+0.939
1685783880,+3.47,+11.714, +9.555,+0.940
1685783940,+3.47,+11.553, +9.713,+0.941
1685784000,+3.47,+11.544, +9.706,+0.940
1685784060,+3.47,+11.481, +9.731,+0.941
1685784120,+3.47,+11.463, +9.787,+0.940
1685784180,+3.47,+11.553, +9.856,+0.941
1685784240,+3.47,+11.651, +9.915,+0.941
1685784300,+3.47,+11.910, +9.885,+0.941
1685784360,+3.47,+11.589, +9.640,+0.940
1685784420,+3.47,+11.356, +9.612,+0.940
1685784480,+3.47,+11.194, +9.706,+0.941
1685784540,+3.47,+11.176, +9.732,+0.941
1685784600,+3.47,+11.140, +9.715,+0.941
1685784660,+3.47,+11.167, +9.771,+0.941
1685784720,+3.47,+11.293, +9.865,+0.942
1685784780,+3.47,+11.633,+10.170,+0.943
1685784840,+3.47,+11.723, +9.910,+0.941
1685784900,+3.47,+11.544, +9.715,+0.940
1685784960,+3.47,+11.391, +9.739,+0.941
1685785020,+3.47,+11.302, +9.757,+0.941
1685785080,+3.47,+11.230, +9.768,+0.941
1685785140,+3.47,+11.149, +9.772,+0.941
1685785200,+3.47,+11.176, +9.780,+0.941
1685785260,+3.47,+11.239, +9.847,+0.942
1685785320,+3.47,+11.651, +9.982,+0.942
1685785380,+3.47,+11.972,+10.018,+0.942
1685785440,+3.47,+12.248, +9.964,+0.942
1685785500,+3.47,+11.972, +9.841,+0.941
1685785560,+3.47,+11.830, +9.801,+0.941
1685785620,+3.47,+11.660, +9.787,+0.941
1685785680,+3.47,+11.517, +9.731,+0.941
1685785740,+3.47,+11.409, +9.751,+0.941
1685785800,+3.47,+11.347, +9.757,+0.941
1685785860,+3.47,+11.275, +9.773,+0.941
1685785920,+3.47,+11.221, +9.778,+0.941
1685785980,+3.47,+11.230, +9.793,+0.941
1685786040,+3.47,+11.347, +9.777,+0.941
1685786100,+3.47,+11.293, +9.819,+0.941
1685786160,+3.47,+11.329, +9.830,+0.942
1685786220,+3.47,+11.338, +9.816,+0.941
1685786280,+3.47,+11.365, +9.818,+0.942
1685786340,+3.47,+11.409, +9.791,+0.941
1685786400,+3.47,+11.409, +9.784,+0.941
1685786460,+3.47,+11.347, +9.802,+0.941
1685786520,+3.47,+11.356, +9.803,+0.941
1685786580,+3.47,+11.374, +9.834,+0.941
1685786640,+3.47,+11.517, +9.871,+0.941
1685786700,+3.47,+11.696, +9.992,+0.942
1685786760,+3.47,+12.195,+10.178,+0.943
1685786820,+3.47,+12.611,+10.311,+0.943
1685786880,+3.47,+13.192,+10.403,+0.943
1685786940,+3.47,+13.621,+10.461,+0.944
1685787000,+3.47,+13.918,+10.398,+0.944
1685787060,+3.47,+14.239,+10.358,+0.943
1685787120,+3.47,+14.370,+10.310,+0.943
1685787180,+3.47,+14.482,+10.274,+0.943
1685787240,+3.47,+14.577,+10.249,+0.942
1685787300,+3.47,+14.629,+10.241,+0.942
1685787360,+3.47,+14.724,+10.252,+0.942
1685787420,+3.47,+14.837,+10.241,+0.943
1685787480,+3.47,+14.819,+10.072,+0.941
1685787540,+3.47,+14.205, +9.618,+0.938
1685787600,+3.47,+13.420, +9.614,+0.939
1685787660,+3.47,+12.858, +9.620,+0.939
1685787720,+3.47,+12.549, +9.691,+0.939
1685787780,+3.47,+12.354, +9.752,+0.940
1685787840,+3.47,+12.230, +9.816,+0.940
1685787900,+3.47,+12.204, +9.902,+0.941
1685787960,+3.47,+12.337,+10.000,+0.941
1685788020,+3.47,+12.629,+10.172,+0.942
1685788080,+3.47,+13.113,+10.320,+0.942
1685788140,+3.47,+13.578,+10.345,+0.942
1685788200,+3.47,+13.883,+10.474,+0.943
1685788260,+3.47,+14.344,+10.381,+0.943
1685788320,+3.47,+13.926, +9.689,+0.939
1685788380,+3.47,+13.104, +9.601,+0.939
1685788440,+3.47,+12.735, +9.736,+0.939
1685788500,+3.47,+12.699, +9.909,+0.940
1685788560,+3.47,+12.788, +9.969,+0.940
1685788620,+3.47,+12.655,+10.007,+0.940
1685788680,+3.47,+12.752,+10.049,+0.941
1685788740,+3.47,+12.832,+10.083,+0.940
1685788800,+3.47,+12.920,+10.110,+0.941
1685788860,+3.47,+13.034,+10.181,+0.941
1685788920,+3.47,+13.069,+10.179,+0.941
1685788980,+3.47,+13.148,+10.177,+0.941
1685789040,+3.47,+13.192,+10.170,+0.941
1685789100,+3.47,+13.192,+10.199,+0.941
1685789160,+3.47,+13.368,+10.233,+0.942
1685789220,+3.47,+13.490,+10.267,+0.941
1685789280,+3.47,+13.621,+10.252,+0.941
1685789340,+3.47,+13.770,+10.279,+0.941
1685789400,+3.47,+13.970,+10.316,+0.942
1685789460,+3.47,+14.187,+10.398,+0.943
1685789520,+3.47,+14.448,+10.431,+0.943
1685789580,+3.47,+14.612,+10.419,+0.942
1685789640,+3.47,+14.707,+10.436,+0.942
1685789700,+3.47,+14.863,+10.402,+0.942
1685789760,+3.47,+14.932,+10.379,+0.942
1685789820,+3.47,+14.966,+10.377,+0.941
1685789880,+3.47,+14.975,+10.391,+0.942
1685789940,+3.47,+15.052,+10.383,+0.942
1685790000,+3.47,+15.061,+10.388,+0.942
1685790060,+3.47,+15.078,+10.343,+0.942
1685790120,+3.47,+15.001,+10.340,+0.942
1685790180,+3.47,+14.897,+10.292,+0.941
1685790240,+3.47,+14.863,+10.272,+0.941
1685790300,+3.47,+14.759,+10.245,+0.941
1685790360,+3.47,+14.655,+10.178,+0.941
1685790420,+3.47,+14.465,+10.129,+0.940
1685790480,+3.47,+14.135,+10.043,+0.939
1685790540,+3.47,+14.014,+10.137,+0.940
1685790600,+3.47,+14.074,+10.221,+0.940
1685790660,+3.47,+14.057,+10.211,+0.940
1685790720,+3.47,+14.031,+10.224,+0.941
1685790780,+3.47,+13.970,+10.225,+0.941
1685790840,+3.47,+13.883,+10.218,+0.941
1685790900,+3.47,+13.743,+10.105,+0.940
1685790960,+3.47,+13.569,+10.088,+0.940
1685791020,+3.47,+13.481,+10.175,+0.941
1685791080,+3.47,+13.525,+10.244,+0.941
1685791140,+3.47,+13.578,+10.284,+0.941
1685791200,+3.47,+13.665,+10.343,+0.941
1685791260,+3.47,+13.770,+10.384,+0.941
1685791320,+3.47,+14.048,+10.389,+0.942
1685791380,+3.47,+14.222,+10.422,+0.942
1685791440,+3.47,+14.387,+10.455,+0.942
1685791500,+3.47,+14.569,+10.527,+0.942
1685791560,+3.47,+14.889,+10.521,+0.943
1685791620,+3.47,+15.233,+10.432,+0.943
1685791680,+3.47,+15.491,+10.348,+0.942
1685791740,+3.47,+15.560,+10.326,+0.943
1685791800,+3.47,+15.285,+10.120,+0.941
1685791860,+3.47,+15.070,+10.223,+0.941
1685791920,+3.47,+14.819,+10.330,+0.941
1685791980,+3.47,+14.776,+10.239,+0.940
1685792040,+3.47,+14.526,+10.202,+0.940
1685792100,+3.47,+14.318,+10.153,+0.940
1685792160,+3.47,+14.161,+10.188,+0.940
1685792220,+3.47,+14.092,+10.245,+0.941
1685792280,+3.47,+14.066,+10.241,+0.940
1685792340,+3.47,+14.057,+10.286,+0.940
1685792400,+3.47,+14.118,+10.303,+0.941
1685792460,+3.47,+14.127,+10.352,+0.941
1685792520,+3.47,+14.257,+10.384,+0.941
1685792580,+3.47,+14.422,+10.428,+0.942
1685792640,+3.47,+14.517,+10.415,+0.941
1685792700,+3.47,+14.508,+10.404,+0.941
1685792760,+3.47,+14.482,+10.395,+0.942
1685792820,+3.47,+14.560,+10.419,+0.942
1685792880,+3.47,+14.638,+10.444,+0.942
1685792940,+3.47,+14.724,+10.448,+0.942
1685793000,+3.47,+14.828,+10.445,+0.942
1685793060,+3.47,+14.940,+10.408,+0.941
1685793120,+3.47,+14.906,+10.421,+0.942
1685793180,+3.47,+15.018,+10.426,+0.942
1685793240,+3.47,+15.130,+10.408,+0.942
1685793300,+3.47,+15.259,+10.404,+0.942
1685793360,+3.47,+15.379,+10.349,+0.941
1685793420,+3.47,+15.414,+10.237,+0.941
1685793480,+3.47,+14.699, +9.778,+0.938
1685793540,+3.47,+14.196, +9.958,+0.939
1685793600,+3.47,+14.031,+10.052,+0.940
1685793660,+3.47,+13.656, +9.996,+0.939
1685793720,+3.47,+13.359, +9.965,+0.939
1685793780,+3.47,+13.078, +9.994,+0.940
1685793840,+3.47,+12.990, +9.973,+0.940
1685793900,+3.47,+12.876, +9.961,+0.939
1685793960,+3.47,+12.699, +9.965,+0.939
1685794020,+3.47,+12.646, +9.952,+0.940
1685794080,+3.47,+12.540, +9.978,+0.940
1685794140,+3.47,+12.478, +9.993,+0.940
1685794200,+3.47,+12.478,+10.022,+0.941
1685794260,+3.47,+12.434,+10.013,+0.940
1685794320,+3.47,+12.452,+10.081,+0.941
1685794380,+3.47,+12.549,+10.126,+0.941
1685794440,+3.47,+12.796,+10.234,+0.941
1685794500,+3.47,+13.131,+10.347,+0.942
1685794560,+3.47,+13.411,+10.444,+0.943
1685794620,+3.47,+13.892,+10.448,+0.942
1685794680,+3.47,+14.057,+10.524,+0.942
1685794740,+3.47,+14.378,+10.633,+0.944
1685794800,+3.47,+14.871,+10.655,+0.944
1685794860,+3.47,+15.173,+10.520,+0.943
1685794920,+3.47,+15.225,+10.466,+0.943
1685794980,+3.47,+15.121,+10.304,+0.942
1685795040,+3.47,+14.949,+10.253,+0.941
1685795100,+3.47,+14.638, +9.792,+0.938
1685795160,+3.47,+13.735, +9.578,+0.937
1685795220,+3.47,+13.052, +9.690,+0.938
1685795280,+3.47,+12.655, +9.851,+0.939
1685795340,+3.47,+12.532, +9.927,+0.939
1685795400,+3.47,+12.381,+10.003,+0.940
1685795460,+3.47,+12.292,+10.056,+0.940
1685795520,+3.47,+12.319,+10.033,+0.940
1685795580,+3.47,+12.292,+10.050,+0.940
1685795640,+3.47,+12.221,+10.075,+0.940
1685795700,+3.47,+12.257,+10.067,+0.940
1685795760,+3.47,+12.177,+10.099,+0.941
1685795820,+3.47,+12.186,+10.091,+0.940
1685795880,+3.47,+12.204,+10.105,+0.941
1685795940,+3.47,+12.230,+10.105,+0.941
1685796000,+3.47,+12.248,+10.117,+0.941
1685796060,+3.47,+12.275,+10.140,+0.941
1685796120,+3.47,+12.337,+10.138,+0.941
1685796180,+3.47,+12.381,+10.102,+0.941
1685796240,+3.47,+12.363,+10.086,+0.941
1685796300,+3.47,+12.239,+10.096,+0.941
1685796360,+3.47,+12.168,+10.112,+0.941
1685796420,+3.47,+12.088,+10.112,+0.940
1685796480,+3.47,+12.026,+10.118,+0.940
1685796540,+3.47,+11.964,+10.134,+0.941
1685796600,+3.47,+11.892,+10.150,+0.940
1685796660,+3.47,+11.866,+10.175,+0.941
1685796720,+3.47,+11.857,+10.158,+0.941
1685796780,+3.47,+11.821,+10.171,+0.941
