7450-798456
OS REV: 1.03 Sensor Cal: 1539277937
Time (sec),  BV (Volts),  T (deg C),  DO (mg/l),  Q ()
1684673640,+3.46,+10.161,+10.023,+0.942
1684673700,+3.46,+10.124,+10.031,+0.942
1684673760,+3.46,+10.143,+10.020,+0.942
1684673820,+3.46,+10.170,+10.013,+0.943
1684673880,+3.46,+10.161,+10.023,+0.942
1684673940,+3.46,+10.143,+10.038,+0.943
1684674000,+3.46,+10.179,+10.025,+0.942
1684674060,+3.46,+10.197,+10.030,+0.942
1684674120,+3.46,+10.161,+10.031,+0.942
1684674180,+3.46,+10.133,+10.038,+0.942
1684674240,+3.46,+10.143,+10.030,+0.942
1684674300,+3.46,+10.197,+10.011,+0.942
1684674360,+3.46,+10.225,+10.003,+0.942
1684674420,+3.46,+10.170,+10.016,+0.942
1684674480,+3.46,+10.188,+10.014,+0.943
1684674540,+3.46,+10.188,+10.009,+0.942
1684674600,+3.46,+10.170,+10.018,+0.943
1684674660,+3.46,+10.225, +9.998,+0.943
1684674720,+3.46,+10.206,+10.020,+0.943
1684674780,+3.46,+10.243, +9.997,+0.942
1684674840,+3.46,+10.197,+10.028,+0.943
1684674900,+3.46,+10.179,+10.041,+0.943
1684674960,+3.46,+10.197,+10.012,+0.942
1684675020,+3.46,+10.188,+10.027,+0.942
1684675080,+3.46,+10.206,+10.013,+0.942
1684675140,+3.46,+10.161,+10.041,+0.943
1684675200,+3.46,+10.197,+10.027,+0.943
1684675260,+3.46,+10.225,+10.017,+0.943
1684675320,+3.46,+10.197,+10.020,+0.942
1684675380,+3.46,+10.179,+10.025,+0.942
1684675440,+3.46,+10.161,+10.033,+0.942
1684675500,+3.46,+10.188,+10.035,+0.943
1684675560,+3.46,+10.170,+10.048,+0.943
1684675620,+3.46,+10.234,+10.018,+0.942
1684675680,+3.46,+10.133,+10.064,+0.943
1684675740,+3.46,+10.197,+10.031,+0.942
1684675800,+3.46,+10.188,+10.040,+0.943
1684675860,+3.46,+10.188,+10.035,+0.942
1684675920,+3.46,+10.161,+10.034,+0.942
1684675980,+3.46,+10.234,+10.010,+0.942
1684676040,+3.46,+10.234,+10.009,+0.942
1684676100,+3.46,+10.206,+10.018,+0.942
1684676160,+3.46,+10.243,+10.006,+0.943
1684676220,+3.46,+10.179,+10.032,+0.943
1684676280,+3.46,+10.161,+10.031,+0.943
1684676340,+3.46,+10.188,+10.012,+0.943
1684676400,+3.46,+10.206, +9.991,+0.942
1684676460,+3.46,+10.179, +9.988,+0.942
1684676520,+3.46,+10.197, +9.974,+0.942
1684676580,+3.46,+10.216, +9.971,+0.943
1684676640,+3.46,+10.161, +9.981,+0.942
1684676700,+3.46,+10.225, +9.955,+0.943
1684676760,+3.46,+10.234, +9.947,+0.942
1684676820,+3.46,+10.216, +9.953,+0.942
1684676880,+3.46,+10.170, +9.969,+0.942
1684676940,+3.46,+10.216, +9.954,+0.942
1684677000,+3.46,+10.197, +9.973,+0.943
1684677060,+3.46,+10.234, +9.966,+0.943
1684677120,+3.46,+10.197, +9.972,+0.942
1684677180,+3.46,+10.197, +9.974,+0.942
1684677240,+3.46,+10.243, +9.962,+0.942
1684677300,+3.46,+10.234, +9.973,+0.943
1684677360,+3.46,+10.234, +9.976,+0.943
1684677420,+3.46,+10.216, +9.988,+0.943
1684677480,+3.46,+10.206,+10.006,+0.943
1684677540,+3.46,+10.206,+10.001,+0.942
1684677600,+3.46,+10.179,+10.013,+0.943
1684677660,+3.46,+10.197, +9.999,+0.942
1684677720,+3.46,+10.188,+10.001,+0.942
1684677780,+3.46,+10.206, +9.995,+0.943
1684677840,+3.46,+10.206, +9.992,+0.942
1684677900,+3.46,+10.197, +9.995,+0.942
1684677960,+3.46,+10.243, +9.986,+0.943
1684678020,+3.46,+10.243, +9.981,+0.942
1684678080,+3.46,+10.206,+10.003,+0.943
1684678140,+3.46,+10.206, +9.996,+0.942
1684678200,+3.46,+10.179,+10.018,+0.942
1684678260,+3.46,+10.225, +9.994,+0.943
1684678320,+3.46,+10.261, +9.985,+0.942
1684678380,+3.46,+10.197,+10.005,+0.942
1684678440,+3.46,+10.216,+10.003,+0.943
1684678500,+3.46,+10.206,+10.002,+0.942
1684678560,+3.46,+10.188,+10.012,+0.942
1684678620,+3.46,+10.152,+10.030,+0.943
1684678680,+3.46,+10.216, +9.998,+0.942
1684678740,+3.46,+10.243, +9.990,+0.943
1684678800,+3.46,+10.261, +9.982,+0.942
1684678860,+3.46,+10.252, +9.990,+0.942
1684678920,+3.46,+10.234, +9.996,+0.943
1684678980,+3.46,+10.243, +9.994,+0.943
1684679040,+3.46,+10.270, +9.977,+0.942
1684679100,+3.46,+10.206,+10.011,+0.943
1684679160,+3.46,+10.225, +9.996,+0.943
1684679220,+3.46,+10.243, +9.985,+0.943
1684679280,+3.46,+10.261, +9.972,+0.942
1684679340,+3.46,+10.225, +9.987,+0.943
1684679400,+3.46,+10.206, +9.994,+0.943
1684679460,+3.46,+10.243, +9.978,+0.943
1684679520,+3.46,+10.234, +9.978,+0.942
1684679580,+3.46,+10.188, +9.990,+0.942
1684679640,+3.46,+10.234, +9.980,+0.943
1684679700,+3.46,+10.252, +9.958,+0.942
1684679760,+3.46,+10.261, +9.951,+0.942
1684679820,+3.46,+10.225, +9.972,+0.943
1684679880,+3.46,+10.234, +9.965,+0.943
1684679940,+3.46,+10.225, +9.962,+0.942
1684680000,+3.46,+10.234, +9.960,+0.942
1684680060,+3.46,+10.298, +9.940,+0.943
1684680120,+3.46,+10.270, +9.952,+0.942
1684680180,+3.46,+10.270, +9.958,+0.942
1684680240,+3.46,+10.225, +9.973,+0.942
1684680300,+3.46,+10.225, +9.978,+0.943
1684680360,+3.46,+10.288, +9.944,+0.942
1684680420,+3.46,+10.179, +9.985,+0.943
1684680480,+3.46,+10.170, +9.965,+0.942
1684680540,+3.46,+10.270, +9.929,+0.942
1684680600,+3.46,+10.270, +9.932,+0.943
1684680660,+3.46,+10.234, +9.938,+0.942
1684680720,+3.46,+10.225, +9.954,+0.942
1684680780,+3.46,+10.261, +9.958,+0.943
1684680840,+3.46,+10.234, +9.961,+0.943
1684680900,+3.46,+10.225, +9.963,+0.942
1684680960,+3.46,+10.279, +9.962,+0.943
1684681020,+3.46,+10.279, +9.956,+0.942
1684681080,+3.46,+10.197,+10.004,+0.943
1684681140,+3.46,+10.261, +9.989,+0.943
1684681200,+3.46,+10.234, +9.993,+0.942
1684681260,+3.46,+10.225, +9.991,+0.942
1684681320,+3.46,+10.234, +9.991,+0.943
1684681380,+3.46,+10.288, +9.960,+0.942
1684681440,+3.46,+10.234, +9.985,+0.942
1684681500,+3.46,+10.261, +9.978,+0.943
1684681560,+3.46,+10.243, +9.981,+0.942
1684681620,+3.46,+10.234, +9.989,+0.943
1684681680,+3.46,+10.243, +9.986,+0.943
1684681740,+3.46,+10.252, +9.976,+0.942
1684681800,+3.46,+10.234, +9.980,+0.942
1684681860,+3.46,+10.216,+10.006,+0.943
1684681920,+3.46,+10.197,+10.011,+0.942
1684681980,+3.46,+10.270, +9.989,+0.942
1684682040,+3.46,+10.225, +9.992,+0.942
1684682100,+3.46,+10.261, +9.977,+0.942
1684682160,+3.46,+10.206,+10.002,+0.943
1684682220,+3.46,+10.252, +9.981,+0.942
1684682280,+3.46,+10.243, +9.978,+0.942
1684682340,+3.46,+10.243, +9.990,+0.943
1684682400,+3.46,+10.225,+10.003,+0.942
1684682460,+3.46,+10.188,+10.013,+0.942
1684682520,+3.46,+10.261, +9.994,+0.942
1684682580,+3.46,+10.179,+10.024,+0.943
1684682640,+3.46,+10.206,+10.008,+0.942
1684682700,+3.46,+10.179,+10.015,+0.942
1684682760,+3.46,+10.243, +9.986,+0.942
1684682820,+3.46,+10.270, +9.979,+0.943
1684682880,+3.46,+10.252, +9.986,+0.942
1684682940,+3.46,+10.243, +9.999,+0.943
1684683000,+3.46,+10.252, +9.982,+0.942
1684683060,+3.46,+10.279, +9.967,+0.942
1684683120,+3.46,+10.298, +9.962,+0.942
1684683180,+3.46,+10.261, +9.985,+0.943
1684683240,+3.46,+10.261, +9.976,+0.942
1684683300,+3.46,+10.252, +9.977,+0.942
1684683360,+3.46,+10.261, +9.977,+0.942
1684683420,+3.46,+10.307, +9.958,+0.942
1684683480,+3.46,+10.252, +9.983,+0.943
1684683540,+3.46,+10.288, +9.967,+0.943
1684683600,+3.46,+10.270, +9.958,+0.942
1684683660,+3.46,+10.270, +9.961,+0.942
1684683720,+3.46,+10.307, +9.947,+0.943
1684683780,+3.46,+10.234, +9.972,+0.942
1684683840,+3.46,+10.261, +9.964,+0.942
1684683900,+3.46,+10.234, +9.982,+0.942
1684683960,+3.46,+10.288, +9.964,+0.943
1684684020,+3.46,+10.279, +9.969,+0.942
1684684080,+3.46,+10.279, +9.978,+0.942
1684684140,+3.46,+10.279, +9.980,+0.942
1684684200,+3.46,+10.334, +9.972,+0.942
1684684260,+3.46,+10.334, +9.971,+0.942
1684684320,+3.46,+10.243,+10.017,+0.943
1684684380,+3.46,+10.270,+10.011,+0.943
1684684440,+3.46,+10.352, +9.982,+0.943
1684684500,+3.46,+10.334, +9.980,+0.942
1684684560,+3.46,+10.325, +9.982,+0.943
1684684620,+3.46,+10.325, +9.981,+0.943
1684684680,+3.46,+10.380, +9.963,+0.942
1684684740,+3.46,+10.443, +9.941,+0.943
1684684800,+3.46,+10.434, +9.952,+0.942
1684684860,+3.46,+10.452, +9.960,+0.943
1684684920,+3.46,+10.416, +9.965,+0.942
1684684980,+3.46,+10.489, +9.944,+0.943
1684685040,+3.46,+10.416, +9.969,+0.943
1684685100,+3.46,+10.498, +9.927,+0.942
1684685160,+3.46,+10.443, +9.966,+0.943
1684685220,+3.46,+10.498, +9.935,+0.942
1684685280,+3.46,+10.498, +9.944,+0.942
1684685340,+3.46,+10.507, +9.959,+0.943
1684685400,+3.46,+10.525, +9.960,+0.942
1684685460,+3.46,+10.525, +9.961,+0.942
1684685520,+3.46,+10.480, +9.977,+0.942
1684685580,+3.46,+10.489, +9.974,+0.943
1684685640,+3.46,+10.498, +9.965,+0.942
1684685700,+3.46,+10.461, +9.969,+0.943
1684685760,+3.46,+10.498, +9.958,+0.943
1684685820,+3.46,+10.516, +9.952,+0.943
1684685880,+3.46,+10.498, +9.976,+0.943
1684685940,+3.46,+10.570, +9.946,+0.942
1684686000,+3.46,+10.498,+10.001,+0.942
1684686060,+3.46,+10.534, +9.999,+0.942
1684686120,+3.46,+10.543, +9.997,+0.942
1684686180,+3.46,+10.552,+10.001,+0.942
1684686240,+3.46,+10.570, +9.997,+0.942
1684686300,+3.46,+10.534,+10.006,+0.942
1684686360,+3.46,+10.534,+10.030,+0.943
1684686420,+3.46,+10.507,+10.030,+0.943
1684686480,+3.46,+10.589, +9.981,+0.942
1684686540,+3.46,+10.543, +9.987,+0.942
1684686600,+3.46,+10.516,+10.009,+0.942
1684686660,+3.46,+10.552,+10.017,+0.943
1684686720,+3.46,+10.534,+10.026,+0.943
1684686780,+3.46,+10.570,+10.005,+0.942
1684686840,+3.46,+10.534,+10.027,+0.942
1684686900,+3.46,+10.561,+10.034,+0.943
1684686960,+3.46,+10.561,+10.029,+0.942
1684687020,+3.46,+10.489,+10.069,+0.943
1684687080,+3.46,+10.561,+10.039,+0.942
1684687140,+3.46,+10.552,+10.041,+0.942
1684687200,+3.46,+10.552,+10.033,+0.942
1684687260,+3.46,+10.561,+10.032,+0.943
1684687320,+3.46,+10.561,+10.014,+0.942
1684687380,+3.46,+10.525,+10.021,+0.942
1684687440,+3.46,+10.543, +9.999,+0.942
1684687500,+3.46,+10.516,+10.005,+0.942
1684687560,+3.46,+10.570, +9.978,+0.942
1684687620,+3.46,+10.516,+10.005,+0.943
1684687680,+3.46,+10.625, +9.952,+0.942
1684687740,+3.46,+10.543, +9.983,+0.943
1684687800,+3.46,+10.543, +9.981,+0.942
1684687860,+3.46,+10.534, +9.968,+0.942
1684687920,+3.46,+10.507, +9.969,+0.942
1684687980,+3.46,+10.552, +9.949,+0.942
1684688040,+3.46,+10.480, +9.974,+0.942
1684688100,+3.46,+10.534, +9.962,+0.943
1684688160,+3.46,+10.516, +9.959,+0.943
1684688220,+3.46,+10.534, +9.944,+0.942
1684688280,+3.46,+10.561, +9.932,+0.942
1684688340,+3.46,+10.489, +9.973,+0.942
1684688400,+3.46,+10.516, +9.961,+0.942
1684688460,+3.46,+10.561, +9.941,+0.942
1684688520,+3.46,+10.552, +9.931,+0.942
1684688580,+3.46,+10.480, +9.965,+0.943
1684688640,+3.46,+10.489, +9.950,+0.942
1684688700,+3.46,+10.516, +9.936,+0.942
1684688760,+3.46,+10.489, +9.948,+0.942
1684688820,+3.46,+10.561, +9.924,+0.942
1684688880,+3.46,+10.507, +9.946,+0.942
1684688940,+3.46,+10.534, +9.947,+0.942
1684689000,+3.46,+10.516, +9.944,+0.943
1684689060,+3.46,+10.552, +9.916,+0.942
1684689120,+3.46,+10.470, +9.946,+0.942
1684689180,+3.46,+10.543, +9.895,+0.942
1684689240,+3.46,+10.489, +9.910,+0.942
1684689300,+3.46,+10.543, +9.905,+0.942
1684689360,+3.46,+10.470, +9.940,+0.942
1684689420,+3.46,+10.534, +9.913,+0.942
1684689480,+3.46,+10.507, +9.950,+0.942
1684689540,+3.46,+10.507, +9.979,+0.942
1684689600,+3.46,+10.507, +9.985,+0.942
1684689660,+3.46,+10.516, +9.993,+0.943
1684689720,+3.46,+10.525, +9.985,+0.943
1684689780,+3.46,+10.516, +9.966,+0.942
1684689840,+3.46,+10.525, +9.954,+0.942
1684689900,+3.46,+10.498, +9.955,+0.943
1684689960,+3.46,+10.561, +9.916,+0.942
1684690020,+3.46,+10.534, +9.907,+0.943
1684690080,+3.46,+10.425, +9.911,+0.942
1684690140,+3.46,+10.507, +9.877,+0.942
1684690200,+3.46,+10.561, +9.840,+0.942
1684690260,+3.46,+10.480, +9.858,+0.942
1684690320,+3.46,+10.525, +9.836,+0.943
1684690380,+3.46,+10.489, +9.836,+0.943
1684690440,+3.46,+10.525, +9.818,+0.942
1684690500,+3.46,+10.480, +9.834,+0.942
1684690560,+3.46,+10.525, +9.805,+0.942
1684690620,+3.46,+10.516, +9.813,+0.942
1684690680,+3.46,+10.507, +9.813,+0.942
1684690740,+3.46,+10.507, +9.811,+0.942
1684690800,+3.46,+10.516, +9.802,+0.942
1684690860,+3.46,+10.480, +9.817,+0.942
1684690920,+3.46,+10.461, +9.824,+0.942
1684690980,+3.46,+10.534, +9.797,+0.942
1684691040,+3.46,+10.498, +9.811,+0.942
1684691100,+3.46,+10.516, +9.790,+0.942
1684691160,+3.46,+10.534, +9.778,+0.942
1684691220,+3.46,+10.498, +9.806,+0.942
1684691280,+3.46,+10.598, +9.776,+0.942
1684691340,+3.46,+10.498, +9.821,+0.943
1684691400,+3.46,+10.507, +9.809,+0.942
1684691460,+3.46,+10.507, +9.817,+0.942
1684691520,+3.46,+10.543, +9.813,+0.943
1684691580,+3.46,+10.498, +9.829,+0.942
1684691640,+3.46,+10.480, +9.846,+0.943
1684691700,+3.46,+10.525, +9.820,+0.942
1684691760,+3.46,+10.543, +9.818,+0.942
1684691820,+3.46,+10.516, +9.844,+0.943
1684691880,+3.46,+10.570, +9.822,+0.942
1684691940,+3.46,+10.525, +9.835,+0.942
1684692000,+3.46,+10.525, +9.835,+0.942
1684692060,+3.46,+10.489, +9.849,+0.942
1684692120,+3.46,+10.552, +9.826,+0.942
1684692180,+3.46,+10.589, +9.810,+0.942
1684692240,+3.46,+10.525, +9.836,+0.943
1684692300,+3.46,+10.525, +9.829,+0.942
1684692360,+3.46,+10.552, +9.810,+0.942
1684692420,+3.46,+10.525, +9.812,+0.942
1684692480,+3.46,+10.507, +9.812,+0.942
1684692540,+3.46,+10.480, +9.827,+0.942
1684692600,+3.46,+10.552, +9.807,+0.942
1684692660,+3.46,+10.607, +9.785,+0.942
1684692720,+3.46,+10.543, +9.811,+0.942
1684692780,+3.46,+10.589, +9.781,+0.942
1684692840,+3.46,+10.579, +9.763,+0.942
1684692900,+3.46,+10.543, +9.771,+0.942
1684692960,+3.46,+10.579, +9.764,+0.942
1684693020,+3.46,+10.552, +9.769,+0.942
1684693080,+3.46,+10.579, +9.808,+0.942
1684693140,+3.46,+10.570, +9.864,+0.942
1684693200,+3.46,+10.589, +9.873,+0.942
1684693260,+3.46,+10.598, +9.881,+0.942
1684693320,+3.46,+10.643, +9.881,+0.942
1684693380,+3.46,+10.570, +9.937,+0.943
1684693440,+3.46,+10.570, +9.926,+0.942
1684693500,+3.46,+10.589, +9.908,+0.942
1684693560,+3.46,+10.561, +9.920,+0.943
1684693620,+3.46,+10.616, +9.884,+0.943
1684693680,+3.46,+10.598, +9.842,+0.942
1684693740,+3.46,+10.634, +9.812,+0.942
1684693800,+3.46,+10.625, +9.800,+0.942
1684693860,+3.46,+10.589, +9.848,+0.942
1684693920,+3.46,+10.616, +9.844,+0.942
1684693980,+3.46,+10.625, +9.866,+0.942
1684694040,+3.46,+10.616, +9.879,+0.942
1684694100,+3.46,+10.643, +9.894,+0.942
1684694160,+3.46,+10.706, +9.902,+0.942
1684694220,+3.46,+10.688, +9.931,+0.942
1684694280,+3.46,+10.679, +9.965,+0.943
1684694340,+3.46,+10.679,+10.010,+0.942
1684694400,+3.46,+10.643,+10.052,+0.942
1684694460,+3.46,+10.715,+10.040,+0.943
1684694520,+3.46,+10.697,+10.039,+0.942
1684694580,+3.46,+10.715,+10.029,+0.943
1684694640,+3.46,+10.643,+10.039,+0.942
1684694700,+3.46,+10.743, +9.995,+0.942
1684694760,+3.46,+10.734,+10.010,+0.942
1684694820,+3.46,+10.752,+10.004,+0.942
1684694880,+3.46,+10.761, +9.998,+0.942
1684694940,+3.46,+10.761, +9.991,+0.942
1684695000,+3.46,+10.752, +9.974,+0.942
1684695060,+3.46,+10.715, +9.992,+0.942
1684695120,+3.46,+10.743, +9.967,+0.942
1684695180,+3.46,+10.761, +9.959,+0.942
1684695240,+3.46,+10.752, +9.978,+0.942
1684695300,+3.46,+10.797, +9.999,+0.942
1684695360,+3.46,+10.806,+10.025,+0.942
1684695420,+3.46,+10.743,+10.075,+0.942
1684695480,+3.46,+10.743,+10.090,+0.943
1684695540,+3.46,+10.797,+10.060,+0.942
1684695600,+3.46,+10.797,+10.073,+0.943
1684695660,+3.46,+10.779,+10.085,+0.943
1684695720,+3.46,+10.770,+10.095,+0.943
1684695780,+3.46,+10.806,+10.056,+0.942
1684695840,+3.46,+10.770,+10.070,+0.942
1684695900,+3.46,+10.806,+10.069,+0.943
1684695960,+3.46,+10.806,+10.064,+0.942
1684696020,+3.46,+10.806,+10.066,+0.943
1684696080,+3.46,+10.806,+10.064,+0.942
1684696140,+3.46,+10.833,+10.046,+0.942
1684696200,+3.46,+10.779,+10.076,+0.942
1684696260,+3.46,+10.788,+10.078,+0.943
1684696320,+3.46,+10.770,+10.073,+0.942
1684696380,+3.46,+10.770,+10.073,+0.942
1684696440,+3.46,+10.770,+10.061,+0.943
1684696500,+3.46,+10.788,+10.032,+0.942
1684696560,+3.46,+10.797,+10.025,+0.943
1684696620,+3.46,+10.734,+10.034,+0.942
1684696680,+3.46,+10.724,+10.032,+0.943
1684696740,+3.46,+10.752, +9.992,+0.942
1684696800,+3.46,+10.797, +9.965,+0.943
1684696860,+3.46,+10.770, +9.957,+0.943
1684696920,+3.46,+10.752, +9.942,+0.942
1684696980,+3.46,+10.761, +9.925,+0.942
1684697040,+3.46,+10.706, +9.951,+0.943
1684697100,+3.46,+10.806, +9.922,+0.942
1684697160,+3.46,+10.770, +9.940,+0.942
1684697220,+3.46,+10.788, +9.937,+0.942
1684697280,+3.46,+10.752, +9.963,+0.942
1684697340,+3.46,+10.715, +9.979,+0.942
1684697400,+3.46,+10.788, +9.960,+0.942
1684697460,+3.46,+10.734, +9.978,+0.943
1684697520,+3.46,+10.697, +9.989,+0.942
1684697580,+3.46,+10.715, +9.973,+0.942
1684697640,+3.46,+10.724, +9.949,+0.942
1684697700,+3.46,+10.797, +9.915,+0.942
1684697760,+3.46,+10.752, +9.935,+0.942
1684697820,+3.46,+10.788, +9.920,+0.942
1684697880,+3.46,+10.752, +9.938,+0.942
1684697940,+3.46,+10.706, +9.925,+0.942
1684698000,+3.46,+10.743, +9.934,+0.942
1684698060,+3.46,+10.734, +9.952,+0.943
1684698120,+3.46,+10.761, +9.926,+0.942
1684698180,+3.46,+10.752, +9.925,+0.943
1684698240,+3.46,+10.761, +9.909,+0.942
1684698300,+3.46,+10.761, +9.904,+0.943
1684698360,+3.46,+10.779, +9.880,+0.942
1684698420,+3.46,+10.770, +9.888,+0.942
1684698480,+3.46,+10.743, +9.901,+0.943
1684698540,+3.46,+10.779, +9.877,+0.942
1684698600,+3.46,+10.715, +9.911,+0.942
1684698660,+3.46,+10.670, +9.920,+0.942
1684698720,+3.46,+10.770, +9.894,+0.942
1684698780,+3.46,+10.724, +9.903,+0.942
1684698840,+3.46,+10.806, +9.866,+0.942
1684698900,+3.46,+10.670, +9.894,+0.942
1684698960,+3.46,+10.697, +9.881,+0.942
1684699020,+3.46,+10.752, +9.841,+0.942
1684699080,+3.46,+10.734, +9.826,+0.942
1684699140,+3.46,+10.734, +9.829,+0.942
1684699200,+3.46,+10.734, +9.835,+0.942
1684699260,+3.46,+10.715, +9.843,+0.942
1684699320,+3.46,+10.697, +9.873,+0.942
1684699380,+3.46,+10.761, +9.853,+0.942
1684699440,+3.46,+10.724, +9.873,+0.942
1684699500,+3.46,+10.734, +9.867,+0.942
1684699560,+3.46,+10.706, +9.874,+0.942
1684699620,+3.46,+10.706, +9.879,+0.943
1684699680,+3.46,+10.679, +9.877,+0.942
1684699740,+3.46,+10.761, +9.831,+0.942
1684699800,+3.46,+10.706, +9.847,+0.942
1684699860,+3.46,+10.661, +9.854,+0.943
1684699920,+3.46,+10.706, +9.813,+0.942
1684699980,+3.46,+10.697, +9.797,+0.942
1684700040,+3.46,+10.706, +9.786,+0.942
1684700100,+3.46,+10.715, +9.777,+0.942
1684700160,+3.46,+10.715, +9.765,+0.942
1684700220,+3.46,+10.697, +9.777,+0.942
1684700280,+3.46,+10.661, +9.817,+0.943
1684700340,+3.46,+10.688, +9.812,+0.942
1684700400,+3.46,+10.670, +9.811,+0.942
1684700460,+3.46,+10.715, +9.785,+0.942
1684700520,+3.46,+10.652, +9.804,+0.942
1684700580,+3.46,+10.706, +9.775,+0.942
1684700640,+3.46,+10.697, +9.776,+0.942
1684700700,+3.46,+10.679, +9.799,+0.942
1684700760,+3.46,+10.724, +9.813,+0.942
1684700820,+3.46,+10.679, +9.859,+0.943
1684700880,+3.46,+10.616, +9.889,+0.942
1684700940,+3.46,+10.625, +9.888,+0.943
1684701000,+3.46,+10.652, +9.884,+0.943
1684701060,+3.46,+10.715, +9.856,+0.942
1684701120,+3.46,+10.697, +9.859,+0.942
1684701180,+3.46,+10.670, +9.870,+0.942
1684701240,+3.46,+10.715, +9.841,+0.942
1684701300,+3.46,+10.688, +9.835,+0.942
1684701360,+3.46,+10.643, +9.837,+0.943
1684701420,+3.46,+10.679, +9.802,+0.942
1684701480,+3.46,+10.706, +9.774,+0.942
1684701540,+3.46,+10.679, +9.768,+0.942
1684701600,+3.46,+10.652, +9.782,+0.942
1684701660,+3.46,+10.643, +9.777,+0.942
1684701720,+3.46,+10.670, +9.754,+0.942
1684701780,+3.46,+10.643, +9.761,+0.943
1684701840,+3.46,+10.643, +9.738,+0.942
1684701900,+3.46,+10.688, +9.731,+0.943
1684701960,+3.46,+10.706, +9.712,+0.942
1684702020,+3.46,+10.688, +9.730,+0.943
1684702080,+3.46,+10.688, +9.718,+0.942
1684702140,+3.46,+10.706, +9.716,+0.942
1684702200,+3.46,+10.670, +9.732,+0.942
1684702260,+3.46,+10.715, +9.715,+0.942
1684702320,+3.46,+10.706, +9.720,+0.942
1684702380,+3.46,+10.724, +9.724,+0.942
1684702440,+3.46,+10.688, +9.730,+0.942
1684702500,+3.46,+10.670, +9.741,+0.942
1684702560,+3.46,+10.670, +9.731,+0.942
1684702620,+3.46,+10.661, +9.729,+0.942
1684702680,+3.46,+10.715, +9.688,+0.942
1684702740,+3.46,+10.688, +9.708,+0.942
1684702800,+3.46,+10.670, +9.710,+0.942
1684702860,+3.46,+10.688, +9.712,+0.943
1684702920,+3.46,+10.688, +9.713,+0.942
1684702980,+3.46,+10.670, +9.738,+0.942
1684703040,+3.46,+10.706, +9.739,+0.943
1684703100,+3.46,+10.688, +9.733,+0.942
1684703160,+3.46,+10.697, +9.731,+0.942
1684703220,+3.46,+10.706, +9.722,+0.942
1684703280,+3.46,+10.724, +9.708,+0.942
1684703340,+3.46,+10.706, +9.711,+0.942
1684703400,+3.46,+10.715, +9.702,+0.942
1684703460,+3.46,+10.697, +9.720,+0.942
1684703520,+3.46,+10.752, +9.701,+0.943
1684703580,+3.46,+10.724, +9.688,+0.942
1684703640,+3.46,+10.688, +9.685,+0.942
1684703700,+3.46,+10.706, +9.664,+0.942
1684703760,+3.46,+10.670, +9.665,+0.942
1684703820,+3.46,+10.734, +9.622,+0.942
1684703880,+3.46,+10.679, +9.623,+0.942
1684703940,+3.46,+10.724, +9.599,+0.942
1684704000,+3.46,+10.734, +9.572,+0.942
1684704060,+3.46,+10.706, +9.573,+0.942
1684704120,+3.46,+10.734, +9.533,+0.942
1684704180,+3.46,+10.761, +9.498,+0.942
1684704240,+3.46,+10.724, +9.501,+0.942
1684704300,+3.46,+10.743, +9.469,+0.942
1684704360,+3.46,+10.715, +9.462,+0.942
1684704420,+3.46,+10.743, +9.434,+0.942
1684704480,+3.46,+10.734, +9.427,+0.942
1684704540,+3.46,+10.734, +9.415,+0.942
1684704600,+3.46,+10.752, +9.386,+0.941
1684704660,+3.46,+10.770, +9.384,+0.942
1684704720,+3.46,+10.761, +9.386,+0.942
1684704780,+3.46,+10.715, +9.397,+0.942
1684704840,+3.46,+10.734, +9.396,+0.942
1684704900,+3.46,+10.842, +9.350,+0.942
1684704960,+3.46,+10.770, +9.389,+0.942
1684705020,+3.46,+10.815, +9.390,+0.942
1684705080,+3.46,+10.869, +9.374,+0.942
1684705140,+3.46,+10.770, +9.409,+0.942
1684705200,+3.46,+10.887, +9.362,+0.941
1684705260,+3.46,+10.851, +9.394,+0.942
1684705320,+3.46,+10.860, +9.409,+0.942
1684705380,+3.46,+10.860, +9.444,+0.942
1684705440,+3.46,+10.878, +9.473,+0.942
1684705500,+3.46,+10.833, +9.509,+0.942
1684705560,+3.46,+10.914, +9.495,+0.942
1684705620,+3.46,+10.851, +9.558,+0.942
1684705680,+3.46,+10.905, +9.545,+0.942
1684705740,+3.46,+10.923, +9.548,+0.942
1684705800,+3.46,+10.833, +9.594,+0.942
1684705860,+3.46,+10.851, +9.582,+0.942
1684705920,+3.46,+10.914, +9.578,+0.942
1684705980,+3.46,+10.914, +9.617,+0.942
1684706040,+3.46,+10.987, +9.644,+0.942
1684706100,+3.46,+10.914, +9.710,+0.942
1684706160,+3.46,+10.914, +9.713,+0.942
1684706220,+3.46,+10.878, +9.726,+0.942
1684706280,+3.46,+10.941, +9.700,+0.942
1684706340,+3.46,+10.941, +9.708,+0.942
1684706400,+3.46,+10.914, +9.733,+0.942
1684706460,+3.46,+10.987, +9.723,+0.942
1684706520,+3.46,+10.914, +9.775,+0.942
1684706580,+3.46,+10.941, +9.784,+0.942
1684706640,+3.46,+10.905, +9.807,+0.942
1684706700,+3.46,+10.951, +9.811,+0.942
1684706760,+3.46,+10.923, +9.886,+0.942
1684706820,+3.46,+10.932, +9.896,+0.942
1684706880,+3.46,+10.978, +9.902,+0.942
1684706940,+3.46,+10.960, +9.943,+0.942
1684707000,+3.46,+10.978, +9.950,+0.943
1684707060,+3.46,+10.969, +9.956,+0.942
1684707120,+3.46,+11.005, +9.963,+0.942
1684707180,+3.46,+10.987, +9.992,+0.942
1684707240,+3.46,+11.068, +9.970,+0.943
1684707300,+3.46,+11.077, +9.967,+0.943
1684707360,+3.46,+11.068, +9.962,+0.942
1684707420,+3.46,+11.068, +9.955,+0.942
1684707480,+3.46,+11.122, +9.937,+0.942
1684707540,+3.46,+11.113, +9.951,+0.943
1684707600,+3.46,+11.149, +9.928,+0.942
1684707660,+3.46,+11.176, +9.912,+0.942
1684707720,+3.46,+11.131, +9.925,+0.942
1684707780,+3.46,+11.095, +9.939,+0.942
1684707840,+3.46,+11.131, +9.903,+0.942
1684707900,+3.46,+11.104, +9.920,+0.942
1684707960,+3.46,+11.194, +9.916,+0.942
1684708020,+3.46,+11.122, +9.961,+0.942
1684708080,+3.46,+11.122, +9.976,+0.942
1684708140,+3.46,+11.176, +9.954,+0.942
1684708200,+3.46,+11.185, +9.930,+0.942
1684708260,+3.46,+11.149, +9.946,+0.942
1684708320,+3.46,+11.122, +9.951,+0.942
1684708380,+3.46,+11.113, +9.958,+0.942
1684708440,+3.46,+11.149, +9.967,+0.942
1684708500,+3.46,+11.167, +9.968,+0.942
1684708560,+3.46,+11.140, +9.984,+0.942
1684708620,+3.46,+11.095, +9.992,+0.942
1684708680,+3.46,+11.149, +9.961,+0.942
1684708740,+3.46,+11.113, +9.956,+0.942
1684708800,+3.46,+11.131, +9.937,+0.942
1684708860,+3.46,+11.095, +9.944,+0.942
1684708920,+3.46,+11.095, +9.934,+0.942
1684708980,+3.46,+11.158, +9.915,+0.942
1684709040,+3.46,+11.149, +9.914,+0.942
1684709100,+3.46,+11.131, +9.916,+0.942
1684709160,+3.46,+11.050, +9.934,+0.942
1684709220,+3.46,+11.149, +9.894,+0.942
1684709280,+3.46,+11.122, +9.901,+0.942
1684709340,+3.46,+11.176, +9.871,+0.942
1684709400,+3.46,+11.140, +9.898,+0.943
1684709460,+3.46,+11.086, +9.908,+0.942
1684709520,+3.46,+11.149, +9.894,+0.943
1684709580,+3.46,+11.158, +9.882,+0.942
1684709640,+3.46,+11.194, +9.885,+0.942
1684709700,+3.46,+11.230, +9.876,+0.942
1684709760,+3.46,+11.230, +9.874,+0.942
1684709820,+3.46,+11.248, +9.876,+0.942
1684709880,+3.46,+11.239, +9.875,+0.942
1684709940,+3.46,+11.293, +9.863,+0.942
1684710000,+3.46,+11.284, +9.863,+0.942
1684710060,+3.46,+11.391, +9.839,+0.942
1684710120,+3.46,+11.338, +9.876,+0.942
1684710180,+3.46,+11.374, +9.882,+0.942
1684710240,+3.46,+11.347, +9.897,+0.942
1684710300,+3.46,+11.409, +9.892,+0.943
1684710360,+3.46,+11.418, +9.892,+0.942
1684710420,+3.46,+11.391, +9.917,+0.942
1684710480,+3.46,+11.409, +9.927,+0.942
1684710540,+3.46,+11.445, +9.905,+0.942
1684710600,+3.46,+11.445, +9.902,+0.942
1684710660,+3.46,+11.427, +9.896,+0.942
1684710720,+3.46,+11.445, +9.888,+0.942
1684710780,+3.46,+11.400, +9.904,+0.942
1684710840,+3.46,+11.400, +9.907,+0.942
1684710900,+3.46,+11.454, +9.882,+0.943
1684710960,+3.46,+11.463, +9.835,+0.942
1684711020,+3.46,+11.391, +9.824,+0.942
1684711080,+3.46,+11.356, +9.814,+0.942
1684711140,+3.46,+11.400, +9.785,+0.942
1684711200,+3.46,+11.374, +9.786,+0.942
1684711260,+3.46,+11.418, +9.763,+0.942
1684711320,+3.46,+11.400, +9.769,+0.942
1684711380,+3.46,+11.391, +9.761,+0.942
1684711440,+3.46,+11.383, +9.750,+0.942
1684711500,+3.46,+11.436, +9.744,+0.942
1684711560,+3.46,+11.383, +9.785,+0.942
1684711620,+3.46,+11.347, +9.804,+0.942
1684711680,+3.46,+11.391, +9.795,+0.942
1684711740,+3.46,+11.383, +9.794,+0.942
1684711800,+3.46,+11.374, +9.802,+0.942
1684711860,+3.46,+11.347, +9.811,+0.942
1684711920,+3.46,+11.418, +9.784,+0.942
1684711980,+3.46,+11.445, +9.774,+0.941
1684712040,+3.46,+11.391, +9.820,+0.942
1684712100,+3.46,+11.383, +9.839,+0.943
1684712160,+3.46,+11.400, +9.846,+0.942
1684712220,+3.46,+11.490, +9.827,+0.942
1684712280,+3.46,+11.445, +9.847,+0.942
1684712340,+3.46,+11.418, +9.876,+0.942
1684712400,+3.46,+11.454, +9.871,+0.942
1684712460,+3.46,+11.472, +9.882,+0.942
1684712520,+3.46,+11.400, +9.927,+0.943
1684712580,+3.46,+11.472, +9.904,+0.942
1684712640,+3.46,+11.463, +9.900,+0.942
1684712700,+3.46,+11.490, +9.899,+0.942
1684712760,+3.46,+11.436, +9.936,+0.942
1684712820,+3.46,+11.490, +9.935,+0.942
1684712880,+3.46,+11.454, +9.948,+0.942
1684712940,+3.46,+11.463, +9.927,+0.942
1684713000,+3.46,+11.481, +9.926,+0.942
1684713060,+3.46,+11.499, +9.924,+0.942
1684713120,+3.46,+11.499, +9.930,+0.942
1684713180,+3.46,+11.472, +9.951,+0.942
1684713240,+3.46,+11.472, +9.943,+0.942
1684713300,+3.46,+11.508, +9.934,+0.942
1684713360,+3.46,+11.481, +9.928,+0.942
1684713420,+3.46,+11.517, +9.912,+0.942
1684713480,+3.46,+11.535, +9.902,+0.942
1684713540,+3.46,+11.481, +9.934,+0.942
1684713600,+3.46,+11.481, +9.914,+0.942
1684713660,+3.46,+11.454, +9.920,+0.942
1684713720,+3.46,+11.481, +9.908,+0.942
1684713780,+3.46,+11.517, +9.900,+0.942
1684713840,+3.46,+11.454, +9.916,+0.942
1684713900,+3.46,+11.472, +9.913,+0.942
1684713960,+3.46,+11.481, +9.912,+0.942
1684714020,+3.46,+11.499, +9.892,+0.942
1684714080,+3.46,+11.508, +9.904,+0.942
1684714140,+3.46,+11.517, +9.892,+0.942
1684714200,+3.46,+11.481, +9.918,+0.942
1684714260,+3.46,+11.481, +9.924,+0.943
1684714320,+3.46,+11.535, +9.905,+0.942
1684714380,+3.46,+11.418, +9.849,+0.942
1684714440,+3.46,+11.329, +9.814,+0.942
1684714500,+3.46,+11.212, +9.824,+0.942
1684714560,+3.46,+11.257, +9.801,+0.942
1684714620,+3.46,+11.203, +9.809,+0.942
1684714680,+3.46,+11.257, +9.792,+0.942
1684714740,+3.46,+11.176, +9.814,+0.942
1684714800,+3.46,+11.158, +9.778,+0.942
1684714860,+3.46,+11.104, +9.755,+0.942
1684714920,+3.46,+11.050, +9.762,+0.942
1684714980,+3.46,+11.077, +9.739,+0.942
1684715040,+3.46,+11.050, +9.746,+0.942
1684715100,+3.46,+11.077, +9.761,+0.942
1684715160,+3.46,+11.041, +9.808,+0.942
1684715220,+3.46,+11.068, +9.811,+0.942
1684715280,+3.46,+11.041, +9.829,+0.942
1684715340,+3.46,+11.005, +9.848,+0.942
1684715400,+3.46,+11.032, +9.834,+0.942
1684715460,+3.46,+11.059, +9.811,+0.942
1684715520,+3.46,+11.059, +9.800,+0.942
1684715580,+3.46,+11.032, +9.792,+0.942
1684715640,+3.46,+10.969, +9.812,+0.942
1684715700,+3.46,+11.014, +9.792,+0.942
1684715760,+3.46,+10.969, +9.805,+0.942
1684715820,+3.46,+10.969, +9.787,+0.942
1684715880,+3.46,+10.978, +9.785,+0.942
1684715940,+3.46,+11.005, +9.774,+0.942
1684716000,+3.46,+10.969, +9.795,+0.942
1684716060,+3.46,+10.932, +9.800,+0.942
1684716120,+3.46,+11.014, +9.772,+0.942
1684716180,+3.46,+10.932, +9.790,+0.942
1684716240,+3.46,+10.941, +9.786,+0.942
1684716300,+3.46,+11.005, +9.743,+0.942
1684716360,+3.46,+10.960, +9.752,+0.942
1684716420,+3.46,+10.932, +9.767,+0.942
1684716480,+3.46,+10.960, +9.765,+0.942
1684716540,+3.46,+10.978, +9.759,+0.942
1684716600,+3.46,+10.932, +9.785,+0.942
1684716660,+3.46,+10.978, +9.760,+0.942
1684716720,+3.46,+11.059, +9.731,+0.942
1684716780,+3.46,+10.996, +9.743,+0.942
1684716840,+3.46,+10.951, +9.759,+0.942
1684716900,+3.46,+11.014, +9.728,+0.942
1684716960,+3.46,+11.086, +9.713,+0.942
1684717020,+3.46,+11.032, +9.730,+0.942
1684717080,+3.46,+11.068, +9.739,+0.942
1684717140,+3.46,+11.185, +9.717,+0.942
1684717200,+3.46,+11.185, +9.738,+0.942
1684717260,+3.46,+11.239, +9.709,+0.942
1684717320,+3.46,+11.086, +9.669,+0.942
1684717380,+3.46,+11.032, +9.619,+0.942
1684717440,+3.46,+10.896, +9.503,+0.941
1684717500,+3.46,+10.697, +9.460,+0.941
1684717560,+3.46,+10.652, +9.413,+0.941
1684717620,+3.46,+10.598, +9.488,+0.942
1684717680,+3.46,+10.616, +9.538,+0.941
1684717740,+3.46,+10.634, +9.567,+0.941
1684717800,+3.46,+10.661, +9.607,+0.942
1684717860,+3.46,+10.697, +9.605,+0.942
1684717920,+3.46,+10.688, +9.627,+0.942
1684717980,+3.46,+10.643, +9.661,+0.942
1684718040,+3.46,+10.706, +9.656,+0.942
1684718100,+3.46,+10.679, +9.669,+0.942
1684718160,+3.46,+10.688, +9.660,+0.942
1684718220,+3.46,+10.715, +9.643,+0.942
1684718280,+3.46,+10.743, +9.640,+0.942
1684718340,+3.46,+10.724, +9.651,+0.942
1684718400,+3.46,+10.715, +9.657,+0.942
1684718460,+3.46,+10.788, +9.637,+0.942
1684718520,+3.46,+10.887, +9.621,+0.942
1684718580,+3.46,+10.842, +9.641,+0.942
1684718640,+3.46,+10.860, +9.648,+0.942
1684718700,+3.46,+10.851, +9.675,+0.942
1684718760,+3.46,+10.851, +9.676,+0.942
1684718820,+3.46,+10.914, +9.652,+0.942
1684718880,+3.46,+10.941, +9.640,+0.942
1684718940,+3.46,+10.914, +9.651,+0.942
1684719000,+3.46,+10.932, +9.648,+0.942
1684719060,+3.46,+10.951, +9.652,+0.942
1684719120,+3.46,+10.914, +9.695,+0.942
1684719180,+3.46,+10.951, +9.707,+0.942
1684719240,+3.46,+10.969, +9.730,+0.942
1684719300,+3.46,+11.014, +9.719,+0.942
1684719360,+3.46,+10.941, +9.777,+0.943
1684719420,+3.46,+10.960, +9.781,+0.942
1684719480,+3.46,+10.987, +9.790,+0.943
1684719540,+3.46,+10.969, +9.813,+0.942
1684719600,+3.46,+10.878, +9.804,+0.942
1684719660,+3.46,+10.905, +9.713,+0.942
1684719720,+3.46,+10.896, +9.697,+0.942
1684719780,+3.46,+10.842, +9.720,+0.942
1684719840,+3.46,+10.860, +9.715,+0.942
1684719900,+3.46,+10.779, +9.752,+0.942
1684719960,+3.46,+10.842, +9.731,+0.942
1684720020,+3.46,+10.824, +9.746,+0.942
1684720080,+3.46,+10.824, +9.745,+0.942
1684720140,+3.46,+10.788, +9.761,+0.942
1684720200,+3.46,+10.887, +9.726,+0.942
1684720260,+3.46,+10.896, +9.721,+0.942
1684720320,+3.46,+10.815, +9.749,+0.942
1684720380,+3.46,+10.878, +9.738,+0.942
1684720440,+3.46,+10.941, +9.726,+0.942
1684720500,+3.46,+11.014, +9.722,+0.942
1684720560,+3.46,+11.068, +9.719,+0.942
1684720620,+3.46,+11.077, +9.741,+0.943
1684720680,+3.46,+11.194, +9.701,+0.942
1684720740,+3.46,+11.113, +9.738,+0.943
1684720800,+3.46,+11.140, +9.731,+0.943
1684720860,+3.46,+11.158, +9.709,+0.942
1684720920,+3.46,+11.140, +9.722,+0.942
1684720980,+3.46,+11.230, +9.683,+0.942
1684721040,+3.46,+11.221, +9.680,+0.942
1684721100,+3.46,+11.185, +9.674,+0.943
1684721160,+3.46,+11.104, +9.637,+0.942
1684721220,+3.46,+11.086, +9.670,+0.942
1684721280,+3.46,+11.122, +9.698,+0.942
1684721340,+3.46,+11.095, +9.700,+0.942
1684721400,+3.46,+11.041, +9.700,+0.942
1684721460,+3.46,+11.077, +9.637,+0.942
1684721520,+3.46,+11.014, +9.638,+0.942
1684721580,+3.46,+11.059, +9.640,+0.942
1684721640,+3.46,+11.113, +9.621,+0.942
1684721700,+3.46,+11.086, +9.643,+0.942
1684721760,+3.46,+11.104, +9.637,+0.942
1684721820,+3.46,+11.050, +9.599,+0.942
1684721880,+3.46,+11.032, +9.511,+0.942
1684721940,+3.46,+11.023, +9.456,+0.941
1684722000,+3.46,+10.978, +9.512,+0.942
1684722060,+3.46,+10.923, +9.574,+0.942
1684722120,+3.46,+10.987, +9.596,+0.942
1684722180,+3.46,+10.987, +9.595,+0.942
1684722240,+3.46,+10.978, +9.606,+0.942
1684722300,+3.46,+11.023, +9.575,+0.942
1684722360,+3.46,+10.978, +9.595,+0.942
1684722420,+3.46,+11.041, +9.567,+0.942
1684722480,+3.46,+10.978, +9.553,+0.941
1684722540,+3.46,+10.969, +9.544,+0.942
1684722600,+3.46,+10.969, +9.512,+0.942
1684722660,+3.46,+10.932, +9.508,+0.942
1684722720,+3.46,+10.923, +9.498,+0.942
1684722780,+3.46,+10.896, +9.500,+0.942
1684722840,+3.46,+10.869, +9.482,+0.942
1684722900,+3.46,+10.851, +9.473,+0.942
1684722960,+3.46,+10.941, +9.430,+0.942
1684723020,+3.46,+10.941, +9.417,+0.941
1684723080,+3.46,+10.996, +9.415,+0.942
1684723140,+3.46,+10.960, +9.438,+0.942
1684723200,+3.46,+11.032, +9.430,+0.942
1684723260,+3.46,+11.095, +9.401,+0.941
1684723320,+3.46,+11.023, +9.431,+0.942
1684723380,+3.46,+10.987, +9.411,+0.942
1684723440,+3.46,+10.951, +9.379,+0.942
1684723500,+3.46,+10.987, +9.461,+0.942
1684723560,+3.46,+10.914, +9.635,+0.942
1684723620,+3.46,+10.932, +9.769,+0.942
1684723680,+3.46,+10.960, +9.855,+0.942
1684723740,+3.46,+10.969, +9.877,+0.942
1684723800,+3.46,+10.960, +9.876,+0.942
1684723860,+3.46,+10.960, +9.865,+0.942
1684723920,+3.46,+10.996, +9.855,+0.942
1684723980,+3.46,+10.905, +9.884,+0.942
1684724040,+3.46,+10.905, +9.867,+0.942
1684724100,+3.46,+10.923, +9.841,+0.942
1684724160,+3.46,+10.905, +9.830,+0.942
1684724220,+3.46,+10.887, +9.805,+0.942
1684724280,+3.46,+10.923, +9.778,+0.942
1684724340,+3.46,+10.923, +9.731,+0.942
1684724400,+3.46,+10.951, +9.603,+0.942
1684724460,+3.46,+10.969, +9.559,+0.942
1684724520,+3.46,+11.014, +9.511,+0.942
1684724580,+3.46,+11.086, +9.485,+0.942
1684724640,+3.46,+11.032, +9.509,+0.942
1684724700,+3.46,+11.059, +9.485,+0.942
1684724760,+3.46,+11.140, +9.466,+0.942
1684724820,+3.46,+11.068, +9.493,+0.942
1684724880,+3.46,+11.050, +9.487,+0.942
1684724940,+3.46,+11.104, +9.401,+0.942
1684725000,+3.46,+11.104, +9.407,+0.942
1684725060,+3.46,+11.077, +9.426,+0.942
1684725120,+3.46,+11.113, +9.412,+0.942
1684725180,+3.46,+11.086, +9.403,+0.942
1684725240,+3.46,+11.140, +9.385,+0.942
1684725300,+3.46,+11.194, +9.370,+0.942
1684725360,+3.46,+11.257, +9.377,+0.942
1684725420,+3.46,+11.356, +9.389,+0.942
1684725480,+3.46,+11.383, +9.427,+0.942
1684725540,+3.46,+11.472, +9.442,+0.942
1684725600,+3.46,+11.481, +9.477,+0.942
1684725660,+3.46,+11.544, +9.490,+0.943
1684725720,+3.46,+11.481, +9.483,+0.942
1684725780,+3.46,+11.436, +9.419,+0.942
1684725840,+3.46,+11.365, +9.311,+0.942
1684725900,+3.46,+11.320, +9.267,+0.942
1684725960,+3.46,+11.481, +9.254,+0.942
1684726020,+3.46,+11.454, +9.310,+0.942
1684726080,+3.46,+11.481, +9.341,+0.942
1684726140,+3.46,+11.481, +9.354,+0.942
1684726200,+3.46,+11.535, +9.391,+0.942
1684726260,+3.46,+11.535, +9.441,+0.942
1684726320,+3.46,+11.589, +9.455,+0.942
1684726380,+3.46,+11.607, +9.494,+0.942
1684726440,+3.46,+11.633, +9.516,+0.942
1684726500,+3.46,+11.624, +9.562,+0.942
1684726560,+3.46,+11.687, +9.523,+0.942
1684726620,+3.46,+11.624, +9.541,+0.942
1684726680,+3.46,+11.517, +9.495,+0.942
1684726740,+3.46,+11.490, +9.432,+0.941
1684726800,+3.46,+11.436, +9.522,+0.942
1684726860,+3.46,+11.356, +9.442,+0.942
1684726920,+3.46,+11.320, +9.431,+0.942
1684726980,+3.46,+11.203, +9.436,+0.942
1684727040,+3.46,+11.230, +9.393,+0.942
1684727100,+3.46,+11.185, +9.371,+0.941
1684727160,+3.46,+11.158, +9.338,+0.941
1684727220,+3.46,+11.140, +9.302,+0.942
1684727280,+3.46,+11.149, +9.304,+0.942
1684727340,+3.46,+11.230, +9.387,+0.942
1684727400,+3.46,+11.320, +9.437,+0.942
1684727460,+3.46,+11.365, +9.485,+0.942
1684727520,+3.46,+11.365, +9.539,+0.942
1684727580,+3.46,+11.490, +9.524,+0.942
1684727640,+3.46,+11.517, +9.539,+0.942
1684727700,+3.46,+11.615, +9.532,+0.942
1684727760,+3.46,+11.687, +9.563,+0.942
1684727820,+3.46,+11.741, +9.577,+0.942
1684727880,+3.46,+11.812, +9.579,+0.942
1684727940,+3.46,+11.901, +9.576,+0.942
1684728000,+3.46,+11.937, +9.593,+0.942
1684728060,+3.46,+11.990, +9.613,+0.942
1684728120,+3.46,+12.017, +9.610,+0.942
1684728180,+3.46,+12.035, +9.622,+0.942
1684728240,+3.46,+12.097, +9.567,+0.942
1684728300,+3.46,+11.892, +9.491,+0.942
1684728360,+3.46,+11.723, +9.393,+0.942
1684728420,+3.46,+11.696, +9.514,+0.941
1684728480,+3.46,+11.624, +9.690,+0.941
1684728540,+3.46,+11.598, +9.633,+0.941
1684728600,+3.46,+11.517, +9.530,+0.941
1684728660,+3.46,+11.427, +9.448,+0.941
1684728720,+3.46,+11.374, +9.393,+0.941
1684728780,+3.46,+11.338, +9.340,+0.941
1684728840,+3.46,+11.257, +9.310,+0.941
1684728900,+3.46,+11.230, +9.279,+0.941
1684728960,+3.46,+11.131, +9.268,+0.941
1684729020,+3.46,+11.158, +9.210,+0.941
1684729080,+3.46,+11.095, +9.184,+0.941
1684729140,+3.46,+11.023, +9.185,+0.941
1684729200,+3.46,+11.032, +9.165,+0.941
1684729260,+3.46,+11.005, +9.208,+0.942
1684729320,+3.46,+10.987, +9.214,+0.941
1684729380,+3.46,+11.077, +9.223,+0.942
1684729440,+3.46,+11.248, +9.220,+0.941
1684729500,+3.46,+11.221, +9.295,+0.942
1684729560,+3.46,+11.230, +9.334,+0.942
1684729620,+3.46,+11.230, +9.363,+0.942
1684729680,+3.46,+11.293, +9.375,+0.942
1684729740,+3.46,+11.320, +9.395,+0.942
1684729800,+3.46,+11.400, +9.414,+0.942
1684729860,+3.46,+11.436, +9.481,+0.942
1684729920,+3.46,+11.535, +9.497,+0.942
1684729980,+3.46,+11.589, +9.499,+0.942
1684730040,+3.46,+11.544, +9.537,+0.942
1684730100,+3.46,+11.508, +9.561,+0.942
1684730160,+3.46,+11.445, +9.395,+0.941
1684730220,+3.46,+11.329, +9.279,+0.941
1684730280,+3.46,+11.131, +9.303,+0.941
1684730340,+3.46,+11.032, +9.307,+0.941
1684730400,+3.46,+10.932, +9.267,+0.941
1684730460,+3.46,+10.932, +9.223,+0.941
1684730520,+3.46,+10.824, +9.257,+0.942
1684730580,+3.46,+10.824, +9.252,+0.941
1684730640,+3.46,+10.842, +9.258,+0.941
1684730700,+3.46,+10.788, +9.272,+0.942
1684730760,+3.46,+10.824, +9.251,+0.941
1684730820,+3.46,+10.815, +9.238,+0.941
1684730880,+3.46,+10.797, +9.262,+0.941
1684730940,+3.46,+10.851, +9.250,+0.942
1684731000,+3.46,+10.851, +9.262,+0.941
1684731060,+3.46,+10.815, +9.283,+0.942
1684731120,+3.46,+10.878, +9.264,+0.942
1684731180,+3.46,+10.914, +9.250,+0.942
1684731240,+3.46,+10.905, +9.314,+0.942
1684731300,+3.46,+11.059, +9.377,+0.942
1684731360,+3.46,+11.059, +9.394,+0.942
1684731420,+3.46,+11.122, +9.453,+0.942
1684731480,+3.46,+11.248, +9.466,+0.942
1684731540,+3.46,+11.230, +9.529,+0.942
1684731600,+3.46,+11.257, +9.507,+0.942
1684731660,+3.46,+11.284, +9.505,+0.941
1684731720,+3.46,+11.248, +9.628,+0.942
1684731780,+3.46,+11.329, +9.666,+0.942
1684731840,+3.46,+11.257, +9.704,+0.942
1684731900,+3.46,+11.275, +9.664,+0.942
1684731960,+3.46,+11.275, +9.609,+0.942
1684732020,+3.46,+11.248, +9.560,+0.942
1684732080,+3.46,+11.194, +9.552,+0.942
1684732140,+3.46,+11.203, +9.552,+0.942
1684732200,+3.46,+11.212, +9.542,+0.942
1684732260,+3.46,+11.167, +9.517,+0.942
1684732320,+3.46,+11.140, +9.449,+0.941
1684732380,+3.46,+11.086, +9.377,+0.942
1684732440,+3.46,+10.987, +9.352,+0.942
1684732500,+3.46,+10.932, +9.300,+0.941
1684732560,+3.46,+10.914, +9.273,+0.941
1684732620,+3.46,+10.896, +9.271,+0.941
1684732680,+3.46,+10.878, +9.284,+0.941
1684732740,+3.46,+10.851, +9.276,+0.941
1684732800,+3.46,+10.851, +9.282,+0.942
1684732860,+3.46,+10.878, +9.321,+0.942
1684732920,+3.46,+10.923, +9.338,+0.942
1684732980,+3.46,+10.987, +9.339,+0.942
1684733040,+3.46,+11.005, +9.410,+0.942
1684733100,+3.46,+11.023, +9.444,+0.942
1684733160,+3.46,+11.077, +9.477,+0.942
1684733220,+3.46,+11.095, +9.526,+0.942
1684733280,+3.46,+11.185, +9.556,+0.943
1684733340,+3.46,+11.230, +9.549,+0.942
1684733400,+3.46,+11.212, +9.574,+0.942
1684733460,+3.46,+11.212, +9.576,+0.942
1684733520,+3.46,+11.302, +9.545,+0.943
1684733580,+3.46,+11.302, +9.541,+0.942
1684733640,+3.46,+11.356, +9.514,+0.942
1684733700,+3.46,+11.391, +9.497,+0.942
1684733760,+3.46,+11.418, +9.487,+0.942
1684733820,+3.46,+11.418, +9.474,+0.942
1684733880,+3.46,+11.463, +9.439,+0.942
1684733940,+3.46,+11.445, +9.414,+0.942
1684734000,+3.46,+11.481, +9.380,+0.942
1684734060,+3.46,+11.329, +9.405,+0.942
1684734120,+3.46,+11.320, +9.374,+0.942
1684734180,+3.46,+11.284, +9.361,+0.942
1684734240,+3.46,+11.248, +9.324,+0.941
1684734300,+3.46,+11.203, +9.350,+0.942
1684734360,+3.46,+11.176, +9.363,+0.942
1684734420,+3.46,+11.158, +9.394,+0.942
1684734480,+3.46,+11.167, +9.390,+0.941
1684734540,+3.46,+11.122, +9.431,+0.942
1684734600,+3.46,+11.095, +9.437,+0.942
1684734660,+3.46,+11.140, +9.436,+0.942
1684734720,+3.46,+11.113, +9.453,+0.942
1684734780,+3.46,+11.077, +9.462,+0.942
1684734840,+3.46,+11.095, +9.456,+0.942
1684734900,+3.46,+11.050, +9.475,+0.941
1684734960,+3.46,+11.122, +9.464,+0.942
1684735020,+3.46,+11.050, +9.512,+0.942
1684735080,+3.46,+11.041, +9.532,+0.942
1684735140,+3.46,+11.023, +9.578,+0.942
1684735200,+3.46,+11.041, +9.602,+0.942
1684735260,+3.46,+11.014, +9.599,+0.942
1684735320,+3.46,+10.951, +9.624,+0.942
1684735380,+3.46,+10.969, +9.621,+0.942
1684735440,+3.46,+10.932, +9.635,+0.942
1684735500,+3.46,+10.923, +9.633,+0.942
1684735560,+3.46,+10.887, +9.650,+0.942
1684735620,+3.46,+10.869, +9.646,+0.942
1684735680,+3.46,+10.869, +9.668,+0.942
1684735740,+3.46,+10.869, +9.666,+0.942
1684735800,+3.46,+10.860, +9.690,+0.942
1684735860,+3.46,+10.860, +9.709,+0.942
1684735920,+3.46,+10.833, +9.724,+0.942
1684735980,+3.46,+10.842, +9.688,+0.942
1684736040,+3.46,+10.815, +9.643,+0.942
1684736100,+3.46,+10.869, +9.567,+0.942
1684736160,+3.46,+10.752, +9.604,+0.942
1684736220,+3.46,+10.806, +9.604,+0.942
1684736280,+3.46,+10.715, +9.662,+0.942
1684736340,+3.46,+10.697, +9.665,+0.942
1684736400,+3.46,+10.697, +9.639,+0.942
1684736460,+3.46,+10.715, +9.646,+0.942
1684736520,+3.46,+10.679, +9.655,+0.942
1684736580,+3.46,+10.625, +9.665,+0.942
1684736640,+3.46,+10.652, +9.665,+0.942
1684736700,+3.46,+10.625, +9.667,+0.942
1684736760,+3.46,+10.688, +9.644,+0.942
1684736820,+3.46,+10.670, +9.673,+0.942
1684736880,+3.46,+10.634, +9.674,+0.942
1684736940,+3.46,+10.670, +9.660,+0.942
1684737000,+3.46,+10.625, +9.694,+0.943
1684737060,+3.46,+10.634, +9.676,+0.942
1684737120,+3.46,+10.589, +9.710,+0.942
1684737180,+3.46,+10.643, +9.698,+0.942
1684737240,+3.46,+10.643, +9.689,+0.942
1684737300,+3.46,+10.634, +9.704,+0.943
1684737360,+3.46,+10.589, +9.719,+0.942
1684737420,+3.46,+10.634, +9.722,+0.943
1684737480,+3.46,+10.616, +9.729,+0.942
1684737540,+3.46,+10.616, +9.620,+0.941
1684737600,+3.46,+10.389, +9.520,+0.941
1684737660,+3.46,+10.243, +9.524,+0.941
1684737720,+3.46,+10.097, +9.552,+0.942
1684737780,+3.46,+10.051, +9.553,+0.942
1684737840,+3.46,+10.005, +9.569,+0.942
1684737900,+3.46,+10.042, +9.547,+0.942
1684737960,+3.46, +9.987, +9.550,+0.942
1684738020,+3.46, +9.996, +9.541,+0.942
1684738080,+3.46, +9.950, +9.543,+0.941
1684738140,+3.46, +9.969, +9.541,+0.942
1684738200,+3.46, +9.960, +9.539,+0.942
1684738260,+3.46, +9.923, +9.568,+0.942
1684738320,+3.46,+10.005, +9.550,+0.942
1684738380,+3.46,+10.024, +9.560,+0.942
1684738440,+3.46,+10.024, +9.554,+0.942
1684738500,+3.46, +9.996, +9.567,+0.942
1684738560,+3.46,+10.079, +9.552,+0.942
1684738620,+3.46,+10.079, +9.560,+0.942
1684738680,+3.46,+10.152, +9.557,+0.942
1684738740,+3.46,+10.143, +9.576,+0.942
1684738800,+3.46,+10.179, +9.570,+0.942
1684738860,+3.46,+10.143, +9.604,+0.942
1684738920,+3.46,+10.161, +9.607,+0.942
1684738980,+3.46,+10.170, +9.620,+0.942
1684739040,+3.46,+10.225, +9.610,+0.942
1684739100,+3.46,+10.216, +9.615,+0.942
1684739160,+3.46,+10.216, +9.615,+0.942
1684739220,+3.46,+10.206, +9.626,+0.942
1684739280,+3.46,+10.188, +9.634,+0.942
1684739340,+3.46,+10.279, +9.617,+0.942
1684739400,+3.46,+10.307, +9.608,+0.942
1684739460,+3.46,+10.298, +9.619,+0.942
1684739520,+3.46,+10.261, +9.642,+0.942
1684739580,+3.46,+10.361, +9.660,+0.942
1684739640,+3.46,+10.307, +9.704,+0.942
1684739700,+3.46,+10.316, +9.710,+0.942
1684739760,+3.46,+10.389, +9.690,+0.942
1684739820,+3.46,+10.389, +9.700,+0.942
1684739880,+3.46,+10.361, +9.725,+0.942
1684739940,+3.46,+10.380, +9.732,+0.942
1684740000,+3.46,+10.380, +9.761,+0.943
1684740060,+3.46,+10.461, +9.729,+0.942
1684740120,+3.46,+10.425, +9.746,+0.942
1684740180,+3.46,+10.461, +9.761,+0.942
1684740240,+3.46,+10.480, +9.766,+0.942
1684740300,+3.46,+10.470, +9.772,+0.942
1684740360,+3.46,+10.461, +9.780,+0.942
1684740420,+3.46,+10.443, +9.808,+0.943
1684740480,+3.46,+10.516, +9.763,+0.942
1684740540,+3.46,+10.480, +9.782,+0.942
1684740600,+3.46,+10.552, +9.761,+0.942
1684740660,+3.46,+10.498, +9.780,+0.942
1684740720,+3.46,+10.480, +9.792,+0.942
1684740780,+3.46,+10.543, +9.792,+0.942
1684740840,+3.46,+10.525, +9.829,+0.942
1684740900,+3.46,+10.543, +9.828,+0.942
1684740960,+3.46,+10.534, +9.838,+0.942
1684741020,+3.46,+10.598, +9.845,+0.943
1684741080,+3.46,+10.598, +9.844,+0.942
1684741140,+3.46,+10.561, +9.865,+0.943
1684741200,+3.46,+10.652, +9.830,+0.943
1684741260,+3.46,+10.607, +9.845,+0.943
1684741320,+3.46,+10.643, +9.823,+0.942
1684741380,+3.46,+10.679, +9.805,+0.942
1684741440,+3.46,+10.625, +9.828,+0.943
1684741500,+3.46,+10.616, +9.819,+0.942
1684741560,+3.46,+10.643, +9.806,+0.943
1684741620,+3.46,+10.661, +9.783,+0.942
1684741680,+3.46,+10.670, +9.778,+0.942
1684741740,+3.46,+10.607, +9.788,+0.942
1684741800,+3.46,+10.652, +9.782,+0.942
1684741860,+3.46,+10.661, +9.788,+0.942
1684741920,+3.46,+10.679, +9.797,+0.943
1684741980,+3.46,+10.734, +9.767,+0.942
1684742040,+3.46,+10.625, +9.810,+0.942
1684742100,+3.46,+10.661, +9.811,+0.943
1684742160,+3.46,+10.643, +9.814,+0.942
1684742220,+3.46,+10.661, +9.801,+0.942
1684742280,+3.46,+10.697, +9.784,+0.942
1684742340,+3.46,+10.661, +9.796,+0.942
1684742400,+3.46,+10.625, +9.801,+0.942
1684742460,+3.46,+10.679, +9.789,+0.942
1684742520,+3.46,+10.643, +9.803,+0.942
1684742580,+3.46,+10.697, +9.776,+0.942
1684742640,+3.46,+10.661, +9.793,+0.942
1684742700,+3.46,+10.634, +9.800,+0.942
1684742760,+3.46,+10.652, +9.790,+0.942
1684742820,+3.46,+10.679, +9.778,+0.942
1684742880,+3.46,+10.661, +9.789,+0.943
1684742940,+3.46,+10.679, +9.759,+0.942
1684743000,+3.46,+10.607, +9.748,+0.942
1684743060,+3.46,+10.552, +9.722,+0.942
1684743120,+3.46,+10.407, +9.704,+0.942
1684743180,+3.46,+10.407, +9.729,+0.942
1684743240,+3.46,+10.416, +9.799,+0.942
1684743300,+3.46,+10.425, +9.774,+0.941
1684743360,+3.46,+10.443, +9.832,+0.943
1684743420,+3.46,+10.498, +9.829,+0.942
1684743480,+3.46,+10.570, +9.867,+0.943
1684743540,+3.46,+10.625, +9.892,+0.942
1684743600,+3.46,+10.616, +9.920,+0.942
1684743660,+3.46,+10.679, +9.920,+0.942
1684743720,+3.46,+10.715, +9.935,+0.942
1684743780,+3.46,+10.761, +9.927,+0.942
1684743840,+3.46,+10.788, +9.923,+0.942
1684743900,+3.46,+10.770, +9.942,+0.943
1684743960,+3.46,+10.797, +9.941,+0.942
1684744020,+3.46,+10.806, +9.947,+0.942
1684744080,+3.46,+10.824, +9.951,+0.943
1684744140,+3.46,+10.869, +9.925,+0.942
1684744200,+3.46,+10.842, +9.931,+0.942
1684744260,+3.46,+10.878, +9.920,+0.942
1684744320,+3.46,+10.887, +9.924,+0.943
1684744380,+3.46,+10.887, +9.912,+0.943
1684744440,+3.46,+10.842, +9.946,+0.943
1684744500,+3.46,+10.860, +9.937,+0.942
1684744560,+3.46,+10.923, +9.914,+0.942
1684744620,+3.46,+10.860, +9.926,+0.943
1684744680,+3.46,+10.833, +9.919,+0.942
1684744740,+3.46,+10.797, +9.931,+0.942
1684744800,+3.46,+10.797, +9.867,+0.942
1684744860,+3.46,+10.779, +9.822,+0.942
1684744920,+3.46,+10.734, +9.829,+0.942
1684744980,+3.46,+10.688, +9.829,+0.942
1684745040,+3.46,+10.652, +9.833,+0.942
1684745100,+3.46,+10.352, +9.514,+0.940
1684745160,+3.46,+10.005, +9.493,+0.940
1684745220,+3.46, +9.767, +9.609,+0.941
1684745280,+3.46, +9.703, +9.600,+0.941
1684745340,+3.46, +9.546, +9.649,+0.941
1684745400,+3.46, +9.519, +9.641,+0.941
1684745460,+3.46, +9.454, +9.666,+0.941
1684745520,+3.46, +9.436, +9.668,+0.941
1684745580,+3.46, +9.389, +9.710,+0.942
1684745640,+3.46, +9.399, +9.720,+0.942
1684745700,+3.46, +9.417, +9.735,+0.942
1684745760,+3.46, +9.482, +9.785,+0.942
1684745820,+3.46, +9.611, +9.803,+0.942
1684745880,+3.46, +9.638, +9.856,+0.942
1684745940,+3.46, +9.840, +9.892,+0.943
1684746000,+3.46, +9.978, +9.943,+0.943
1684746060,+3.46,+10.143, +9.988,+0.943
1684746120,+3.46,+10.370, +9.954,+0.943
1684746180,+3.46,+10.516, +9.956,+0.943
1684746240,+3.46,+10.616, +9.944,+0.943
1684746300,+3.46,+10.598, +9.994,+0.943
1684746360,+3.46,+10.761, +9.963,+0.943
1684746420,+3.46,+10.815, +9.955,+0.943
1684746480,+3.46,+10.896, +9.934,+0.943
1684746540,+3.46,+10.969, +9.909,+0.943
1684746600,+3.46,+10.960, +9.917,+0.943
1684746660,+3.46,+11.005, +9.890,+0.943
1684746720,+3.46,+11.023, +9.864,+0.942
1684746780,+3.46,+10.941, +9.910,+0.942
1684746840,+3.46,+10.824, +9.970,+0.943
1684746900,+3.46,+10.860, +9.927,+0.942
1684746960,+3.46,+10.761, +9.930,+0.942
1684747020,+3.46,+10.743, +9.926,+0.942
1684747080,+3.46,+10.734, +9.949,+0.942
1684747140,+3.46,+10.697, +9.973,+0.943
1684747200,+3.46,+10.743, +9.941,+0.942
1684747260,+3.46,+10.761, +9.961,+0.942
1684747320,+3.46,+10.761, +9.977,+0.942
1684747380,+3.46,+10.743, +9.983,+0.942
1684747440,+3.46,+10.752, +9.969,+0.942
1684747500,+3.46,+10.743, +9.972,+0.943
1684747560,+3.46,+10.770, +9.951,+0.942
1684747620,+3.46,+10.734, +9.958,+0.942
1684747680,+3.46,+10.761, +9.965,+0.942
1684747740,+3.46,+10.743, +9.967,+0.942
1684747800,+3.46,+10.734, +9.981,+0.942
1684747860,+3.46,+10.724, +9.991,+0.942
1684747920,+3.46,+10.679, +9.993,+0.942
1684747980,+3.46,+10.661, +9.996,+0.942
1684748040,+3.46,+10.643,+10.006,+0.942
1684748100,+3.46,+10.661, +9.996,+0.943
1684748160,+3.46,+10.589, +9.941,+0.942
1684748220,+3.46,+10.579, +9.950,+0.942
1684748280,+3.46,+10.543, +9.946,+0.942
1684748340,+3.46,+10.480, +9.953,+0.942
1684748400,+3.46,+10.516, +9.930,+0.942
1684748460,+3.46,+10.480, +9.943,+0.942
1684748520,+3.46,+10.452, +9.954,+0.942
1684748580,+3.46,+10.470, +9.956,+0.942
1684748640,+3.46,+10.480, +9.957,+0.942
1684748700,+3.46,+10.498, +9.967,+0.943
1684748760,+3.46,+10.443, +9.993,+0.942
1684748820,+3.46,+10.534, +9.955,+0.942
1684748880,+3.46,+10.507, +9.982,+0.942
1684748940,+3.46,+10.470, +9.998,+0.942
1684749000,+3.46,+10.452,+10.010,+0.942
1684749060,+3.46,+10.516, +9.993,+0.942
1684749120,+3.46,+10.552, +9.984,+0.942
1684749180,+3.46,+10.552, +9.981,+0.942
1684749240,+3.46,+10.534, +9.993,+0.943
1684749300,+3.46,+10.579, +9.974,+0.943
1684749360,+3.46,+10.607, +9.962,+0.942
1684749420,+3.46,+10.643, +9.938,+0.942
1684749480,+3.46,+10.625, +9.950,+0.942
1684749540,+3.46,+10.598, +9.967,+0.942
1684749600,+3.46,+10.561, +9.983,+0.942
1684749660,+3.46,+10.561, +9.988,+0.942
1684749720,+3.46,+10.589, +9.977,+0.943
1684749780,+3.46,+10.589, +9.972,+0.942
1684749840,+3.46,+10.561, +9.977,+0.942
1684749900,+3.46,+10.489,+10.007,+0.942
1684749960,+3.46,+10.498,+10.001,+0.942
1684750020,+3.46,+10.570, +9.988,+0.942
1684750080,+3.46,+10.525,+10.016,+0.942
1684750140,+3.46,+10.525,+10.032,+0.942
1684750200,+3.46,+10.534,+10.059,+0.943
1684750260,+3.46,+10.534,+10.050,+0.942
1684750320,+3.46,+10.579,+10.039,+0.942
1684750380,+3.46,+10.525,+10.049,+0.942
1684750440,+3.46,+10.561,+10.048,+0.942
1684750500,+3.46,+10.561,+10.054,+0.942
1684750560,+3.46,+10.570,+10.072,+0.943
1684750620,+3.46,+10.634,+10.035,+0.942
1684750680,+3.46,+10.634,+10.034,+0.942
1684750740,+3.46,+10.679,+10.015,+0.942
1684750800,+3.46,+10.661,+10.048,+0.942
1684750860,+3.46,+10.670,+10.050,+0.943
1684750920,+3.46,+10.706,+10.044,+0.943
1684750980,+3.46,+10.770,+10.016,+0.943
1684751040,+3.46,+10.761,+10.026,+0.943
1684751100,+3.46,+10.770,+10.028,+0.942
1684751160,+3.46,+10.842,+10.006,+0.942
1684751220,+3.46,+10.752,+10.040,+0.942
1684751280,+3.46,+10.788,+10.036,+0.943
1684751340,+3.46,+10.833,+10.029,+0.943
1684751400,+3.46,+10.806,+10.036,+0.942
1684751460,+3.46,+10.824,+10.037,+0.943
1684751520,+3.46,+10.869,+10.008,+0.942
1684751580,+3.46,+10.887, +9.986,+0.942
1684751640,+3.46,+10.896, +9.989,+0.942
1684751700,+3.46,+10.923, +9.973,+0.942
1684751760,+3.46,+10.914, +9.970,+0.942
1684751820,+3.46,+10.896, +9.978,+0.942
1684751880,+3.46,+10.923, +9.971,+0.943
1684751940,+3.46,+10.896, +9.973,+0.942
1684752000,+3.46,+10.896, +9.968,+0.942
1684752060,+3.46,+10.905, +9.959,+0.942
1684752120,+3.46,+10.860, +9.980,+0.943
1684752180,+3.46,+10.914, +9.960,+0.942
1684752240,+3.46,+10.905, +9.958,+0.942
1684752300,+3.46,+10.878, +9.962,+0.942
1684752360,+3.46,+10.860, +9.981,+0.942
1684752420,+3.46,+10.860,+10.006,+0.942
1684752480,+3.46,+10.824,+10.043,+0.942
1684752540,+3.46,+10.842,+10.035,+0.942
1684752600,+3.46,+10.815,+10.069,+0.943
1684752660,+3.46,+10.851,+10.054,+0.942
1684752720,+3.46,+10.824,+10.068,+0.942
1684752780,+3.46,+10.797,+10.073,+0.943
1684752840,+3.46,+10.824,+10.045,+0.942
1684752900,+3.46,+10.842,+10.021,+0.942
1684752960,+3.46,+10.788,+10.054,+0.942
1684753020,+3.46,+10.770,+10.057,+0.942
1684753080,+3.46,+10.797,+10.050,+0.942
1684753140,+3.46,+10.797,+10.050,+0.942
1684753200,+3.46,+10.797,+10.052,+0.942
1684753260,+3.46,+10.770,+10.068,+0.942
1684753320,+3.46,+10.770,+10.077,+0.943
1684753380,+3.46,+10.815,+10.067,+0.942
1684753440,+3.46,+10.815,+10.066,+0.942
1684753500,+3.46,+10.815,+10.068,+0.942
1684753560,+3.46,+10.788,+10.086,+0.942
1684753620,+3.46,+10.806,+10.075,+0.942
1684753680,+3.46,+10.806,+10.084,+0.942
1684753740,+3.46,+10.797,+10.080,+0.943
1684753800,+3.46,+10.788,+10.077,+0.943
1684753860,+3.46,+10.788,+10.074,+0.943
1684753920,+3.46,+10.806,+10.071,+0.943
1684753980,+3.46,+10.788,+10.090,+0.943
1684754040,+3.46,+10.824,+10.074,+0.943
1684754100,+3.46,+10.869,+10.060,+0.942
1684754160,+3.46,+10.770,+10.114,+0.943
1684754220,+3.46,+10.743,+10.129,+0.942
1684754280,+3.46,+10.761,+10.127,+0.942
1684754340,+3.46,+10.779,+10.119,+0.942
1684754400,+3.46,+10.797,+10.109,+0.942
1684754460,+3.46,+10.833,+10.096,+0.942
1684754520,+3.46,+10.788,+10.108,+0.942
1684754580,+3.46,+10.797,+10.111,+0.942
1684754640,+3.46,+10.806,+10.101,+0.942
1684754700,+3.46,+10.761,+10.120,+0.942
1684754760,+3.46,+10.824,+10.110,+0.942
1684754820,+3.46,+10.806,+10.115,+0.942
1684754880,+3.46,+10.806,+10.132,+0.943
1684754940,+3.46,+10.815,+10.122,+0.942
1684755000,+3.46,+10.779,+10.139,+0.943
1684755060,+3.46,+10.851,+10.113,+0.942
1684755120,+3.46,+10.860,+10.109,+0.942
1684755180,+3.46,+10.851,+10.118,+0.943
1684755240,+3.46,+10.815,+10.113,+0.942
1684755300,+3.46,+10.887,+10.086,+0.942
1684755360,+3.46,+10.896,+10.083,+0.942
1684755420,+3.46,+10.860,+10.100,+0.942
1684755480,+3.46,+10.878,+10.096,+0.942
1684755540,+3.46,+10.779,+10.149,+0.943
1684755600,+3.46,+10.860,+10.119,+0.942
1684755660,+3.46,+10.869,+10.117,+0.942
1684755720,+3.46,+10.887,+10.098,+0.942
1684755780,+3.46,+10.869,+10.101,+0.942
1684755840,+3.46,+10.833,+10.114,+0.942
1684755900,+3.46,+10.851,+10.114,+0.942
1684755960,+3.46,+10.896,+10.109,+0.942
1684756020,+3.46,+10.851,+10.138,+0.942
1684756080,+3.46,+10.878,+10.131,+0.942
1684756140,+3.46,+10.932,+10.094,+0.942
1684756200,+3.46,+10.905,+10.090,+0.942
1684756260,+3.46,+10.932,+10.078,+0.943
1684756320,+3.46,+10.905,+10.075,+0.942
1684756380,+3.46,+10.932,+10.063,+0.942
1684756440,+3.46,+10.923,+10.067,+0.942
1684756500,+3.46,+10.969,+10.039,+0.942
1684756560,+3.46,+10.951,+10.034,+0.942
1684756620,+3.46,+10.987,+10.020,+0.942
1684756680,+3.46,+10.978,+10.027,+0.942
1684756740,+3.46,+10.978,+10.030,+0.943
1684756800,+3.46,+10.905,+10.046,+0.942
1684756860,+3.46,+10.996,+10.026,+0.943
1684756920,+3.46,+11.014,+10.008,+0.942
1684756980,+3.46,+11.005,+10.009,+0.942
1684757040,+3.46,+11.005,+10.007,+0.942
1684757100,+3.46,+11.014,+10.005,+0.942
1684757160,+3.46,+10.969,+10.024,+0.943
1684757220,+3.46,+11.005,+10.013,+0.942
1684757280,+3.46,+11.014,+10.008,+0.942
1684757340,+3.46,+10.969,+10.041,+0.943
1684757400,+3.46,+10.996,+10.017,+0.942
1684757460,+3.46,+10.996,+10.022,+0.942
1684757520,+3.46,+11.005,+10.034,+0.942
1684757580,+3.46,+11.032,+10.041,+0.942
1684757640,+3.46,+10.996,+10.054,+0.942
1684757700,+3.46,+11.014,+10.062,+0.942
1684757760,+3.46,+10.996,+10.036,+0.942
1684757820,+3.46,+10.987,+10.055,+0.942
1684757880,+3.46,+11.050,+10.060,+0.943
1684757940,+3.46,+10.996,+10.071,+0.942
1684758000,+3.46,+11.023,+10.082,+0.942
1684758060,+3.46,+10.969,+10.105,+0.942
1684758120,+3.46,+11.014,+10.126,+0.943
1684758180,+3.46,+10.969,+10.156,+0.942
1684758240,+3.46,+10.996,+10.133,+0.942
1684758300,+3.46,+11.068,+10.091,+0.942
1684758360,+3.46,+10.996,+10.127,+0.942
1684758420,+3.46,+10.978,+10.147,+0.942
1684758480,+3.46,+10.987,+10.156,+0.943
1684758540,+3.46,+10.996,+10.149,+0.942
1684758600,+3.46,+11.050,+10.136,+0.942
1684758660,+3.46,+11.032,+10.138,+0.942
1684758720,+3.46,+11.005,+10.141,+0.942
1684758780,+3.46,+11.032,+10.119,+0.942
1684758840,+3.46,+11.032,+10.113,+0.942
1684758900,+3.46,+11.068,+10.088,+0.942
1684758960,+3.46,+11.005,+10.106,+0.942
1684759020,+3.46,+11.014,+10.098,+0.942
1684759080,+3.46,+11.014,+10.156,+0.943
1684759140,+3.46,+10.923,+10.211,+0.942
1684759200,+3.46,+10.941,+10.209,+0.942
1684759260,+3.46,+10.978,+10.200,+0.943
1684759320,+3.46,+10.996,+10.167,+0.942
1684759380,+3.46,+10.996,+10.161,+0.942
1684759440,+3.46,+10.951,+10.180,+0.942
1684759500,+3.46,+10.941,+10.212,+0.942
1684759560,+3.46,+10.923,+10.185,+0.942
1684759620,+3.46,+10.960,+10.163,+0.943
1684759680,+3.46,+10.996,+10.140,+0.942
1684759740,+3.46,+10.987,+10.125,+0.942
1684759800,+3.46,+10.987,+10.108,+0.942
1684759860,+3.46,+10.969,+10.135,+0.942
1684759920,+3.46,+10.987,+10.131,+0.942
1684759980,+3.46,+10.978,+10.158,+0.942
