7450-798456
OS REV: 1.03 Sensor Cal: 1539277937
Time (sec),  BV (Volts),  T (deg C),  DO (mg/l),  Q ()
1685883240,+3.47,+17.587,+10.000,+0.942
1685883300,+3.46,+17.798,+10.004,+0.943
1685883360,+3.46,+17.866, +9.985,+0.942
1685883420,+3.47,+18.010, +9.968,+0.942
1685883480,+3.47,+18.119, +9.932,+0.942
1685883540,+3.47,+18.178, +9.935,+0.943
1685883600,+3.47,+18.313, +9.917,+0.943
1685883660,+3.47,+18.322, +9.920,+0.943
1685883720,+3.47,+18.415, +9.877,+0.943
1685883780,+3.47,+18.516, +9.849,+0.942
1685883840,+3.47,+18.524, +9.874,+0.943
1685883900,+3.47,+18.533, +9.857,+0.942
1685883960,+3.46,+18.634, +9.850,+0.943
1685884020,+3.47,+18.617, +9.867,+0.943
1685884080,+3.46,+18.634, +9.867,+0.943
1685884140,+3.47,+18.684, +9.843,+0.942
1685884200,+3.47,+18.718, +9.845,+0.943
1685884260,+3.46,+18.752, +9.830,+0.943
1685884320,+3.46,+18.752, +9.836,+0.943
1685884380,+3.47,+18.777, +9.819,+0.943
1685884440,+3.47,+18.752, +9.845,+0.943
1685884500,+3.47,+18.777, +9.843,+0.943
1685884560,+3.47,+18.785, +9.824,+0.943
1685884620,+3.47,+18.827, +9.806,+0.943
1685884680,+3.47,+18.785, +9.812,+0.943
1685884740,+3.47,+18.811, +9.814,+0.943
1685884800,+3.47,+18.794, +9.805,+0.943
1685884860,+3.47,+18.802, +9.810,+0.943
1685884920,+3.47,+18.819, +9.811,+0.943
1685884980,+3.47,+18.836, +9.800,+0.943
1685885040,+3.47,+18.802, +9.812,+0.943
1685885100,+3.47,+18.794, +9.821,+0.943
1685885160,+3.47,+18.768, +9.843,+0.944
1685885220,+3.47,+18.853, +9.798,+0.943
1685885280,+3.47,+18.844, +9.800,+0.943
1685885340,+3.47,+18.836, +9.789,+0.943
1685885400,+3.47,+18.844, +9.777,+0.943
1685885460,+3.47,+18.836, +9.778,+0.943
1685885520,+3.47,+18.878, +9.760,+0.943
1685885580,+3.47,+18.861, +9.752,+0.943
1685885640,+3.47,+18.886, +9.757,+0.944
1685885700,+3.47,+18.878, +9.759,+0.943
1685885760,+3.47,+18.920, +9.746,+0.943
1685885820,+3.47,+18.827, +9.775,+0.943
1685885880,+3.47,+18.836, +9.769,+0.943
1685885940,+3.47,+18.912, +9.742,+0.944
1685886000,+3.47,+18.886, +9.720,+0.943
1685886060,+3.47,+18.844, +9.719,+0.943
1685886120,+3.47,+18.844, +9.610,+0.943
1685886180,+3.47,+18.676, +9.704,+0.944
1685886240,+3.47,+18.726, +9.626,+0.943
1685886300,+3.47,+18.491, +9.654,+0.943
1685886360,+3.47,+18.381, +9.682,+0.942
1685886420,+3.47,+18.297, +9.705,+0.943
1685886480,+3.47,+18.297, +9.699,+0.943
1685886540,+3.47,+17.197, +9.417,+0.938
1685886600,+3.47,+16.381, +9.785,+0.940
1685886660,+3.47,+16.261, +9.935,+0.941
1685886720,+3.47,+16.679, +9.975,+0.942
1685886780,+3.47,+16.857, +9.834,+0.941
1685886840,+3.47,+16.381, +9.758,+0.940
1685886900,+3.47,+16.304, +9.954,+0.941
1685886960,+3.47,+16.670, +9.987,+0.942
1685887020,+3.47,+17.070, +9.992,+0.943
1685887080,+3.47,+17.367, +9.982,+0.943
1685887140,+3.47,+17.612, +9.907,+0.942
1685887200,+3.47,+17.832, +9.954,+0.943
1685887260,+3.47,+17.976, +9.942,+0.943
1685887320,+3.47,+18.136, +9.908,+0.943
1685887380,+3.47,+18.263, +9.886,+0.943
1685887440,+3.47,+18.305, +9.883,+0.944
1685887500,+3.47,+18.297, +9.839,+0.943
1685887560,+3.47,+18.347, +9.842,+0.944
1685887620,+3.47,+18.406, +9.827,+0.944
1685887680,+3.47,+18.465, +9.805,+0.943
1685887740,+3.47,+18.102, +9.276,+0.939
1685887800,+3.47,+16.976, +9.589,+0.940
1685887860,+3.47,+16.048, +9.642,+0.938
1685887920,+3.47,+15.181, +9.716,+0.938
1685887980,+3.47,+14.655, +9.965,+0.939
1685888040,+3.47,+14.352,+10.011,+0.939
1685888100,+3.47,+14.179,+10.105,+0.939
1685888160,+3.47,+14.196,+10.252,+0.940
1685888220,+3.47,+15.035,+10.467,+0.943
1685888280,+3.47,+15.859,+10.266,+0.943
1685888340,+3.47,+16.295,+10.161,+0.942
1685888400,+3.47,+16.670,+10.086,+0.942
1685888460,+3.47,+16.823,+10.000,+0.942
1685888520,+3.47,+16.806, +9.932,+0.942
1685888580,+3.47,+16.832, +9.963,+0.942
1685888640,+3.47,+16.772, +9.886,+0.941
1685888700,+3.47,+16.687, +9.973,+0.942
1685888760,+3.47,+16.577, +9.842,+0.940
1685888820,+3.47,+15.765, +9.810,+0.940
1685888880,+3.47,+15.602, +9.968,+0.940
1685888940,+3.47,+14.430, +9.627,+0.938
1685889000,+3.47,+13.892, +9.858,+0.939
1685889060,+3.47,+13.796, +9.969,+0.939
1685889120,+3.47,+13.839,+10.203,+0.941
1685889180,+3.47,+14.092,+10.204,+0.941
1685889240,+3.47,+14.283,+10.219,+0.941
1685889300,+3.47,+14.621,+10.241,+0.942
1685889360,+3.47,+14.828,+10.172,+0.941
1685889420,+3.47,+14.992,+10.128,+0.941
1685889480,+3.47,+15.044,+10.090,+0.941
1685889540,+3.47,+15.078,+10.103,+0.941
1685889600,+3.47,+15.147,+10.100,+0.941
1685889660,+3.47,+15.181,+10.116,+0.942
1685889720,+3.47,+15.207,+10.169,+0.942
1685889780,+3.47,+15.121,+10.196,+0.941
1685889840,+3.47,+15.001,+10.188,+0.941
1685889900,+3.47,+14.966,+10.215,+0.941
1685889960,+3.47,+14.889,+10.223,+0.940
1685890020,+3.47,+14.914,+10.241,+0.941
1685890080,+3.47,+14.802,+10.233,+0.941
1685890140,+3.47,+14.742,+10.244,+0.941
1685890200,+3.47,+14.794,+10.234,+0.941
1685890260,+3.47,+14.828,+10.237,+0.942
1685890320,+3.47,+14.880,+10.209,+0.941
1685890380,+3.47,+14.914,+10.226,+0.942
1685890440,+3.47,+14.983,+10.211,+0.942
1685890500,+3.47,+15.190,+10.158,+0.942
1685890560,+3.47,+15.225,+10.129,+0.942
1685890620,+3.47,+15.293,+10.104,+0.942
1685890680,+3.47,+15.302,+10.078,+0.941
1685890740,+3.47,+15.147,+10.098,+0.941
1685890800,+3.47,+15.156,+10.100,+0.941
1685890860,+3.47,+15.061,+10.035,+0.940
1685890920,+3.47,+14.794,+10.096,+0.941
1685890980,+3.47,+14.716,+10.119,+0.941
1685891040,+3.47,+14.629,+10.162,+0.941
1685891100,+3.47,+14.612,+10.248,+0.942
1685891160,+3.47,+14.733,+10.215,+0.941
1685891220,+3.47,+14.750,+10.255,+0.941
1685891280,+3.47,+14.992,+10.255,+0.942
1685891340,+3.47,+15.147,+10.251,+0.942
1685891400,+3.47,+15.422,+10.198,+0.943
1685891460,+3.47,+15.611,+10.168,+0.942
1685891520,+3.47,+15.885,+10.140,+0.942
1685891580,+3.47,+15.937,+10.143,+0.942
1685891640,+3.47,+16.056,+10.102,+0.942
1685891700,+3.47,+16.116,+10.117,+0.942
1685891760,+3.47,+16.005,+10.145,+0.942
1685891820,+3.47,+15.962,+10.138,+0.942
1685891880,+3.47,+15.825,+10.021,+0.940
1685891940,+3.47,+15.645,+10.034,+0.941
1685892000,+3.47,+15.388, +9.907,+0.940
1685892060,+3.47,+15.018,+10.092,+0.940
1685892120,+3.47,+14.845,+10.164,+0.940
1685892180,+3.47,+14.716,+10.239,+0.941
1685892240,+3.47,+14.647,+10.210,+0.940
1685892300,+3.47,+14.621,+10.225,+0.941
1685892360,+3.47,+14.603,+10.241,+0.941
1685892420,+3.47,+14.690,+10.238,+0.941
1685892480,+3.47,+14.759,+10.244,+0.941
1685892540,+3.47,+14.828,+10.277,+0.942
1685892600,+3.47,+14.871,+10.234,+0.942
1685892660,+3.47,+14.889,+10.223,+0.941
1685892720,+3.47,+14.906,+10.244,+0.942
1685892780,+3.47,+14.863,+10.253,+0.941
1685892840,+3.47,+14.949,+10.261,+0.942
1685892900,+3.47,+15.070,+10.248,+0.942
1685892960,+3.47,+15.216,+10.176,+0.941
1685893020,+3.47,+15.156, +9.942,+0.940
1685893080,+3.47,+14.759,+10.096,+0.940
1685893140,+3.47,+14.621,+10.178,+0.941
1685893200,+3.47,+14.552,+10.198,+0.941
1685893260,+3.47,+14.500,+10.250,+0.941
1685893320,+3.47,+14.577,+10.301,+0.942
1685893380,+3.47,+14.983,+10.259,+0.942
1685893440,+3.47,+15.517,+10.365,+0.944
1685893500,+3.47,+16.073,+10.203,+0.943
1685893560,+3.47,+16.534,+10.198,+0.944
1685893620,+3.47,+16.781,+10.169,+0.943
1685893680,+3.47,+17.002,+10.119,+0.944
1685893740,+3.47,+17.095, +9.969,+0.942
1685893800,+3.47,+16.908,+10.004,+0.942
1685893860,+3.47,+16.866,+10.029,+0.942
1685893920,+3.47,+16.832, +9.824,+0.940
1685893980,+3.47,+16.201, +9.932,+0.940
1685894040,+3.47,+15.937,+10.024,+0.941
1685894100,+3.47,+15.825,+10.017,+0.941
1685894160,+3.47,+15.705,+10.014,+0.941
1685894220,+3.47,+15.577, +9.969,+0.940
1685894280,+3.47,+15.328, +9.983,+0.940
1685894340,+3.47,+14.932, +9.959,+0.940
1685894400,+3.47,+14.681,+10.069,+0.940
1685894460,+3.47,+14.560,+10.116,+0.940
1685894520,+3.47,+14.491,+10.161,+0.940
1685894580,+3.47,+14.586,+10.161,+0.940
1685894640,+3.47,+14.802,+10.236,+0.942
1685894700,+3.47,+15.233, +9.951,+0.940
1685894760,+3.47,+14.802,+10.039,+0.940
1685894820,+3.47,+14.707,+10.122,+0.941
1685894880,+3.47,+14.396,+10.087,+0.940
1685894940,+3.47,+14.205,+10.161,+0.940
1685895000,+3.47,+14.048,+10.219,+0.940
1685895060,+3.47,+13.953,+10.234,+0.941
1685895120,+3.47,+13.926,+10.227,+0.940
1685895180,+3.47,+13.926,+10.219,+0.941
1685895240,+3.47,+13.961,+10.234,+0.942
1685895300,+3.47,+13.987,+10.220,+0.941
1685895360,+3.47,+14.022,+10.236,+0.941
1685895420,+3.47,+14.057,+10.213,+0.941
1685895480,+3.47,+13.987,+10.193,+0.941
1685895540,+3.47,+13.918,+10.207,+0.941
1685895600,+3.47,+13.935,+10.194,+0.940
1685895660,+3.47,+13.857,+10.101,+0.940
1685895720,+3.47,+13.630,+10.076,+0.940
1685895780,+3.47,+13.525,+10.101,+0.940
1685895840,+3.47,+13.394,+10.158,+0.941
1685895900,+3.47,+13.376,+10.171,+0.940
1685895960,+3.47,+13.411,+10.200,+0.941
1685896020,+3.47,+13.394,+10.234,+0.940
1685896080,+3.47,+13.604,+10.304,+0.942
1685896140,+3.47,+14.031,+10.539,+0.944
1685896200,+3.47,+14.889,+10.490,+0.945
1685896260,+3.47,+15.645,+10.329,+0.944
1685896320,+3.47,+16.176,+10.273,+0.944
1685896380,+3.47,+16.534,+10.151,+0.944
1685896440,+3.47,+16.798,+10.153,+0.944
1685896500,+3.47,+16.840,+10.161,+0.944
1685896560,+3.47,+16.738, +9.926,+0.941
1685896620,+3.47,+16.150, +9.710,+0.940
1685896680,+3.47,+15.353, +9.778,+0.940
1685896740,+3.47,+14.983, +9.957,+0.940
1685896800,+3.47,+14.742, +9.957,+0.940
1685896860,+3.47,+14.465, +9.978,+0.940
1685896920,+3.47,+14.274,+10.109,+0.940
1685896980,+3.47,+14.170,+10.076,+0.940
1685897040,+3.47,+13.987,+10.148,+0.940
1685897100,+3.47,+13.926,+10.243,+0.941
1685897160,+3.47,+13.883,+10.234,+0.940
1685897220,+3.47,+13.839,+10.325,+0.941
1685897280,+3.47,+13.831,+10.345,+0.941
1685897340,+3.47,+13.726,+10.295,+0.941
1685897400,+3.47,+13.709,+10.241,+0.940
1685897460,+3.47,+13.578,+10.220,+0.941
1685897520,+3.47,+13.569,+10.193,+0.940
1685897580,+3.47,+13.534,+10.254,+0.941
1685897640,+3.47,+13.551,+10.243,+0.941
1685897700,+3.47,+13.464,+10.287,+0.941
1685897760,+3.47,+13.499,+10.326,+0.941
1685897820,+3.47,+13.481,+10.346,+0.941
1685897880,+3.47,+13.490,+10.335,+0.941
1685897940,+3.47,+13.534,+10.326,+0.941
1685898000,+3.47,+13.569,+10.309,+0.941
1685898060,+3.47,+13.604,+10.309,+0.941
1685898120,+3.47,+13.682,+10.292,+0.941
1685898180,+3.47,+13.674,+10.257,+0.942
1685898240,+3.47,+13.578,+10.286,+0.941
1685898300,+3.47,+13.543,+10.257,+0.941
1685898360,+3.47,+13.411,+10.086,+0.940
1685898420,+3.47,+13.254,+10.106,+0.940
1685898480,+3.47,+13.280,+10.113,+0.941
1685898540,+3.47,+13.166,+10.150,+0.941
1685898600,+3.47,+13.192,+10.141,+0.941
1685898660,+3.47,+13.166,+10.154,+0.941
1685898720,+3.47,+13.148,+10.163,+0.941
1685898780,+3.47,+13.166,+10.156,+0.941
1685898840,+3.47,+13.157,+10.137,+0.941
1685898900,+3.47,+13.122,+10.110,+0.941
1685898960,+3.47,+13.034,+10.174,+0.940
1685899020,+3.47,+13.078,+10.143,+0.941
1685899080,+3.47,+13.043,+10.148,+0.941
1685899140,+3.47,+12.981,+10.196,+0.941
1685899200,+3.47,+12.937,+10.235,+0.941
1685899260,+3.47,+12.902,+10.247,+0.941
1685899320,+3.47,+12.937,+10.205,+0.941
1685899380,+3.47,+12.964,+10.216,+0.942
1685899440,+3.47,+13.175,+10.135,+0.942
1685899500,+3.47,+13.315,+10.076,+0.941
1685899560,+3.47,+13.665,+10.209,+0.943
1685899620,+3.47,+14.292,+10.137,+0.944
1685899680,+3.47,+14.586,+10.019,+0.943
1685899740,+3.47,+14.845, +9.993,+0.943
1685899800,+3.47,+14.577, +9.840,+0.941
1685899860,+3.47,+14.283, +9.660,+0.939
1685899920,+3.47,+13.674, +9.879,+0.939
1685899980,+3.47,+13.297,+10.029,+0.940
1685900040,+3.47,+13.140,+10.068,+0.940
1685900100,+3.47,+13.034,+10.093,+0.940
1685900160,+3.47,+12.981,+10.081,+0.940
1685900220,+3.47,+12.858,+10.118,+0.940
1685900280,+3.47,+12.779,+10.123,+0.940
1685900340,+3.47,+12.761,+10.141,+0.941
1685900400,+3.47,+12.726,+10.143,+0.941
1685900460,+3.47,+12.717,+10.139,+0.940
1685900520,+3.47,+12.717,+10.173,+0.941
1685900580,+3.47,+12.726,+10.191,+0.941
1685900640,+3.47,+12.779,+10.241,+0.941
1685900700,+3.47,+13.113,+10.284,+0.943
1685900760,+3.47,+13.586,+10.314,+0.943
1685900820,+3.47,+14.404,+10.221,+0.943
1685900880,+3.47,+15.156,+10.235,+0.945
1685900940,+3.47,+15.671,+10.152,+0.944
1685901000,+3.47,+15.971,+10.118,+0.944
1685901060,+3.47,+16.261,+10.070,+0.944
1685901120,+3.47,+16.636,+10.028,+0.943
1685901180,+3.47,+17.002, +9.855,+0.944
1685901240,+3.47,+17.180, +9.783,+0.944
1685901300,+3.47,+17.333, +9.750,+0.943
1685901360,+3.47,+17.324, +9.815,+0.943
1685901420,+3.47,+17.265, +9.919,+0.943
1685901480,+3.47,+16.611, +9.587,+0.941
1685901540,+3.47,+16.721, +9.825,+0.942
1685901600,+3.47,+16.253, +9.519,+0.940
1685901660,+3.47,+15.842, +9.595,+0.940
1685901720,+3.47,+15.654, +9.711,+0.940
1685901780,+3.47,+15.808, +9.809,+0.942
1685901840,+3.47,+16.099, +9.946,+0.942
1685901900,+3.47,+16.415, +9.978,+0.943
1685901960,+3.47,+16.543, +9.942,+0.942
1685902020,+3.47,+16.798, +9.906,+0.942
1685902080,+3.47,+17.019, +9.863,+0.942
1685902140,+3.47,+17.206, +9.794,+0.942
1685902200,+3.47,+17.392, +9.699,+0.942
1685902260,+3.47,+17.502, +9.635,+0.942
1685902320,+3.47,+17.553, +9.652,+0.942
1685902380,+3.47,+17.561, +9.702,+0.941
1685902440,+3.47,+17.104, +9.191,+0.938
1685902500,+3.47,+16.159, +9.254,+0.937
1685902560,+3.47,+15.259, +9.527,+0.938
1685902620,+3.47,+14.794, +9.757,+0.938
1685902680,+3.47,+14.491, +9.786,+0.939
1685902740,+3.47,+14.239, +9.866,+0.939
1685902800,+3.47,+14.022, +9.938,+0.939
1685902860,+3.47,+13.987, +9.936,+0.940
1685902920,+3.47,+13.874, +9.859,+0.940
1685902980,+3.47,+13.735, +9.908,+0.940
1685903040,+3.47,+13.787, +9.898,+0.940
1685903100,+3.47,+14.092,+10.070,+0.942
1685903160,+3.47,+14.992,+10.178,+0.944
1685903220,+3.47,+15.774,+10.117,+0.944
1685903280,+3.47,+16.210,+10.017,+0.943
1685903340,+3.47,+16.508, +9.955,+0.943
1685903400,+3.47,+16.449, +9.475,+0.939
1685903460,+3.47,+16.099, +9.875,+0.942
1685903520,+3.47,+16.329, +9.834,+0.942
1685903580,+3.47,+16.381, +9.825,+0.942
1685903640,+3.47,+16.508, +9.836,+0.941
1685903700,+3.47,+16.602, +9.871,+0.941
1685903760,+3.47,+16.713, +9.894,+0.941
1685903820,+3.47,+16.789, +9.879,+0.942
1685903880,+3.47,+16.789, +9.880,+0.942
1685903940,+3.47,+16.908, +9.877,+0.942
1685904000,+3.47,+16.662, +9.470,+0.939
1685904060,+3.47,+15.894, +9.282,+0.937
1685904120,+3.47,+15.070, +9.569,+0.938
1685904180,+3.47,+14.560, +9.752,+0.939
1685904240,+3.47,+14.300, +9.817,+0.939
1685904300,+3.47,+14.127, +9.822,+0.939
1685904360,+3.47,+13.996, +9.843,+0.939
1685904420,+3.47,+13.935, +9.846,+0.940
1685904480,+3.47,+13.857, +9.870,+0.940
1685904540,+3.47,+13.883, +9.901,+0.940
1685904600,+3.47,+13.987, +9.866,+0.940
1685904660,+3.47,+14.048, +9.844,+0.941
1685904720,+3.47,+14.465, +9.843,+0.942
1685904780,+3.47,+15.147, +9.858,+0.943
1685904840,+3.47,+15.620, +9.999,+0.944
1685904900,+3.47,+16.278, +9.989,+0.943
1685904960,+3.47,+16.670, +9.902,+0.943
1685905020,+3.47,+16.917, +9.906,+0.943
1685905080,+3.47,+17.214, +9.861,+0.943
1685905140,+3.47,+17.350, +9.864,+0.943
1685905200,+3.47,+17.502, +9.787,+0.943
1685905260,+3.47,+17.646, +9.645,+0.942
1685905320,+3.47,+17.739, +9.634,+0.943
1685905380,+3.47,+17.976, +9.594,+0.943
1685905440,+3.47,+18.111, +9.521,+0.943
1685905500,+3.47,+18.221, +9.506,+0.942
1685905560,+3.47,+18.254, +9.556,+0.942
1685905620,+3.47,+18.280, +9.545,+0.942
1685905680,+3.47,+18.263, +9.481,+0.942
1685905740,+3.47,+18.238, +9.414,+0.942
1685905800,+3.47,+18.221, +9.365,+0.942
1685905860,+3.47,+18.229, +9.368,+0.942
1685905920,+3.47,+17.883, +8.978,+0.939
1685905980,+3.47,+17.324, +9.461,+0.942
1685906040,+3.47,+17.595, +9.419,+0.942
1685906100,+3.47,+17.612, +9.358,+0.942
1685906160,+3.47,+17.638, +9.309,+0.942
1685906220,+3.47,+17.621, +9.319,+0.940
1685906280,+3.47,+17.587, +9.351,+0.941
1685906340,+3.47,+17.595, +9.368,+0.942
1685906400,+3.47,+17.688, +9.374,+0.942
1685906460,+3.47,+17.866, +9.428,+0.943
1685906520,+3.47,+18.043, +9.421,+0.942
1685906580,+3.47,+18.212, +9.414,+0.943
1685906640,+3.47,+18.364, +9.374,+0.942
1685906700,+3.47,+18.457, +9.327,+0.943
1685906760,+3.47,+18.018, +8.744,+0.939
1685906820,+3.47,+17.265, +9.093,+0.941
1685906880,+3.47,+16.968, +9.173,+0.940
1685906940,+3.47,+16.210, +9.099,+0.939
1685907000,+3.47,+15.774, +9.279,+0.939
1685907060,+3.47,+15.439, +9.395,+0.939
1685907120,+3.47,+15.285, +9.556,+0.940
1685907180,+3.47,+15.396, +9.634,+0.940
1685907240,+3.47,+15.817, +9.661,+0.941
1685907300,+3.47,+16.107, +9.611,+0.941
1685907360,+3.47,+16.270, +9.626,+0.941
1685907420,+3.47,+16.201, +9.561,+0.941
1685907480,+3.47,+16.193, +9.604,+0.941
1685907540,+3.47,+16.329, +9.620,+0.941
1685907600,+3.47,+16.534, +9.656,+0.942
1685907660,+3.47,+16.823, +9.628,+0.942
1685907720,+3.47,+17.172, +9.594,+0.942
1685907780,+3.47,+17.578, +9.528,+0.943
1685907840,+3.47,+17.857, +9.493,+0.943
1685907900,+3.47,+18.077, +9.420,+0.942
1685907960,+3.47,+17.384, +9.341,+0.940
1685908020,+3.47,+16.874, +9.495,+0.940
1685908080,+3.47,+16.457, +9.307,+0.939
1685908140,+3.47,+16.005, +9.174,+0.939
1685908200,+3.47,+15.474, +9.037,+0.938
1685908260,+3.47,+14.673, +9.065,+0.938
1685908320,+3.47,+14.370, +9.228,+0.939
1685908380,+3.47,+14.135, +9.295,+0.939
1685908440,+3.47,+13.996, +9.397,+0.939
1685908500,+3.47,+13.979, +9.510,+0.939
1685908560,+3.47,+13.848, +9.443,+0.938
1685908620,+3.47,+13.394, +9.497,+0.939
1685908680,+3.47,+13.368, +9.535,+0.939
1685908740,+3.47,+13.333, +9.637,+0.939
1685908800,+3.47,+13.455, +9.641,+0.939
1685908860,+3.47,+13.473, +9.692,+0.940
1685908920,+3.47,+13.376, +9.542,+0.939
1685908980,+3.47,+12.929, +9.389,+0.938
1685909040,+3.47,+12.505, +9.393,+0.939
1685909100,+3.47,+12.310, +9.451,+0.939
1685909160,+3.47,+12.195, +9.515,+0.940
1685909220,+3.47,+12.150, +9.518,+0.939
1685909280,+3.47,+12.115, +9.527,+0.940
1685909340,+3.47,+12.150, +9.619,+0.941
1685909400,+3.47,+12.540, +9.880,+0.942
1685909460,+3.47,+12.893, +9.919,+0.941
1685909520,+3.47,+13.183, +9.945,+0.942
1685909580,+3.47,+13.438, +9.930,+0.942
1685909640,+3.47,+13.761, +9.898,+0.942
1685909700,+3.47,+14.048, +9.816,+0.942
1685909760,+3.47,+14.040, +9.630,+0.941
1685909820,+3.47,+13.918, +9.816,+0.941
1685909880,+3.47,+13.709, +9.741,+0.940
1685909940,+3.47,+13.376, +9.714,+0.940
1685910000,+3.47,+13.262, +9.731,+0.940
1685910060,+3.47,+13.280, +9.762,+0.941
1685910120,+3.47,+13.385, +9.845,+0.941
1685910180,+3.47,+13.525, +9.889,+0.941
1685910240,+3.47,+13.560, +9.910,+0.941
1685910300,+3.47,+13.481, +9.898,+0.941
1685910360,+3.47,+13.210, +9.477,+0.939
1685910420,+3.47,+12.567, +9.240,+0.939
1685910480,+3.47,+12.133, +9.311,+0.939
1685910540,+3.47,+11.803, +9.504,+0.939
1685910600,+3.47,+11.660, +9.421,+0.939
1685910660,+3.47,+11.418, +9.470,+0.939
1685910720,+3.47,+11.284, +9.541,+0.940
1685910780,+3.47,+11.176, +9.575,+0.940
1685910840,+3.47,+11.167, +9.610,+0.941
1685910900,+3.47,+11.149, +9.629,+0.941
1685910960,+3.47,+11.104, +9.562,+0.940
1685911020,+3.47,+11.005, +9.566,+0.940
1685911080,+3.47,+10.887, +9.581,+0.940
1685911140,+3.47,+10.815, +9.600,+0.940
1685911200,+3.47,+10.770, +9.617,+0.940
1685911260,+3.47,+10.770, +9.623,+0.941
1685911320,+3.47,+10.679, +9.666,+0.941
1685911380,+3.47,+10.715, +9.671,+0.941
1685911440,+3.47,+10.815, +9.703,+0.941
1685911500,+3.47,+11.032, +9.686,+0.941
1685911560,+3.47,+11.140, +9.667,+0.942
1685911620,+3.47,+11.293, +9.625,+0.941
1685911680,+3.47,+11.149, +9.525,+0.941
1685911740,+3.47,+10.978, +9.582,+0.941
1685911800,+3.47,+11.014, +9.596,+0.941
1685911860,+3.47,+11.005, +9.600,+0.941
1685911920,+3.47,+10.996, +9.610,+0.941
1685911980,+3.47,+11.077, +9.603,+0.941
1685912040,+3.47,+11.194, +9.590,+0.942
1685912100,+3.47,+11.293, +9.594,+0.942
1685912160,+3.47,+11.481, +9.605,+0.942
1685912220,+3.47,+11.848, +9.716,+0.943
1685912280,+3.47,+12.186, +9.775,+0.943
1685912340,+3.47,+12.319, +9.542,+0.942
1685912400,+3.47,+12.097, +9.498,+0.941
1685912460,+3.47,+11.919, +9.416,+0.941
1685912520,+3.47,+11.669, +9.487,+0.940
1685912580,+3.47,+11.481, +9.524,+0.940
1685912640,+3.47,+11.356, +9.520,+0.941
1685912700,+3.47,+11.176, +9.523,+0.941
1685912760,+3.47,+11.149, +9.496,+0.941
1685912820,+3.47,+11.113, +9.511,+0.941
1685912880,+3.47,+11.167, +9.534,+0.941
1685912940,+3.47,+11.212, +9.531,+0.941
1685913000,+3.47,+11.248, +9.566,+0.941
1685913060,+3.47,+11.391, +9.547,+0.941
1685913120,+3.47,+11.463, +9.545,+0.942
1685913180,+3.47,+11.589, +9.667,+0.942
1685913240,+3.47,+12.115, +9.687,+0.943
1685913300,+3.47,+12.301, +9.579,+0.942
1685913360,+3.47,+12.061, +9.329,+0.940
1685913420,+3.47,+11.758, +9.435,+0.940
1685913480,+3.47,+11.526, +9.415,+0.940
1685913540,+3.47,+11.239, +9.376,+0.940
1685913600,+3.47,+11.023, +9.420,+0.941
1685913660,+3.47,+10.951, +9.429,+0.941
1685913720,+3.47,+10.896, +9.428,+0.940
1685913780,+3.47,+10.815, +9.452,+0.941
1685913840,+3.47,+10.715, +9.472,+0.941
1685913900,+3.47,+10.688, +9.485,+0.940
1685913960,+3.47,+10.679, +9.495,+0.941
1685914020,+3.47,+10.670, +9.498,+0.941
1685914080,+3.47,+10.697, +9.495,+0.941
1685914140,+3.47,+10.743, +9.496,+0.941
1685914200,+3.47,+10.797, +9.502,+0.941
1685914260,+3.47,+10.905, +9.496,+0.941
1685914320,+3.47,+11.068, +9.496,+0.942
1685914380,+3.47,+11.131, +9.498,+0.941
1685914440,+3.47,+11.104, +9.414,+0.940
1685914500,+3.47,+10.960, +9.398,+0.940
1685914560,+3.47,+10.905, +9.435,+0.941
1685914620,+3.47,+10.878, +9.441,+0.940
1685914680,+3.47,+10.806, +9.464,+0.941
1685914740,+3.47,+10.842, +9.451,+0.941
1685914800,+3.47,+10.815, +9.468,+0.941
1685914860,+3.47,+10.797, +9.419,+0.941
1685914920,+3.47,+10.743, +9.416,+0.941
1685914980,+3.47,+10.688, +9.443,+0.941
1685915040,+3.47,+10.570, +9.493,+0.941
1685915100,+3.47,+10.543, +9.523,+0.941
1685915160,+3.47,+10.561, +9.534,+0.941
1685915220,+3.47,+10.489, +9.593,+0.941
1685915280,+3.47,+10.489, +9.600,+0.941
1685915340,+3.47,+10.470, +9.609,+0.942
1685915400,+3.47,+10.452, +9.582,+0.941
1685915460,+3.47,+10.543, +9.546,+0.941
1685915520,+3.47,+10.652, +9.554,+0.942
1685915580,+3.47,+10.715, +9.515,+0.942
1685915640,+3.47,+10.851, +9.475,+0.941
1685915700,+3.47,+11.086, +9.521,+0.942
1685915760,+3.47,+11.365, +9.530,+0.942
1685915820,+3.47,+11.607, +9.517,+0.942
1685915880,+3.47,+11.857, +9.526,+0.942
1685915940,+3.47,+12.070, +9.704,+0.943
1685916000,+3.47,+12.461, +9.724,+0.942
1685916060,+3.47,+12.788, +9.895,+0.943
1685916120,+3.47,+12.937, +9.960,+0.942
1685916180,+3.47,+13.096, +9.620,+0.941
1685916240,+3.47,+12.381, +9.255,+0.940
1685916300,+3.47,+12.088, +9.233,+0.940
1685916360,+3.47,+11.910, +9.334,+0.941
1685916420,+3.47,+11.821, +9.342,+0.940
1685916480,+3.47,+11.785, +9.402,+0.941
1685916540,+3.47,+11.981, +9.440,+0.941
1685916600,+3.47,+12.097, +9.493,+0.942
1685916660,+3.47,+12.248, +9.580,+0.942
1685916720,+3.47,+12.399, +9.608,+0.942
1685916780,+3.47,+12.549, +9.605,+0.942
1685916840,+3.47,+12.682, +9.599,+0.942
1685916900,+3.47,+12.779, +9.695,+0.942
1685916960,+3.47,+12.840, +9.686,+0.941
1685917020,+3.47,+12.735, +9.512,+0.940
1685917080,+3.47,+12.558, +9.495,+0.940
1685917140,+3.47,+12.487, +9.521,+0.941
1685917200,+3.47,+12.487, +9.539,+0.941
1685917260,+3.47,+12.505, +9.567,+0.941
1685917320,+3.47,+12.655, +9.685,+0.942
1685917380,+3.47,+12.823, +9.744,+0.941
1685917440,+3.47,+12.937, +9.789,+0.942
1685917500,+3.47,+13.104, +9.831,+0.942
1685917560,+3.47,+13.210, +9.909,+0.941
1685917620,+3.47,+13.333, +9.935,+0.941
1685917680,+3.47,+13.429,+10.036,+0.942
1685917740,+3.47,+13.420,+10.113,+0.942
1685917800,+3.47,+13.543,+10.006,+0.942
1685917860,+3.47,+13.560,+10.025,+0.942
1685917920,+3.47,+13.499, +9.959,+0.941
1685917980,+3.47,+13.490,+10.143,+0.942
1685918040,+3.47,+13.551,+10.005,+0.941
1685918100,+3.47,+13.525, +9.995,+0.941
1685918160,+3.47,+13.543, +9.968,+0.941
1685918220,+3.47,+13.534, +9.950,+0.941
1685918280,+3.47,+13.578, +9.975,+0.941
1685918340,+3.47,+13.612,+10.001,+0.941
1685918400,+3.47,+13.551,+10.053,+0.942
1685918460,+3.47,+13.560, +9.845,+0.940
1685918520,+3.47,+13.271, +9.865,+0.940
1685918580,+3.47,+13.140, +9.944,+0.940
1685918640,+3.47,+13.140,+10.005,+0.941
1685918700,+3.47,+13.122,+10.003,+0.941
1685918760,+3.47,+13.034,+10.036,+0.941
1685918820,+3.47,+13.060, +9.999,+0.941
1685918880,+3.47,+12.981,+10.009,+0.941
1685918940,+3.47,+12.929,+10.022,+0.941
1685919000,+3.47,+12.981,+10.005,+0.941
1685919060,+3.47,+12.973,+10.006,+0.941
1685919120,+3.47,+12.929, +9.962,+0.941
1685919180,+3.47,+12.805,+10.009,+0.941
1685919240,+3.47,+12.832, +9.995,+0.941
1685919300,+3.47,+12.840, +9.981,+0.941
1685919360,+3.47,+12.929, +9.961,+0.941
1685919420,+3.47,+12.832, +9.977,+0.941
1685919480,+3.47,+12.796, +9.975,+0.940
1685919540,+3.47,+12.788, +9.990,+0.941
1685919600,+3.47,+12.814,+10.005,+0.941
1685919660,+3.47,+12.743,+10.053,+0.941
1685919720,+3.47,+12.646, +9.975,+0.940
1685919780,+3.47,+12.576, +9.934,+0.940
1685919840,+3.47,+12.532, +9.932,+0.941
1685919900,+3.47,+12.505, +9.931,+0.940
1685919960,+3.47,+12.443, +9.920,+0.941
1685920020,+3.47,+12.390, +9.980,+0.941
1685920080,+3.47,+12.390, +9.998,+0.941
1685920140,+3.47,+12.434,+10.010,+0.941
1685920200,+3.47,+12.452,+10.035,+0.941
1685920260,+3.47,+12.523,+10.029,+0.941
1685920320,+3.47,+12.620,+10.016,+0.941
1685920380,+3.47,+12.682, +9.996,+0.941
1685920440,+3.47,+12.761, +9.975,+0.941
1685920500,+3.47,+12.823, +9.963,+0.941
1685920560,+3.47,+12.867, +9.968,+0.941
1685920620,+3.47,+12.805,+10.024,+0.941
1685920680,+3.47,+12.876,+10.025,+0.941
1685920740,+3.47,+12.999,+10.010,+0.941
1685920800,+3.47,+12.990,+10.017,+0.941
1685920860,+3.47,+13.043,+10.004,+0.941
1685920920,+3.47,+12.973,+10.016,+0.942
1685920980,+3.47,+12.964, +9.988,+0.941
1685921040,+3.47,+13.025, +9.981,+0.941
1685921100,+3.47,+13.052,+10.017,+0.941
1685921160,+3.47,+13.008,+10.036,+0.941
1685921220,+3.47,+13.017,+10.025,+0.941
1685921280,+3.47,+12.981,+10.070,+0.941
1685921340,+3.47,+13.008,+10.057,+0.941
1685921400,+3.47,+13.096,+10.029,+0.941
1685921460,+3.47,+13.113,+10.054,+0.942
1685921520,+3.47,+13.078,+10.089,+0.941
1685921580,+3.47,+13.122,+10.073,+0.941
1685921640,+3.47,+13.219,+10.044,+0.941
1685921700,+3.47,+13.104,+10.088,+0.941
1685921760,+3.47,+13.157,+10.083,+0.941
1685921820,+3.47,+13.104,+10.148,+0.941
1685921880,+3.47,+13.148,+10.097,+0.941
1685921940,+3.47,+13.148,+10.063,+0.941
1685922000,+3.47,+13.104,+10.014,+0.941
1685922060,+3.47,+13.008, +9.993,+0.941
1685922120,+3.47,+13.017, +9.965,+0.941
1685922180,+3.47,+12.990, +9.967,+0.940
1685922240,+3.47,+12.946,+10.002,+0.941
1685922300,+3.47,+13.008,+10.002,+0.941
1685922360,+3.47,+12.981,+10.024,+0.941
1685922420,+3.47,+12.999, +9.933,+0.940
1685922480,+3.47,+12.902, +9.942,+0.941
1685922540,+3.47,+12.920, +9.973,+0.941
1685922600,+3.47,+12.937, +9.976,+0.941
1685922660,+3.47,+12.893, +9.945,+0.941
1685922720,+3.47,+12.885, +9.903,+0.941
1685922780,+3.47,+12.911, +9.919,+0.941
1685922840,+3.47,+12.885,+10.009,+0.941
1685922900,+3.47,+12.779,+10.025,+0.941
1685922960,+3.47,+12.840, +9.981,+0.941
1685923020,+3.47,+12.796, +9.980,+0.941
1685923080,+3.47,+12.832, +9.942,+0.941
1685923140,+3.47,+12.832, +9.923,+0.941
1685923200,+3.47,+12.823, +9.950,+0.941
1685923260,+3.47,+12.770, +9.971,+0.941
1685923320,+3.47,+12.788, +9.929,+0.941
1685923380,+3.47,+12.796, +9.881,+0.941
1685923440,+3.47,+12.770, +9.979,+0.941
1685923500,+3.47,+12.752,+10.054,+0.941
1685923560,+3.47,+12.788,+10.091,+0.941
1685923620,+3.47,+12.779,+10.088,+0.941
1685923680,+3.47,+12.770,+10.075,+0.941
1685923740,+3.47,+12.779,+10.064,+0.941
1685923800,+3.47,+12.823,+10.041,+0.941
1685923860,+3.47,+12.805,+10.033,+0.941
1685923920,+3.47,+12.823,+10.039,+0.941
1685923980,+3.47,+12.805,+10.059,+0.941
1685924040,+3.47,+12.840,+10.042,+0.941
1685924100,+3.47,+12.858,+10.053,+0.941
1685924160,+3.47,+12.867,+10.072,+0.941
1685924220,+3.47,+12.902,+10.082,+0.941
1685924280,+3.47,+12.946,+10.071,+0.941
1685924340,+3.47,+12.876,+10.011,+0.941
1685924400,+3.47,+12.893, +9.986,+0.942
1685924460,+3.47,+12.876, +9.943,+0.941
1685924520,+3.47,+12.973, +9.890,+0.941
1685924580,+3.47,+12.946, +9.866,+0.941
1685924640,+3.47,+12.937, +9.837,+0.941
1685924700,+3.47,+12.937, +9.845,+0.941
1685924760,+3.47,+12.973, +9.853,+0.941
1685924820,+3.47,+12.990, +9.867,+0.941
1685924880,+3.47,+13.017, +9.888,+0.941
1685924940,+3.47,+13.025, +9.905,+0.941
1685925000,+3.47,+13.043, +9.942,+0.941
1685925060,+3.47,+13.131, +9.984,+0.941
1685925120,+3.47,+13.140,+10.049,+0.941
1685925180,+3.47,+13.183,+10.125,+0.941
1685925240,+3.47,+13.219,+10.199,+0.941
1685925300,+3.47,+13.122, +9.988,+0.941
1685925360,+3.47,+12.973,+10.011,+0.941
1685925420,+3.47,+12.973, +9.956,+0.941
1685925480,+3.47,+13.017, +9.979,+0.941
1685925540,+3.47,+12.990, +9.986,+0.940
1685925600,+3.47,+12.981, +9.906,+0.941
1685925660,+3.47,+12.840, +9.983,+0.941
1685925720,+3.47,+12.840, +9.995,+0.940
1685925780,+3.47,+12.761, +9.963,+0.940
1685925840,+3.47,+12.664, +9.962,+0.939
1685925900,+3.47,+12.576,+10.029,+0.940
1685925960,+3.47,+12.478,+10.096,+0.941
1685926020,+3.47,+12.434,+10.105,+0.941
1685926080,+3.47,+12.354,+10.090,+0.941
1685926140,+3.47,+12.354,+10.082,+0.941
1685926200,+3.47,+12.354,+10.070,+0.941
1685926260,+3.47,+12.372,+10.069,+0.941
1685926320,+3.47,+12.310,+10.127,+0.941
1685926380,+3.47,+12.363,+10.127,+0.941
1685926440,+3.47,+12.408,+10.091,+0.940
1685926500,+3.47,+12.416,+10.104,+0.941
1685926560,+3.47,+12.478,+10.047,+0.941
1685926620,+3.47,+12.470,+10.031,+0.941
1685926680,+3.47,+12.372,+10.057,+0.941
1685926740,+3.47,+12.328,+10.067,+0.941
1685926800,+3.47,+12.195,+10.069,+0.940
1685926860,+3.47,+12.133,+10.074,+0.941
1685926920,+3.47,+12.061,+10.140,+0.941
1685926980,+3.47,+12.026,+10.218,+0.941
1685927040,+3.47,+11.955,+10.258,+0.941
1685927100,+3.47,+12.044,+10.233,+0.941
1685927160,+3.47,+11.955,+10.261,+0.941
1685927220,+3.47,+11.928,+10.268,+0.941
1685927280,+3.47,+11.946,+10.253,+0.940
1685927340,+3.47,+11.955,+10.241,+0.941
1685927400,+3.47,+12.026,+10.206,+0.941
1685927460,+3.47,+11.910,+10.243,+0.941
1685927520,+3.47,+11.919,+10.255,+0.941
1685927580,+3.47,+11.919,+10.260,+0.941
1685927640,+3.47,+11.892,+10.276,+0.941
1685927700,+3.47,+11.946,+10.249,+0.941
1685927760,+3.47,+11.964,+10.235,+0.941
1685927820,+3.47,+11.946,+10.230,+0.941
1685927880,+3.47,+11.919,+10.226,+0.941
1685927940,+3.47,+11.964,+10.208,+0.941
1685928000,+3.47,+11.972,+10.183,+0.941
1685928060,+3.47,+11.910,+10.183,+0.941
1685928120,+3.47,+11.821,+10.232,+0.941
1685928180,+3.47,+11.812,+10.121,+0.941
1685928240,+3.47,+11.696, +9.990,+0.941
1685928300,+3.47,+11.580, +9.965,+0.941
1685928360,+3.47,+11.571,+10.043,+0.941
1685928420,+3.47,+11.615,+10.101,+0.941
1685928480,+3.47,+11.571,+10.150,+0.941
1685928540,+3.47,+11.598,+10.151,+0.941
1685928600,+3.47,+11.589,+10.146,+0.941
1685928660,+3.47,+11.660,+10.118,+0.941
1685928720,+3.47,+11.642,+10.128,+0.941
1685928780,+3.47,+11.642,+10.126,+0.942
1685928840,+3.47,+11.696,+10.110,+0.941
1685928900,+3.47,+11.723,+10.157,+0.941
1685928960,+3.47,+11.776,+10.177,+0.942
1685929020,+3.47,+11.990,+10.176,+0.943
1685929080,+3.47,+12.363, +9.915,+0.941
1685929140,+3.47,+12.141,+10.036,+0.941
1685929200,+3.47,+11.946,+10.204,+0.941
1685929260,+3.47,+11.874,+10.130,+0.941
1685929320,+3.47,+11.821,+10.248,+0.941
1685929380,+3.47,+11.741,+10.333,+0.941
1685929440,+3.47,+11.812,+10.309,+0.941
1685929500,+3.47,+11.758,+10.324,+0.941
1685929560,+3.47,+11.705,+10.349,+0.941
1685929620,+3.47,+11.758,+10.311,+0.941
1685929680,+3.47,+11.750,+10.296,+0.941
1685929740,+3.47,+11.750,+10.283,+0.942
1685929800,+3.47,+11.857,+10.218,+0.942
1685929860,+3.47,+11.866,+10.208,+0.942
1685929920,+3.47,+11.892,+10.133,+0.941
1685929980,+3.47,+11.919,+10.120,+0.941
1685930040,+3.47,+11.964,+10.102,+0.941
1685930100,+3.47,+11.937,+10.112,+0.941
1685930160,+3.47,+11.892,+10.121,+0.941
1685930220,+3.47,+11.785,+10.173,+0.941
1685930280,+3.47,+11.803,+10.140,+0.941
1685930340,+3.47,+11.767,+10.144,+0.941
1685930400,+3.47,+11.776,+10.115,+0.941
1685930460,+3.47,+11.741,+10.116,+0.941
1685930520,+3.47,+11.714,+10.144,+0.941
1685930580,+3.47,+11.776,+10.150,+0.941
1685930640,+3.47,+11.776,+10.171,+0.941
1685930700,+3.47,+11.732,+10.149,+0.942
1685930760,+3.47,+11.723,+10.191,+0.941
1685930820,+3.47,+11.624, +9.984,+0.941
1685930880,+3.47,+11.669,+10.037,+0.941
1685930940,+3.47,+11.660,+10.136,+0.941
1685931000,+3.47,+11.696,+10.175,+0.941
1685931060,+3.47,+11.732,+10.147,+0.941
1685931120,+3.47,+11.794,+10.146,+0.941
1685931180,+3.47,+12.239,+10.149,+0.942
1685931240,+3.47,+12.523,+10.142,+0.943
1685931300,+3.47,+12.726,+10.071,+0.942
1685931360,+3.47,+12.814,+10.050,+0.942
1685931420,+3.47,+12.902,+10.001,+0.942
1685931480,+3.47,+12.902,+10.001,+0.942
1685931540,+3.47,+12.902,+10.014,+0.942
1685931600,+3.47,+12.955, +9.989,+0.942
1685931660,+3.47,+12.990, +9.968,+0.942
1685931720,+3.47,+12.981, +9.982,+0.941
1685931780,+3.47,+12.840, +9.741,+0.940
1685931840,+3.47,+12.496, +9.814,+0.940
1685931900,+3.47,+12.292, +9.746,+0.940
1685931960,+3.47,+12.053, +9.853,+0.940
1685932020,+3.47,+11.955,+10.010,+0.940
1685932080,+3.47,+11.803,+10.113,+0.941
1685932140,+3.47,+11.830,+10.103,+0.941
1685932200,+3.47,+11.803,+10.113,+0.941
1685932260,+3.47,+11.785,+10.111,+0.941
1685932320,+3.47,+11.732,+10.064,+0.940
1685932380,+3.47,+11.732,+10.021,+0.940
1685932440,+3.47,+11.696,+10.044,+0.942
1685932500,+3.47,+11.687,+10.015,+0.941
1685932560,+3.47,+11.812,+10.003,+0.941
1685932620,+3.47,+11.803,+10.004,+0.941
1685932680,+3.47,+11.812,+10.005,+0.941
1685932740,+3.47,+11.883, +9.972,+0.941
1685932800,+3.47,+11.892, +9.964,+0.940
1685932860,+3.47,+11.866,+10.041,+0.941
1685932920,+3.47,+11.812,+10.093,+0.941
1685932980,+3.47,+11.803,+10.143,+0.941
1685933040,+3.47,+11.812,+10.148,+0.941
1685933100,+3.47,+11.830,+10.147,+0.941
1685933160,+3.47,+11.901,+10.094,+0.942
1685933220,+3.47,+11.964,+10.055,+0.942
1685933280,+3.47,+12.079,+10.014,+0.941
1685933340,+3.47,+11.964, +9.978,+0.941
1685933400,+3.47,+11.946, +9.966,+0.941
1685933460,+3.47,+11.866,+10.065,+0.941
1685933520,+3.47,+11.919,+10.016,+0.941
1685933580,+3.47,+11.839,+10.021,+0.941
1685933640,+3.47,+11.750,+10.015,+0.941
1685933700,+3.47,+11.750, +9.982,+0.941
1685933760,+3.47,+11.758, +9.977,+0.941
1685933820,+3.47,+11.705, +9.993,+0.942
1685933880,+3.47,+11.803, +9.945,+0.941
1685933940,+3.47,+11.794, +9.965,+0.941
1685934000,+3.47,+11.874, +9.942,+0.941
1685934060,+3.47,+12.026, +9.924,+0.941
1685934120,+3.47,+12.292, +9.949,+0.942
1685934180,+3.47,+12.673,+10.029,+0.942
1685934240,+3.47,+12.973,+10.138,+0.943
1685934300,+3.47,+13.481,+10.078,+0.943
1685934360,+3.47,+13.717,+10.148,+0.943
1685934420,+3.47,+13.839, +9.472,+0.939
1685934480,+3.47,+13.131, +9.521,+0.940
1685934540,+3.47,+12.779, +9.608,+0.940
1685934600,+3.47,+12.505, +9.813,+0.940
1685934660,+3.47,+12.470, +9.859,+0.940
1685934720,+3.47,+12.381, +9.847,+0.941
1685934780,+3.47,+12.461, +9.781,+0.941
1685934840,+3.47,+12.620, +9.878,+0.941
1685934900,+3.47,+12.876, +9.823,+0.941
1685934960,+3.47,+13.104, +9.822,+0.941
1685935020,+3.47,+13.411, +9.874,+0.942
1685935080,+3.47,+13.787,+10.048,+0.943
1685935140,+3.47,+14.100,+10.010,+0.943
1685935200,+3.47,+14.733, +9.924,+0.944
1685935260,+3.47,+15.525, +9.683,+0.944
1685935320,+3.47,+16.082, +9.553,+0.944
1685935380,+3.47,+16.560, +9.440,+0.944
1685935440,+3.47,+16.883, +9.442,+0.943
1685935500,+3.47,+17.206, +9.402,+0.943
1685935560,+3.47,+17.400, +9.314,+0.943
1685935620,+3.47,+17.451, +9.268,+0.943
1685935680,+3.47,+17.553, +9.203,+0.942
1685935740,+3.47,+17.663, +9.250,+0.942
1685935800,+3.47,+17.739, +9.353,+0.942
1685935860,+3.47,+17.790, +9.358,+0.942
1685935920,+3.47,+17.824, +9.480,+0.943
1685935980,+3.47,+17.824, +9.571,+0.942
1685936040,+3.47,+17.824, +9.553,+0.942
1685936100,+3.47,+17.824, +9.575,+0.942
1685936160,+3.47,+17.841, +9.603,+0.942
1685936220,+3.47,+17.883, +9.577,+0.942
1685936280,+3.47,+17.934, +9.519,+0.943
1685936340,+3.47,+17.824, +8.883,+0.938
1685936400,+3.47,+16.738, +9.348,+0.939
1685936460,+3.47,+16.372, +8.825,+0.935
1685936520,+3.47,+14.837, +9.147,+0.937
1685936580,+3.47,+14.196, +9.360,+0.938
1685936640,+3.47,+13.822, +9.493,+0.938
1685936700,+3.47,+13.551, +9.651,+0.939
1685936760,+3.47,+13.770, +9.693,+0.939
1685936820,+3.47,+14.100, +9.703,+0.940
1685936880,+3.47,+13.979, +9.369,+0.938
1685936940,+3.47,+13.341, +9.627,+0.938
1685937000,+3.47,+13.087, +9.745,+0.939
1685937060,+3.47,+12.876, +9.803,+0.939
1685937120,+3.47,+12.788, +9.839,+0.939
1685937180,+3.47,+13.025, +9.888,+0.941
1685937240,+3.47,+13.385, +9.922,+0.941
1685937300,+3.47,+14.092,+10.014,+0.943
1685937360,+3.47,+15.328,+10.013,+0.944
1685937420,+3.47,+16.099, +9.919,+0.945
1685937480,+3.47,+16.636, +9.707,+0.944
1685937540,+3.47,+17.044, +9.679,+0.943
1685937600,+3.47,+17.426, +9.693,+0.944
1685937660,+3.47,+17.731, +9.637,+0.944
1685937720,+3.47,+17.891, +9.419,+0.942
1685937780,+3.47,+17.714, +9.279,+0.941
1685937840,+3.47,+16.857, +9.324,+0.939
1685937900,+3.47,+16.295, +9.518,+0.939
1685937960,+3.47,+15.868, +9.271,+0.938
1685938020,+3.47,+14.716, +9.179,+0.937
1685938080,+3.47,+13.839, +9.233,+0.936
1685938140,+3.47,+13.175, +9.545,+0.938
1685938200,+3.47,+12.840, +9.626,+0.938
1685938260,+3.47,+12.585, +9.721,+0.938
1685938320,+3.47,+12.452, +9.768,+0.939
1685938380,+3.47,+12.470, +9.835,+0.939
1685938440,+3.47,+12.805, +9.902,+0.941
1685938500,+3.47,+13.831, +9.891,+0.942
1685938560,+3.47,+14.603, +9.868,+0.943
1685938620,+3.47,+15.379, +9.897,+0.943
1685938680,+3.47,+15.945, +9.768,+0.943
1685938740,+3.47,+16.312, +9.801,+0.943
1685938800,+3.47,+16.423, +9.120,+0.938
1685938860,+3.47,+15.302, +9.405,+0.940
1685938920,+3.47,+15.285, +9.527,+0.941
1685938980,+3.47,+15.645, +9.575,+0.942
1685939040,+3.47,+15.851, +9.539,+0.941
1685939100,+3.47,+15.842, +9.520,+0.941
1685939160,+3.47,+15.705, +9.620,+0.941
1685939220,+3.47,+15.611, +9.606,+0.940
1685939280,+3.47,+15.422, +9.399,+0.939
1685939340,+3.47,+15.121, +9.519,+0.940
1685939400,+3.47,+14.983, +9.547,+0.940
1685939460,+3.47,+14.776, +9.622,+0.941
1685939520,+3.47,+14.569, +9.537,+0.939
1685939580,+3.47,+14.482, +9.649,+0.940
1685939640,+3.47,+14.586, +9.800,+0.941
1685939700,+3.47,+14.923, +9.752,+0.941
1685939760,+3.47,+15.181, +9.694,+0.942
1685939820,+3.47,+15.319, +9.728,+0.941
1685939880,+3.47,+15.207, +9.633,+0.941
1685939940,+3.47,+15.095, +9.634,+0.940
1685940000,+3.47,+15.225, +9.678,+0.941
1685940060,+3.47,+15.353, +9.610,+0.940
1685940120,+3.47,+15.199, +9.656,+0.941
1685940180,+3.47,+14.914, +9.437,+0.939
1685940240,+3.47,+14.552, +9.647,+0.940
1685940300,+3.47,+14.491, +9.650,+0.940
1685940360,+3.47,+14.491, +9.640,+0.940
1685940420,+3.47,+14.482, +9.682,+0.941
1685940480,+3.47,+14.586, +9.692,+0.940
1685940540,+3.47,+14.871, +9.706,+0.941
1685940600,+3.47,+14.759, +9.564,+0.940
1685940660,+3.47,+14.595, +9.664,+0.940
1685940720,+3.47,+14.983, +9.741,+0.942
1685940780,+3.47,+15.285, +9.901,+0.942
1685940840,+3.47,+15.405, +9.653,+0.940
1685940900,+3.47,+15.113, +9.493,+0.940
1685940960,+3.47,+14.716, +9.519,+0.939
1685941020,+3.47,+14.500, +9.607,+0.940
1685941080,+3.47,+14.361, +9.694,+0.940
1685941140,+3.47,+14.274, +9.745,+0.940
1685941200,+3.47,+14.283, +9.747,+0.940
1685941260,+3.47,+14.465, +9.738,+0.941
1685941320,+3.47,+14.923, +9.779,+0.942
1685941380,+3.47,+15.268, +9.862,+0.942
1685941440,+3.47,+15.542, +9.882,+0.942
1685941500,+3.47,+15.285, +9.458,+0.939
1685941560,+3.47,+15.130, +9.899,+0.942
1685941620,+3.47,+15.568, +9.876,+0.942
1685941680,+3.47,+15.568, +9.874,+0.941
1685941740,+3.47,+15.628, +9.811,+0.941
1685941800,+3.47,+15.319, +9.537,+0.939
1685941860,+3.47,+15.095, +9.707,+0.941
1685941920,+3.47,+14.785, +9.353,+0.938
1685941980,+3.47,+14.387, +9.569,+0.940
1685942040,+3.47,+14.448, +9.655,+0.940
1685942100,+3.47,+13.236, +8.987,+0.936
1685942160,+3.47,+12.452, +9.258,+0.937
1685942220,+3.47,+12.053, +9.431,+0.938
1685942280,+3.47,+11.972, +9.621,+0.940
1685942340,+3.47,+11.839, +9.383,+0.938
1685942400,+3.47,+11.732, +9.549,+0.939
1685942460,+3.47,+11.750, +9.501,+0.939
1685942520,+3.47,+11.714, +9.748,+0.940
1685942580,+3.47,+12.070, +9.870,+0.941
1685942640,+3.47,+12.381, +9.781,+0.941
1685942700,+3.47,+12.585, +9.688,+0.941
1685942760,+3.47,+12.840, +9.753,+0.942
1685942820,+3.47,+12.990, +9.653,+0.941
1685942880,+3.47,+12.867, +9.521,+0.940
1685942940,+3.47,+12.567, +9.679,+0.940
1685943000,+3.47,+12.284, +9.694,+0.940
1685943060,+3.47,+12.168, +9.578,+0.939
1685943120,+3.47,+11.857, +9.604,+0.940
1685943180,+3.47,+11.642, +9.624,+0.940
1685943240,+3.47,+11.535, +9.639,+0.940
1685943300,+3.47,+11.472, +9.625,+0.940
1685943360,+3.47,+11.427, +9.620,+0.940
1685943420,+3.47,+11.391, +9.657,+0.941
1685943480,+3.47,+11.517, +9.681,+0.940
1685943540,+3.47,+11.741, +9.832,+0.941
1685943600,+3.47,+12.017, +9.913,+0.942
1685943660,+3.47,+12.390, +9.885,+0.942
1685943720,+3.47,+12.876, +9.886,+0.942
1685943780,+3.47,+13.227, +9.828,+0.942
1685943840,+3.47,+13.534, +9.850,+0.943
1685943900,+3.47,+13.796, +9.838,+0.942
1685943960,+3.47,+13.996, +9.843,+0.942
1685944020,+3.47,+14.092, +9.871,+0.943
1685944080,+3.47,+14.127, +9.762,+0.941
1685944140,+3.47,+13.935, +9.602,+0.940
1685944200,+3.47,+13.778, +9.580,+0.940
1685944260,+3.47,+13.578, +9.643,+0.941
1685944320,+3.47,+13.508, +9.662,+0.941
1685944380,+3.47,+13.560, +9.718,+0.941
1685944440,+3.47,+13.709, +9.779,+0.942
1685944500,+3.47,+13.778, +9.797,+0.941
1685944560,+3.47,+13.665, +9.605,+0.940
1685944620,+3.47,+13.473, +9.581,+0.940
1685944680,+3.47,+13.245, +9.571,+0.940
1685944740,+3.47,+13.025, +9.576,+0.940
1685944800,+3.47,+12.629, +9.606,+0.939
1685944860,+3.47,+12.354, +9.690,+0.939
1685944920,+3.47,+12.133, +9.708,+0.940
1685944980,+3.47,+11.990, +9.744,+0.940
1685945040,+3.47,+11.901, +9.809,+0.940
1685945100,+3.47,+11.812, +9.797,+0.940
1685945160,+3.47,+11.848, +9.762,+0.940
1685945220,+3.47,+11.892, +9.753,+0.940
1685945280,+3.47,+12.070, +9.763,+0.942
1685945340,+3.47,+12.248, +9.803,+0.941
1685945400,+3.47,+12.505, +9.732,+0.942
1685945460,+3.47,+12.646, +9.668,+0.941
1685945520,+3.47,+12.593, +9.611,+0.941
1685945580,+3.47,+12.478, +9.610,+0.940
1685945640,+3.47,+12.346, +9.574,+0.940
1685945700,+3.47,+12.133, +9.529,+0.940
1685945760,+3.47,+11.946, +9.602,+0.940
1685945820,+3.47,+11.866, +9.651,+0.940
1685945880,+3.47,+11.857, +9.653,+0.940
1685945940,+3.47,+11.830, +9.667,+0.941
1685946000,+3.47,+11.767, +9.700,+0.941
1685946060,+3.47,+11.794, +9.706,+0.941
1685946120,+3.47,+11.758, +9.710,+0.940
1685946180,+3.47,+11.758, +9.699,+0.941
1685946240,+3.47,+11.705, +9.644,+0.941
1685946300,+3.47,+11.544, +9.655,+0.941
1685946360,+3.47,+11.499, +9.651,+0.941
1685946420,+3.47,+11.302, +9.730,+0.941
1685946480,+3.47,+11.329, +9.678,+0.940
1685946540,+3.47,+11.284, +9.694,+0.941
1685946600,+3.47,+11.329, +9.688,+0.940
1685946660,+3.47,+11.338, +9.699,+0.941
1685946720,+3.47,+11.338, +9.744,+0.941
1685946780,+3.47,+11.418, +9.733,+0.941
1685946840,+3.47,+11.454, +9.741,+0.941
1685946900,+3.47,+11.463, +9.746,+0.941
1685946960,+3.47,+11.463, +9.774,+0.941
1685947020,+3.47,+11.535, +9.734,+0.941
1685947080,+3.47,+11.472, +9.725,+0.941
1685947140,+3.47,+11.400, +9.731,+0.941
1685947200,+3.47,+11.320, +9.805,+0.941
1685947260,+3.47,+11.338, +9.843,+0.941
1685947320,+3.47,+11.347, +9.875,+0.941
1685947380,+3.47,+11.284, +9.914,+0.941
1685947440,+3.47,+11.257, +9.938,+0.941
1685947500,+3.47,+11.320, +9.917,+0.941
1685947560,+3.47,+11.311, +9.883,+0.941
1685947620,+3.47,+11.320, +9.876,+0.941
1685947680,+3.47,+11.365, +9.871,+0.941
1685947740,+3.47,+11.463, +9.844,+0.941
1685947800,+3.47,+11.580, +9.826,+0.942
1685947860,+3.47,+11.580, +9.738,+0.941
1685947920,+3.47,+11.409, +9.828,+0.941
1685947980,+3.47,+11.383, +9.882,+0.941
1685948040,+3.47,+11.266, +9.980,+0.941
1685948100,+3.47,+11.239, +9.993,+0.941
1685948160,+3.47,+11.221,+10.006,+0.941
1685948220,+3.47,+11.221, +9.990,+0.941
1685948280,+3.47,+11.122,+10.036,+0.941
1685948340,+3.47,+11.284, +9.990,+0.942
1685948400,+3.47,+11.391, +9.935,+0.942
1685948460,+3.47,+11.571, +9.919,+0.942
1685948520,+3.47,+12.505,+10.027,+0.943
1685948580,+3.47,+13.236, +9.956,+0.944
1685948640,+3.47,+13.874, +9.909,+0.943
1685948700,+3.47,+14.326, +9.942,+0.944
1685948760,+3.47,+14.889, +9.849,+0.944
1685948820,+3.47,+15.250, +9.873,+0.944
1685948880,+3.47,+15.113, +9.414,+0.940
1685948940,+3.47,+14.621, +9.552,+0.941
1685949000,+3.47,+14.344, +9.588,+0.941
1685949060,+3.47,+14.100, +9.596,+0.941
1685949120,+3.47,+13.900, +9.549,+0.940
1685949180,+3.47,+13.656, +9.594,+0.940
1685949240,+3.47,+13.420, +9.634,+0.940
1685949300,+3.47,+13.376, +9.679,+0.941
1685949360,+3.47,+13.324, +9.693,+0.941
1685949420,+3.47,+13.315, +9.623,+0.940
1685949480,+3.47,+13.087, +9.520,+0.939
1685949540,+3.47,+12.779, +9.538,+0.939
1685949600,+3.47,+12.461, +9.643,+0.940
1685949660,+3.47,+12.310, +9.626,+0.939
1685949720,+3.47,+12.150, +9.650,+0.940
1685949780,+3.47,+12.008, +9.685,+0.940
1685949840,+3.47,+12.150, +9.791,+0.942
1685949900,+3.47,+12.558, +9.923,+0.942
1685949960,+3.47,+13.201, +9.847,+0.942
1685950020,+3.47,+13.682, +9.875,+0.943
1685950080,+3.47,+14.378, +9.957,+0.944
1685950140,+3.47,+14.940, +9.920,+0.943
1685950200,+3.47,+14.647, +9.474,+0.940
1685950260,+3.47,+13.726, +9.235,+0.938
1685950320,+3.47,+12.990, +9.381,+0.938
1685950380,+3.47,+12.523, +9.513,+0.939
1685950440,+3.47,+12.213, +9.666,+0.940
1685950500,+3.47,+12.053, +9.701,+0.940
1685950560,+3.47,+11.964, +9.759,+0.940
1685950620,+3.47,+11.946, +9.825,+0.940
1685950680,+3.47,+12.044, +9.856,+0.941
1685950740,+3.47,+12.079, +9.921,+0.941
1685950800,+3.47,+12.319, +9.889,+0.941
1685950860,+3.47,+12.602, +9.905,+0.942
1685950920,+3.47,+12.902, +9.903,+0.942
1685950980,+3.47,+13.429, +9.926,+0.942
1685951040,+3.47,+12.964, +9.605,+0.940
1685951100,+3.47,+12.523, +9.655,+0.939
1685951160,+3.47,+12.266, +9.722,+0.939
1685951220,+3.47,+12.106, +9.823,+0.940
1685951280,+3.47,+12.035, +9.855,+0.940
1685951340,+3.47,+12.008, +9.835,+0.940
1685951400,+3.47,+11.928, +9.854,+0.940
1685951460,+3.47,+11.892, +9.900,+0.941
1685951520,+3.47,+12.106, +9.930,+0.942
1685951580,+3.47,+12.390, +9.965,+0.942
1685951640,+3.47,+12.849, +9.885,+0.942
1685951700,+3.47,+12.929, +9.881,+0.941
1685951760,+3.47,+12.876, +9.713,+0.940
1685951820,+3.47,+12.576, +9.719,+0.940
1685951880,+3.47,+12.399, +9.721,+0.940
1685951940,+3.47,+12.141, +9.831,+0.940
1685952000,+3.47,+12.008, +9.874,+0.941
1685952060,+3.47,+11.910, +9.911,+0.940
1685952120,+3.47,+11.839, +9.942,+0.940
1685952180,+3.47,+11.803, +9.945,+0.941
1685952240,+3.47,+11.758, +9.955,+0.941
1685952300,+3.47,+11.758, +9.982,+0.941
1685952360,+3.47,+11.812, +9.977,+0.941
1685952420,+3.47,+11.839, +9.977,+0.941
1685952480,+3.47,+11.866, +9.976,+0.941
1685952540,+3.47,+11.972, +9.964,+0.941
1685952600,+3.47,+12.026, +9.987,+0.942
1685952660,+3.47,+11.990, +9.980,+0.941
1685952720,+3.47,+11.990, +9.964,+0.941
1685952780,+3.47,+11.937, +9.950,+0.940
1685952840,+3.47,+11.883, +9.973,+0.941
1685952900,+3.47,+11.937, +9.954,+0.941
1685952960,+3.47,+11.919, +9.970,+0.941
1685953020,+3.47,+11.937, +9.995,+0.941
1685953080,+3.47,+12.204, +9.975,+0.942
1685953140,+3.47,+12.540, +9.957,+0.942
1685953200,+3.47,+12.549, +9.842,+0.941
1685953260,+3.47,+12.434, +9.791,+0.941
1685953320,+3.47,+12.221, +9.844,+0.940
1685953380,+3.47,+12.088, +9.924,+0.941
1685953440,+3.47,+11.928,+10.056,+0.941
1685953500,+3.47,+11.794,+10.111,+0.941
1685953560,+3.47,+11.732,+10.073,+0.940
1685953620,+3.47,+11.633,+10.135,+0.941
1685953680,+3.47,+11.651,+10.135,+0.941
1685953740,+3.47,+11.589,+10.147,+0.941
1685953800,+3.47,+11.633,+10.130,+0.941
1685953860,+3.47,+11.589,+10.143,+0.941
1685953920,+3.47,+11.598,+10.135,+0.941
1685953980,+3.47,+11.607,+10.120,+0.941
1685954040,+3.47,+11.615,+10.132,+0.942
1685954100,+3.47,+11.589,+10.152,+0.942
1685954160,+3.47,+11.669,+10.107,+0.941
1685954220,+3.47,+11.651,+10.153,+0.941
1685954280,+3.47,+11.562,+10.228,+0.942
1685954340,+3.47,+11.589,+10.217,+0.941
1685954400,+3.47,+11.544,+10.231,+0.941
1685954460,+3.47,+11.580,+10.205,+0.941
1685954520,+3.47,+11.463,+10.264,+0.941
1685954580,+3.47,+11.481,+10.245,+0.941
1685954640,+3.47,+11.535,+10.174,+0.941
1685954700,+3.47,+11.517,+10.157,+0.941
1685954760,+3.47,+11.436,+10.170,+0.941
1685954820,+3.47,+11.418,+10.150,+0.941
1685954880,+3.47,+11.463,+10.114,+0.941
1685954940,+3.47,+11.454,+10.115,+0.941
1685955000,+3.47,+11.418,+10.157,+0.942
1685955060,+3.47,+11.436,+10.152,+0.941
1685955120,+3.47,+11.472,+10.167,+0.941
1685955180,+3.47,+11.472,+10.171,+0.941
1685955240,+3.47,+11.427,+10.211,+0.942
1685955300,+3.47,+11.454,+10.084,+0.941
1685955360,+3.47,+11.347,+10.075,+0.941
1685955420,+3.47,+11.338,+10.075,+0.941
1685955480,+3.47,+11.347,+10.037,+0.941
1685955540,+3.47,+11.338,+10.041,+0.941
1685955600,+3.47,+11.338,+10.050,+0.941
1685955660,+3.47,+11.338,+10.112,+0.941
1685955720,+3.47,+11.365,+10.247,+0.941
1685955780,+3.47,+11.517,+10.229,+0.941
1685955840,+3.47,+11.571,+10.242,+0.941
1685955900,+3.47,+11.615,+10.180,+0.941
1685955960,+3.47,+11.589,+10.234,+0.941
1685956020,+3.47,+11.687,+10.163,+0.941
1685956080,+3.47,+11.633,+10.175,+0.941
1685956140,+3.47,+11.544,+10.089,+0.941
1685956200,+3.47,+11.445,+10.085,+0.941
1685956260,+3.47,+11.436,+10.068,+0.941
1685956320,+3.47,+11.383,+10.102,+0.941
1685956380,+3.47,+11.365,+10.207,+0.942
1685956440,+3.47,+11.481,+10.260,+0.941
1685956500,+3.47,+11.553,+10.281,+0.942
1685956560,+3.47,+11.633,+10.299,+0.942
1685956620,+3.47,+11.741,+10.307,+0.942
1685956680,+3.47,+11.866,+10.290,+0.943
1685956740,+3.47,+11.937,+10.174,+0.942
1685956800,+3.47,+11.839,+10.213,+0.941
1685956860,+3.47,+11.857,+10.231,+0.941
1685956920,+3.47,+11.848,+10.164,+0.941
1685956980,+3.47,+11.660,+10.194,+0.941
1685957040,+3.47,+11.633,+10.196,+0.941
1685957100,+3.47,+11.535,+10.181,+0.941
1685957160,+3.47,+11.580,+10.131,+0.941
1685957220,+3.47,+11.490,+10.137,+0.941
1685957280,+3.47,+11.445,+10.128,+0.941
1685957340,+3.47,+11.418,+10.122,+0.941
1685957400,+3.47,+11.383,+10.123,+0.941
1685957460,+3.47,+11.338,+10.147,+0.941
1685957520,+3.47,+11.266,+10.248,+0.942
1685957580,+3.47,+11.338,+10.225,+0.941
1685957640,+3.47,+11.347,+10.226,+0.942
1685957700,+3.47,+11.293,+10.230,+0.941
1685957760,+3.47,+11.284,+10.241,+0.942
1685957820,+3.47,+11.347,+10.200,+0.941
1685957880,+3.47,+11.329,+10.225,+0.941
1685957940,+3.47,+11.293,+10.235,+0.941
1685958000,+3.47,+11.383,+10.174,+0.942
1685958060,+3.47,+11.293,+10.267,+0.942
1685958120,+3.47,+11.347,+10.275,+0.941
1685958180,+3.47,+11.302,+10.309,+0.942
1685958240,+3.47,+11.338,+10.299,+0.942
1685958300,+3.47,+11.338,+10.296,+0.942
1685958360,+3.47,+11.356,+10.288,+0.941
1685958420,+3.47,+11.284,+10.314,+0.942
1685958480,+3.47,+11.293,+10.319,+0.941
1685958540,+3.47,+11.338,+10.303,+0.941
1685958600,+3.47,+11.248,+10.329,+0.941
1685958660,+3.47,+11.248,+10.313,+0.941
1685958720,+3.47,+11.230,+10.311,+0.942
1685958780,+3.47,+11.221,+10.320,+0.942
1685958840,+3.47,+11.203,+10.318,+0.941
1685958900,+3.47,+11.221,+10.325,+0.942
1685958960,+3.47,+11.212,+10.327,+0.941
1685959020,+3.47,+11.176,+10.344,+0.941
1685959080,+3.47,+11.194,+10.344,+0.942
1685959140,+3.47,+11.176,+10.340,+0.941
1685959200,+3.47,+11.203,+10.343,+0.941
1685959260,+3.47,+11.194,+10.364,+0.942
1685959320,+3.47,+11.158,+10.374,+0.941
1685959380,+3.47,+11.176,+10.358,+0.941
1685959440,+3.47,+11.194,+10.358,+0.941
1685959500,+3.47,+11.203,+10.362,+0.942
1685959560,+3.47,+11.221,+10.344,+0.942
1685959620,+3.47,+11.185,+10.361,+0.942
1685959680,+3.47,+11.185,+10.353,+0.941
1685959740,+3.47,+11.077,+10.241,+0.941
1685959800,+3.47,+10.987,+10.221,+0.941
1685959860,+3.47,+11.059,+10.178,+0.941
1685959920,+3.47,+11.014,+10.193,+0.941
1685959980,+3.47,+10.960,+10.214,+0.941
1685960040,+3.47,+10.996,+10.209,+0.941
1685960100,+3.47,+10.978,+10.234,+0.941
1685960160,+3.47,+10.905,+10.275,+0.942
1685960220,+3.47,+10.941,+10.270,+0.941
1685960280,+3.47,+10.987,+10.259,+0.941
1685960340,+3.47,+10.978,+10.259,+0.941
1685960400,+3.47,+10.878,+10.215,+0.941
1685960460,+3.47,+10.860,+10.149,+0.942
1685960520,+3.47,+10.842,+10.116,+0.941
1685960580,+3.47,+10.860,+10.103,+0.941
1685960640,+3.47,+10.752,+10.145,+0.941
1685960700,+3.47,+10.788,+10.126,+0.941
1685960760,+3.47,+10.779,+10.146,+0.942
1685960820,+3.47,+10.797,+10.167,+0.941
1685960880,+3.47,+10.770,+10.166,+0.941
1685960940,+3.47,+10.743,+10.165,+0.941
1685961000,+3.47,+10.788,+10.137,+0.941
1685961060,+3.47,+10.724,+10.171,+0.942
1685961120,+3.47,+10.761,+10.151,+0.941
1685961180,+3.47,+10.815,+10.129,+0.941
1685961240,+3.47,+10.788,+10.154,+0.942
1685961300,+3.47,+10.824,+10.151,+0.942
1685961360,+3.47,+10.851,+10.152,+0.942
1685961420,+3.47,+10.833,+10.202,+0.942
1685961480,+3.47,+10.941,+10.241,+0.942
1685961540,+3.47,+10.951,+10.267,+0.942
1685961600,+3.47,+11.032,+10.253,+0.942
1685961660,+3.47,+11.023,+10.278,+0.942
1685961720,+3.47,+11.059,+10.272,+0.941
1685961780,+3.47,+11.059,+10.278,+0.942
1685961840,+3.47,+11.041,+10.275,+0.941
1685961900,+3.47,+11.014,+10.294,+0.941
1685961960,+3.47,+11.041,+10.305,+0.942
1685962020,+3.47,+11.095,+10.303,+0.942
1685962080,+3.47,+11.059,+10.340,+0.942
1685962140,+3.47,+11.113,+10.293,+0.941
1685962200,+3.47,+11.041,+10.279,+0.941
1685962260,+3.47,+11.032,+10.285,+0.942
1685962320,+3.47,+11.032,+10.277,+0.942
1685962380,+3.47,+11.050,+10.279,+0.942
1685962440,+3.47,+11.023,+10.296,+0.942
1685962500,+3.47,+11.068,+10.350,+0.942
1685962560,+3.47,+11.086,+10.344,+0.942
1685962620,+3.47,+11.140,+10.327,+0.942
1685962680,+3.47,+11.086,+10.331,+0.941
1685962740,+3.47,+11.095,+10.363,+0.942
1685962800,+3.47,+11.113,+10.337,+0.942
1685962860,+3.47,+11.167,+10.304,+0.941
1685962920,+3.47,+11.113,+10.351,+0.942
1685962980,+3.47,+11.221,+10.300,+0.941
1685963040,+3.47,+11.149,+10.346,+0.942
1685963100,+3.47,+11.167,+10.355,+0.942
1685963160,+3.47,+11.167,+10.361,+0.942
1685963220,+3.47,+11.176,+10.330,+0.941
1685963280,+3.47,+11.158,+10.361,+0.942
1685963340,+3.47,+11.212,+10.352,+0.941
1685963400,+3.47,+11.185,+10.376,+0.942
1685963460,+3.47,+11.221,+10.372,+0.942
1685963520,+3.47,+11.302,+10.401,+0.942
1685963580,+3.47,+11.302,+10.416,+0.942
1685963640,+3.47,+11.302,+10.352,+0.941
1685963700,+3.47,+11.302,+10.297,+0.941
1685963760,+3.47,+11.248,+10.351,+0.942
1685963820,+3.47,+11.221,+10.363,+0.941
1685963880,+3.47,+11.221,+10.351,+0.941
1685963940,+3.47,+11.239,+10.354,+0.941
1685964000,+3.47,+11.230,+10.372,+0.941
1685964060,+3.47,+11.194,+10.411,+0.941
1685964120,+3.47,+11.176,+10.439,+0.941
1685964180,+3.47,+11.158,+10.451,+0.942
1685964240,+3.47,+11.239,+10.420,+0.941
1685964300,+3.47,+11.176,+10.438,+0.941
1685964360,+3.47,+11.185,+10.440,+0.941
1685964420,+3.47,+11.185,+10.436,+0.941
1685964480,+3.47,+11.158,+10.473,+0.942
1685964540,+3.47,+11.230,+10.458,+0.942
1685964600,+3.47,+11.311,+10.501,+0.942
1685964660,+3.47,+11.391,+10.500,+0.942
1685964720,+3.47,+11.418,+10.453,+0.941
1685964780,+3.47,+11.311,+10.401,+0.941
1685964840,+3.47,+11.293,+10.400,+0.941
1685964900,+3.47,+11.302,+10.405,+0.941
1685964960,+3.47,+11.230,+10.434,+0.941
1685965020,+3.47,+11.203,+10.434,+0.941
1685965080,+3.47,+11.167,+10.460,+0.942
1685965140,+3.47,+11.131,+10.465,+0.941
1685965200,+3.47,+11.176,+10.455,+0.942
1685965260,+3.47,+11.248,+10.432,+0.942
1685965320,+3.47,+11.194,+10.447,+0.942
1685965380,+3.47,+11.167,+10.452,+0.941
1685965440,+3.47,+11.212,+10.443,+0.941
1685965500,+3.47,+11.203,+10.437,+0.941
1685965560,+3.47,+11.167,+10.437,+0.941
1685965620,+3.47,+11.194,+10.425,+0.941
1685965680,+3.47,+11.176,+10.465,+0.942
1685965740,+3.47,+11.194,+10.461,+0.942
1685965800,+3.47,+11.176,+10.454,+0.941
1685965860,+3.47,+11.113,+10.480,+0.941
1685965920,+3.47,+11.176,+10.484,+0.942
1685965980,+3.47,+11.149,+10.482,+0.941
1685966040,+3.47,+11.140,+10.481,+0.942
1685966100,+3.47,+11.194,+10.450,+0.941
1685966160,+3.47,+11.149,+10.463,+0.941
1685966220,+3.47,+11.185,+10.463,+0.942
1685966280,+3.47,+11.158,+10.491,+0.941
1685966340,+3.47,+11.158,+10.507,+0.942
1685966400,+3.47,+11.176,+10.502,+0.942
1685966460,+3.47,+11.203,+10.496,+0.942
1685966520,+3.47,+11.167,+10.503,+0.941
1685966580,+3.47,+11.086,+10.464,+0.941
1685966640,+3.47,+11.041,+10.488,+0.942
1685966700,+3.47,+11.041,+10.480,+0.942
1685966760,+3.47,+11.032,+10.506,+0.942
1685966820,+3.47,+11.059,+10.489,+0.941
1685966880,+3.47,+11.023,+10.515,+0.941
1685966940,+3.47,+11.104,+10.498,+0.941
1685967000,+3.47,+11.329,+10.681,+0.943
1685967060,+3.47,+11.624,+10.598,+0.942
1685967120,+3.47,+11.374,+10.457,+0.941
1685967180,+3.47,+11.338,+10.482,+0.941
1685967240,+3.47,+11.302,+10.492,+0.941
1685967300,+3.47,+11.248,+10.501,+0.942
1685967360,+3.47,+11.194,+10.486,+0.941
1685967420,+3.47,+11.095,+10.425,+0.942
1685967480,+3.47,+11.095,+10.390,+0.941
1685967540,+3.47,+11.050,+10.435,+0.941
1685967600,+3.47,+10.996,+10.510,+0.942
1685967660,+3.47,+11.104,+10.503,+0.941
1685967720,+3.47,+11.122,+10.501,+0.941
1685967780,+3.47,+11.293,+10.686,+0.943
1685967840,+3.47,+11.499,+10.550,+0.942
1685967900,+3.47,+11.705,+10.700,+0.943
1685967960,+3.47,+12.381,+10.728,+0.944
1685968020,+3.47,+13.017,+10.671,+0.945
1685968080,+3.47,+13.508,+10.562,+0.944
1685968140,+3.47,+12.752,+10.071,+0.940
1685968200,+3.47,+12.195,+10.328,+0.940
1685968260,+3.47,+12.328,+10.510,+0.942
1685968320,+3.47,+12.390,+10.517,+0.942
1685968380,+3.47,+11.874,+10.080,+0.940
1685968440,+3.47,+11.553,+10.127,+0.940
1685968500,+3.47,+11.347,+10.196,+0.940
1685968560,+3.47,+11.248,+10.244,+0.941
1685968620,+3.47,+11.086,+10.295,+0.941
1685968680,+3.47,+11.113,+10.314,+0.941
1685968740,+3.47,+11.176,+10.326,+0.940
1685968800,+3.47,+11.104,+10.376,+0.941
1685968860,+3.47,+11.077,+10.401,+0.941
1685968920,+3.47,+11.131,+10.379,+0.940
1685968980,+3.47,+11.086,+10.402,+0.941
1685969040,+3.47,+11.077,+10.409,+0.941
1685969100,+3.47,+11.176,+10.526,+0.942
1685969160,+3.47,+11.607,+10.580,+0.942
1685969220,+3.47,+11.874,+10.594,+0.943
1685969280,+3.47,+12.159,+10.534,+0.942
1685969340,+3.47,+12.275,+10.531,+0.942
1685969400,+3.47,+12.310,+10.492,+0.942
1685969460,+3.47,+12.292,+10.446,+0.941
1685969520,+3.47,+11.955,+10.283,+0.940
1685969580,+3.47,+11.642,+10.297,+0.940
