7450-798456
OS REV: 1.03 Sensor Cal: 1539277937
Time (sec),  BV (Volts),  T (deg C),  DO (mg/l),  Q ()
1684760040,+3.46,+11.005,+10.150,+0.942
1684760100,+3.46,+10.987,+10.174,+0.943
1684760160,+3.46,+10.969,+10.192,+0.943
1684760220,+3.46,+10.996,+10.171,+0.942
1684760280,+3.46,+10.923,+10.206,+0.942
1684760340,+3.46,+10.987,+10.193,+0.943
1684760400,+3.46,+10.941,+10.189,+0.943
1684760460,+3.46,+10.969,+10.138,+0.943
1684760520,+3.46,+10.987,+10.129,+0.943
1684760580,+3.46,+10.978,+10.108,+0.942
1684760640,+3.46,+10.996,+10.073,+0.942
1684760700,+3.46,+10.987,+10.070,+0.943
1684760760,+3.46,+10.987,+10.047,+0.942
1684760820,+3.46,+10.996,+10.018,+0.942
1684760880,+3.46,+10.951,+10.040,+0.943
1684760940,+3.46,+10.905,+10.090,+0.943
1684761000,+3.46,+10.905,+10.107,+0.942
1684761060,+3.46,+10.905,+10.111,+0.942
1684761120,+3.46,+10.905,+10.136,+0.942
1684761180,+3.46,+10.887,+10.155,+0.942
1684761240,+3.46,+10.887,+10.171,+0.943
1684761300,+3.46,+10.887,+10.178,+0.942
1684761360,+3.46,+10.905,+10.174,+0.943
1684761420,+3.46,+10.914,+10.181,+0.943
1684761480,+3.46,+10.887,+10.183,+0.942
1684761540,+3.46,+10.914,+10.179,+0.943
1684761600,+3.46,+10.941,+10.163,+0.943
1684761660,+3.46,+10.951,+10.152,+0.942
1684761720,+3.46,+10.923,+10.157,+0.942
1684761780,+3.46,+10.878,+10.175,+0.942
1684761840,+3.46,+10.923,+10.182,+0.943
1684761900,+3.46,+10.905,+10.197,+0.942
1684761960,+3.46,+10.806,+10.236,+0.943
1684762020,+3.46,+10.833,+10.224,+0.943
1684762080,+3.46,+10.878,+10.204,+0.942
1684762140,+3.46,+10.833,+10.236,+0.942
1684762200,+3.46,+10.869,+10.244,+0.943
1684762260,+3.46,+10.860,+10.246,+0.943
1684762320,+3.46,+10.896,+10.215,+0.942
1684762380,+3.46,+10.806,+10.245,+0.942
1684762440,+3.46,+10.905,+10.206,+0.942
1684762500,+3.46,+10.914,+10.197,+0.942
1684762560,+3.46,+10.923,+10.187,+0.943
1684762620,+3.46,+10.951,+10.173,+0.943
1684762680,+3.46,+10.878,+10.193,+0.943
1684762740,+3.46,+10.932,+10.165,+0.943
1684762800,+3.46,+10.969,+10.147,+0.942
1684762860,+3.46,+10.987,+10.140,+0.942
1684762920,+3.46,+10.941,+10.153,+0.943
1684762980,+3.46,+10.951,+10.146,+0.942
1684763040,+3.46,+10.996,+10.124,+0.943
1684763100,+3.46,+10.951,+10.133,+0.942
1684763160,+3.46,+10.932,+10.150,+0.942
1684763220,+3.46,+11.032,+10.127,+0.942
1684763280,+3.46,+10.969,+10.156,+0.942
1684763340,+3.46,+11.023,+10.137,+0.942
1684763400,+3.46,+10.996,+10.167,+0.943
1684763460,+3.46,+10.987,+10.160,+0.942
1684763520,+3.46,+11.005,+10.156,+0.942
1684763580,+3.46,+10.960,+10.172,+0.942
1684763640,+3.46,+10.996,+10.167,+0.943
1684763700,+3.46,+11.068,+10.133,+0.943
1684763760,+3.46,+11.014,+10.146,+0.942
1684763820,+3.46,+11.041,+10.137,+0.942
1684763880,+3.46,+10.987,+10.173,+0.943
1684763940,+3.46,+11.014,+10.156,+0.942
1684764000,+3.46,+10.996,+10.155,+0.942
1684764060,+3.46,+11.023,+10.143,+0.942
1684764120,+3.46,+10.987,+10.160,+0.942
1684764180,+3.46,+11.041,+10.144,+0.942
1684764240,+3.46,+11.014,+10.151,+0.942
1684764300,+3.46,+11.032,+10.146,+0.942
1684764360,+3.46,+11.032,+10.145,+0.942
1684764420,+3.46,+11.068,+10.134,+0.942
1684764480,+3.46,+11.068,+10.130,+0.943
1684764540,+3.46,+11.050,+10.126,+0.942
1684764600,+3.46,+11.050,+10.125,+0.942
1684764660,+3.46,+11.077,+10.087,+0.942
1684764720,+3.46,+11.041,+10.081,+0.942
1684764780,+3.46,+11.095,+10.068,+0.942
1684764840,+3.46,+11.104,+10.064,+0.942
1684764900,+3.46,+11.113,+10.080,+0.942
1684764960,+3.46,+11.122,+10.083,+0.942
1684765020,+3.46,+11.095,+10.093,+0.942
1684765080,+3.46,+11.104,+10.092,+0.943
1684765140,+3.46,+11.113,+10.064,+0.942
1684765200,+3.46,+11.131,+10.061,+0.942
1684765260,+3.46,+11.167,+10.054,+0.943
1684765320,+3.46,+11.149,+10.058,+0.942
1684765380,+3.46,+11.122,+10.069,+0.942
1684765440,+3.46,+11.131,+10.070,+0.942
1684765500,+3.46,+11.185,+10.067,+0.942
1684765560,+3.46,+11.131,+10.101,+0.943
1684765620,+3.46,+11.212,+10.076,+0.942
1684765680,+3.46,+11.221,+10.088,+0.942
1684765740,+3.46,+11.239,+10.079,+0.942
1684765800,+3.46,+11.203,+10.107,+0.942
1684765860,+3.46,+11.212,+10.105,+0.942
1684765920,+3.46,+11.194,+10.113,+0.942
1684765980,+3.46,+11.248,+10.097,+0.942
1684766040,+3.46,+11.266,+10.097,+0.942
1684766100,+3.46,+11.275,+10.098,+0.942
1684766160,+3.46,+11.203,+10.140,+0.942
1684766220,+3.46,+11.248,+10.128,+0.942
1684766280,+3.46,+11.248,+10.141,+0.942
1684766340,+3.46,+11.293,+10.128,+0.942
1684766400,+3.46,+11.284,+10.148,+0.942
1684766460,+3.46,+11.311,+10.163,+0.942
1684766520,+3.46,+11.347,+10.162,+0.942
1684766580,+3.46,+11.365,+10.182,+0.943
1684766640,+3.46,+11.400,+10.170,+0.942
1684766700,+3.46,+11.365,+10.170,+0.942
1684766760,+3.46,+11.365,+10.161,+0.942
1684766820,+3.46,+11.427,+10.136,+0.942
1684766880,+3.46,+11.400,+10.160,+0.943
1684766940,+3.46,+11.400,+10.170,+0.943
1684767000,+3.46,+11.391,+10.165,+0.942
1684767060,+3.46,+11.391,+10.173,+0.942
1684767120,+3.46,+11.445,+10.141,+0.942
1684767180,+3.46,+11.436,+10.146,+0.942
1684767240,+3.46,+11.427,+10.168,+0.942
1684767300,+3.46,+11.391,+10.164,+0.942
1684767360,+3.46,+11.383,+10.160,+0.943
1684767420,+3.46,+11.409,+10.123,+0.942
1684767480,+3.46,+11.418,+10.120,+0.942
1684767540,+3.46,+11.365,+10.128,+0.942
1684767600,+3.46,+11.445,+10.071,+0.942
1684767660,+3.46,+11.356,+10.103,+0.943
1684767720,+3.46,+11.400,+10.082,+0.942
1684767780,+3.46,+11.356,+10.104,+0.942
1684767840,+3.46,+11.320,+10.112,+0.942
1684767900,+3.46,+11.329,+10.105,+0.942
1684767960,+3.46,+11.338,+10.105,+0.942
1684768020,+3.46,+11.356,+10.089,+0.942
1684768080,+3.46,+11.320,+10.116,+0.942
1684768140,+3.46,+11.347,+10.101,+0.942
1684768200,+3.46,+11.329,+10.107,+0.942
1684768260,+3.46,+11.347,+10.111,+0.943
1684768320,+3.46,+11.356,+10.097,+0.942
1684768380,+3.46,+11.338,+10.115,+0.943
1684768440,+3.46,+11.320,+10.121,+0.942
1684768500,+3.46,+11.365,+10.123,+0.942
1684768560,+3.46,+11.400,+10.113,+0.942
1684768620,+3.46,+11.293,+10.153,+0.942
1684768680,+3.46,+11.400,+10.113,+0.942
1684768740,+3.46,+11.338,+10.131,+0.942
1684768800,+3.46,+11.338,+10.130,+0.942
1684768860,+3.46,+11.284,+10.158,+0.943
1684768920,+3.46,+11.356,+10.127,+0.942
1684768980,+3.46,+11.311,+10.148,+0.942
1684769040,+3.46,+11.356,+10.130,+0.943
1684769100,+3.46,+11.311,+10.135,+0.942
1684769160,+3.46,+11.329,+10.115,+0.942
1684769220,+3.46,+11.284,+10.088,+0.942
1684769280,+3.46,+11.257,+10.052,+0.942
1684769340,+3.46,+11.194,+10.050,+0.942
1684769400,+3.46,+11.194,+10.016,+0.941
1684769460,+3.46,+11.131,+10.043,+0.942
1684769520,+3.46,+11.104,+10.057,+0.942
1684769580,+3.46,+11.041,+10.082,+0.943
1684769640,+3.46,+11.086,+10.043,+0.942
1684769700,+3.46,+11.077,+10.053,+0.943
1684769760,+3.46,+11.032,+10.038,+0.942
1684769820,+3.46,+11.050,+10.032,+0.942
1684769880,+3.46,+11.023,+10.025,+0.942
1684769940,+3.46,+11.032,+10.017,+0.942
1684770000,+3.46,+10.996,+10.008,+0.942
1684770060,+3.46,+10.987,+10.009,+0.942
1684770120,+3.46,+10.960,+10.030,+0.942
1684770180,+3.46,+10.941,+10.041,+0.942
1684770240,+3.46,+10.951,+10.021,+0.942
1684770300,+3.46,+10.860,+10.018,+0.942
1684770360,+3.46,+10.878,+10.016,+0.942
1684770420,+3.46,+10.788,+10.053,+0.942
1684770480,+3.46,+10.824,+10.046,+0.942
1684770540,+3.46,+10.833,+10.046,+0.942
1684770600,+3.46,+10.842,+10.036,+0.942
1684770660,+3.46,+10.797,+10.049,+0.942
1684770720,+3.46,+10.815,+10.047,+0.942
1684770780,+3.46,+10.860,+10.038,+0.942
1684770840,+3.46,+10.905,+10.027,+0.942
1684770900,+3.46,+10.887,+10.027,+0.942
1684770960,+3.46,+10.941, +9.996,+0.942
1684771020,+3.46,+10.905,+10.009,+0.942
1684771080,+3.46,+10.987, +9.978,+0.942
1684771140,+3.46,+10.914,+10.001,+0.942
1684771200,+3.46,+10.978, +9.978,+0.942
1684771260,+3.46,+10.941,+10.000,+0.942
1684771320,+3.46,+10.978, +9.992,+0.942
1684771380,+3.46,+11.014, +9.958,+0.942
1684771440,+3.46,+10.978, +9.985,+0.942
1684771500,+3.46,+11.023, +9.987,+0.942
1684771560,+3.46,+11.086, +9.992,+0.943
1684771620,+3.46,+11.149, +9.984,+0.942
1684771680,+3.46,+11.158, +9.997,+0.942
1684771740,+3.46,+11.230,+10.002,+0.943
1684771800,+3.46,+11.257,+10.013,+0.943
1684771860,+3.46,+11.275,+10.036,+0.943
1684771920,+3.46,+11.239,+10.104,+0.943
1684771980,+3.46,+11.409,+10.090,+0.943
1684772040,+3.46,+11.356,+10.108,+0.943
1684772100,+3.46,+11.454,+10.075,+0.943
1684772160,+3.46,+11.400,+10.078,+0.942
1684772220,+3.46,+11.409,+10.055,+0.943
1684772280,+3.46,+11.400,+10.044,+0.942
1684772340,+3.46,+11.383,+10.054,+0.943
1684772400,+3.46,+11.383,+10.052,+0.942
1684772460,+3.46,+11.383,+10.055,+0.942
1684772520,+3.46,+11.418,+10.046,+0.943
1684772580,+3.46,+11.365,+10.053,+0.942
1684772640,+3.46,+11.418,+10.016,+0.942
1684772700,+3.46,+11.329,+10.037,+0.942
1684772760,+3.46,+11.329,+10.022,+0.942
1684772820,+3.46,+11.356, +9.991,+0.942
1684772880,+3.46,+11.338,+10.006,+0.943
1684772940,+3.46,+11.383, +9.975,+0.942
1684773000,+3.46,+11.374, +9.965,+0.942
1684773060,+3.46,+11.347, +9.967,+0.942
1684773120,+3.46,+11.320, +9.971,+0.942
1684773180,+3.46,+11.302, +9.949,+0.942
1684773240,+3.46,+11.329, +9.966,+0.942
1684773300,+3.46,+11.203, +9.993,+0.942
1684773360,+3.46,+10.996, +9.597,+0.941
1684773420,+3.46,+10.525, +9.493,+0.940
1684773480,+3.46,+10.279, +9.596,+0.941
1684773540,+3.46,+10.261, +9.695,+0.941
1684773600,+3.46,+10.206, +9.707,+0.942
1684773660,+3.46,+10.206, +9.710,+0.941
1684773720,+3.46,+10.161, +9.755,+0.942
1684773780,+3.46,+10.188, +9.762,+0.942
1684773840,+3.46,+10.252, +9.760,+0.942
1684773900,+3.46,+10.279, +9.778,+0.942
1684773960,+3.46,+10.307, +9.801,+0.942
1684774020,+3.46,+10.307, +9.789,+0.941
1684774080,+3.46,+10.325, +9.783,+0.942
1684774140,+3.46,+10.270, +9.812,+0.942
1684774200,+3.46,+10.370, +9.798,+0.942
1684774260,+3.46,+10.425, +9.822,+0.942
1684774320,+3.46,+10.480, +9.835,+0.942
1684774380,+3.46,+10.570, +9.820,+0.942
1684774440,+3.46,+10.579, +9.852,+0.943
1684774500,+3.46,+10.598, +9.877,+0.943
1684774560,+3.46,+10.706, +9.898,+0.943
1684774620,+3.46,+10.661, +9.959,+0.943
1684774680,+3.46,+10.770, +9.950,+0.943
1684774740,+3.46,+10.806, +9.970,+0.943
1684774800,+3.46,+10.941, +9.938,+0.943
1684774860,+3.46,+10.960, +9.959,+0.942
1684774920,+3.46,+11.023, +9.966,+0.942
1684774980,+3.46,+11.086, +9.993,+0.943
1684775040,+3.46,+11.086,+10.006,+0.942
1684775100,+3.46,+11.140,+10.010,+0.942
1684775160,+3.46,+11.131,+10.041,+0.943
1684775220,+3.46,+11.140,+10.038,+0.943
1684775280,+3.46,+11.194,+10.041,+0.943
1684775340,+3.46,+11.248,+10.024,+0.942
1684775400,+3.46,+11.266,+10.035,+0.943
1684775460,+3.46,+11.230,+10.058,+0.943
1684775520,+3.46,+11.320,+10.009,+0.943
1684775580,+3.46,+11.293,+10.006,+0.942
1684775640,+3.46,+11.356,+10.039,+0.942
1684775700,+3.46,+11.356,+10.032,+0.942
1684775760,+3.46,+11.338,+10.030,+0.943
1684775820,+3.46,+11.311,+10.019,+0.942
1684775880,+3.46,+11.239,+10.051,+0.943
1684775940,+3.46,+11.383, +9.976,+0.941
1684776000,+3.46,+11.338,+10.000,+0.943
1684776060,+3.46,+11.284, +9.953,+0.942
1684776120,+3.46,+11.248, +9.903,+0.942
1684776180,+3.46,+11.077, +9.670,+0.941
1684776240,+3.46,+10.896, +9.648,+0.941
1684776300,+3.46,+10.761, +9.690,+0.941
1684776360,+3.46,+10.706, +9.710,+0.942
1684776420,+3.46,+10.670, +9.688,+0.941
1684776480,+3.46,+10.589, +9.693,+0.942
1684776540,+3.46,+10.561, +9.659,+0.941
1684776600,+3.46,+10.516, +9.670,+0.942
1684776660,+3.46,+10.461, +9.670,+0.941
1684776720,+3.46,+10.480, +9.705,+0.942
1684776780,+3.46,+10.416, +9.728,+0.941
1684776840,+3.46,+10.370, +9.750,+0.942
1684776900,+3.46,+10.389, +9.741,+0.942
1684776960,+3.46,+10.334, +9.758,+0.942
1684777020,+3.46,+10.334, +9.765,+0.942
1684777080,+3.46,+10.316, +9.765,+0.942
1684777140,+3.46,+10.270, +9.780,+0.942
1684777200,+3.46,+10.352, +9.750,+0.942
1684777260,+3.46,+10.461, +9.738,+0.942
1684777320,+3.46,+10.525, +9.763,+0.942
1684777380,+3.46,+10.579, +9.803,+0.942
1684777440,+3.46,+10.607, +9.833,+0.942
1684777500,+3.46,+10.770, +9.788,+0.942
1684777560,+3.46,+10.743, +9.816,+0.942
1684777620,+3.46,+10.860, +9.806,+0.943
1684777680,+3.46,+10.851, +9.864,+0.942
1684777740,+3.46,+10.960, +9.879,+0.943
1684777800,+3.46,+10.978, +9.909,+0.943
1684777860,+3.46,+11.041, +9.913,+0.942
1684777920,+3.46,+11.077, +9.920,+0.942
1684777980,+3.46,+11.095, +9.930,+0.943
1684778040,+3.46,+11.113, +9.930,+0.942
1684778100,+3.46,+11.167, +9.924,+0.942
1684778160,+3.46,+11.176, +9.933,+0.943
1684778220,+3.46,+11.194, +9.933,+0.943
1684778280,+3.46,+11.239, +9.932,+0.942
1684778340,+3.46,+11.266, +9.943,+0.942
1684778400,+3.46,+11.293, +9.928,+0.942
1684778460,+3.46,+11.293, +9.930,+0.942
1684778520,+3.46,+11.248, +9.948,+0.943
1684778580,+3.46,+11.320, +9.913,+0.942
1684778640,+3.46,+11.311, +9.926,+0.943
1684778700,+3.46,+11.329, +9.924,+0.943
1684778760,+3.46,+11.320, +9.933,+0.943
1684778820,+3.46,+11.266, +9.950,+0.942
1684778880,+3.46,+11.311, +9.939,+0.942
1684778940,+3.46,+11.320, +9.940,+0.942
1684779000,+3.46,+11.338, +9.979,+0.942
1684779060,+3.46,+11.284,+10.031,+0.942
1684779120,+3.46,+11.293,+10.044,+0.943
1684779180,+3.46,+11.320,+10.018,+0.942
1684779240,+3.46,+11.275,+10.028,+0.942
1684779300,+3.46,+11.230, +9.981,+0.942
1684779360,+3.46,+11.212, +9.982,+0.942
1684779420,+3.46,+11.221, +9.986,+0.942
1684779480,+3.46,+11.212, +9.968,+0.942
1684779540,+3.46,+11.131, +9.965,+0.942
1684779600,+3.46,+11.113, +9.943,+0.942
1684779660,+3.46,+11.113, +9.939,+0.942
1684779720,+3.46,+11.095, +9.925,+0.942
1684779780,+3.46,+11.050, +9.924,+0.942
1684779840,+3.46,+11.068, +9.893,+0.942
1684779900,+3.46,+11.023, +9.897,+0.942
1684779960,+3.46,+11.023, +9.885,+0.942
1684780020,+3.46,+11.005, +9.879,+0.942
1684780080,+3.46,+10.987, +9.883,+0.942
1684780140,+3.46,+10.987, +9.878,+0.942
1684780200,+3.46,+11.005, +9.869,+0.942
1684780260,+3.46,+11.005, +9.853,+0.942
1684780320,+3.46,+10.969, +9.867,+0.942
1684780380,+3.46,+10.923, +9.886,+0.942
1684780440,+3.46,+10.951, +9.862,+0.942
1684780500,+3.46,+10.987, +9.839,+0.942
1684780560,+3.46,+10.941, +9.845,+0.942
1684780620,+3.46,+10.969, +9.830,+0.942
1684780680,+3.46,+10.978, +9.820,+0.942
1684780740,+3.46,+10.951, +9.823,+0.942
1684780800,+3.46,+10.923, +9.810,+0.942
1684780860,+3.46,+10.978, +9.788,+0.942
1684780920,+3.46,+10.941, +9.800,+0.943
1684780980,+3.46,+10.887, +9.813,+0.942
1684781040,+3.46,+10.932, +9.790,+0.942
1684781100,+3.46,+10.987, +9.757,+0.942
1684781160,+3.46,+11.014, +9.739,+0.942
1684781220,+3.46,+10.987, +9.757,+0.942
1684781280,+3.46,+10.941, +9.798,+0.943
1684781340,+3.46,+11.005, +9.786,+0.942
1684781400,+3.46,+11.005, +9.817,+0.942
1684781460,+3.46,+11.068, +9.803,+0.942
1684781520,+3.46,+11.104, +9.762,+0.942
1684781580,+3.46,+11.095, +9.775,+0.942
1684781640,+3.46,+11.140, +9.761,+0.942
1684781700,+3.46,+11.194, +9.801,+0.942
1684781760,+3.46,+11.239, +9.833,+0.942
1684781820,+3.46,+11.248, +9.889,+0.942
1684781880,+3.46,+11.293, +9.933,+0.942
1684781940,+3.46,+11.275, +9.963,+0.942
1684782000,+3.46,+11.230, +9.867,+0.942
1684782060,+3.46,+11.239, +9.769,+0.942
1684782120,+3.46,+11.230, +9.763,+0.942
1684782180,+3.46,+11.140, +9.786,+0.942
1684782240,+3.46,+11.194, +9.751,+0.942
1684782300,+3.46,+11.185, +9.803,+0.942
1684782360,+3.46,+11.158, +9.836,+0.942
1684782420,+3.46,+11.158, +9.844,+0.942
1684782480,+3.46,+11.185, +9.835,+0.942
1684782540,+3.46,+11.158, +9.857,+0.942
1684782600,+3.46,+11.239, +9.866,+0.942
1684782660,+3.46,+11.230, +9.880,+0.942
1684782720,+3.46,+11.248, +9.850,+0.942
1684782780,+3.46,+11.194, +9.837,+0.942
1684782840,+3.46,+11.149, +9.607,+0.941
1684782900,+3.46,+10.896, +9.470,+0.941
1684782960,+3.46,+10.734, +9.517,+0.941
1684783020,+3.46,+10.715, +9.536,+0.941
1684783080,+3.46,+10.752, +9.633,+0.942
1684783140,+3.46,+10.634, +9.526,+0.941
1684783200,+3.46,+10.561, +9.599,+0.941
1684783260,+3.46,+10.470, +9.606,+0.941
1684783320,+3.46,+10.398, +9.633,+0.942
1684783380,+3.46,+10.389, +9.635,+0.942
1684783440,+3.46,+10.370, +9.643,+0.942
1684783500,+3.46,+10.361, +9.668,+0.942
1684783560,+3.46,+10.325, +9.698,+0.942
1684783620,+3.46,+10.380, +9.677,+0.942
1684783680,+3.46,+10.370, +9.679,+0.942
1684783740,+3.46,+10.334, +9.697,+0.942
1684783800,+3.46,+10.361, +9.685,+0.942
1684783860,+3.46,+10.407, +9.692,+0.942
1684783920,+3.46,+10.434, +9.703,+0.942
1684783980,+3.46,+10.434, +9.702,+0.942
1684784040,+3.46,+10.570, +9.707,+0.942
1684784100,+3.46,+10.661, +9.745,+0.942
1684784160,+3.46,+10.770, +9.740,+0.942
1684784220,+3.46,+10.833, +9.750,+0.942
1684784280,+3.46,+10.806, +9.759,+0.942
1684784340,+3.46,+10.914, +9.733,+0.942
1684784400,+3.46,+10.887, +9.773,+0.943
1684784460,+3.46,+10.896, +9.783,+0.943
1684784520,+3.46,+10.978, +9.789,+0.942
1684784580,+3.46,+11.032, +9.843,+0.942
1684784640,+3.46,+11.032, +9.906,+0.943
1684784700,+3.46,+11.158, +9.879,+0.943
1684784760,+3.46,+11.131, +9.894,+0.942
1684784820,+3.46,+11.113, +9.907,+0.942
1684784880,+3.46,+11.140, +9.902,+0.942
1684784940,+3.46,+11.167, +9.887,+0.942
1684785000,+3.46,+11.140, +9.883,+0.942
1684785060,+3.46,+11.104, +9.890,+0.942
1684785120,+3.46,+11.131, +9.904,+0.943
1684785180,+3.46,+11.203, +9.876,+0.942
1684785240,+3.46,+11.158, +9.915,+0.942
1684785300,+3.46,+11.176, +9.924,+0.942
1684785360,+3.46,+11.194, +9.933,+0.943
1684785420,+3.46,+11.203, +9.922,+0.942
1684785480,+3.46,+11.230, +9.906,+0.942
1684785540,+3.46,+11.167, +9.919,+0.942
1684785600,+3.46,+11.158, +9.926,+0.942
1684785660,+3.46,+11.167, +9.913,+0.943
1684785720,+3.46,+11.185, +9.883,+0.942
1684785780,+3.46,+11.167, +9.943,+0.943
1684785840,+3.46,+11.212, +9.927,+0.943
1684785900,+3.46,+11.185, +9.898,+0.942
1684785960,+3.46,+11.194, +9.867,+0.942
1684786020,+3.46,+11.203, +9.855,+0.942
1684786080,+3.46,+11.257, +9.835,+0.942
1684786140,+3.46,+11.329, +9.821,+0.943
1684786200,+3.46,+11.365, +9.827,+0.942
1684786260,+3.46,+11.418, +9.838,+0.942
1684786320,+3.46,+11.499, +9.847,+0.942
1684786380,+3.46,+11.553, +9.890,+0.942
1684786440,+3.46,+11.633, +9.940,+0.942
1684786500,+3.46,+11.642, +9.965,+0.942
1684786560,+3.46,+11.678, +9.966,+0.942
1684786620,+3.46,+11.723, +9.996,+0.942
1684786680,+3.46,+11.741, +9.998,+0.942
1684786740,+3.46,+11.678, +9.949,+0.942
1684786800,+3.46,+11.651, +9.943,+0.943
1684786860,+3.46,+11.633, +9.902,+0.942
1684786920,+3.46,+11.526, +9.838,+0.942
1684786980,+3.46,+11.526, +9.787,+0.942
1684787040,+3.46,+11.535, +9.810,+0.942
1684787100,+3.46,+11.615, +9.877,+0.943
1684787160,+3.46,+11.580, +9.925,+0.943
1684787220,+3.46,+11.678, +9.925,+0.942
1684787280,+3.46,+11.714, +9.951,+0.942
1684787340,+3.46,+11.687,+10.018,+0.942
1684787400,+3.46,+11.741,+10.001,+0.942
1684787460,+3.46,+11.741, +9.992,+0.942
1684787520,+3.46,+11.660,+10.013,+0.942
1684787580,+3.46,+11.660, +9.983,+0.942
1684787640,+3.46,+11.660, +9.944,+0.942
1684787700,+3.46,+11.687, +9.922,+0.942
1684787760,+3.46,+11.714, +9.884,+0.942
1684787820,+3.46,+11.741, +9.880,+0.942
1684787880,+3.46,+11.785, +9.898,+0.942
1684787940,+3.46,+11.785, +9.927,+0.942
1684788000,+3.46,+11.821, +9.950,+0.942
1684788060,+3.46,+11.839, +9.985,+0.942
1684788120,+3.46,+11.883,+10.034,+0.942
1684788180,+3.46,+11.964,+10.051,+0.942
1684788240,+3.46,+12.008,+10.068,+0.942
1684788300,+3.46,+12.061,+10.077,+0.942
1684788360,+3.46,+12.035,+10.128,+0.942
1684788420,+3.46,+12.061,+10.145,+0.942
1684788480,+3.46,+12.061,+10.176,+0.942
1684788540,+3.46,+12.115,+10.165,+0.943
1684788600,+3.46,+12.141,+10.144,+0.942
1684788660,+3.46,+12.195,+10.132,+0.942
1684788720,+3.46,+12.195,+10.096,+0.942
1684788780,+3.46,+12.079, +9.935,+0.942
1684788840,+3.46,+12.008, +9.666,+0.942
1684788900,+3.46,+11.839, +9.661,+0.941
1684788960,+3.46,+11.723, +9.758,+0.941
1684789020,+3.46,+11.562, +9.811,+0.941
1684789080,+3.46,+11.562, +9.917,+0.941
1684789140,+3.46,+11.580, +9.994,+0.942
1684789200,+3.46,+11.589, +9.909,+0.942
1684789260,+3.46,+11.463, +9.934,+0.942
1684789320,+3.46,+11.454, +9.905,+0.942
1684789380,+3.46,+11.436, +9.874,+0.942
1684789440,+3.46,+11.365, +9.863,+0.941
1684789500,+3.46,+11.266, +9.895,+0.942
1684789560,+3.46,+11.293, +9.859,+0.942
1684789620,+3.46,+11.257, +9.852,+0.942
1684789680,+3.46,+11.230, +9.843,+0.942
1684789740,+3.46,+11.149, +9.865,+0.942
1684789800,+3.46,+11.158, +9.855,+0.942
1684789860,+3.46,+11.185, +9.829,+0.942
1684789920,+3.46,+11.140, +9.836,+0.942
1684789980,+3.46,+11.149, +9.833,+0.942
1684790040,+3.46,+11.140, +9.851,+0.942
1684790100,+3.46,+11.131, +9.863,+0.942
1684790160,+3.46,+11.194, +9.845,+0.942
1684790220,+3.46,+11.131, +9.868,+0.942
1684790280,+3.46,+11.185, +9.850,+0.942
1684790340,+3.46,+11.239, +9.840,+0.942
1684790400,+3.46,+11.230, +9.863,+0.942
1684790460,+3.46,+11.257, +9.869,+0.942
1684790520,+3.46,+11.266, +9.880,+0.942
1684790580,+3.46,+11.284, +9.893,+0.943
1684790640,+3.46,+11.284, +9.916,+0.942
1684790700,+3.46,+11.302, +9.928,+0.942
1684790760,+3.46,+11.302, +9.936,+0.942
1684790820,+3.46,+11.320, +9.918,+0.942
1684790880,+3.46,+11.347, +9.900,+0.942
1684790940,+3.46,+11.383, +9.893,+0.942
1684791000,+3.46,+11.356, +9.922,+0.942
1684791060,+3.46,+11.383, +9.928,+0.942
1684791120,+3.46,+11.472, +9.919,+0.942
1684791180,+3.46,+11.409, +9.954,+0.942
1684791240,+3.46,+11.481, +9.939,+0.942
1684791300,+3.46,+11.481, +9.969,+0.942
1684791360,+3.46,+11.580, +9.995,+0.942
1684791420,+3.46,+11.589, +9.979,+0.942
1684791480,+3.46,+11.571, +9.938,+0.942
1684791540,+3.46,+11.553, +9.889,+0.942
1684791600,+3.46,+11.526, +9.983,+0.942
1684791660,+3.46,+11.517, +9.993,+0.942
1684791720,+3.46,+11.517, +9.981,+0.942
1684791780,+3.46,+11.454, +9.863,+0.942
1684791840,+3.46,+11.383, +9.779,+0.941
1684791900,+3.46,+11.374, +9.843,+0.942
1684791960,+3.46,+11.311, +9.857,+0.942
1684792020,+3.46,+11.275, +9.822,+0.942
1684792080,+3.46,+11.248, +9.809,+0.942
1684792140,+3.46,+11.257, +9.781,+0.942
1684792200,+3.46,+11.185, +9.802,+0.942
1684792260,+3.46,+11.167, +9.807,+0.942
1684792320,+3.46,+11.203, +9.811,+0.942
1684792380,+3.46,+11.266, +9.848,+0.942
1684792440,+3.46,+11.347, +9.873,+0.942
1684792500,+3.46,+11.266, +9.967,+0.943
1684792560,+3.46,+11.356, +9.945,+0.942
1684792620,+3.46,+11.418, +9.943,+0.942
1684792680,+3.46,+11.508, +9.927,+0.943
1684792740,+3.46,+11.499, +9.947,+0.942
1684792800,+3.46,+11.499, +9.956,+0.942
1684792860,+3.46,+11.598, +9.929,+0.942
1684792920,+3.46,+11.687, +9.966,+0.943
1684792980,+3.46,+11.750, +9.977,+0.942
1684793040,+3.46,+11.821, +9.977,+0.943
1684793100,+3.46,+11.892, +9.967,+0.942
1684793160,+3.46,+11.955, +9.974,+0.942
1684793220,+3.46,+12.061, +9.948,+0.942
1684793280,+3.46,+12.106, +9.978,+0.943
1684793340,+3.46,+12.177, +9.958,+0.943
1684793400,+3.46,+12.141, +9.979,+0.943
1684793460,+3.46,+12.204, +9.951,+0.942
1684793520,+3.46,+12.230, +9.945,+0.942
1684793580,+3.46,+12.275, +9.931,+0.942
1684793640,+3.46,+12.266, +9.937,+0.942
1684793700,+3.46,+12.337, +9.927,+0.942
1684793760,+3.46,+12.346, +9.955,+0.942
1684793820,+3.46,+12.346, +9.964,+0.942
1684793880,+3.46,+12.346, +9.958,+0.942
1684793940,+3.46,+12.159, +9.710,+0.941
1684794000,+3.46,+11.990, +9.678,+0.942
1684794060,+3.46,+11.830, +9.714,+0.941
1684794120,+3.46,+11.794, +9.646,+0.941
1684794180,+3.46,+11.615, +9.655,+0.942
1684794240,+3.46,+11.526, +9.613,+0.941
1684794300,+3.46,+11.427, +9.701,+0.941
1684794360,+3.46,+11.338, +9.799,+0.942
1684794420,+3.46,+11.347, +9.733,+0.942
1684794480,+3.46,+11.248, +9.658,+0.941
1684794540,+3.46,+11.203, +9.635,+0.941
1684794600,+3.46,+11.104, +9.650,+0.942
1684794660,+3.46,+11.059, +9.618,+0.941
1684794720,+3.46,+10.987, +9.651,+0.942
1684794780,+3.46,+11.005, +9.648,+0.942
1684794840,+3.46,+11.014, +9.648,+0.941
1684794900,+3.46,+10.978, +9.673,+0.942
1684794960,+3.46,+11.041, +9.654,+0.942
1684795020,+3.46,+11.023, +9.656,+0.942
1684795080,+3.46,+10.969, +9.676,+0.942
1684795140,+3.46,+10.996, +9.655,+0.942
1684795200,+3.46,+11.005, +9.671,+0.942
1684795260,+3.46,+10.969, +9.686,+0.942
1684795320,+3.46,+10.978, +9.548,+0.941
1684795380,+3.46,+10.088, +9.112,+0.939
1684795440,+3.46, +9.602, +9.257,+0.940
1684795500,+3.46, +9.269, +9.289,+0.939
1684795560,+3.46, +9.019, +9.328,+0.939
1684795620,+3.46, +8.851, +9.351,+0.940
1684795680,+3.46, +8.655, +9.382,+0.940
1684795740,+3.46, +8.571, +9.383,+0.940
1684795800,+3.46, +8.515, +9.387,+0.940
1684795860,+3.46, +8.496, +9.355,+0.940
1684795920,+3.46, +8.384, +9.406,+0.941
1684795980,+3.46, +8.393, +9.430,+0.941
1684796040,+3.46, +8.468, +9.488,+0.941
1684796100,+3.46, +8.581, +9.469,+0.941
1684796160,+3.46, +8.683, +9.546,+0.942
1684796220,+3.46, +8.842, +9.553,+0.942
1684796280,+3.46, +9.010, +9.620,+0.943
1684796340,+3.46, +9.241, +9.571,+0.942
1684796400,+3.46, +9.195, +9.475,+0.942
1684796460,+3.46, +9.158, +9.508,+0.942
1684796520,+3.46, +9.260, +9.499,+0.942
1684796580,+3.46, +9.362, +9.522,+0.942
1684796640,+3.46, +9.574, +9.536,+0.943
1684796700,+3.46, +9.657, +9.567,+0.943
1684796760,+3.46, +9.795, +9.564,+0.942
1684796820,+3.46, +9.840, +9.571,+0.942
1684796880,+3.46, +9.868, +9.576,+0.942
1684796940,+3.46, +9.914, +9.562,+0.942
1684797000,+3.46, +9.941, +9.562,+0.942
1684797060,+3.46, +9.987, +9.555,+0.942
1684797120,+3.46, +9.969, +9.574,+0.942
1684797180,+3.46,+10.015, +9.579,+0.942
1684797240,+3.46,+10.060, +9.579,+0.943
1684797300,+3.46,+10.033, +9.582,+0.942
1684797360,+3.46,+10.005, +9.595,+0.942
1684797420,+3.46,+10.060, +9.573,+0.942
1684797480,+3.46,+10.124, +9.546,+0.942
1684797540,+3.46,+10.088, +9.550,+0.942
1684797600,+3.46,+10.060, +9.565,+0.942
1684797660,+3.46,+10.051, +9.573,+0.942
1684797720,+3.46,+10.088, +9.565,+0.942
1684797780,+3.46,+10.069, +9.579,+0.942
1684797840,+3.46,+10.060, +9.576,+0.942
1684797900,+3.46,+10.088, +9.578,+0.942
1684797960,+3.46,+10.097, +9.596,+0.942
1684798020,+3.46,+10.124, +9.602,+0.942
1684798080,+3.46,+10.143, +9.595,+0.942
1684798140,+3.46,+10.143, +9.597,+0.942
1684798200,+3.46,+10.170, +9.586,+0.942
1684798260,+3.46,+10.206, +9.567,+0.942
1684798320,+3.46,+10.170, +9.587,+0.942
1684798380,+3.46,+10.234, +9.560,+0.942
1684798440,+3.46,+10.243, +9.536,+0.942
1684798500,+3.46,+10.170, +9.564,+0.942
1684798560,+3.46,+10.133, +9.364,+0.941
1684798620,+3.46, +9.831, +9.351,+0.941
1684798680,+3.46, +9.684, +9.381,+0.941
1684798740,+3.46, +9.638, +9.379,+0.941
1684798800,+3.46, +9.611, +9.383,+0.941
1684798860,+3.46, +9.611, +9.373,+0.941
1684798920,+3.46, +9.555, +9.391,+0.941
1684798980,+3.46, +9.500, +9.405,+0.941
1684799040,+3.46, +9.482, +9.410,+0.941
1684799100,+3.46, +9.454, +9.416,+0.941
1684799160,+3.46, +9.417, +9.413,+0.941
1684799220,+3.46, +9.417, +9.398,+0.941
1684799280,+3.46, +9.417, +9.396,+0.942
1684799340,+3.46, +9.454, +9.379,+0.942
1684799400,+3.46, +9.417, +9.387,+0.942
1684799460,+3.46, +9.343, +9.426,+0.942
1684799520,+3.46, +9.408, +9.415,+0.942
1684799580,+3.46, +9.362, +9.451,+0.942
1684799640,+3.46, +9.426, +9.421,+0.941
1684799700,+3.46, +9.426, +9.455,+0.942
1684799760,+3.46, +9.491, +9.476,+0.942
1684799820,+3.46, +9.565, +9.507,+0.942
1684799880,+3.46, +9.730, +9.498,+0.942
1684799940,+3.46, +9.767, +9.519,+0.942
1684800000,+3.46, +9.840, +9.558,+0.943
1684800060,+3.46, +9.941, +9.566,+0.943
1684800120,+3.46, +9.996, +9.636,+0.943
1684800180,+3.46,+10.060, +9.690,+0.943
1684800240,+3.46,+10.170, +9.680,+0.943
1684800300,+3.46,+10.197, +9.682,+0.942
1684800360,+3.46,+10.298, +9.665,+0.943
1684800420,+3.46,+10.380, +9.640,+0.942
1684800480,+3.46,+10.452, +9.674,+0.943
1684800540,+3.46,+10.579, +9.742,+0.943
1684800600,+3.46,+10.634, +9.778,+0.943
1684800660,+3.46,+10.661, +9.790,+0.943
1684800720,+3.46,+10.688, +9.788,+0.942
1684800780,+3.46,+10.598, +9.620,+0.942
1684800840,+3.46,+10.361, +9.496,+0.941
1684800900,+3.46, +9.932, +9.166,+0.940
1684800960,+3.46, +9.620, +9.255,+0.940
1684801020,+3.46, +9.528, +9.259,+0.940
1684801080,+3.46, +9.463, +9.306,+0.941
1684801140,+3.46, +9.399, +9.312,+0.941
1684801200,+3.46, +9.445, +9.295,+0.941
1684801260,+3.46, +9.399, +9.320,+0.941
1684801320,+3.46, +9.454, +9.354,+0.941
1684801380,+3.46, +9.519, +9.413,+0.942
1684801440,+3.46, +9.611, +9.434,+0.942
1684801500,+3.46, +9.749, +9.452,+0.942
1684801560,+3.46, +9.795, +9.493,+0.942
1684801620,+3.46, +9.941, +9.514,+0.942
1684801680,+3.46,+10.051, +9.550,+0.942
1684801740,+3.46,+10.179, +9.577,+0.942
1684801800,+3.46,+10.225, +9.598,+0.942
1684801860,+3.46,+10.234, +9.622,+0.943
1684801920,+3.46,+10.288, +9.636,+0.942
1684801980,+3.46,+10.407, +9.647,+0.943
1684802040,+3.46,+10.516, +9.711,+0.942
1684802100,+3.46,+10.561, +9.744,+0.943
1684802160,+3.46,+10.616, +9.746,+0.943
1684802220,+3.46,+10.679, +9.760,+0.943
1684802280,+3.46,+10.661, +9.782,+0.942
1684802340,+3.46,+10.706, +9.795,+0.943
1684802400,+3.46,+10.688, +9.816,+0.943
1684802460,+3.46,+10.806, +9.813,+0.943
1684802520,+3.46,+10.797, +9.838,+0.943
1684802580,+3.46,+10.905, +9.793,+0.942
1684802640,+3.46,+10.951, +9.786,+0.943
1684802700,+3.46,+10.987, +9.770,+0.942
1684802760,+3.46,+10.960, +9.781,+0.942
1684802820,+3.46,+10.932, +9.822,+0.943
1684802880,+3.46,+11.113, +9.808,+0.942
1684802940,+3.46,+11.149, +9.815,+0.943
1684803000,+3.46,+11.275, +9.815,+0.943
1684803060,+3.46,+11.356, +9.828,+0.943
1684803120,+3.46,+11.481, +9.816,+0.943
1684803180,+3.46,+11.490, +9.843,+0.943
1684803240,+3.46,+11.562, +9.695,+0.941
1684803300,+3.46,+11.365, +9.757,+0.942
1684803360,+3.46,+11.329, +9.771,+0.942
1684803420,+3.46,+11.311, +9.784,+0.942
1684803480,+3.46,+11.338, +9.801,+0.942
1684803540,+3.46,+11.203, +9.844,+0.942
1684803600,+3.46,+11.221, +9.797,+0.942
1684803660,+3.46,+11.203, +9.770,+0.941
1684803720,+3.46,+11.167, +9.845,+0.941
1684803780,+3.46,+11.059, +9.912,+0.942
1684803840,+3.46,+10.951, +9.650,+0.941
1684803900,+3.46,+10.869, +9.636,+0.942
1684803960,+3.46,+10.851, +9.644,+0.942
1684804020,+3.46,+10.833, +9.643,+0.942
1684804080,+3.46,+10.860, +9.645,+0.942
1684804140,+3.46,+10.851, +9.655,+0.942
1684804200,+3.46,+10.869, +9.656,+0.942
1684804260,+3.46,+10.869, +9.663,+0.941
1684804320,+3.46,+10.833, +9.728,+0.942
1684804380,+3.46,+10.905, +9.736,+0.942
1684804440,+3.46,+10.923, +9.738,+0.942
1684804500,+3.46,+10.905, +9.755,+0.942
1684804560,+3.46,+10.951, +9.746,+0.942
1684804620,+3.46,+10.941, +9.755,+0.942
1684804680,+3.46,+10.978, +9.737,+0.942
1684804740,+3.46,+10.951, +9.748,+0.942
1684804800,+3.46,+11.005, +9.784,+0.942
1684804860,+3.46,+11.005, +9.724,+0.942
1684804920,+3.46,+10.869, +9.665,+0.941
1684804980,+3.46,+10.815, +9.663,+0.942
1684805040,+3.46,+10.761, +9.725,+0.942
1684805100,+3.46,+10.697, +9.774,+0.942
1684805160,+3.46,+10.788, +9.735,+0.942
1684805220,+3.46,+10.634, +9.777,+0.942
1684805280,+3.46,+10.697, +9.728,+0.941
1684805340,+3.46,+10.715, +9.725,+0.942
1684805400,+3.46,+10.679, +9.724,+0.942
1684805460,+3.46,+10.697, +9.717,+0.942
1684805520,+3.46,+10.752, +9.717,+0.942
1684805580,+3.46,+10.815, +9.734,+0.942
1684805640,+3.46,+10.842, +9.737,+0.942
1684805700,+3.46,+10.932, +9.749,+0.942
1684805760,+3.46,+10.923, +9.753,+0.942
1684805820,+3.46,+10.960, +9.727,+0.942
1684805880,+3.46,+10.969, +9.740,+0.943
1684805940,+3.46,+11.176, +9.777,+0.943
1684806000,+3.46,+11.320, +9.765,+0.942
1684806060,+3.46,+11.454, +9.762,+0.942
1684806120,+3.46,+11.490, +9.785,+0.943
1684806180,+3.46,+11.580, +9.795,+0.943
1684806240,+3.46,+11.660, +9.809,+0.943
1684806300,+3.46,+11.723, +9.827,+0.942
1684806360,+3.46,+11.803, +9.822,+0.943
1684806420,+3.46,+11.848, +9.819,+0.942
1684806480,+3.46,+11.874, +9.816,+0.942
1684806540,+3.46,+11.883, +9.828,+0.943
1684806600,+3.46,+11.874, +9.832,+0.942
1684806660,+3.46,+11.928, +9.818,+0.942
1684806720,+3.46,+11.999, +9.792,+0.942
1684806780,+3.46,+11.946, +9.809,+0.942
1684806840,+3.46,+11.892, +9.773,+0.941
1684806900,+3.46,+11.830, +9.711,+0.941
1684806960,+3.46,+11.660, +9.656,+0.942
1684807020,+3.46,+11.499, +9.673,+0.942
1684807080,+3.46,+11.499, +9.726,+0.942
1684807140,+3.46,+11.472, +9.749,+0.942
1684807200,+3.46,+11.499, +9.774,+0.942
1684807260,+3.46,+11.580, +9.795,+0.942
1684807320,+3.46,+11.642, +9.798,+0.942
1684807380,+3.46,+11.678, +9.796,+0.942
1684807440,+3.46,+11.741, +9.816,+0.942
1684807500,+3.46,+11.794, +9.827,+0.942
1684807560,+3.46,+11.874, +9.855,+0.942
1684807620,+3.46,+11.937, +9.899,+0.942
1684807680,+3.46,+12.061, +9.879,+0.942
1684807740,+3.46,+12.097, +9.926,+0.942
1684807800,+3.46,+12.284, +9.956,+0.943
1684807860,+3.46,+12.372, +9.981,+0.943
1684807920,+3.46,+12.470, +9.979,+0.942
1684807980,+3.46,+12.549, +9.979,+0.942
1684808040,+3.46,+12.629, +9.989,+0.943
1684808100,+3.46,+12.664, +9.991,+0.942
1684808160,+3.46,+12.505, +9.270,+0.939
1684808220,+3.46,+11.624, +9.047,+0.938
1684808280,+3.46,+10.996, +9.196,+0.940
1684808340,+3.46,+10.932, +9.505,+0.942
1684808400,+3.46,+11.122, +9.558,+0.941
1684808460,+3.46,+11.221, +9.585,+0.941
1684808520,+3.46,+11.212, +9.535,+0.941
1684808580,+3.46,+11.203, +9.632,+0.942
1684808640,+3.46,+11.454, +9.729,+0.942
1684808700,+3.46,+11.642, +9.793,+0.943
1684808760,+3.46,+11.857, +9.835,+0.943
1684808820,+3.46,+12.106, +9.890,+0.943
1684808880,+3.46,+12.399, +9.886,+0.942
1684808940,+3.46,+12.514, +9.989,+0.943
1684809000,+3.46,+12.699, +9.999,+0.943
1684809060,+3.46,+12.814,+10.008,+0.943
1684809120,+3.46,+12.920,+10.007,+0.942
1684809180,+3.46,+12.999,+10.046,+0.943
1684809240,+3.46,+13.060,+10.051,+0.942
1684809300,+3.46,+13.087,+10.060,+0.942
1684809360,+3.46,+13.131,+10.069,+0.942
1684809420,+3.46,+13.078,+10.111,+0.942
1684809480,+3.46,+12.646, +9.323,+0.939
1684809540,+3.46,+12.008, +9.356,+0.940
1684809600,+3.46,+11.642, +9.390,+0.940
1684809660,+3.46,+11.418, +9.352,+0.940
1684809720,+3.46,+11.077, +9.316,+0.940
1684809780,+3.46,+10.688, +9.324,+0.940
1684809840,+3.46,+10.516, +9.321,+0.940
1684809900,+3.46,+10.370, +9.357,+0.940
1684809960,+3.46,+10.298, +9.405,+0.941
1684810020,+3.46,+10.434, +9.472,+0.941
1684810080,+3.46,+10.815, +9.575,+0.942
1684810140,+3.46,+11.221, +9.684,+0.943
1684810200,+3.46,+11.607, +9.767,+0.943
1684810260,+3.46,+11.990, +9.859,+0.943
1684810320,+3.46,+12.221, +9.934,+0.943
1684810380,+3.46,+12.470, +9.990,+0.943
1684810440,+3.46,+12.611,+10.036,+0.942
1684810500,+3.46,+12.761,+10.095,+0.943
1684810560,+3.46,+12.885,+10.087,+0.943
1684810620,+3.46,+12.920,+10.045,+0.943
1684810680,+3.46,+12.885, +9.907,+0.942
1684810740,+3.46,+12.514, +9.740,+0.942
1684810800,+3.46,+12.310, +9.732,+0.941
1684810860,+3.46,+12.266, +9.726,+0.941
1684810920,+3.46,+11.883, +9.218,+0.940
1684810980,+3.46,+11.374, +9.273,+0.939
1684811040,+3.46,+11.104, +9.459,+0.941
1684811100,+3.46,+11.104, +9.472,+0.941
1684811160,+3.46,+11.050, +9.473,+0.941
1684811220,+3.46,+10.969, +9.470,+0.941
1684811280,+3.46,+10.860, +9.486,+0.941
1684811340,+3.46,+10.824, +9.503,+0.941
1684811400,+3.46,+10.824, +9.514,+0.941
1684811460,+3.46,+10.869, +9.505,+0.941
1684811520,+3.46,+10.878, +9.506,+0.941
1684811580,+3.46,+10.860, +9.509,+0.942
1684811640,+3.46,+10.932, +9.471,+0.941
1684811700,+3.46,+10.932, +9.489,+0.942
1684811760,+3.46,+10.969, +9.497,+0.942
1684811820,+3.46,+10.951, +9.456,+0.942
1684811880,+3.46,+10.860, +9.492,+0.941
1684811940,+3.46,+10.914, +9.580,+0.942
1684812000,+3.46,+10.960, +9.647,+0.942
1684812060,+3.46,+11.059, +9.800,+0.942
1684812120,+3.46,+11.095, +9.735,+0.942
1684812180,+3.46,+11.113, +9.702,+0.942
1684812240,+3.46,+11.059, +9.708,+0.942
1684812300,+3.46,+11.068, +9.722,+0.942
1684812360,+3.46,+11.113, +9.705,+0.942
1684812420,+3.46,+11.131, +9.675,+0.942
1684812480,+3.46,+11.032, +9.668,+0.942
1684812540,+3.46,+11.068, +9.627,+0.942
1684812600,+3.46,+11.014, +9.589,+0.942
1684812660,+3.46,+10.941, +9.580,+0.942
1684812720,+3.46,+10.996, +9.555,+0.942
1684812780,+3.46,+10.996, +9.586,+0.942
1684812840,+3.46,+11.077, +9.611,+0.942
1684812900,+3.46,+11.032, +9.674,+0.942
1684812960,+3.46,+11.095, +9.681,+0.942
1684813020,+3.46,+11.095, +9.721,+0.942
1684813080,+3.46,+11.167, +9.718,+0.942
1684813140,+3.46,+11.140, +9.743,+0.942
1684813200,+3.46,+11.176, +9.722,+0.942
1684813260,+3.46,+11.194, +9.708,+0.942
1684813320,+3.46,+11.122, +9.702,+0.942
1684813380,+3.46,+11.158, +9.676,+0.942
1684813440,+3.46,+11.176, +9.659,+0.942
1684813500,+3.46,+11.194, +9.659,+0.942
1684813560,+3.46,+11.185, +9.666,+0.942
1684813620,+3.46,+11.176, +9.689,+0.942
1684813680,+3.46,+11.149, +9.717,+0.942
1684813740,+3.46,+11.131, +9.738,+0.942
1684813800,+3.46,+11.140, +9.735,+0.942
1684813860,+3.46,+11.104, +9.732,+0.942
1684813920,+3.46,+11.176, +9.709,+0.942
1684813980,+3.46,+11.203, +9.686,+0.942
1684814040,+3.46,+11.131, +9.740,+0.942
1684814100,+3.46,+11.176, +9.703,+0.942
1684814160,+3.46,+11.032, +9.691,+0.942
1684814220,+3.46,+11.032, +9.657,+0.942
1684814280,+3.46,+11.014, +9.643,+0.942
1684814340,+3.46,+10.923, +9.642,+0.942
1684814400,+3.46,+10.896, +9.669,+0.942
1684814460,+3.46,+10.923, +9.668,+0.942
1684814520,+3.46,+10.842, +9.694,+0.942
1684814580,+3.46,+10.860, +9.681,+0.942
1684814640,+3.46,+10.797, +9.700,+0.942
1684814700,+3.46,+10.842, +9.672,+0.942
1684814760,+3.46,+10.752, +9.686,+0.942
1684814820,+3.46,+10.824, +9.657,+0.942
1684814880,+3.46,+10.815, +9.665,+0.942
1684814940,+3.46,+10.815, +9.671,+0.942
1684815000,+3.46,+10.797, +9.674,+0.942
1684815060,+3.46,+10.797, +9.654,+0.942
1684815120,+3.46,+10.788, +9.653,+0.942
1684815180,+3.46,+10.788, +9.638,+0.942
1684815240,+3.46,+10.752, +9.661,+0.942
1684815300,+3.46,+10.743, +9.659,+0.942
1684815360,+3.46,+10.715, +9.666,+0.942
1684815420,+3.46,+10.761, +9.641,+0.942
1684815480,+3.46,+10.724, +9.657,+0.942
1684815540,+3.46,+10.715, +9.689,+0.942
1684815600,+3.46,+10.788, +9.684,+0.942
1684815660,+3.46,+10.752, +9.731,+0.943
1684815720,+3.46,+10.752, +9.746,+0.942
1684815780,+3.46,+10.734, +9.757,+0.942
1684815840,+3.46,+10.670, +9.759,+0.942
1684815900,+3.46,+10.724, +9.738,+0.942
1684815960,+3.46,+10.715, +9.736,+0.942
1684816020,+3.46,+10.625, +9.770,+0.942
1684816080,+3.46,+10.743, +9.718,+0.942
1684816140,+3.46,+10.743, +9.715,+0.942
1684816200,+3.46,+10.743, +9.706,+0.942
1684816260,+3.46,+10.652, +9.741,+0.942
1684816320,+3.46,+10.706, +9.728,+0.942
1684816380,+3.46,+10.715, +9.728,+0.942
1684816440,+3.46,+10.688, +9.746,+0.942
1684816500,+3.46,+10.697, +9.737,+0.942
1684816560,+3.46,+10.607, +9.773,+0.942
1684816620,+3.46,+10.570, +9.789,+0.942
1684816680,+3.46,+10.634, +9.754,+0.942
1684816740,+3.46,+10.625, +9.759,+0.942
1684816800,+3.46,+10.607, +9.790,+0.942
1684816860,+3.46,+10.543, +9.819,+0.942
1684816920,+3.46,+10.579, +9.813,+0.942
1684816980,+3.46,+10.570, +9.810,+0.942
1684817040,+3.46,+10.598, +9.805,+0.942
1684817100,+3.46,+10.589, +9.803,+0.942
1684817160,+3.46,+10.543, +9.829,+0.942
1684817220,+3.46,+10.534, +9.818,+0.942
1684817280,+3.46,+10.552, +9.805,+0.942
1684817340,+3.46,+10.498, +9.796,+0.942
1684817400,+3.46,+10.570, +9.765,+0.942
1684817460,+3.46,+10.552, +9.759,+0.942
1684817520,+3.46,+10.489, +9.745,+0.942
1684817580,+3.46,+10.452, +9.631,+0.942
1684817640,+3.46,+10.434, +9.600,+0.941
1684817700,+3.46,+10.380, +9.632,+0.942
1684817760,+3.46,+10.316, +9.613,+0.942
1684817820,+3.46,+10.316, +9.586,+0.941
1684817880,+3.46,+10.316, +9.581,+0.941
1684817940,+3.46,+10.279, +9.592,+0.942
1684818000,+3.46,+10.188, +9.623,+0.942
1684818060,+3.46,+10.197, +9.600,+0.942
1684818120,+3.46,+10.179, +9.612,+0.942
1684818180,+3.46,+10.206, +9.593,+0.942
1684818240,+3.46,+10.179, +9.606,+0.942
1684818300,+3.46,+10.143, +9.606,+0.941
1684818360,+3.46,+10.261, +9.569,+0.942
1684818420,+3.46,+10.115, +9.603,+0.942
1684818480,+3.46,+10.143, +9.579,+0.942
1684818540,+3.46,+10.161, +9.540,+0.942
1684818600,+3.46,+10.069, +9.564,+0.942
1684818660,+3.46,+10.152, +9.519,+0.942
1684818720,+3.46,+10.088, +9.535,+0.942
1684818780,+3.46,+10.133, +9.516,+0.941
1684818840,+3.46,+10.060, +9.530,+0.942
1684818900,+3.46, +9.996, +9.531,+0.942
1684818960,+3.46,+10.033, +9.499,+0.941
1684819020,+3.46,+10.143, +9.475,+0.942
1684819080,+3.46,+10.051, +9.543,+0.942
1684819140,+3.46,+10.042, +9.562,+0.942
1684819200,+3.46,+10.115, +9.579,+0.942
1684819260,+3.46,+10.079, +9.612,+0.942
1684819320,+3.46,+10.124, +9.593,+0.942
1684819380,+3.46,+10.115, +9.587,+0.942
1684819440,+3.46,+10.124, +9.593,+0.942
1684819500,+3.46,+10.161, +9.583,+0.942
1684819560,+3.46,+10.188, +9.577,+0.942
1684819620,+3.46,+10.188, +9.573,+0.942
1684819680,+3.46,+10.143, +9.596,+0.942
1684819740,+3.46,+10.161, +9.613,+0.942
1684819800,+3.46,+10.234, +9.591,+0.942
1684819860,+3.46,+10.225, +9.596,+0.942
1684819920,+3.46,+10.197, +9.616,+0.942
1684819980,+3.46,+10.161, +9.659,+0.943
1684820040,+3.46,+10.197, +9.644,+0.942
1684820100,+3.46,+10.152, +9.655,+0.942
1684820160,+3.46,+10.188, +9.647,+0.942
1684820220,+3.46,+10.216, +9.638,+0.942
1684820280,+3.46,+10.206, +9.629,+0.942
1684820340,+3.46,+10.197, +9.634,+0.942
1684820400,+3.46,+10.252, +9.616,+0.942
1684820460,+3.46,+10.170, +9.653,+0.942
1684820520,+3.46,+10.225, +9.635,+0.942
1684820580,+3.46,+10.234, +9.618,+0.942
1684820640,+3.46,+10.270, +9.604,+0.942
1684820700,+3.46,+10.334, +9.587,+0.942
1684820760,+3.46,+10.316, +9.616,+0.943
1684820820,+3.46,+10.343, +9.593,+0.942
1684820880,+3.46,+10.334, +9.595,+0.942
1684820940,+3.46,+10.316, +9.610,+0.942
1684821000,+3.46,+10.334, +9.603,+0.942
1684821060,+3.46,+10.389, +9.572,+0.942
1684821120,+3.46,+10.334, +9.590,+0.942
1684821180,+3.46,+10.343, +9.567,+0.942
1684821240,+3.46,+10.307, +9.580,+0.942
1684821300,+3.46,+10.334, +9.546,+0.942
1684821360,+3.46,+10.307, +9.544,+0.942
1684821420,+3.46,+10.288, +9.545,+0.942
1684821480,+3.46,+10.298, +9.550,+0.942
1684821540,+3.46,+10.352, +9.536,+0.942
1684821600,+3.46,+10.316, +9.558,+0.942
1684821660,+3.46,+10.298, +9.563,+0.942
1684821720,+3.46,+10.288, +9.564,+0.942
1684821780,+3.46,+10.361, +9.555,+0.942
1684821840,+3.46,+10.288, +9.606,+0.942
1684821900,+3.46,+10.316, +9.613,+0.942
1684821960,+3.46,+10.325, +9.612,+0.942
1684822020,+3.46,+10.343, +9.600,+0.942
1684822080,+3.46,+10.288, +9.599,+0.942
1684822140,+3.46,+10.352, +9.593,+0.942
1684822200,+3.46,+10.334, +9.623,+0.942
1684822260,+3.46,+10.343, +9.631,+0.942
1684822320,+3.46,+10.298, +9.619,+0.942
1684822380,+3.46,+10.252, +9.676,+0.942
1684822440,+3.46,+10.298, +9.650,+0.942
1684822500,+3.46,+10.234, +9.681,+0.942
1684822560,+3.46,+10.261, +9.695,+0.942
1684822620,+3.46,+10.243, +9.682,+0.942
1684822680,+3.46,+10.243, +9.667,+0.942
1684822740,+3.46,+10.206, +9.688,+0.942
1684822800,+3.46,+10.170, +9.696,+0.942
1684822860,+3.46,+10.170, +9.674,+0.942
1684822920,+3.46,+10.161, +9.643,+0.942
1684822980,+3.46,+10.161, +9.632,+0.942
1684823040,+3.46,+10.188, +9.618,+0.942
1684823100,+3.46,+10.188, +9.587,+0.942
1684823160,+3.46,+10.216, +9.553,+0.942
1684823220,+3.46,+10.152, +9.556,+0.942
1684823280,+3.46,+10.161, +9.531,+0.942
1684823340,+3.46,+10.170, +9.527,+0.942
1684823400,+3.46,+10.179, +9.518,+0.942
1684823460,+3.46,+10.179, +9.517,+0.942
1684823520,+3.46,+10.152, +9.530,+0.942
1684823580,+3.46,+10.143, +9.526,+0.942
1684823640,+3.46,+10.143, +9.527,+0.942
1684823700,+3.46,+10.161, +9.511,+0.941
1684823760,+3.46,+10.179, +9.497,+0.942
1684823820,+3.46,+10.161, +9.502,+0.942
1684823880,+3.46,+10.152, +9.501,+0.942
1684823940,+3.46,+10.188, +9.496,+0.942
1684824000,+3.46,+10.188, +9.492,+0.941
1684824060,+3.46,+10.197, +9.497,+0.942
1684824120,+3.46,+10.225, +9.486,+0.942
1684824180,+3.46,+10.206, +9.496,+0.942
1684824240,+3.46,+10.234, +9.494,+0.942
1684824300,+3.46,+10.179, +9.517,+0.942
1684824360,+3.46,+10.179, +9.524,+0.942
1684824420,+3.46,+10.206, +9.530,+0.942
1684824480,+3.46,+10.252, +9.520,+0.941
1684824540,+3.46,+10.197, +9.555,+0.942
1684824600,+3.46,+10.261, +9.537,+0.942
1684824660,+3.46,+10.298, +9.537,+0.942
1684824720,+3.46,+10.298, +9.543,+0.942
1684824780,+3.46,+10.261, +9.574,+0.942
1684824840,+3.46,+10.252, +9.584,+0.942
1684824900,+3.46,+10.316, +9.564,+0.942
1684824960,+3.46,+10.325, +9.567,+0.942
1684825020,+3.46,+10.361, +9.544,+0.942
1684825080,+3.46,+10.325, +9.549,+0.942
1684825140,+3.46,+10.307, +9.546,+0.942
1684825200,+3.46,+10.416, +9.491,+0.942
1684825260,+3.46,+10.389, +9.492,+0.942
1684825320,+3.46,+10.334, +9.515,+0.942
1684825380,+3.46,+10.370, +9.494,+0.942
1684825440,+3.46,+10.343, +9.492,+0.941
1684825500,+3.46,+10.370, +9.479,+0.941
1684825560,+3.46,+10.361, +9.480,+0.942
1684825620,+3.46,+10.407, +9.448,+0.942
1684825680,+3.46,+10.398, +9.452,+0.942
1684825740,+3.46,+10.425, +9.443,+0.942
1684825800,+3.46,+10.389, +9.450,+0.942
1684825860,+3.46,+10.425, +9.466,+0.942
1684825920,+3.46,+10.361, +9.584,+0.942
1684825980,+3.46,+10.480, +9.594,+0.943
1684826040,+3.46,+10.434, +9.619,+0.942
1684826100,+3.46,+10.470, +9.592,+0.942
1684826160,+3.46,+10.452, +9.612,+0.942
1684826220,+3.46,+10.470, +9.599,+0.942
1684826280,+3.46,+10.470, +9.583,+0.942
1684826340,+3.46,+10.516, +9.544,+0.942
1684826400,+3.46,+10.489, +9.601,+0.942
1684826460,+3.46,+10.525, +9.600,+0.942
1684826520,+3.46,+10.470, +9.625,+0.942
1684826580,+3.46,+10.579, +9.616,+0.942
1684826640,+3.46,+10.598, +9.616,+0.942
1684826700,+3.46,+10.507, +9.657,+0.942
1684826760,+3.46,+10.543, +9.639,+0.942
1684826820,+3.46,+10.561, +9.657,+0.942
1684826880,+3.46,+10.579, +9.635,+0.942
1684826940,+3.46,+10.552, +9.638,+0.942
1684827000,+3.46,+10.561, +9.634,+0.942
1684827060,+3.46,+10.589, +9.618,+0.942
1684827120,+3.46,+10.598, +9.608,+0.942
1684827180,+3.46,+10.570, +9.625,+0.942
1684827240,+3.46,+10.607, +9.593,+0.942
1684827300,+3.46,+10.525, +9.620,+0.942
1684827360,+3.46,+10.579, +9.591,+0.942
1684827420,+3.46,+10.598, +9.572,+0.942
1684827480,+3.46,+10.552, +9.593,+0.942
1684827540,+3.46,+10.607, +9.598,+0.942
1684827600,+3.46,+10.579, +9.629,+0.942
1684827660,+3.46,+10.625, +9.631,+0.942
1684827720,+3.46,+10.607, +9.652,+0.942
1684827780,+3.46,+10.598, +9.670,+0.942
1684827840,+3.46,+10.579, +9.699,+0.942
1684827900,+3.46,+10.670, +9.693,+0.943
1684827960,+3.46,+10.625, +9.723,+0.942
1684828020,+3.46,+10.661, +9.718,+0.943
1684828080,+3.46,+10.688, +9.699,+0.942
1684828140,+3.46,+10.734, +9.678,+0.942
1684828200,+3.46,+10.734, +9.688,+0.942
1684828260,+3.46,+10.743, +9.692,+0.942
1684828320,+3.46,+10.833, +9.713,+0.943
1684828380,+3.46,+10.860, +9.818,+0.942
1684828440,+3.46,+10.860, +9.849,+0.942
1684828500,+3.46,+10.923, +9.820,+0.942
1684828560,+3.46,+10.941, +9.804,+0.942
1684828620,+3.46,+10.932, +9.803,+0.942
1684828680,+3.46,+10.951, +9.790,+0.942
1684828740,+3.46,+10.960, +9.794,+0.942
1684828800,+3.46,+10.996, +9.817,+0.943
1684828860,+3.46,+10.987, +9.816,+0.942
1684828920,+3.46,+10.996, +9.830,+0.942
1684828980,+3.46,+10.996, +9.840,+0.942
1684829040,+3.46,+11.077, +9.810,+0.942
1684829100,+3.46,+11.032, +9.840,+0.942
1684829160,+3.46,+11.050, +9.833,+0.942
1684829220,+3.46,+11.059, +9.846,+0.943
1684829280,+3.46,+11.077, +9.845,+0.942
1684829340,+3.46,+11.113, +9.866,+0.943
1684829400,+3.46,+11.167, +9.864,+0.942
1684829460,+3.46,+11.185, +9.894,+0.942
1684829520,+3.46,+11.257, +9.922,+0.942
1684829580,+3.46,+11.275, +9.982,+0.943
1684829640,+3.46,+11.320, +9.964,+0.942
1684829700,+3.46,+11.365, +9.970,+0.942
1684829760,+3.46,+11.400, +9.966,+0.942
1684829820,+3.46,+11.391, +9.998,+0.943
1684829880,+3.46,+11.409,+10.025,+0.943
1684829940,+3.46,+11.463, +9.992,+0.942
1684830000,+3.46,+11.454,+10.013,+0.942
1684830060,+3.46,+11.436,+10.032,+0.942
1684830120,+3.46,+11.409,+10.028,+0.942
1684830180,+3.46,+11.472, +9.976,+0.942
1684830240,+3.46,+11.436, +9.959,+0.942
1684830300,+3.46,+11.400, +9.967,+0.942
1684830360,+3.46,+11.472, +9.946,+0.942
1684830420,+3.46,+11.383, +9.962,+0.942
1684830480,+3.46,+11.409, +9.964,+0.942
1684830540,+3.46,+11.436, +9.952,+0.942
1684830600,+3.46,+11.445, +9.959,+0.942
1684830660,+3.46,+11.445, +9.955,+0.942
1684830720,+3.46,+11.472, +9.940,+0.942
1684830780,+3.46,+11.481, +9.934,+0.942
1684830840,+3.46,+11.391, +9.950,+0.942
1684830900,+3.46,+11.338, +9.942,+0.942
1684830960,+3.46,+11.400, +9.898,+0.942
1684831020,+3.46,+11.302, +9.917,+0.942
1684831080,+3.46,+11.329, +9.869,+0.942
1684831140,+3.46,+11.374, +9.828,+0.942
1684831200,+3.46,+11.284, +9.844,+0.942
1684831260,+3.46,+11.221, +9.830,+0.941
1684831320,+3.46,+11.158, +9.864,+0.942
1684831380,+3.46,+11.122, +9.857,+0.942
1684831440,+3.46,+11.068, +9.815,+0.941
1684831500,+3.46,+11.077, +9.804,+0.942
1684831560,+3.46,+11.077, +9.787,+0.942
1684831620,+3.46,+11.068, +9.772,+0.942
1684831680,+3.46,+10.969, +9.813,+0.942
1684831740,+3.46,+11.059, +9.773,+0.942
1684831800,+3.46,+11.086, +9.763,+0.942
1684831860,+3.46,+11.077, +9.788,+0.942
1684831920,+3.46,+11.050, +9.824,+0.942
1684831980,+3.46,+11.086, +9.840,+0.942
1684832040,+3.46,+11.113, +9.826,+0.942
1684832100,+3.46,+11.131, +9.801,+0.942
1684832160,+3.46,+11.131, +9.803,+0.942
1684832220,+3.46,+11.140, +9.803,+0.942
1684832280,+3.46,+11.113, +9.844,+0.942
1684832340,+3.46,+11.131, +9.844,+0.942
1684832400,+3.46,+11.185, +9.835,+0.942
1684832460,+3.46,+11.158, +9.849,+0.942
1684832520,+3.46,+11.248, +9.823,+0.942
1684832580,+3.46,+11.221, +9.849,+0.942
1684832640,+3.46,+11.257, +9.856,+0.942
1684832700,+3.46,+11.329, +9.846,+0.942
1684832760,+3.46,+11.329, +9.851,+0.942
1684832820,+3.46,+11.356, +9.851,+0.942
1684832880,+3.46,+11.374, +9.849,+0.942
1684832940,+3.46,+11.365, +9.840,+0.942
1684833000,+3.46,+11.400, +9.844,+0.942
1684833060,+3.46,+11.383, +9.887,+0.943
1684833120,+3.46,+11.409, +9.869,+0.942
1684833180,+3.46,+11.418, +9.869,+0.942
1684833240,+3.46,+11.436, +9.868,+0.942
1684833300,+3.46,+11.445, +9.881,+0.942
1684833360,+3.46,+11.508, +9.916,+0.943
1684833420,+3.46,+11.633, +9.895,+0.942
1684833480,+3.46,+11.723, +9.956,+0.943
1684833540,+3.46,+11.946,+10.070,+0.943
1684833600,+3.46,+12.097,+10.227,+0.943
1684833660,+3.46,+12.248,+10.354,+0.943
1684833720,+3.46,+12.461,+10.540,+0.944
1684833780,+3.46,+12.434,+10.490,+0.943
1684833840,+3.46,+12.532,+10.464,+0.943
1684833900,+3.46,+12.629,+10.487,+0.943
1684833960,+3.46,+12.699,+10.466,+0.943
1684834020,+3.46,+12.735,+10.407,+0.943
1684834080,+3.46,+12.743,+10.349,+0.942
1684834140,+3.46,+12.717,+10.222,+0.942
1684834200,+3.46,+12.735,+10.212,+0.943
1684834260,+3.46,+12.699,+10.192,+0.942
1684834320,+3.46,+12.434, +9.998,+0.942
1684834380,+3.46,+12.337,+10.032,+0.942
1684834440,+3.46,+12.416,+10.068,+0.942
1684834500,+3.46,+12.470,+10.083,+0.942
1684834560,+3.46,+12.505,+10.086,+0.941
1684834620,+3.46,+12.567,+10.169,+0.943
1684834680,+3.46,+12.540,+10.219,+0.943
1684834740,+3.46,+12.655,+10.184,+0.942
1684834800,+3.46,+12.805,+10.172,+0.943
1684834860,+3.46,+12.858,+10.202,+0.942
1684834920,+3.46,+12.893,+10.253,+0.943
1684834980,+3.46,+12.955,+10.287,+0.943
1684835040,+3.46,+13.017,+10.308,+0.942
1684835100,+3.46,+13.060,+10.300,+0.942
1684835160,+3.46,+13.043,+10.329,+0.943
1684835220,+3.46,+12.946,+10.021,+0.941
1684835280,+3.46,+12.708, +9.985,+0.941
1684835340,+3.46,+12.540,+10.016,+0.941
1684835400,+3.46,+12.470, +9.983,+0.941
1684835460,+3.46,+12.399, +9.969,+0.942
1684835520,+3.46,+12.257, +9.945,+0.941
1684835580,+3.46,+12.230, +9.915,+0.941
1684835640,+3.46,+12.195, +9.889,+0.941
1684835700,+3.46,+12.115, +9.896,+0.942
1684835760,+3.46,+12.053, +9.898,+0.941
1684835820,+3.46,+12.017, +9.845,+0.942
1684835880,+3.46,+11.919, +9.844,+0.942
1684835940,+3.46,+11.874, +9.826,+0.941
1684836000,+3.46,+11.919, +9.808,+0.941
1684836060,+3.46,+11.794, +9.813,+0.941
1684836120,+3.46,+11.758, +9.819,+0.942
1684836180,+3.46,+11.723, +9.809,+0.941
1684836240,+3.46,+11.696, +9.816,+0.942
1684836300,+3.46,+11.678, +9.818,+0.942
1684836360,+3.46,+11.598, +9.834,+0.942
1684836420,+3.46,+11.571, +9.854,+0.942
1684836480,+3.46,+11.615, +9.826,+0.941
1684836540,+3.46,+11.580, +9.847,+0.942
1684836600,+3.46,+11.589, +9.851,+0.941
1684836660,+3.46,+11.481, +9.934,+0.942
1684836720,+3.46,+11.508, +9.946,+0.942
1684836780,+3.46,+11.517, +9.931,+0.941
1684836840,+3.46,+11.472, +9.938,+0.942
1684836900,+3.46,+11.445, +9.933,+0.942
1684836960,+3.46,+11.400, +9.938,+0.942
1684837020,+3.46,+11.418, +9.945,+0.942
1684837080,+3.46,+11.400, +9.947,+0.942
1684837140,+3.46,+11.436, +9.920,+0.942
1684837200,+3.46,+11.383, +9.926,+0.942
1684837260,+3.46,+11.338, +9.929,+0.942
1684837320,+3.46,+11.338, +9.919,+0.942
1684837380,+3.46,+11.266, +9.965,+0.942
1684837440,+3.46,+11.338, +9.919,+0.942
1684837500,+3.46,+11.266, +9.955,+0.942
1684837560,+3.46,+11.365, +9.910,+0.941
1684837620,+3.46,+11.374, +9.912,+0.942
1684837680,+3.46,+11.311, +9.927,+0.942
1684837740,+3.46,+11.347, +9.927,+0.942
1684837800,+3.46,+11.302, +9.943,+0.942
1684837860,+3.46,+11.257, +9.955,+0.942
1684837920,+3.46,+11.284, +9.951,+0.942
1684837980,+3.46,+11.356, +9.927,+0.942
1684838040,+3.46,+11.257, +9.967,+0.942
1684838100,+3.46,+11.275, +9.970,+0.942
1684838160,+3.46,+11.275, +9.966,+0.942
1684838220,+3.46,+11.320, +9.965,+0.942
1684838280,+3.46,+11.248,+10.005,+0.942
1684838340,+3.46,+11.356, +9.966,+0.942
1684838400,+3.46,+11.311, +9.974,+0.942
1684838460,+3.46,+11.230, +9.992,+0.942
1684838520,+3.46,+11.302, +9.956,+0.942
1684838580,+3.46,+11.275, +9.975,+0.942
1684838640,+3.46,+11.284, +9.961,+0.942
1684838700,+3.46,+11.329, +9.940,+0.942
1684838760,+3.46,+11.311, +9.942,+0.942
1684838820,+3.46,+11.320, +9.927,+0.942
1684838880,+3.46,+11.320, +9.934,+0.942
1684838940,+3.46,+11.284, +9.962,+0.942
1684839000,+3.46,+11.239, +9.915,+0.942
1684839060,+3.46,+11.176, +9.877,+0.942
1684839120,+3.46,+11.185, +9.825,+0.941
1684839180,+3.46,+11.131, +9.838,+0.942
1684839240,+3.46,+11.104, +9.838,+0.942
1684839300,+3.46,+11.077, +9.846,+0.942
1684839360,+3.46,+11.086, +9.843,+0.942
1684839420,+3.46,+11.068, +9.849,+0.942
1684839480,+3.46,+11.086, +9.847,+0.942
1684839540,+3.46,+11.059, +9.850,+0.942
1684839600,+3.46,+11.014, +9.888,+0.942
1684839660,+3.46,+11.095, +9.856,+0.942
1684839720,+3.46,+11.086, +9.876,+0.942
1684839780,+3.46,+11.131, +9.861,+0.942
1684839840,+3.46,+11.032, +9.907,+0.942
1684839900,+3.46,+11.077, +9.894,+0.942
1684839960,+3.46,+11.095, +9.884,+0.942
1684840020,+3.46,+11.059, +9.906,+0.942
1684840080,+3.46,+11.104, +9.895,+0.942
1684840140,+3.46,+11.113, +9.937,+0.942
1684840200,+3.46,+11.185, +9.970,+0.942
1684840260,+3.46,+11.212,+10.016,+0.942
1684840320,+3.46,+11.248,+10.045,+0.943
1684840380,+3.46,+11.338,+10.009,+0.942
1684840440,+3.46,+11.338,+10.062,+0.943
1684840500,+3.46,+11.356,+10.052,+0.942
1684840560,+3.46,+11.391,+10.039,+0.942
1684840620,+3.46,+11.454,+10.025,+0.943
1684840680,+3.46,+11.499,+10.011,+0.942
1684840740,+3.46,+11.454,+10.025,+0.942
1684840800,+3.46,+11.535,+10.011,+0.943
1684840860,+3.46,+11.427,+10.013,+0.942
1684840920,+3.46,+11.400,+10.020,+0.942
1684840980,+3.46,+11.329,+10.037,+0.942
1684841040,+3.46,+11.257,+10.067,+0.943
1684841100,+3.46,+11.293,+10.049,+0.942
1684841160,+3.46,+11.275,+10.034,+0.942
1684841220,+3.46,+11.257,+10.064,+0.942
1684841280,+3.46,+11.356,+10.015,+0.942
1684841340,+3.46,+11.329,+10.012,+0.942
1684841400,+3.46,+11.311,+10.017,+0.942
1684841460,+3.46,+11.266,+10.000,+0.942
1684841520,+3.46,+11.194, +9.986,+0.942
1684841580,+3.46,+11.194, +9.947,+0.941
1684841640,+3.46,+11.104, +9.976,+0.942
1684841700,+3.46,+11.086, +9.954,+0.942
1684841760,+3.46,+11.194, +9.896,+0.942
1684841820,+3.46,+11.113, +9.915,+0.942
1684841880,+3.46,+11.140, +9.902,+0.942
1684841940,+3.46,+11.122, +9.904,+0.942
1684842000,+3.46,+11.158, +9.907,+0.942
1684842060,+3.46,+11.113, +9.936,+0.942
1684842120,+3.46,+11.122, +9.926,+0.942
1684842180,+3.46,+11.158, +9.925,+0.942
1684842240,+3.46,+11.194, +9.904,+0.942
1684842300,+3.46,+11.140, +9.929,+0.943
1684842360,+3.46,+11.158, +9.921,+0.942
1684842420,+3.46,+11.239, +9.895,+0.942
1684842480,+3.46,+11.149, +9.949,+0.942
1684842540,+3.46,+11.158, +9.949,+0.942
1684842600,+3.46,+11.176, +9.956,+0.942
1684842660,+3.46,+11.167, +9.972,+0.942
1684842720,+3.46,+11.149, +9.999,+0.942
1684842780,+3.46,+11.203, +9.981,+0.942
1684842840,+3.46,+11.194, +9.997,+0.942
1684842900,+3.46,+11.212, +9.999,+0.942
1684842960,+3.46,+11.239, +9.991,+0.942
1684843020,+3.46,+11.248, +9.978,+0.942
1684843080,+3.46,+11.266, +9.973,+0.942
1684843140,+3.46,+11.257, +9.971,+0.942
1684843200,+3.46,+11.275, +9.968,+0.942
1684843260,+3.46,+11.248, +9.974,+0.942
1684843320,+3.46,+11.266, +9.962,+0.942
1684843380,+3.46,+11.203, +9.981,+0.942
1684843440,+3.46,+11.185, +9.970,+0.942
1684843500,+3.46,+11.194, +9.955,+0.942
1684843560,+3.46,+11.185, +9.945,+0.942
1684843620,+3.46,+11.158, +9.947,+0.943
1684843680,+3.46,+11.122, +9.953,+0.943
1684843740,+3.46,+11.086, +9.944,+0.942
1684843800,+3.46,+11.149, +9.912,+0.942
1684843860,+3.46,+11.122, +9.908,+0.942
1684843920,+3.46,+11.095, +9.860,+0.942
1684843980,+3.46,+10.987, +9.838,+0.942
1684844040,+3.46,+10.923, +9.826,+0.942
1684844100,+3.46,+10.941, +9.804,+0.942
1684844160,+3.46,+10.914, +9.817,+0.942
1684844220,+3.46,+10.824, +9.872,+0.942
1684844280,+3.46,+10.860, +9.896,+0.942
1684844340,+3.46,+10.878, +9.906,+0.942
1684844400,+3.46,+10.887, +9.931,+0.943
1684844460,+3.46,+10.978, +9.908,+0.942
1684844520,+3.46,+10.996, +9.915,+0.942
1684844580,+3.46,+10.969, +9.918,+0.942
1684844640,+3.46,+11.005, +9.912,+0.942
1684844700,+3.46,+10.996, +9.915,+0.942
1684844760,+3.46,+10.969, +9.926,+0.942
1684844820,+3.46,+10.960, +9.939,+0.942
1684844880,+3.46,+11.032, +9.953,+0.943
1684844940,+3.46,+11.032, +9.970,+0.942
1684845000,+3.46,+11.077, +9.969,+0.942
1684845060,+3.46,+11.122, +9.974,+0.942
1684845120,+3.46,+11.122,+10.038,+0.943
1684845180,+3.46,+11.194,+10.050,+0.942
1684845240,+3.46,+11.239,+10.063,+0.943
1684845300,+3.46,+11.302,+10.047,+0.942
1684845360,+3.46,+11.275,+10.021,+0.942
1684845420,+3.46,+11.275,+10.017,+0.942
1684845480,+3.46,+11.284,+10.011,+0.942
1684845540,+3.46,+11.284,+10.000,+0.942
1684845600,+3.46,+11.230, +9.982,+0.942
1684845660,+3.46,+11.203, +9.974,+0.942
1684845720,+3.46,+11.131,+10.003,+0.942
1684845780,+3.46,+11.158,+10.008,+0.942
1684845840,+3.46,+11.194,+10.008,+0.942
1684845900,+3.46,+11.212,+10.022,+0.942
1684845960,+3.46,+11.203,+10.038,+0.942
1684846020,+3.46,+11.347,+10.002,+0.942
1684846080,+3.46,+11.320,+10.008,+0.942
1684846140,+3.46,+11.374,+10.007,+0.942
1684846200,+3.46,+11.400, +9.995,+0.942
1684846260,+3.46,+11.347,+10.029,+0.943
1684846320,+3.46,+11.409,+10.008,+0.942
1684846380,+3.46,+11.427,+10.002,+0.942
