7450-798456
OS REV: 1.03 Sensor Cal: 1539277937
Time (sec),  BV (Volts),  T (deg C),  DO (mg/l),  Q ()
1685105640,+3.46,+11.463,+10.115,+0.942
1685105700,+3.46,+11.508,+10.102,+0.942
1685105760,+3.46,+11.642,+10.041,+0.942
1685105820,+3.46,+11.633,+10.029,+0.942
1685105880,+3.46,+11.696,+10.004,+0.941
1685105940,+3.46,+11.687,+10.046,+0.942
1685106000,+3.46,+11.723,+10.047,+0.942
1685106060,+3.46,+11.741,+10.034,+0.941
1685106120,+3.46,+11.750,+10.030,+0.942
1685106180,+3.46,+11.812,+10.000,+0.942
1685106240,+3.46,+11.794,+10.001,+0.941
1685106300,+3.46,+11.758,+10.021,+0.942
1685106360,+3.46,+11.758,+10.005,+0.941
1685106420,+3.46,+11.758,+10.007,+0.942
1685106480,+3.46,+11.776, +9.988,+0.941
1685106540,+3.46,+11.803, +9.983,+0.941
1685106600,+3.46,+11.874, +9.953,+0.941
1685106660,+3.46,+11.857, +9.961,+0.941
1685106720,+3.46,+11.839, +9.974,+0.941
1685106780,+3.46,+11.785, +9.991,+0.941
1685106840,+3.46,+11.919, +9.937,+0.941
1685106900,+3.46,+11.910, +9.940,+0.941
1685106960,+3.46,+11.812, +9.970,+0.941
1685107020,+3.46,+11.848, +9.946,+0.941
1685107080,+3.46,+11.857, +9.946,+0.941
1685107140,+3.46,+11.866, +9.956,+0.941
1685107200,+3.46,+11.892, +9.940,+0.941
1685107260,+3.46,+11.803, +9.964,+0.941
1685107320,+3.46,+11.901, +9.935,+0.941
1685107380,+3.46,+11.830, +9.966,+0.942
1685107440,+3.46,+11.776,+10.038,+0.941
1685107500,+3.46,+11.785,+10.067,+0.941
1685107560,+3.46,+11.750,+10.109,+0.942
1685107620,+3.46,+11.758,+10.071,+0.941
1685107680,+3.46,+11.767,+10.067,+0.941
1685107740,+3.46,+11.723,+10.084,+0.941
1685107800,+3.46,+11.705,+10.103,+0.941
1685107860,+3.46,+11.705,+10.100,+0.941
1685107920,+3.46,+11.705,+10.102,+0.941
1685107980,+3.46,+11.624,+10.131,+0.941
1685108040,+3.46,+11.651,+10.123,+0.941
1685108100,+3.46,+11.633,+10.117,+0.940
1685108160,+3.46,+11.642,+10.126,+0.941
1685108220,+3.46,+11.651,+10.111,+0.941
1685108280,+3.46,+11.562,+10.138,+0.941
1685108340,+3.46,+11.660,+10.093,+0.941
1685108400,+3.46,+11.571,+10.124,+0.942
1685108460,+3.46,+11.642,+10.081,+0.941
1685108520,+3.46,+11.580,+10.094,+0.941
1685108580,+3.46,+11.580,+10.098,+0.941
1685108640,+3.46,+11.544,+10.091,+0.941
1685108700,+3.46,+11.624,+10.050,+0.941
1685108760,+3.46,+11.553,+10.083,+0.941
1685108820,+3.46,+11.589,+10.072,+0.941
1685108880,+3.46,+11.571,+10.077,+0.941
1685108940,+3.46,+11.535,+10.084,+0.941
1685109000,+3.46,+11.553,+10.072,+0.941
1685109060,+3.46,+11.526,+10.082,+0.941
1685109120,+3.46,+11.535,+10.079,+0.941
1685109180,+3.46,+11.544,+10.073,+0.941
1685109240,+3.46,+11.589,+10.064,+0.941
1685109300,+3.46,+11.562,+10.075,+0.941
1685109360,+3.46,+11.508,+10.099,+0.942
1685109420,+3.46,+11.553,+10.088,+0.942
1685109480,+3.46,+11.633,+10.059,+0.941
1685109540,+3.46,+11.660,+10.057,+0.941
1685109600,+3.46,+11.562,+10.112,+0.941
1685109660,+3.46,+11.571,+10.096,+0.941
1685109720,+3.46,+11.571,+10.093,+0.941
1685109780,+3.46,+11.445,+10.145,+0.941
1685109840,+3.46,+11.553,+10.108,+0.941
1685109900,+3.46,+11.544,+10.121,+0.942
1685109960,+3.46,+11.580,+10.098,+0.941
1685110020,+3.46,+11.571,+10.105,+0.942
1685110080,+3.46,+11.553,+10.095,+0.941
1685110140,+3.46,+11.544,+10.101,+0.941
1685110200,+3.46,+11.544,+10.113,+0.942
1685110260,+3.46,+11.589,+10.101,+0.941
1685110320,+3.46,+11.535,+10.144,+0.942
1685110380,+3.46,+11.544,+10.135,+0.941
1685110440,+3.46,+11.535,+10.137,+0.941
1685110500,+3.46,+11.589,+10.123,+0.941
1685110560,+3.46,+11.580,+10.122,+0.941
1685110620,+3.46,+11.598,+10.107,+0.941
1685110680,+3.46,+11.633,+10.075,+0.941
1685110740,+3.46,+11.615,+10.083,+0.942
1685110800,+3.46,+11.642,+10.070,+0.941
1685110860,+3.46,+11.624,+10.069,+0.941
1685110920,+3.46,+11.598,+10.075,+0.941
1685110980,+3.46,+11.624,+10.079,+0.941
1685111040,+3.46,+11.598,+10.096,+0.941
1685111100,+3.46,+11.624,+10.102,+0.941
1685111160,+3.46,+11.615,+10.107,+0.941
1685111220,+3.46,+11.669,+10.080,+0.941
1685111280,+3.46,+11.642,+10.086,+0.942
1685111340,+3.46,+11.615,+10.090,+0.942
1685111400,+3.46,+11.598,+10.081,+0.941
1685111460,+3.46,+11.615,+10.068,+0.941
1685111520,+3.46,+11.615,+10.073,+0.941
1685111580,+3.46,+11.580,+10.085,+0.941
1685111640,+3.46,+11.598,+10.074,+0.941
1685111700,+3.46,+11.642,+10.057,+0.941
1685111760,+3.46,+11.580,+10.077,+0.941
1685111820,+3.46,+11.589,+10.064,+0.941
1685111880,+3.46,+11.589,+10.060,+0.941
1685111940,+3.46,+11.598,+10.062,+0.941
1685112000,+3.46,+11.607,+10.056,+0.941
1685112060,+3.46,+11.615,+10.039,+0.941
1685112120,+3.46,+11.598,+10.041,+0.941
1685112180,+3.46,+11.589,+10.056,+0.941
1685112240,+3.46,+11.553,+10.082,+0.941
1685112300,+3.46,+11.615,+10.080,+0.942
1685112360,+3.46,+11.678,+10.041,+0.941
1685112420,+3.46,+11.580,+10.074,+0.941
1685112480,+3.46,+11.607,+10.061,+0.941
1685112540,+3.46,+11.571,+10.084,+0.941
1685112600,+3.46,+11.580,+10.067,+0.941
1685112660,+3.46,+11.598,+10.077,+0.941
1685112720,+3.46,+11.472,+10.137,+0.942
1685112780,+3.46,+11.535,+10.111,+0.941
1685112840,+3.46,+11.633,+10.052,+0.940
1685112900,+3.46,+11.553,+10.093,+0.941
1685112960,+3.46,+11.499,+10.124,+0.942
1685113020,+3.46,+11.553,+10.106,+0.942
1685113080,+3.46,+11.562,+10.080,+0.941
1685113140,+3.46,+11.571,+10.084,+0.941
1685113200,+3.46,+11.535,+10.076,+0.941
1685113260,+3.46,+11.526,+10.067,+0.941
1685113320,+3.46,+11.418,+10.107,+0.941
1685113380,+3.46,+11.418,+10.107,+0.941
1685113440,+3.46,+11.436,+10.113,+0.942
1685113500,+3.46,+11.526,+10.069,+0.941
1685113560,+3.46,+11.445,+10.097,+0.941
1685113620,+3.46,+11.445,+10.093,+0.941
1685113680,+3.46,+11.472,+10.069,+0.941
1685113740,+3.46,+11.481,+10.069,+0.941
1685113800,+3.46,+11.517,+10.055,+0.941
1685113860,+3.46,+11.490,+10.072,+0.942
1685113920,+3.46,+11.472,+10.061,+0.941
1685113980,+3.46,+11.472,+10.055,+0.941
1685114040,+3.46,+11.490,+10.057,+0.941
1685114100,+3.46,+11.436,+10.087,+0.941
1685114160,+3.46,+11.445,+10.094,+0.942
1685114220,+3.46,+11.463,+10.088,+0.942
1685114280,+3.46,+11.409,+10.094,+0.941
1685114340,+3.46,+11.517,+10.071,+0.941
1685114400,+3.46,+11.481,+10.096,+0.941
1685114460,+3.46,+11.436,+10.110,+0.941
1685114520,+3.46,+11.499,+10.094,+0.942
1685114580,+3.46,+11.508,+10.079,+0.941
1685114640,+3.46,+11.490,+10.108,+0.942
1685114700,+3.46,+11.499,+10.101,+0.942
1685114760,+3.46,+11.526,+10.085,+0.941
1685114820,+3.46,+11.463,+10.112,+0.942
1685114880,+3.46,+11.472,+10.110,+0.942
1685114940,+3.46,+11.508,+10.085,+0.941
1685115000,+3.46,+11.454,+10.116,+0.941
1685115060,+3.46,+11.472,+10.109,+0.941
1685115120,+3.46,+11.508,+10.092,+0.942
1685115180,+3.46,+11.526,+10.079,+0.941
1685115240,+3.46,+11.490,+10.094,+0.942
1685115300,+3.46,+11.472,+10.090,+0.941
1685115360,+3.46,+11.472,+10.095,+0.942
1685115420,+3.46,+11.490,+10.083,+0.941
1685115480,+3.46,+11.517,+10.069,+0.941
1685115540,+3.46,+11.598,+10.039,+0.941
1685115600,+3.46,+11.544,+10.062,+0.941
1685115660,+3.46,+11.544,+10.069,+0.942
1685115720,+3.46,+11.553,+10.071,+0.942
1685115780,+3.46,+11.571,+10.011,+0.941
1685115840,+3.46,+11.463, +9.966,+0.941
1685115900,+3.46,+11.374, +9.790,+0.940
1685115960,+3.46,+11.167, +9.710,+0.940
1685116020,+3.46,+11.059, +9.707,+0.941
1685116080,+3.46,+10.960, +9.730,+0.940
1685116140,+3.46,+10.905, +9.755,+0.941
1685116200,+3.46,+10.887, +9.760,+0.940
1685116260,+3.46,+10.860, +9.782,+0.941
1685116320,+3.46,+10.842, +9.785,+0.941
1685116380,+3.46,+10.842, +9.777,+0.941
1685116440,+3.46,+10.815, +9.787,+0.941
1685116500,+3.46,+10.851, +9.817,+0.941
1685116560,+3.46,+10.941, +9.856,+0.941
1685116620,+3.46,+11.005, +9.900,+0.941
1685116680,+3.46,+11.068, +9.920,+0.941
1685116740,+3.46,+11.095, +9.957,+0.941
1685116800,+3.46,+11.176, +9.976,+0.942
1685116860,+3.46,+11.230, +9.988,+0.942
1685116920,+3.46,+11.230,+10.030,+0.942
1685116980,+3.46,+11.302,+10.027,+0.941
1685117040,+3.46,+11.329,+10.023,+0.941
1685117100,+3.46,+11.293,+10.042,+0.941
1685117160,+3.46,+11.356,+10.030,+0.942
1685117220,+3.46,+11.391,+10.047,+0.941
1685117280,+3.46,+11.481,+10.052,+0.942
1685117340,+3.46,+11.463,+10.057,+0.941
1685117400,+3.46,+11.463,+10.053,+0.941
1685117460,+3.46,+11.427,+10.073,+0.942
1685117520,+3.46,+11.517,+10.050,+0.941
1685117580,+3.46,+11.490,+10.086,+0.941
1685117640,+3.46,+11.526,+10.089,+0.942
1685117700,+3.46,+11.535,+10.097,+0.942
1685117760,+3.46,+11.633,+10.071,+0.942
1685117820,+3.46,+11.490,+10.124,+0.942
1685117880,+3.46,+11.526,+10.118,+0.941
1685117940,+3.46,+11.598,+10.071,+0.941
1685118000,+3.46,+11.571,+10.055,+0.942
1685118060,+3.46,+11.517,+10.043,+0.941
1685118120,+3.46,+11.517,+10.062,+0.941
1685118180,+3.46,+11.562,+10.035,+0.941
1685118240,+3.46,+11.535,+10.022,+0.941
1685118300,+3.46,+11.481,+10.024,+0.941
1685118360,+3.46,+11.589, +9.978,+0.941
1685118420,+3.46,+11.571, +9.984,+0.941
1685118480,+3.46,+11.589, +9.988,+0.942
1685118540,+3.46,+11.624, +9.981,+0.941
1685118600,+3.46,+11.669, +9.966,+0.941
1685118660,+3.46,+11.678, +9.967,+0.941
1685118720,+3.46,+11.651, +9.975,+0.941
1685118780,+3.46,+11.669, +9.987,+0.942
1685118840,+3.46,+11.687, +9.984,+0.941
1685118900,+3.46,+11.660,+10.010,+0.942
1685118960,+3.46,+11.758, +9.975,+0.941
1685119020,+3.46,+11.741, +9.977,+0.941
1685119080,+3.46,+11.732, +9.977,+0.941
1685119140,+3.46,+11.812, +9.980,+0.941
1685119200,+3.46,+11.705,+10.031,+0.941
1685119260,+3.46,+11.785, +9.982,+0.941
1685119320,+3.46,+11.794, +9.980,+0.941
1685119380,+3.46,+11.758, +9.965,+0.941
1685119440,+3.46,+11.714, +9.953,+0.940
1685119500,+3.46,+11.767, +9.962,+0.942
1685119560,+3.46,+11.758, +9.978,+0.941
1685119620,+3.46,+11.767, +9.991,+0.941
1685119680,+3.46,+11.839, +9.966,+0.942
1685119740,+3.46,+11.848, +9.960,+0.942
1685119800,+3.46,+11.794, +9.933,+0.941
1685119860,+3.46,+11.750, +9.942,+0.941
1685119920,+3.46,+11.848, +9.921,+0.942
1685119980,+3.46,+11.812, +9.941,+0.941
1685120040,+3.46,+11.866, +9.907,+0.941
1685120100,+3.46,+11.812, +9.887,+0.941
1685120160,+3.46,+11.830, +9.870,+0.942
1685120220,+3.46,+11.830, +9.835,+0.941
1685120280,+3.46,+11.794, +9.854,+0.941
1685120340,+3.46,+11.812, +9.917,+0.941
1685120400,+3.46,+11.848, +9.958,+0.941
1685120460,+3.46,+11.830, +9.998,+0.941
1685120520,+3.46,+11.776,+10.033,+0.941
1685120580,+3.46,+11.812,+10.013,+0.941
1685120640,+3.46,+11.776,+10.046,+0.942
1685120700,+3.46,+11.821,+10.012,+0.941
1685120760,+3.46,+11.776,+10.011,+0.941
1685120820,+3.46,+11.767, +9.984,+0.941
1685120880,+3.46,+11.758, +9.921,+0.941
1685120940,+3.46,+11.741, +9.940,+0.941
1685121000,+3.46,+11.732, +9.999,+0.941
1685121060,+3.46,+11.758, +9.971,+0.941
1685121120,+3.46,+11.812, +9.915,+0.941
1685121180,+3.46,+11.821, +9.897,+0.942
1685121240,+3.46,+11.848, +9.901,+0.941
1685121300,+3.46,+11.901, +9.911,+0.941
1685121360,+3.46,+11.883, +9.956,+0.941
1685121420,+3.46,+11.901, +9.949,+0.941
1685121480,+3.46,+11.892, +9.897,+0.941
1685121540,+3.46,+11.874, +9.871,+0.940
1685121600,+3.46,+11.839, +9.881,+0.941
1685121660,+3.46,+11.892, +9.871,+0.941
1685121720,+3.46,+11.821, +9.894,+0.941
1685121780,+3.46,+11.830, +9.870,+0.941
1685121840,+3.46,+11.794, +9.873,+0.941
1685121900,+3.46,+11.848, +9.870,+0.941
1685121960,+3.46,+11.839, +9.893,+0.941
1685122020,+3.46,+11.821, +9.892,+0.941
1685122080,+3.46,+11.857, +9.864,+0.940
1685122140,+3.46,+11.866, +9.888,+0.941
1685122200,+3.46,+11.821, +9.932,+0.941
1685122260,+3.46,+11.812, +9.931,+0.941
1685122320,+3.46,+11.794, +9.962,+0.942
1685122380,+3.46,+11.794, +9.953,+0.941
1685122440,+3.46,+11.758, +9.963,+0.942
1685122500,+3.46,+11.785, +9.934,+0.941
1685122560,+3.46,+11.830, +9.902,+0.941
1685122620,+3.46,+11.785, +9.944,+0.941
1685122680,+3.46,+11.803, +9.956,+0.941
1685122740,+3.46,+11.767,+10.013,+0.941
1685122800,+3.46,+11.785,+10.023,+0.941
1685122860,+3.46,+11.767,+10.016,+0.941
1685122920,+3.46,+11.812, +9.976,+0.941
1685122980,+3.46,+11.758, +9.976,+0.941
1685123040,+3.46,+11.776, +9.947,+0.941
1685123100,+3.46,+11.705, +9.984,+0.942
1685123160,+3.46,+11.767, +9.935,+0.941
1685123220,+3.46,+11.714, +9.937,+0.941
1685123280,+3.46,+11.758, +9.908,+0.941
1685123340,+3.46,+11.732, +9.925,+0.941
1685123400,+3.46,+11.785, +9.916,+0.941
1685123460,+3.46,+11.750, +9.962,+0.941
1685123520,+3.46,+11.758,+10.000,+0.941
1685123580,+3.46,+11.812,+10.021,+0.941
1685123640,+3.46,+11.821,+10.062,+0.941
1685123700,+3.46,+11.750,+10.094,+0.941
1685123760,+3.46,+11.812,+10.070,+0.941
1685123820,+3.46,+11.794,+10.075,+0.941
1685123880,+3.46,+11.767,+10.073,+0.941
1685123940,+3.46,+11.803,+10.057,+0.941
1685124000,+3.46,+11.785,+10.050,+0.941
1685124060,+3.46,+11.821,+10.071,+0.941
1685124120,+3.46,+11.785,+10.082,+0.941
1685124180,+3.46,+11.803,+10.053,+0.941
1685124240,+3.46,+11.830, +9.993,+0.941
1685124300,+3.46,+11.812, +9.972,+0.941
1685124360,+3.46,+11.830, +9.993,+0.941
1685124420,+3.46,+11.785,+10.019,+0.941
1685124480,+3.46,+11.803,+10.036,+0.942
1685124540,+3.46,+11.803,+10.056,+0.941
1685124600,+3.46,+11.839,+10.072,+0.941
1685124660,+3.46,+11.821,+10.082,+0.941
1685124720,+3.46,+11.848,+10.061,+0.941
1685124780,+3.46,+11.848,+10.038,+0.941
1685124840,+3.46,+11.830,+10.038,+0.941
1685124900,+3.46,+11.857,+10.025,+0.941
1685124960,+3.46,+11.874,+10.003,+0.941
1685125020,+3.46,+11.883, +9.985,+0.942
1685125080,+3.46,+11.848, +9.963,+0.942
1685125140,+3.46,+11.848, +9.912,+0.941
1685125200,+3.46,+11.874, +9.862,+0.941
1685125260,+3.46,+11.883, +9.822,+0.941
1685125320,+3.46,+11.821, +9.823,+0.941
1685125380,+3.46,+11.857, +9.826,+0.941
1685125440,+3.46,+11.830, +9.824,+0.941
1685125500,+3.46,+11.848, +9.792,+0.941
1685125560,+3.46,+11.874, +9.779,+0.941
1685125620,+3.46,+11.866, +9.801,+0.941
1685125680,+3.46,+11.839, +9.818,+0.941
1685125740,+3.46,+11.874, +9.833,+0.941
1685125800,+3.46,+11.848, +9.875,+0.941
1685125860,+3.46,+11.848, +9.894,+0.941
1685125920,+3.46,+11.866, +9.911,+0.941
1685125980,+3.46,+11.857, +9.915,+0.941
1685126040,+3.46,+11.866, +9.895,+0.941
1685126100,+3.46,+11.866, +9.876,+0.941
1685126160,+3.46,+11.874, +9.852,+0.941
1685126220,+3.46,+11.848, +9.864,+0.941
1685126280,+3.46,+11.848, +9.862,+0.941
1685126340,+3.46,+11.857, +9.859,+0.941
1685126400,+3.46,+11.883, +9.847,+0.941
1685126460,+3.46,+11.776, +9.881,+0.941
1685126520,+3.46,+11.883, +9.853,+0.941
1685126580,+3.46,+11.874, +9.883,+0.941
1685126640,+3.46,+11.874, +9.906,+0.941
1685126700,+3.46,+11.883, +9.960,+0.941
1685126760,+3.46,+11.830, +9.991,+0.942
1685126820,+3.46,+11.857, +9.985,+0.941
1685126880,+3.46,+11.839, +9.983,+0.942
1685126940,+3.46,+11.857, +9.954,+0.941
1685127000,+3.46,+11.883, +9.938,+0.941
1685127060,+3.46,+11.874, +9.939,+0.941
1685127120,+3.46,+11.866, +9.940,+0.941
1685127180,+3.46,+11.848, +9.934,+0.941
1685127240,+3.46,+11.848, +9.890,+0.941
1685127300,+3.46,+11.866, +9.927,+0.941
1685127360,+3.46,+11.830,+10.023,+0.941
1685127420,+3.46,+11.874,+10.035,+0.941
1685127480,+3.46,+11.866,+10.039,+0.941
1685127540,+3.46,+11.874,+10.002,+0.941
1685127600,+3.46,+11.866, +9.964,+0.941
1685127660,+3.46,+11.866, +9.972,+0.941
1685127720,+3.46,+11.928, +9.940,+0.941
1685127780,+3.46,+11.928, +9.943,+0.942
1685127840,+3.46,+11.883, +9.955,+0.942
1685127900,+3.46,+11.928, +9.909,+0.941
1685127960,+3.46,+11.901, +9.864,+0.941
1685128020,+3.46,+11.830, +9.947,+0.941
1685128080,+3.46,+11.776, +9.929,+0.941
1685128140,+3.46,+11.794, +9.953,+0.941
1685128200,+3.46,+11.750, +9.955,+0.941
1685128260,+3.46,+11.732, +9.902,+0.941
1685128320,+3.46,+11.714, +9.911,+0.941
1685128380,+3.46,+11.714, +9.908,+0.941
1685128440,+3.46,+11.732, +9.902,+0.941
1685128500,+3.46,+11.714, +9.902,+0.941
1685128560,+3.46,+11.723, +9.875,+0.940
1685128620,+3.46,+11.732, +9.874,+0.941
1685128680,+3.46,+11.678, +9.896,+0.941
1685128740,+3.46,+11.696, +9.877,+0.941
1685128800,+3.46,+11.687, +9.869,+0.941
1685128860,+3.46,+11.723, +9.900,+0.941
1685128920,+3.46,+11.741, +9.955,+0.941
1685128980,+3.46,+11.696, +9.985,+0.941
1685129040,+3.46,+11.741, +9.961,+0.941
1685129100,+3.46,+11.669, +9.783,+0.941
1685129160,+3.46,+11.580, +9.685,+0.941
1685129220,+3.46,+11.571, +9.686,+0.940
1685129280,+3.46,+11.571, +9.709,+0.941
1685129340,+3.46,+11.508, +9.738,+0.941
1685129400,+3.46,+11.598, +9.726,+0.941
1685129460,+3.46,+11.580, +9.730,+0.941
1685129520,+3.46,+11.589, +9.722,+0.941
1685129580,+3.46,+11.553, +9.779,+0.941
1685129640,+3.46,+11.517, +9.721,+0.941
1685129700,+3.46,+11.553, +9.707,+0.941
1685129760,+3.46,+11.535, +9.712,+0.941
1685129820,+3.46,+11.615, +9.690,+0.941
1685129880,+3.46,+11.615, +9.727,+0.941
1685129940,+3.46,+11.651, +9.774,+0.941
1685130000,+3.46,+11.633, +9.882,+0.941
1685130060,+3.46,+11.678, +9.922,+0.941
1685130120,+3.46,+11.696, +9.940,+0.941
1685130180,+3.46,+11.642, +9.963,+0.941
1685130240,+3.46,+11.723, +9.945,+0.941
1685130300,+3.46,+11.678, +9.996,+0.942
1685130360,+3.46,+11.624, +9.997,+0.941
1685130420,+3.46,+11.714, +9.966,+0.942
1685130480,+3.46,+11.687, +9.993,+0.941
1685130540,+3.46,+11.705,+10.012,+0.941
1685130600,+3.46,+11.741,+10.020,+0.941
1685130660,+3.46,+11.732,+10.051,+0.941
1685130720,+3.46,+11.687,+10.073,+0.941
1685130780,+3.46,+11.714,+10.052,+0.941
1685130840,+3.46,+11.705,+10.047,+0.941
1685130900,+3.46,+11.696,+10.029,+0.941
1685130960,+3.46,+11.678, +9.847,+0.940
1685131020,+3.46,+11.463, +9.568,+0.940
1685131080,+3.46,+11.293, +9.586,+0.940
1685131140,+3.46,+11.257, +9.580,+0.940
1685131200,+3.46,+11.167, +9.606,+0.941
1685131260,+3.46,+11.131, +9.636,+0.941
1685131320,+3.46,+11.212, +9.619,+0.941
1685131380,+3.46,+11.095, +9.646,+0.941
1685131440,+3.46,+11.122, +9.584,+0.941
1685131500,+3.46,+11.014, +9.612,+0.941
1685131560,+3.46,+11.005, +9.588,+0.940
1685131620,+3.46,+10.941, +9.620,+0.941
1685131680,+3.46,+10.987, +9.599,+0.941
1685131740,+3.46,+10.978, +9.586,+0.941
1685131800,+3.46,+11.014, +9.555,+0.940
1685131860,+3.46,+11.023, +9.569,+0.941
1685131920,+3.46,+11.059, +9.585,+0.941
1685131980,+3.46,+11.095, +9.606,+0.941
1685132040,+3.46,+11.122, +9.545,+0.941
1685132100,+3.46,+11.005, +9.555,+0.941
1685132160,+3.46,+10.996, +9.556,+0.941
1685132220,+3.46,+10.923, +9.579,+0.941
1685132280,+3.46,+10.887, +9.578,+0.941
1685132340,+3.46,+10.824, +9.599,+0.941
1685132400,+3.46,+10.779, +9.620,+0.941
1685132460,+3.46,+10.779, +9.629,+0.941
1685132520,+3.46,+10.797, +9.629,+0.941
1685132580,+3.46,+10.752, +9.652,+0.941
1685132640,+3.46,+10.761, +9.633,+0.941
1685132700,+3.46,+10.715, +9.627,+0.941
1685132760,+3.46,+10.779, +9.596,+0.941
1685132820,+3.46,+10.724, +9.609,+0.941
1685132880,+3.46,+10.697, +9.612,+0.941
1685132940,+3.46,+10.688, +9.610,+0.941
1685133000,+3.46,+10.670, +9.619,+0.941
1685133060,+3.46,+10.643, +9.633,+0.941
1685133120,+3.46,+10.598, +9.667,+0.941
1685133180,+3.46,+10.643, +9.621,+0.941
1685133240,+3.46,+10.634, +9.603,+0.941
1685133300,+3.46,+10.634, +9.587,+0.941
1685133360,+3.46,+10.607, +9.581,+0.941
1685133420,+3.46,+10.607, +9.579,+0.941
1685133480,+3.46,+10.652, +9.550,+0.941
1685133540,+3.46,+10.589, +9.568,+0.941
1685133600,+3.46,+10.598, +9.593,+0.941
1685133660,+3.46,+10.661, +9.596,+0.941
1685133720,+3.46,+10.670, +9.612,+0.942
1685133780,+3.46,+10.643, +9.628,+0.941
1685133840,+3.46,+10.634, +9.631,+0.941
1685133900,+3.46,+10.715, +9.576,+0.941
1685133960,+3.46,+10.670, +9.579,+0.941
1685134020,+3.46,+10.688, +9.551,+0.941
1685134080,+3.46,+10.634, +9.542,+0.941
1685134140,+3.46,+10.598, +9.591,+0.941
1685134200,+3.46,+10.579, +9.612,+0.941
1685134260,+3.46,+10.579, +9.581,+0.941
1685134320,+3.46,+10.489, +9.467,+0.941
1685134380,+3.46,+10.443, +9.426,+0.941
1685134440,+3.46,+10.434, +9.415,+0.941
1685134500,+3.46,+10.470, +9.392,+0.941
1685134560,+3.46,+10.443, +9.396,+0.941
1685134620,+3.46,+10.489, +9.377,+0.941
1685134680,+3.46,+10.461, +9.383,+0.941
1685134740,+3.46,+10.480, +9.389,+0.941
1685134800,+3.46,+10.525, +9.391,+0.941
1685134860,+3.46,+10.461, +9.386,+0.941
1685134920,+3.46,+10.416, +9.383,+0.941
1685134980,+3.46,+10.398, +9.374,+0.941
1685135040,+3.46,+10.407, +9.378,+0.941
1685135100,+3.46,+10.425, +9.364,+0.941
1685135160,+3.46,+10.352, +9.404,+0.941
1685135220,+3.46,+10.434, +9.363,+0.941
1685135280,+3.46,+10.389, +9.376,+0.941
1685135340,+3.46,+10.361, +9.390,+0.941
1685135400,+3.46,+10.370, +9.369,+0.941
1685135460,+3.46,+10.380, +9.364,+0.941
1685135520,+3.46,+10.380, +9.360,+0.941
1685135580,+3.46,+10.443, +9.322,+0.940
1685135640,+3.46,+10.361, +9.374,+0.941
1685135700,+3.46,+10.452, +9.346,+0.941
1685135760,+3.46,+10.416, +9.358,+0.941
1685135820,+3.46,+10.389, +9.348,+0.940
1685135880,+3.46,+10.398, +9.341,+0.941
1685135940,+3.46,+10.343, +9.355,+0.941
1685136000,+3.46,+10.407, +9.334,+0.941
1685136060,+3.46,+10.398, +9.332,+0.941
1685136120,+3.46,+10.389, +9.339,+0.941
1685136180,+3.46,+10.343, +9.360,+0.941
1685136240,+3.46,+10.370, +9.303,+0.941
1685136300,+3.46,+10.425, +9.193,+0.940
1685136360,+3.46,+10.316, +9.236,+0.941
1685136420,+3.46,+10.307, +9.241,+0.941
1685136480,+3.46,+10.343, +9.238,+0.941
1685136540,+3.46,+10.252, +9.284,+0.941
1685136600,+3.46,+10.279, +9.266,+0.940
1685136660,+3.46,+10.288, +9.268,+0.941
1685136720,+3.46,+10.234, +9.288,+0.941
1685136780,+3.46,+10.206, +9.280,+0.941
1685136840,+3.46,+10.179, +9.281,+0.941
1685136900,+3.46,+10.243, +9.243,+0.941
1685136960,+3.46,+10.252, +9.224,+0.941
1685137020,+3.46,+10.243, +9.237,+0.940
1685137080,+3.46,+10.234, +9.270,+0.941
1685137140,+3.46,+10.197, +9.295,+0.941
1685137200,+3.46,+10.225, +9.289,+0.941
1685137260,+3.46,+10.170, +9.315,+0.941
1685137320,+3.46,+10.170, +9.345,+0.941
1685137380,+3.46,+10.206, +9.364,+0.941
1685137440,+3.46,+10.170, +9.388,+0.941
1685137500,+3.46,+10.152, +9.382,+0.941
1685137560,+3.46,+10.097, +9.411,+0.941
1685137620,+3.46,+10.152, +9.360,+0.941
1685137680,+3.46,+10.115, +9.390,+0.941
1685137740,+3.46,+10.069, +9.420,+0.941
1685137800,+3.46,+10.033, +9.438,+0.941
1685137860,+3.46, +9.987, +9.483,+0.941
1685137920,+3.46,+10.005, +9.478,+0.940
1685137980,+3.46,+10.024, +9.485,+0.941
1685138040,+3.46,+10.069, +9.434,+0.941
1685138100,+3.46,+10.024, +9.440,+0.941
1685138160,+3.46, +9.987, +9.444,+0.941
1685138220,+3.46, +9.978, +9.451,+0.941
1685138280,+3.46, +9.996, +9.438,+0.941
1685138340,+3.46,+10.015, +9.429,+0.941
1685138400,+3.46,+10.005, +9.423,+0.941
1685138460,+3.46, +9.969, +9.437,+0.941
1685138520,+3.46, +9.950, +9.439,+0.941
1685138580,+3.46,+10.088, +9.373,+0.941
1685138640,+3.46,+10.015, +9.407,+0.941
1685138700,+3.46,+10.051, +9.399,+0.941
1685138760,+3.46, +9.960, +9.438,+0.941
1685138820,+3.46, +9.996, +9.435,+0.941
1685138880,+3.46, +9.987, +9.433,+0.941
1685138940,+3.46,+10.015, +9.416,+0.941
1685139000,+3.46, +9.978, +9.436,+0.941
1685139060,+3.46, +9.969, +9.423,+0.941
1685139120,+3.46,+10.005, +9.398,+0.941
1685139180,+3.46,+10.015, +9.388,+0.941
1685139240,+3.46, +9.987, +9.385,+0.941
1685139300,+3.46, +9.923, +9.412,+0.941
1685139360,+3.46,+10.033, +9.371,+0.941
1685139420,+3.46, +9.960, +9.407,+0.941
1685139480,+3.46, +9.969, +9.388,+0.941
1685139540,+3.46, +9.978, +9.370,+0.941
1685139600,+3.46, +9.969, +9.368,+0.941
1685139660,+3.46, +9.950, +9.374,+0.941
1685139720,+3.46, +9.950, +9.387,+0.941
1685139780,+3.46, +9.941, +9.392,+0.941
1685139840,+3.46, +9.960, +9.377,+0.941
1685139900,+3.46, +9.950, +9.376,+0.941
1685139960,+3.46,+10.015, +9.356,+0.941
1685140020,+3.46, +9.987, +9.345,+0.941
1685140080,+3.46,+10.033, +9.306,+0.941
1685140140,+3.46,+10.015, +9.284,+0.941
1685140200,+3.46,+10.133, +9.248,+0.941
1685140260,+3.46,+10.179, +9.235,+0.941
1685140320,+3.46,+10.252, +9.218,+0.941
1685140380,+3.46,+10.279, +9.224,+0.941
1685140440,+3.46,+10.307, +9.248,+0.941
1685140500,+3.46,+10.343, +9.275,+0.941
1685140560,+3.46,+10.361, +9.313,+0.941
1685140620,+3.46,+10.398, +9.326,+0.941
1685140680,+3.46,+10.398, +9.335,+0.941
1685140740,+3.46,+10.389, +9.350,+0.941
1685140800,+3.46,+10.407, +9.354,+0.941
1685140860,+3.46,+10.380, +9.375,+0.941
1685140920,+3.46,+10.425, +9.368,+0.941
1685140980,+3.46,+10.434, +9.368,+0.941
1685141040,+3.46,+10.416, +9.371,+0.941
1685141100,+3.46,+10.489, +9.351,+0.941
1685141160,+3.46,+10.470, +9.393,+0.941
1685141220,+3.46,+10.507, +9.445,+0.941
1685141280,+3.46,+10.425, +9.510,+0.941
1685141340,+3.46,+10.461, +9.299,+0.941
1685141400,+3.46,+10.452, +9.382,+0.941
1685141460,+3.46,+10.352, +9.445,+0.941
1685141520,+3.46,+10.370, +9.473,+0.941
1685141580,+3.46,+10.298, +9.519,+0.941
1685141640,+3.46,+10.316, +9.503,+0.941
1685141700,+3.46,+10.316, +9.441,+0.941
1685141760,+3.46,+10.316, +9.416,+0.941
1685141820,+3.46,+10.298, +9.403,+0.941
1685141880,+3.46,+10.316, +9.378,+0.941
1685141940,+3.46,+10.316, +9.366,+0.941
1685142000,+3.46,+10.334, +9.327,+0.941
1685142060,+3.46,+10.334, +9.291,+0.941
1685142120,+3.46,+10.261, +9.325,+0.941
1685142180,+3.46,+10.243, +9.340,+0.941
1685142240,+3.46,+10.288, +9.341,+0.941
1685142300,+3.46,+10.334, +9.344,+0.941
1685142360,+3.46,+10.307, +9.353,+0.941
1685142420,+3.46,+10.361, +9.339,+0.941
1685142480,+3.46,+10.352, +9.328,+0.940
1685142540,+3.46,+10.352, +9.342,+0.941
1685142600,+3.46,+10.370, +9.333,+0.940
1685142660,+3.46,+10.370, +9.348,+0.941
1685142720,+3.46,+10.352, +9.365,+0.941
1685142780,+3.46,+10.416, +9.347,+0.941
1685142840,+3.46,+10.407, +9.351,+0.941
1685142900,+3.46,+10.452, +9.341,+0.941
1685142960,+3.46,+10.498, +9.324,+0.941
1685143020,+3.46,+10.498, +9.322,+0.941
1685143080,+3.46,+10.425, +9.348,+0.941
1685143140,+3.46,+10.534, +9.301,+0.941
1685143200,+3.46,+10.534, +9.342,+0.941
1685143260,+3.46,+10.543, +9.395,+0.941
1685143320,+3.46,+10.561, +9.393,+0.942
1685143380,+3.46,+10.570, +9.396,+0.941
1685143440,+3.46,+10.715, +9.341,+0.941
1685143500,+3.46,+10.761, +9.328,+0.942
1685143560,+3.46,+10.960, +9.316,+0.942
1685143620,+3.46,+11.086, +9.296,+0.941
1685143680,+3.46,+11.311, +9.360,+0.941
1685143740,+3.46,+11.553, +9.494,+0.941
1685143800,+3.46,+11.589, +9.608,+0.942
1685143860,+3.46,+11.642, +9.716,+0.942
1685143920,+3.46,+11.615, +9.240,+0.940
1685143980,+3.46,+11.257, +9.195,+0.940
1685144040,+3.46,+11.113, +9.315,+0.940
1685144100,+3.46,+10.941, +9.383,+0.940
1685144160,+3.46,+10.887, +9.411,+0.941
1685144220,+3.46,+10.851, +9.375,+0.941
1685144280,+3.46,+10.833, +9.350,+0.941
1685144340,+3.46,+10.969, +9.299,+0.941
1685144400,+3.46,+11.122, +9.328,+0.941
1685144460,+3.46,+11.302, +9.379,+0.941
1685144520,+3.46,+11.329, +9.376,+0.941
1685144580,+3.46,+11.347, +9.356,+0.941
1685144640,+3.46,+11.391, +9.378,+0.942
1685144700,+3.46,+11.517, +9.448,+0.941
1685144760,+3.46,+11.624, +9.551,+0.941
1685144820,+3.46,+11.633, +9.656,+0.941
1685144880,+3.46,+11.705, +9.646,+0.942
1685144940,+3.46,+11.651, +9.344,+0.940
1685145000,+3.46,+11.284, +9.290,+0.940
1685145060,+3.46,+11.104, +9.287,+0.940
1685145120,+3.46,+11.014, +9.316,+0.941
1685145180,+3.46,+10.923, +9.318,+0.940
1685145240,+3.46,+10.824, +9.362,+0.940
1685145300,+3.46,+10.761, +9.371,+0.941
1685145360,+3.46,+10.715, +9.377,+0.941
1685145420,+3.46,+10.652, +9.372,+0.940
1685145480,+3.46,+10.670, +9.361,+0.941
1685145540,+3.46,+10.625, +9.362,+0.941
1685145600,+3.46,+10.579, +9.344,+0.940
1685145660,+3.46,+10.570, +9.306,+0.940
1685145720,+3.46,+10.525, +9.314,+0.941
1685145780,+3.46,+10.534, +9.290,+0.940
1685145840,+3.46,+10.534, +9.272,+0.941
1685145900,+3.46,+10.507, +9.270,+0.940
1685145960,+3.46,+10.480, +9.284,+0.941
1685146020,+3.46,+10.480, +9.263,+0.941
1685146080,+3.46,+10.543, +9.222,+0.940
1685146140,+3.46,+10.470, +9.258,+0.940
1685146200,+3.46,+10.380, +9.325,+0.941
1685146260,+3.46,+10.398, +9.346,+0.941
1685146320,+3.46,+10.370, +9.374,+0.941
1685146380,+3.46,+10.370, +9.356,+0.941
1685146440,+3.46,+10.361, +9.354,+0.941
1685146500,+3.46,+10.325, +9.365,+0.941
1685146560,+3.46,+10.343, +9.351,+0.941
1685146620,+3.46,+10.416, +9.329,+0.941
1685146680,+3.46,+10.380, +9.346,+0.941
1685146740,+3.46,+10.416, +9.348,+0.941
1685146800,+3.46,+10.334, +9.369,+0.941
1685146860,+3.46,+10.316, +9.353,+0.941
1685146920,+3.46,+10.407, +9.297,+0.940
1685146980,+3.46,+10.334, +9.360,+0.941
1685147040,+3.46,+10.334, +9.359,+0.941
1685147100,+3.46,+10.316, +9.337,+0.941
1685147160,+3.46,+10.307, +9.315,+0.941
1685147220,+3.46,+10.307, +9.301,+0.941
1685147280,+3.46,+10.334, +9.286,+0.941
1685147340,+3.46,+10.352, +9.259,+0.941
1685147400,+3.46,+10.307, +9.279,+0.941
1685147460,+3.46,+10.380, +9.273,+0.940
1685147520,+3.46,+10.307, +9.329,+0.941
1685147580,+3.46,+10.343, +9.305,+0.941
1685147640,+3.46,+10.380, +9.299,+0.941
1685147700,+3.46,+10.316, +9.345,+0.941
1685147760,+3.46,+10.288, +9.362,+0.941
1685147820,+3.46,+10.316, +9.328,+0.940
1685147880,+3.46,+10.361, +9.317,+0.941
1685147940,+3.46,+10.288, +9.340,+0.941
1685148000,+3.46,+10.343, +9.310,+0.941
1685148060,+3.46,+10.325, +9.330,+0.941
1685148120,+3.46,+10.334, +9.352,+0.941
1685148180,+3.46,+10.325, +9.369,+0.941
1685148240,+3.46,+10.398, +9.360,+0.941
1685148300,+3.46,+10.416, +9.375,+0.941
1685148360,+3.46,+10.452, +9.361,+0.941
1685148420,+3.46,+10.434, +9.370,+0.941
1685148480,+3.46,+10.461, +9.353,+0.941
1685148540,+3.46,+10.552, +9.327,+0.941
1685148600,+3.46,+10.634, +9.323,+0.941
1685148660,+3.46,+10.770, +9.290,+0.941
1685148720,+3.46,+10.761, +9.311,+0.941
1685148780,+3.46,+10.815, +9.294,+0.941
1685148840,+3.46,+10.824, +9.289,+0.941
1685148900,+3.46,+10.860, +9.278,+0.941
1685148960,+3.46,+10.923, +9.269,+0.941
1685149020,+3.46,+10.905, +9.308,+0.941
1685149080,+3.46,+10.969, +9.290,+0.941
1685149140,+3.46,+10.996, +9.293,+0.941
1685149200,+3.46,+11.023, +9.257,+0.941
1685149260,+3.46,+10.969, +9.307,+0.941
1685149320,+3.46,+11.032, +9.306,+0.941
1685149380,+3.46,+11.095, +9.315,+0.941
1685149440,+3.46,+11.059, +9.316,+0.941
1685149500,+3.46,+11.113, +9.295,+0.941
1685149560,+3.46,+11.158, +9.294,+0.942
1685149620,+3.46,+11.266, +9.268,+0.941
1685149680,+3.46,+11.275, +9.307,+0.941
1685149740,+3.46,+11.391, +9.313,+0.942
1685149800,+3.46,+11.418, +9.337,+0.941
1685149860,+3.46,+11.490, +9.370,+0.941
1685149920,+3.46,+11.526, +9.405,+0.942
1685149980,+3.46,+11.669, +9.478,+0.942
1685150040,+3.46,+11.678, +9.591,+0.942
1685150100,+3.46,+11.758, +9.684,+0.942
1685150160,+3.46,+11.839, +9.754,+0.942
1685150220,+3.46,+11.928, +9.743,+0.941
1685150280,+3.46,+11.972, +9.795,+0.942
1685150340,+3.46,+11.972, +9.868,+0.942
1685150400,+3.46,+11.999, +9.936,+0.942
1685150460,+3.46,+12.124, +9.938,+0.941
1685150520,+3.46,+12.115, +9.959,+0.941
1685150580,+3.46,+12.204, +9.937,+0.941
1685150640,+3.46,+12.159, +9.935,+0.942
1685150700,+3.46,+12.150, +9.939,+0.941
1685150760,+3.46,+12.195, +9.869,+0.941
1685150820,+3.46,+12.133, +9.837,+0.941
1685150880,+3.46,+12.097, +9.829,+0.941
1685150940,+3.46,+12.079, +9.868,+0.941
1685151000,+3.46,+12.017, +9.882,+0.941
1685151060,+3.46,+12.026, +9.855,+0.941
1685151120,+3.46,+12.035, +9.782,+0.941
1685151180,+3.46,+11.981, +9.807,+0.941
1685151240,+3.46,+11.928, +9.851,+0.941
1685151300,+3.46,+11.892, +9.819,+0.941
1685151360,+3.46,+11.821, +9.788,+0.941
1685151420,+3.46,+11.821, +9.724,+0.941
1685151480,+3.46,+11.776, +9.679,+0.941
1685151540,+3.46,+11.669, +9.675,+0.941
1685151600,+3.46,+11.669, +9.569,+0.941
1685151660,+3.46,+11.651, +9.521,+0.941
1685151720,+3.46,+11.615, +9.537,+0.941
1685151780,+3.46,+11.562, +9.548,+0.940
1685151840,+3.46,+11.535, +9.554,+0.941
1685151900,+3.46,+11.580, +9.527,+0.941
1685151960,+3.46,+11.562, +9.542,+0.941
1685152020,+3.46,+11.562, +9.547,+0.941
1685152080,+3.46,+11.553, +9.554,+0.940
1685152140,+3.46,+11.508, +9.614,+0.941
1685152200,+3.46,+11.624, +9.598,+0.941
1685152260,+3.46,+11.562, +9.661,+0.941
1685152320,+3.46,+11.562, +9.664,+0.941
1685152380,+3.46,+11.562, +9.639,+0.941
1685152440,+3.46,+11.517, +9.664,+0.941
1685152500,+3.46,+11.544, +9.650,+0.941
1685152560,+3.46,+11.589, +9.655,+0.941
1685152620,+3.46,+11.660, +9.650,+0.941
1685152680,+3.46,+11.687, +9.665,+0.941
1685152740,+3.46,+11.660, +9.718,+0.941
1685152800,+3.46,+11.660, +9.739,+0.941
1685152860,+3.46,+11.633, +9.761,+0.941
1685152920,+3.46,+11.651, +9.758,+0.941
1685152980,+3.46,+11.642, +9.753,+0.941
1685153040,+3.46,+11.660, +9.733,+0.941
1685153100,+3.46,+11.687, +9.699,+0.941
1685153160,+3.46,+11.615, +9.646,+0.941
1685153220,+3.46,+11.517, +9.512,+0.941
1685153280,+3.46,+11.427, +9.520,+0.941
1685153340,+3.46,+11.409, +9.544,+0.941
1685153400,+3.46,+11.427, +9.578,+0.941
1685153460,+3.46,+11.499, +9.585,+0.941
1685153520,+3.46,+11.562, +9.615,+0.941
1685153580,+3.46,+11.571, +9.635,+0.941
1685153640,+3.46,+11.651, +9.647,+0.941
1685153700,+3.46,+11.589, +9.727,+0.941
1685153760,+3.46,+11.696, +9.717,+0.941
1685153820,+3.46,+11.687, +9.760,+0.941
1685153880,+3.46,+11.723, +9.795,+0.941
1685153940,+3.46,+11.714, +9.816,+0.941
1685154000,+3.46,+11.750, +9.818,+0.941
1685154060,+3.46,+11.705, +9.846,+0.941
1685154120,+3.46,+11.732, +9.843,+0.941
1685154180,+3.46,+11.767, +9.866,+0.941
1685154240,+3.46,+11.767, +9.918,+0.942
1685154300,+3.46,+11.794, +9.928,+0.941
1685154360,+3.46,+11.785, +9.935,+0.941
1685154420,+3.46,+11.812, +9.921,+0.941
1685154480,+3.46,+11.776, +9.928,+0.941
1685154540,+3.46,+11.848, +9.897,+0.941
1685154600,+3.46,+11.848, +9.871,+0.941
1685154660,+3.46,+11.839, +9.873,+0.941
1685154720,+3.46,+11.830, +9.881,+0.941
1685154780,+3.46,+11.812, +9.864,+0.941
1685154840,+3.46,+11.848, +9.808,+0.941
1685154900,+3.46,+11.812, +9.818,+0.941
1685154960,+3.46,+11.767, +9.849,+0.941
1685155020,+3.46,+11.767, +9.853,+0.941
1685155080,+3.46,+11.750, +9.836,+0.941
1685155140,+3.46,+11.758, +9.801,+0.941
1685155200,+3.46,+11.750, +9.787,+0.941
1685155260,+3.46,+11.758, +9.785,+0.941
1685155320,+3.46,+11.696, +9.791,+0.941
1685155380,+3.46,+11.714, +9.771,+0.941
1685155440,+3.46,+11.669, +9.778,+0.941
1685155500,+3.46,+11.696, +9.749,+0.941
1685155560,+3.46,+11.651, +9.737,+0.941
1685155620,+3.46,+11.562, +9.758,+0.941
1685155680,+3.46,+11.633, +9.732,+0.941
1685155740,+3.46,+11.580, +9.712,+0.941
1685155800,+3.46,+11.562, +9.709,+0.941
1685155860,+3.46,+11.562, +9.692,+0.941
1685155920,+3.46,+11.580, +9.648,+0.941
1685155980,+3.46,+11.490, +9.680,+0.941
1685156040,+3.46,+11.508, +9.667,+0.941
1685156100,+3.46,+11.508, +9.689,+0.941
1685156160,+3.46,+11.490, +9.718,+0.941
1685156220,+3.46,+11.436, +9.734,+0.941
1685156280,+3.46,+11.499, +9.748,+0.941
1685156340,+3.46,+11.463, +9.814,+0.941
1685156400,+3.46,+11.445, +9.831,+0.941
1685156460,+3.46,+11.472, +9.830,+0.941
1685156520,+3.46,+11.418, +9.820,+0.941
1685156580,+3.46,+11.427, +9.840,+0.941
1685156640,+3.46,+11.391, +9.849,+0.941
1685156700,+3.46,+11.374, +9.877,+0.941
1685156760,+3.46,+11.374, +9.869,+0.941
1685156820,+3.46,+11.365, +9.878,+0.941
1685156880,+3.46,+11.365, +9.874,+0.941
1685156940,+3.46,+11.365, +9.873,+0.941
1685157000,+3.46,+11.347, +9.852,+0.941
1685157060,+3.46,+11.293, +9.612,+0.940
1685157120,+3.46,+11.203, +9.615,+0.941
1685157180,+3.46,+11.122, +9.619,+0.941
1685157240,+3.46,+11.086, +9.551,+0.941
1685157300,+3.46,+11.014, +9.554,+0.941
1685157360,+3.46,+10.960, +9.554,+0.941
1685157420,+3.46,+10.987, +9.537,+0.941
1685157480,+3.46,+10.923, +9.549,+0.941
1685157540,+3.46,+10.905, +9.573,+0.941
1685157600,+3.46,+10.951, +9.529,+0.940
1685157660,+3.46,+10.878, +9.551,+0.941
1685157720,+3.46,+10.951, +9.519,+0.941
1685157780,+3.46,+10.842, +9.558,+0.941
1685157840,+3.46,+10.869, +9.552,+0.941
1685157900,+3.46,+10.878, +9.547,+0.941
1685157960,+3.46,+10.896, +9.540,+0.941
1685158020,+3.46,+10.878, +9.536,+0.941
1685158080,+3.46,+10.869, +9.551,+0.941
1685158140,+3.46,+10.951, +9.513,+0.940
1685158200,+3.46,+10.914, +9.553,+0.941
1685158260,+3.46,+10.905, +9.574,+0.941
1685158320,+3.46,+10.941, +9.572,+0.941
1685158380,+3.46,+10.969, +9.569,+0.941
1685158440,+3.46,+11.014, +9.553,+0.941
1685158500,+3.46,+10.996, +9.566,+0.941
1685158560,+3.46,+10.978, +9.589,+0.941
1685158620,+3.46,+10.996, +9.580,+0.941
1685158680,+3.46,+10.978, +9.588,+0.941
1685158740,+3.46,+10.978, +9.587,+0.941
1685158800,+3.46,+11.041, +9.569,+0.941
1685158860,+3.46,+11.041, +9.586,+0.941
1685158920,+3.46,+11.032, +9.587,+0.941
1685158980,+3.46,+11.077, +9.597,+0.941
1685159040,+3.46,+11.077, +9.632,+0.941
1685159100,+3.46,+11.068, +9.670,+0.942
1685159160,+3.46,+11.113, +9.658,+0.941
1685159220,+3.46,+11.140, +9.677,+0.942
1685159280,+3.46,+11.167, +9.678,+0.941
1685159340,+3.46,+11.140, +9.708,+0.942
1685159400,+3.46,+11.185, +9.673,+0.940
1685159460,+3.46,+11.212, +9.675,+0.941
1685159520,+3.46,+11.149, +9.694,+0.941
1685159580,+3.46,+11.194, +9.684,+0.941
1685159640,+3.46,+11.203, +9.707,+0.941
1685159700,+3.46,+11.230, +9.709,+0.941
1685159760,+3.46,+11.221, +9.722,+0.941
1685159820,+3.46,+11.212, +9.750,+0.942
1685159880,+3.46,+11.248, +9.733,+0.941
1685159940,+3.46,+11.221, +9.772,+0.941
1685160000,+3.46,+11.248, +9.795,+0.942
1685160060,+3.46,+11.257, +9.776,+0.942
1685160120,+3.46,+11.257, +9.756,+0.941
1685160180,+3.46,+11.293, +9.762,+0.941
1685160240,+3.46,+11.293, +9.787,+0.941
1685160300,+3.46,+11.266, +9.808,+0.941
1685160360,+3.46,+11.293, +9.734,+0.941
1685160420,+3.46,+11.275, +9.733,+0.941
1685160480,+3.46,+11.203, +9.770,+0.941
1685160540,+3.46,+11.239, +9.752,+0.941
1685160600,+3.46,+11.293, +9.735,+0.941
1685160660,+3.46,+11.257, +9.739,+0.941
1685160720,+3.46,+11.284, +9.710,+0.941
1685160780,+3.46,+11.248, +9.738,+0.941
1685160840,+3.46,+11.275, +9.732,+0.941
1685160900,+3.46,+11.230, +9.615,+0.941
1685160960,+3.46,+11.077, +9.486,+0.941
1685161020,+3.46,+11.086, +9.434,+0.941
1685161080,+3.46,+11.068, +9.433,+0.941
1685161140,+3.46,+11.113, +9.392,+0.941
1685161200,+3.46,+11.068, +9.346,+0.941
1685161260,+3.46,+10.960, +9.368,+0.940
1685161320,+3.46,+10.887, +9.398,+0.941
1685161380,+3.46,+10.797, +9.428,+0.941
1685161440,+3.46,+10.743, +9.449,+0.941
1685161500,+3.46,+10.797, +9.435,+0.941
1685161560,+3.46,+10.724, +9.458,+0.941
1685161620,+3.46,+10.770, +9.436,+0.941
1685161680,+3.46,+10.734, +9.444,+0.941
1685161740,+3.46,+10.752, +9.435,+0.941
1685161800,+3.46,+10.761, +9.434,+0.941
1685161860,+3.46,+10.824, +9.405,+0.941
1685161920,+3.46,+10.788, +9.418,+0.941
1685161980,+3.46,+10.752, +9.425,+0.941
1685162040,+3.46,+10.706, +9.436,+0.941
1685162100,+3.46,+10.715, +9.438,+0.941
1685162160,+3.46,+10.788, +9.415,+0.941
1685162220,+3.46,+10.752, +9.421,+0.941
1685162280,+3.46,+10.715, +9.426,+0.941
1685162340,+3.46,+10.752, +9.408,+0.941
1685162400,+3.46,+10.770, +9.390,+0.941
1685162460,+3.46,+10.770, +9.410,+0.941
1685162520,+3.46,+10.724, +9.448,+0.941
1685162580,+3.46,+10.797, +9.455,+0.942
1685162640,+3.46,+10.878, +9.438,+0.941
1685162700,+3.46,+10.932, +9.409,+0.941
1685162760,+3.46,+10.923, +9.429,+0.941
1685162820,+3.46,+10.914, +9.429,+0.941
1685162880,+3.46,+10.833, +9.418,+0.941
1685162940,+3.46,+10.851, +9.357,+0.941
1685163000,+3.46,+10.797, +9.348,+0.940
1685163060,+3.46,+10.734, +9.381,+0.941
1685163120,+3.46,+10.761, +9.369,+0.941
1685163180,+3.46,+10.734, +9.377,+0.941
1685163240,+3.46,+10.706, +9.391,+0.941
1685163300,+3.46,+10.679, +9.398,+0.941
1685163360,+3.46,+10.715, +9.374,+0.941
1685163420,+3.46,+10.734, +9.376,+0.941
1685163480,+3.46,+10.752, +9.375,+0.941
1685163540,+3.46,+10.806, +9.421,+0.941
1685163600,+3.46,+10.932, +9.439,+0.941
1685163660,+3.46,+10.960, +9.535,+0.941
1685163720,+3.46,+11.032, +9.576,+0.941
1685163780,+3.46,+11.059, +9.642,+0.941
1685163840,+3.46,+11.113, +9.682,+0.942
1685163900,+3.46,+11.140, +9.697,+0.941
1685163960,+3.46,+11.140, +9.741,+0.942
1685164020,+3.46,+11.167, +9.737,+0.941
1685164080,+3.46,+11.185, +9.733,+0.942
1685164140,+3.46,+11.284, +9.727,+0.942
1685164200,+3.46,+11.374, +9.713,+0.941
1685164260,+3.46,+11.400, +9.721,+0.941
1685164320,+3.46,+11.391, +9.718,+0.941
1685164380,+3.46,+11.472, +9.689,+0.941
1685164440,+3.46,+11.526, +9.713,+0.941
1685164500,+3.46,+11.472, +9.746,+0.941
1685164560,+3.46,+11.526, +9.727,+0.941
1685164620,+3.46,+11.607, +9.703,+0.941
1685164680,+3.46,+11.571, +9.723,+0.941
1685164740,+3.46,+11.660, +9.744,+0.941
1685164800,+3.46,+11.669, +9.805,+0.941
1685164860,+3.46,+11.705, +9.852,+0.941
1685164920,+3.46,+11.714, +9.850,+0.941
1685164980,+3.46,+11.723, +9.827,+0.941
1685165040,+3.46,+11.651, +9.939,+0.942
1685165100,+3.46,+11.714, +9.922,+0.941
1685165160,+3.46,+11.687, +9.918,+0.941
1685165220,+3.46,+11.696, +9.926,+0.941
1685165280,+3.46,+11.714, +9.915,+0.942
1685165340,+3.46,+11.758, +9.939,+0.941
1685165400,+3.46,+11.732, +9.986,+0.941
1685165460,+3.46,+11.678,+10.003,+0.941
1685165520,+3.46,+11.723, +9.984,+0.941
1685165580,+3.46,+11.696, +9.988,+0.942
1685165640,+3.46,+11.723, +9.961,+0.941
1685165700,+3.46,+11.723, +9.952,+0.941
1685165760,+3.46,+11.750, +9.929,+0.941
1685165820,+3.46,+11.794, +9.894,+0.941
1685165880,+3.46,+11.696, +9.926,+0.941
1685165940,+3.46,+11.732, +9.924,+0.941
1685166000,+3.46,+11.785, +9.925,+0.941
1685166060,+3.46,+11.750, +9.994,+0.941
1685166120,+3.46,+11.750, +9.997,+0.941
1685166180,+3.46,+11.794,+10.010,+0.941
1685166240,+3.46,+11.750, +9.996,+0.941
1685166300,+3.46,+11.785, +9.996,+0.940
1685166360,+3.46,+11.696, +9.900,+0.941
1685166420,+3.46,+11.687, +9.828,+0.941
1685166480,+3.46,+11.669, +9.829,+0.941
1685166540,+3.46,+11.705, +9.835,+0.941
1685166600,+3.46,+11.615, +9.795,+0.941
1685166660,+3.46,+11.633, +9.780,+0.941
1685166720,+3.46,+11.535, +9.801,+0.941
1685166780,+3.46,+11.544, +9.804,+0.941
1685166840,+3.46,+11.526, +9.818,+0.941
1685166900,+3.46,+11.526, +9.809,+0.941
1685166960,+3.46,+11.490, +9.814,+0.941
1685167020,+3.46,+11.517, +9.777,+0.941
1685167080,+3.46,+11.383, +9.814,+0.942
1685167140,+3.46,+11.409, +9.818,+0.941
1685167200,+3.46,+11.418, +9.844,+0.941
1685167260,+3.46,+11.365, +9.873,+0.942
1685167320,+3.46,+11.409, +9.874,+0.941
1685167380,+3.46,+11.418, +9.869,+0.941
1685167440,+3.46,+11.391, +9.869,+0.941
1685167500,+3.46,+11.400, +9.825,+0.941
1685167560,+3.46,+11.356, +9.843,+0.941
1685167620,+3.46,+11.427, +9.804,+0.941
1685167680,+3.46,+11.320, +9.837,+0.941
1685167740,+3.46,+11.338, +9.817,+0.941
1685167800,+3.46,+11.338, +9.824,+0.941
1685167860,+3.46,+11.347, +9.824,+0.941
1685167920,+3.46,+11.374, +9.806,+0.941
1685167980,+3.46,+11.320, +9.846,+0.941
1685168040,+3.46,+11.284, +9.874,+0.941
1685168100,+3.46,+11.391, +9.854,+0.941
1685168160,+3.46,+11.338, +9.881,+0.941
1685168220,+3.46,+11.365, +9.891,+0.942
1685168280,+3.46,+11.320, +9.892,+0.941
1685168340,+3.46,+11.409, +9.845,+0.941
1685168400,+3.46,+11.338, +9.876,+0.942
1685168460,+3.46,+11.311, +9.872,+0.941
1685168520,+3.46,+11.383, +9.827,+0.941
1685168580,+3.46,+11.383, +9.822,+0.941
1685168640,+3.46,+11.383, +9.821,+0.941
1685168700,+3.46,+11.427, +9.800,+0.941
1685168760,+3.46,+11.427, +9.795,+0.941
1685168820,+3.46,+11.481, +9.795,+0.941
1685168880,+3.46,+11.571, +9.856,+0.942
1685168940,+3.46,+11.544, +9.886,+0.941
1685169000,+3.46,+11.642, +9.860,+0.941
1685169060,+3.46,+11.598, +9.894,+0.941
1685169120,+3.46,+11.651, +9.914,+0.941
1685169180,+3.46,+11.750, +9.892,+0.941
1685169240,+3.46,+11.741, +9.887,+0.941
1685169300,+3.46,+11.741, +9.898,+0.942
1685169360,+3.46,+11.741, +9.871,+0.941
1685169420,+3.46,+11.678, +9.857,+0.941
1685169480,+3.46,+11.669, +9.831,+0.941
1685169540,+3.46,+11.651, +9.819,+0.942
1685169600,+3.46,+11.660, +9.799,+0.941
1685169660,+3.46,+11.624, +9.801,+0.942
1685169720,+3.46,+11.660, +9.764,+0.941
1685169780,+3.46,+11.705, +9.768,+0.941
1685169840,+3.46,+11.794, +9.762,+0.941
1685169900,+3.46,+11.812, +9.810,+0.941
1685169960,+3.46,+11.866, +9.854,+0.941
1685170020,+3.46,+11.910, +9.901,+0.941
1685170080,+3.46,+11.955, +9.905,+0.941
1685170140,+3.46,+12.017, +9.923,+0.942
1685170200,+3.46,+12.053, +9.925,+0.941
1685170260,+3.46,+11.999, +9.966,+0.941
1685170320,+3.46,+12.079, +9.979,+0.941
1685170380,+3.46,+11.990,+10.002,+0.941
1685170440,+3.46,+12.061, +9.970,+0.941
1685170500,+3.46,+12.070, +9.950,+0.941
1685170560,+3.46,+12.017, +9.924,+0.941
1685170620,+3.46,+11.964, +9.875,+0.941
1685170680,+3.46,+11.964, +9.885,+0.941
1685170740,+3.46,+11.910, +9.934,+0.941
1685170800,+3.46,+11.874, +9.961,+0.941
1685170860,+3.46,+11.910, +9.924,+0.941
1685170920,+3.46,+11.883, +9.907,+0.941
1685170980,+3.46,+11.892, +9.904,+0.941
1685171040,+3.46,+11.874, +9.909,+0.941
1685171100,+3.46,+11.892, +9.903,+0.941
1685171160,+3.46,+11.910, +9.880,+0.941
1685171220,+3.46,+11.892, +9.898,+0.941
1685171280,+3.46,+11.937, +9.885,+0.941
1685171340,+3.46,+11.955, +9.881,+0.941
1685171400,+3.46,+11.946, +9.877,+0.941
1685171460,+3.46,+11.928, +9.867,+0.941
1685171520,+3.46,+11.901, +9.863,+0.941
1685171580,+3.46,+11.937, +9.849,+0.941
1685171640,+3.46,+11.901, +9.872,+0.941
1685171700,+3.46,+11.901, +9.873,+0.941
1685171760,+3.46,+11.928, +9.854,+0.941
1685171820,+3.46,+11.946, +9.871,+0.941
1685171880,+3.46,+11.910, +9.903,+0.941
1685171940,+3.46,+11.874, +9.929,+0.940
1685172000,+3.46,+11.874, +9.941,+0.941
1685172060,+3.46,+11.955, +9.917,+0.941
1685172120,+3.46,+11.946, +9.927,+0.941
1685172180,+3.46,+11.928, +9.948,+0.941
1685172240,+3.46,+11.928, +9.964,+0.942
1685172300,+3.46,+11.910, +9.991,+0.941
1685172360,+3.46,+11.955, +9.983,+0.941
1685172420,+3.46,+11.901,+10.012,+0.941
1685172480,+3.46,+11.866,+10.009,+0.941
1685172540,+3.46,+11.892,+10.001,+0.941
1685172600,+3.46,+11.928, +9.984,+0.941
1685172660,+3.46,+11.901,+10.005,+0.941
1685172720,+3.46,+11.955, +9.993,+0.941
1685172780,+3.46,+11.964, +9.988,+0.941
1685172840,+3.46,+11.972, +9.997,+0.942
1685172900,+3.46,+11.928,+10.004,+0.941
1685172960,+3.46,+11.972, +9.995,+0.942
1685173020,+3.46,+11.972, +9.992,+0.941
1685173080,+3.46,+12.026, +9.973,+0.941
1685173140,+3.46,+12.026, +9.965,+0.941
1685173200,+3.46,+12.026, +9.945,+0.941
1685173260,+3.46,+11.937, +9.929,+0.941
1685173320,+3.46,+11.964, +9.806,+0.941
1685173380,+3.46,+11.830, +9.807,+0.941
1685173440,+3.46,+11.776, +9.813,+0.941
1685173500,+3.46,+11.821, +9.792,+0.941
1685173560,+3.46,+11.714, +9.836,+0.941
1685173620,+3.46,+11.830, +9.788,+0.941
1685173680,+3.46,+11.785, +9.806,+0.941
1685173740,+3.46,+11.767, +9.817,+0.941
1685173800,+3.46,+11.767, +9.812,+0.941
1685173860,+3.46,+11.767, +9.810,+0.941
1685173920,+3.46,+11.767, +9.809,+0.941
1685173980,+3.46,+11.741, +9.823,+0.941
1685174040,+3.46,+11.696, +9.840,+0.941
1685174100,+3.46,+11.776, +9.814,+0.941
1685174160,+3.46,+11.741, +9.833,+0.941
1685174220,+3.46,+11.741, +9.816,+0.941
1685174280,+3.46,+11.687, +9.815,+0.941
1685174340,+3.46,+11.642, +9.809,+0.941
1685174400,+3.46,+11.642, +9.783,+0.941
1685174460,+3.46,+11.642, +9.797,+0.941
1685174520,+3.46,+11.589, +9.857,+0.941
1685174580,+3.46,+11.651, +9.839,+0.941
1685174640,+3.46,+11.633, +9.847,+0.941
1685174700,+3.46,+11.642, +9.842,+0.941
1685174760,+3.46,+11.598, +9.856,+0.941
1685174820,+3.46,+11.598, +9.866,+0.941
1685174880,+3.46,+11.580, +9.886,+0.941
1685174940,+3.46,+11.598, +9.892,+0.941
1685175000,+3.46,+11.589, +9.894,+0.941
1685175060,+3.46,+11.624, +9.875,+0.941
1685175120,+3.46,+11.598, +9.880,+0.941
1685175180,+3.46,+11.598, +9.855,+0.941
1685175240,+3.46,+11.642, +9.842,+0.941
1685175300,+3.46,+11.615, +9.837,+0.941
1685175360,+3.46,+11.607, +9.837,+0.941
1685175420,+3.46,+11.660, +9.810,+0.941
1685175480,+3.46,+11.633, +9.800,+0.941
1685175540,+3.46,+11.642, +9.798,+0.941
1685175600,+3.46,+11.642, +9.811,+0.941
1685175660,+3.46,+11.607, +9.826,+0.941
1685175720,+3.46,+11.705, +9.828,+0.941
1685175780,+3.46,+11.678, +9.855,+0.942
1685175840,+3.46,+11.669, +9.856,+0.941
1685175900,+3.46,+11.669, +9.860,+0.941
1685175960,+3.46,+11.678, +9.873,+0.941
1685176020,+3.46,+11.687, +9.913,+0.941
1685176080,+3.46,+11.696, +9.966,+0.941
1685176140,+3.46,+11.732, +9.995,+0.942
1685176200,+3.46,+11.741,+10.005,+0.942
1685176260,+3.46,+11.776, +9.997,+0.942
1685176320,+3.46,+11.758,+10.001,+0.941
1685176380,+3.46,+11.758,+10.006,+0.941
1685176440,+3.46,+11.794, +9.991,+0.941
1685176500,+3.46,+11.839, +9.971,+0.941
1685176560,+3.46,+11.741, +9.969,+0.941
1685176620,+3.46,+11.741, +9.978,+0.941
1685176680,+3.46,+11.705,+10.002,+0.941
1685176740,+3.46,+11.714,+10.012,+0.941
1685176800,+3.46,+11.714,+10.012,+0.941
1685176860,+3.46,+11.687,+10.009,+0.941
1685176920,+3.46,+11.714,+10.047,+0.941
1685176980,+3.46,+11.669,+10.109,+0.941
1685177040,+3.46,+11.687,+10.131,+0.941
1685177100,+3.46,+11.705,+10.122,+0.941
1685177160,+3.46,+11.678,+10.042,+0.941
1685177220,+3.46,+11.615, +9.962,+0.941
1685177280,+3.46,+11.678, +9.905,+0.941
1685177340,+3.46,+11.580, +9.935,+0.941
1685177400,+3.46,+11.544, +9.958,+0.941
1685177460,+3.46,+11.571, +9.985,+0.941
1685177520,+3.46,+11.589,+10.001,+0.941
1685177580,+3.46,+11.580,+10.013,+0.941
1685177640,+3.46,+11.508,+10.039,+0.941
1685177700,+3.46,+11.598, +9.996,+0.941
1685177760,+3.46,+11.580, +9.994,+0.941
1685177820,+3.46,+11.580, +9.995,+0.941
1685177880,+3.46,+11.580, +9.990,+0.941
1685177940,+3.46,+11.544,+10.019,+0.942
1685178000,+3.46,+11.553,+10.020,+0.941
1685178060,+3.46,+11.589,+10.003,+0.941
1685178120,+3.46,+11.589, +9.996,+0.941
1685178180,+3.46,+11.508,+10.029,+0.941
1685178240,+3.46,+11.544,+10.015,+0.942
1685178300,+3.46,+11.589, +9.983,+0.941
1685178360,+3.46,+11.553, +9.995,+0.941
1685178420,+3.46,+11.562, +9.987,+0.941
1685178480,+3.46,+11.562, +9.989,+0.941
1685178540,+3.46,+11.517, +9.982,+0.941
1685178600,+3.46,+11.526, +9.974,+0.941
1685178660,+3.46,+11.535, +9.958,+0.941
1685178720,+3.46,+11.517, +9.976,+0.941
1685178780,+3.46,+11.508, +9.983,+0.941
1685178840,+3.46,+11.445,+10.000,+0.941
1685178900,+3.46,+11.481, +9.996,+0.941
1685178960,+3.46,+11.472, +9.997,+0.941
1685179020,+3.46,+11.418, +9.985,+0.941
1685179080,+3.46,+11.427, +9.946,+0.941
1685179140,+3.46,+11.329, +9.957,+0.941
1685179200,+3.46,+11.311, +9.965,+0.942
1685179260,+3.46,+11.302, +9.943,+0.941
1685179320,+3.46,+11.266, +9.931,+0.941
1685179380,+3.46,+11.275, +9.893,+0.941
1685179440,+3.46,+11.338, +9.853,+0.941
1685179500,+3.46,+11.248, +9.888,+0.942
1685179560,+3.46,+11.212, +9.886,+0.941
1685179620,+3.46,+11.158, +9.905,+0.941
1685179680,+3.46,+11.203, +9.909,+0.942
1685179740,+3.46,+11.194, +9.906,+0.941
1685179800,+3.46,+11.185, +9.906,+0.941
1685179860,+3.46,+11.185, +9.888,+0.941
1685179920,+3.46,+11.248, +9.853,+0.941
1685179980,+3.46,+11.212, +9.869,+0.941
1685180040,+3.46,+11.185, +9.891,+0.941
1685180100,+3.46,+11.194, +9.888,+0.941
1685180160,+3.46,+11.176, +9.894,+0.941
1685180220,+3.46,+11.221, +9.860,+0.941
1685180280,+3.46,+11.131, +9.889,+0.941
1685180340,+3.46,+11.149, +9.880,+0.941
1685180400,+3.46,+11.131, +9.872,+0.941
1685180460,+3.46,+11.104, +9.877,+0.941
1685180520,+3.46,+11.140, +9.868,+0.941
1685180580,+3.46,+11.140, +9.897,+0.941
1685180640,+3.46,+11.167, +9.910,+0.941
1685180700,+3.46,+11.113, +9.941,+0.942
1685180760,+3.46,+11.086, +9.924,+0.941
1685180820,+3.46,+11.095, +9.908,+0.941
1685180880,+3.46,+11.104, +9.910,+0.942
1685180940,+3.46,+11.095, +9.915,+0.941
1685181000,+3.46,+11.041, +9.980,+0.942
1685181060,+3.46,+11.122, +9.938,+0.941
1685181120,+3.46,+11.095, +9.983,+0.941
1685181180,+3.46,+11.077, +9.976,+0.941
1685181240,+3.46,+11.113, +9.978,+0.941
1685181300,+3.46,+11.104, +9.980,+0.941
1685181360,+3.46,+11.077, +9.992,+0.941
1685181420,+3.46,+11.104, +9.982,+0.942
1685181480,+3.46,+11.050,+10.001,+0.941
1685181540,+3.46,+11.068, +9.990,+0.941
1685181600,+3.46,+11.122, +9.977,+0.941
1685181660,+3.46,+11.077,+10.011,+0.942
1685181720,+3.46,+11.032,+10.040,+0.942
1685181780,+3.46,+11.077,+10.019,+0.941
1685181840,+3.46,+11.068,+10.044,+0.942
1685181900,+3.46,+11.104,+10.039,+0.942
1685181960,+3.46,+11.104,+10.036,+0.942
1685182020,+3.46,+11.131,+10.020,+0.941
1685182080,+3.46,+11.086,+10.039,+0.942
1685182140,+3.46,+11.014,+10.061,+0.941
1685182200,+3.46,+11.077,+10.030,+0.942
1685182260,+3.46,+11.113,+10.015,+0.941
1685182320,+3.46,+11.095,+10.015,+0.941
1685182380,+3.46,+11.104,+10.011,+0.941
1685182440,+3.46,+11.050,+10.045,+0.941
1685182500,+3.46,+11.086,+10.022,+0.941
1685182560,+3.46,+11.167,+10.012,+0.941
1685182620,+3.46,+11.167,+10.025,+0.942
1685182680,+3.46,+11.167,+10.015,+0.941
1685182740,+3.46,+11.167,+10.026,+0.941
1685182800,+3.46,+11.131,+10.057,+0.942
1685182860,+3.46,+11.104,+10.058,+0.941
1685182920,+3.46,+11.095,+10.056,+0.941
1685182980,+3.46,+11.095,+10.042,+0.941
1685183040,+3.46,+11.023,+10.059,+0.941
1685183100,+3.46,+11.068,+10.019,+0.941
1685183160,+3.46,+10.978,+10.036,+0.942
1685183220,+3.46,+11.068, +9.993,+0.941
1685183280,+3.46,+10.996,+10.013,+0.941
1685183340,+3.46,+11.068,+10.003,+0.942
1685183400,+3.46,+11.095, +9.984,+0.941
1685183460,+3.46,+11.041,+10.031,+0.942
1685183520,+3.46,+11.104,+10.008,+0.941
1685183580,+3.46,+11.077,+10.025,+0.942
1685183640,+3.46,+11.095,+10.022,+0.941
1685183700,+3.46,+11.068,+10.060,+0.942
1685183760,+3.46,+11.122,+10.029,+0.941
1685183820,+3.46,+11.077,+10.059,+0.941
1685183880,+3.46,+11.131,+10.050,+0.941
1685183940,+3.46,+11.014,+10.108,+0.942
1685184000,+3.46,+11.131,+10.059,+0.941
1685184060,+3.46,+11.050,+10.113,+0.941
1685184120,+3.46,+11.122,+10.094,+0.941
1685184180,+3.46,+11.140,+10.107,+0.942
1685184240,+3.46,+11.158,+10.110,+0.941
1685184300,+3.46,+11.185,+10.109,+0.941
1685184360,+3.46,+11.149,+10.125,+0.941
1685184420,+3.46,+11.167,+10.127,+0.941
1685184480,+3.46,+11.167,+10.130,+0.941
1685184540,+3.46,+11.122,+10.142,+0.941
1685184600,+3.46,+11.158,+10.143,+0.941
1685184660,+3.46,+11.149,+10.137,+0.941
1685184720,+3.46,+11.185,+10.118,+0.942
1685184780,+3.46,+11.167,+10.113,+0.941
1685184840,+3.46,+11.149,+10.121,+0.941
1685184900,+3.46,+11.194,+10.104,+0.941
1685184960,+3.46,+11.176,+10.120,+0.942
1685185020,+3.46,+11.194,+10.114,+0.941
1685185080,+3.46,+11.122,+10.152,+0.942
1685185140,+3.46,+11.221,+10.120,+0.941
1685185200,+3.46,+11.185,+10.150,+0.941
1685185260,+3.46,+11.176,+10.179,+0.941
1685185320,+3.46,+11.239,+10.187,+0.942
1685185380,+3.46,+11.185,+10.211,+0.941
1685185440,+3.46,+11.194,+10.214,+0.941
1685185500,+3.46,+11.203,+10.199,+0.941
1685185560,+3.46,+11.275,+10.124,+0.941
1685185620,+3.46,+11.239,+10.112,+0.941
1685185680,+3.46,+11.212,+10.112,+0.941
1685185740,+3.46,+11.284,+10.058,+0.941
1685185800,+3.46,+11.275,+10.048,+0.942
1685185860,+3.46,+11.266,+10.040,+0.942
1685185920,+3.46,+11.266,+10.030,+0.941
1685185980,+3.46,+11.248,+10.032,+0.941
1685186040,+3.46,+11.230,+10.047,+0.941
1685186100,+3.46,+11.221,+10.099,+0.942
1685186160,+3.46,+11.266,+10.161,+0.941
1685186220,+3.46,+11.356,+10.307,+0.942
1685186280,+3.46,+11.463,+10.267,+0.942
1685186340,+3.46,+11.526,+10.239,+0.941
1685186400,+3.46,+11.660,+10.417,+0.942
1685186460,+3.46,+11.830,+10.523,+0.943
1685186520,+3.46,+11.999,+10.401,+0.941
1685186580,+3.46,+11.910,+10.337,+0.941
1685186640,+3.46,+11.803,+10.255,+0.941
1685186700,+3.46,+11.794,+10.227,+0.941
1685186760,+3.46,+11.705,+10.176,+0.941
1685186820,+3.46,+11.651,+10.191,+0.941
1685186880,+3.46,+11.580,+10.237,+0.941
1685186940,+3.46,+11.562,+10.317,+0.941
1685187000,+3.46,+11.598,+10.324,+0.941
1685187060,+3.46,+11.624,+10.330,+0.942
1685187120,+3.46,+11.642,+10.311,+0.941
1685187180,+3.46,+11.687,+10.275,+0.941
1685187240,+3.46,+11.669,+10.231,+0.942
1685187300,+3.46,+11.633,+10.267,+0.941
1685187360,+3.46,+11.633,+10.231,+0.941
1685187420,+3.46,+11.580,+10.245,+0.941
1685187480,+3.46,+11.562,+10.220,+0.941
1685187540,+3.46,+11.463,+10.214,+0.941
1685187600,+3.46,+11.409,+10.210,+0.941
1685187660,+3.46,+11.356,+10.237,+0.941
1685187720,+3.46,+11.427,+10.212,+0.941
1685187780,+3.46,+11.347,+10.227,+0.941
1685187840,+3.46,+11.463,+10.195,+0.941
1685187900,+3.46,+11.374,+10.255,+0.942
1685187960,+3.46,+11.427,+10.241,+0.942
1685188020,+3.46,+11.365,+10.236,+0.941
1685188080,+3.46,+11.436,+10.200,+0.941
1685188140,+3.46,+11.400,+10.193,+0.942
1685188200,+3.46,+11.365,+10.177,+0.941
1685188260,+3.46,+11.374,+10.158,+0.941
1685188320,+3.46,+11.383,+10.156,+0.941
1685188380,+3.46,+11.391,+10.154,+0.941
1685188440,+3.46,+11.374,+10.163,+0.941
1685188500,+3.46,+11.391,+10.177,+0.941
1685188560,+3.46,+11.347,+10.163,+0.941
1685188620,+3.46,+11.391,+10.163,+0.941
1685188680,+3.46,+11.374,+10.155,+0.941
1685188740,+3.46,+11.311,+10.169,+0.942
1685188800,+3.46,+11.338,+10.176,+0.941
1685188860,+3.46,+11.365,+10.177,+0.941
1685188920,+3.46,+11.400,+10.179,+0.941
1685188980,+3.46,+11.347,+10.202,+0.941
1685189040,+3.46,+11.409,+10.185,+0.941
1685189100,+3.46,+11.383,+10.201,+0.942
1685189160,+3.46,+11.418,+10.221,+0.941
1685189220,+3.46,+11.508,+10.291,+0.942
1685189280,+3.46,+11.553,+10.328,+0.942
1685189340,+3.46,+11.615,+10.373,+0.941
1685189400,+3.46,+11.758,+10.406,+0.942
1685189460,+3.46,+11.812,+10.465,+0.942
1685189520,+3.46,+12.070,+10.414,+0.942
1685189580,+3.46,+12.061,+10.405,+0.942
1685189640,+3.46,+12.168,+10.249,+0.941
1685189700,+3.46,+11.946,+10.232,+0.941
1685189760,+3.46,+11.750,+10.172,+0.941
1685189820,+3.46,+11.633,+10.146,+0.941
1685189880,+3.46,+11.562,+10.176,+0.941
1685189940,+3.46,+11.499,+10.202,+0.941
1685190000,+3.46,+11.490,+10.207,+0.941
1685190060,+3.46,+11.436,+10.229,+0.941
1685190120,+3.46,+11.454,+10.213,+0.941
1685190180,+3.46,+11.463,+10.212,+0.941
1685190240,+3.46,+11.427,+10.194,+0.941
1685190300,+3.46,+11.409,+10.176,+0.941
1685190360,+3.46,+11.391,+10.212,+0.941
1685190420,+3.46,+11.409,+10.214,+0.941
1685190480,+3.46,+11.409,+10.207,+0.941
1685190540,+3.46,+11.302,+10.265,+0.941
1685190600,+3.46,+11.320,+10.252,+0.941
1685190660,+3.46,+11.365,+10.228,+0.941
1685190720,+3.46,+11.293,+10.214,+0.941
1685190780,+3.46,+11.275,+10.221,+0.941
1685190840,+3.46,+11.239,+10.241,+0.941
1685190900,+3.46,+11.302,+10.243,+0.941
1685190960,+3.46,+11.284,+10.273,+0.941
1685191020,+3.46,+11.293,+10.285,+0.941
1685191080,+3.46,+11.320,+10.285,+0.942
1685191140,+3.46,+11.329,+10.270,+0.941
1685191200,+3.46,+11.338,+10.289,+0.942
1685191260,+3.46,+11.409,+10.312,+0.942
1685191320,+3.46,+11.508,+10.346,+0.942
1685191380,+3.46,+11.696,+10.317,+0.942
1685191440,+3.46,+11.883,+10.275,+0.941
1685191500,+3.46,+11.946,+10.255,+0.942
1685191560,+3.46,+11.803,+10.203,+0.941
1685191620,+3.46,+11.669,+10.216,+0.941
1685191680,+3.46,+11.571,+10.235,+0.941
1685191740,+3.46,+11.490,+10.276,+0.942
1685191800,+3.46,+11.454,+10.272,+0.941
1685191860,+3.46,+11.436,+10.278,+0.941
1685191920,+3.46,+11.356,+10.314,+0.942
1685191980,+3.46,+11.427,+10.278,+0.941
