7450-798456
OS REV: 1.03 Sensor Cal: 1539277937
Time (sec),  BV (Volts),  T (deg C),  DO (mg/l),  Q ()
1684068840,+3.46, +9.840,+10.387,+0.943
1684068900,+3.46, +9.859,+10.373,+0.943
1684068960,+3.46, +9.895,+10.396,+0.944
1684069020,+3.46, +9.960,+10.404,+0.944
1684069080,+3.46,+10.051,+10.354,+0.943
1684069140,+3.46,+10.042,+10.359,+0.943
1684069200,+3.46,+10.133,+10.318,+0.943
1684069260,+3.46,+10.197,+10.406,+0.944
1684069320,+3.46,+10.343,+10.385,+0.944
1684069380,+3.46,+10.398,+10.322,+0.943
1684069440,+3.46,+10.325,+10.320,+0.943
1684069500,+3.46,+10.252,+10.350,+0.944
1684069560,+3.46,+10.261,+10.314,+0.943
1684069620,+3.46,+10.270,+10.338,+0.943
1684069680,+3.46,+10.270,+10.350,+0.944
1684069740,+3.46,+10.225,+10.338,+0.943
1684069800,+3.46,+10.252,+10.322,+0.943
1684069860,+3.46,+10.298,+10.331,+0.943
1684069920,+3.46,+10.234,+10.361,+0.944
1684069980,+3.46,+10.234,+10.372,+0.943
1684070040,+3.46,+10.243,+10.377,+0.943
1684070100,+3.46,+10.179,+10.375,+0.943
1684070160,+3.46,+10.088,+10.368,+0.943
1684070220,+3.46,+10.042,+10.337,+0.942
1684070280,+3.46, +9.996,+10.342,+0.943
1684070340,+3.46, +9.932,+10.351,+0.943
1684070400,+3.46, +9.923,+10.340,+0.943
1684070460,+3.46, +9.831,+10.390,+0.943
1684070520,+3.46, +9.859,+10.365,+0.943
1684070580,+3.46, +9.767,+10.392,+0.943
1684070640,+3.46, +9.767,+10.418,+0.943
1684070700,+3.46, +9.767,+10.406,+0.943
1684070760,+3.46, +9.749,+10.409,+0.943
1684070820,+3.46, +9.703,+10.434,+0.943
1684070880,+3.46, +9.739,+10.423,+0.943
1684070940,+3.46, +9.675,+10.450,+0.943
1684071000,+3.46, +9.657,+10.461,+0.943
1684071060,+3.46, +9.648,+10.467,+0.943
1684071120,+3.46, +9.684,+10.451,+0.943
1684071180,+3.46, +9.657,+10.476,+0.944
1684071240,+3.46, +9.638,+10.466,+0.943
1684071300,+3.46, +9.602,+10.465,+0.943
1684071360,+3.46, +9.592,+10.430,+0.942
1684071420,+3.46, +9.546,+10.448,+0.943
1684071480,+3.46, +9.500,+10.462,+0.943
1684071540,+3.46, +9.509,+10.451,+0.943
1684071600,+3.46, +9.463,+10.473,+0.944
1684071660,+3.46, +9.519,+10.446,+0.943
1684071720,+3.46, +9.491,+10.462,+0.944
1684071780,+3.46, +9.509,+10.454,+0.943
1684071840,+3.46, +9.528,+10.435,+0.943
1684071900,+3.46, +9.500,+10.447,+0.943
1684071960,+3.46, +9.463,+10.458,+0.943
1684072020,+3.46, +9.445,+10.458,+0.943
1684072080,+3.46, +9.463,+10.463,+0.944
1684072140,+3.46, +9.482,+10.468,+0.943
1684072200,+3.46, +9.491,+10.471,+0.944
1684072260,+3.46, +9.509,+10.467,+0.943
1684072320,+3.46, +9.583,+10.469,+0.944
1684072380,+3.46, +9.620,+10.443,+0.943
1684072440,+3.46, +9.629,+10.439,+0.944
1684072500,+3.46, +9.638,+10.425,+0.944
1684072560,+3.46, +9.592,+10.436,+0.944
1684072620,+3.46, +9.684,+10.400,+0.944
1684072680,+3.46, +9.574,+10.437,+0.944
1684072740,+3.46, +9.565,+10.439,+0.944
1684072800,+3.46, +9.537,+10.437,+0.943
1684072860,+3.46, +9.565,+10.429,+0.943
1684072920,+3.46, +9.602,+10.420,+0.943
1684072980,+3.46, +9.592,+10.444,+0.944
1684073040,+3.46, +9.666,+10.465,+0.944
1684073100,+3.46, +9.831,+10.461,+0.944
1684073160,+3.46, +9.978,+10.457,+0.944
1684073220,+3.46,+10.152,+10.410,+0.944
1684073280,+3.46,+10.216,+10.403,+0.944
1684073340,+3.46,+10.316,+10.397,+0.944
1684073400,+3.46,+10.389,+10.390,+0.944
1684073460,+3.46,+10.452,+10.440,+0.944
1684073520,+3.46,+10.833,+10.592,+0.945
1684073580,+3.46,+11.077,+10.708,+0.945
1684073640,+3.46,+11.454,+10.733,+0.945
1684073700,+3.46,+11.714,+10.747,+0.945
1684073760,+3.46,+11.901,+10.748,+0.945
1684073820,+3.46,+12.026,+10.719,+0.945
1684073880,+3.46,+12.141,+10.677,+0.944
1684073940,+3.45,+12.133,+10.711,+0.945
1684074000,+3.45,+12.310,+10.629,+0.944
1684074060,+3.46,+12.257,+10.669,+0.944
1684074120,+3.46,+12.301,+10.664,+0.945
1684074180,+3.46,+12.337,+10.643,+0.944
1684074240,+3.46,+12.328,+10.637,+0.944
1684074300,+3.46,+12.319,+10.567,+0.943
1684074360,+3.46,+12.266,+10.548,+0.943
1684074420,+3.46,+12.230,+10.547,+0.943
1684074480,+3.45,+12.177,+10.516,+0.944
1684074540,+3.46,+12.061,+10.343,+0.941
1684074600,+3.46,+11.750,+10.365,+0.942
1684074660,+3.46,+11.687,+10.283,+0.942
1684074720,+3.46,+11.329,+10.308,+0.942
1684074780,+3.46,+11.212,+10.335,+0.943
1684074840,+3.46,+11.104,+10.355,+0.943
1684074900,+3.46,+11.068,+10.390,+0.943
1684074960,+3.46,+11.176,+10.454,+0.943
1684075020,+3.46,+11.329,+10.461,+0.943
1684075080,+3.46,+11.418,+10.430,+0.943
1684075140,+3.46,+11.517,+10.458,+0.943
1684075200,+3.46,+11.580,+10.298,+0.942
1684075260,+3.46,+11.221,+10.300,+0.942
1684075320,+3.46,+11.077,+10.343,+0.942
1684075380,+3.46,+10.941,+10.389,+0.943
1684075440,+3.46,+10.960,+10.383,+0.942
1684075500,+3.46,+10.978,+10.373,+0.942
1684075560,+3.46,+10.987,+10.490,+0.944
1684075620,+3.46,+11.284,+10.502,+0.944
1684075680,+3.46,+11.607,+10.545,+0.944
1684075740,+3.46,+11.866,+10.537,+0.943
1684075800,+3.46,+11.999,+10.566,+0.944
1684075860,+3.46,+12.088,+10.573,+0.943
1684075920,+3.46,+12.230,+10.558,+0.944
1684075980,+3.46,+12.319,+10.543,+0.943
1684076040,+3.46,+12.390,+10.548,+0.944
1684076100,+3.46,+12.443,+10.561,+0.944
1684076160,+3.46,+12.461,+10.574,+0.944
1684076220,+3.46,+12.496,+10.591,+0.944
1684076280,+3.46,+12.549,+10.588,+0.944
1684076340,+3.46,+12.585,+10.594,+0.943
1684076400,+3.46,+12.646,+10.603,+0.943
1684076460,+3.46,+12.664,+10.616,+0.944
1684076520,+3.46,+12.664,+10.627,+0.944
1684076580,+3.46,+12.673,+10.647,+0.944
1684076640,+3.46,+12.664,+10.664,+0.944
1684076700,+3.46,+12.673,+10.669,+0.944
1684076760,+3.46,+12.708,+10.663,+0.944
1684076820,+3.46,+12.726,+10.632,+0.943
1684076880,+3.46,+12.699,+10.600,+0.943
1684076940,+3.46,+12.770,+10.625,+0.944
1684077000,+3.46,+12.752,+10.653,+0.943
1684077060,+3.46,+12.770,+10.622,+0.943
1684077120,+3.46,+12.770,+10.603,+0.943
1684077180,+3.46,+12.779,+10.568,+0.943
1684077240,+3.46,+12.761,+10.548,+0.943
1684077300,+3.46,+12.788,+10.524,+0.943
1684077360,+3.46,+12.708,+10.546,+0.943
1684077420,+3.46,+12.735,+10.531,+0.943
1684077480,+3.46,+12.743,+10.537,+0.944
1684077540,+3.46,+12.761,+10.520,+0.943
1684077600,+3.46,+12.699,+10.554,+0.943
1684077660,+3.46,+12.726,+10.550,+0.943
1684077720,+3.46,+12.770,+10.539,+0.943
1684077780,+3.46,+12.735,+10.541,+0.943
1684077840,+3.46,+12.770,+10.533,+0.943
1684077900,+3.46,+12.796,+10.543,+0.943
1684077960,+3.46,+12.788,+10.568,+0.943
1684078020,+3.46,+12.761,+10.594,+0.944
1684078080,+3.46,+12.814,+10.578,+0.943
1684078140,+3.46,+12.840,+10.599,+0.944
1684078200,+3.46,+12.937,+10.602,+0.943
1684078260,+3.46,+13.017,+10.629,+0.943
1684078320,+3.46,+13.131,+10.595,+0.943
1684078380,+3.46,+13.157,+10.600,+0.943
1684078440,+3.46,+13.175,+10.608,+0.943
1684078500,+3.46,+13.175,+10.599,+0.943
1684078560,+3.46,+13.280,+10.557,+0.944
1684078620,+3.46,+13.245,+10.585,+0.944
1684078680,+3.46,+13.219,+10.587,+0.943
1684078740,+3.46,+13.297,+10.563,+0.943
1684078800,+3.46,+13.359,+10.550,+0.943
1684078860,+3.46,+13.315,+10.578,+0.943
1684078920,+3.46,+13.446,+10.545,+0.943
1684078980,+3.46,+13.385,+10.595,+0.944
1684079040,+3.45,+13.403,+10.604,+0.943
1684079100,+3.46,+13.516,+10.561,+0.943
1684079160,+3.46,+13.516,+10.555,+0.943
1684079220,+3.46,+13.499,+10.560,+0.943
1684079280,+3.46,+13.490,+10.555,+0.943
1684079340,+3.46,+13.525,+10.544,+0.944
1684079400,+3.46,+13.516,+10.529,+0.943
1684079460,+3.46,+13.525,+10.521,+0.943
1684079520,+3.46,+13.516,+10.510,+0.943
1684079580,+3.46,+13.411,+10.265,+0.941
1684079640,+3.46,+12.849,+10.137,+0.941
1684079700,+3.46,+12.487,+10.201,+0.941
1684079760,+3.46,+12.177,+10.288,+0.942
1684079820,+3.46,+12.026,+10.294,+0.942
1684079880,+3.46,+11.874,+10.343,+0.942
1684079940,+3.46,+11.794,+10.402,+0.942
1684080000,+3.46,+12.044,+10.506,+0.943
1684080060,+3.46,+12.266,+10.524,+0.943
1684080120,+3.46,+12.425,+10.490,+0.943
1684080180,+3.46,+12.549,+10.502,+0.943
1684080240,+3.46,+12.629,+10.521,+0.943
1684080300,+3.46,+12.691,+10.521,+0.943
1684080360,+3.46,+12.761,+10.500,+0.943
1684080420,+3.46,+12.779,+10.513,+0.943
1684080480,+3.46,+12.805,+10.496,+0.943
1684080540,+3.46,+12.911,+10.466,+0.943
1684080600,+3.46,+12.911,+10.485,+0.943
1684080660,+3.46,+12.937,+10.480,+0.943
1684080720,+3.46,+12.814,+10.352,+0.942
1684080780,+3.46,+12.664,+10.429,+0.943
1684080840,+3.46,+12.602,+10.423,+0.943
1684080900,+3.46,+12.461,+10.407,+0.942
1684080960,+3.46,+12.354,+10.467,+0.943
1684081020,+3.46,+12.310,+10.510,+0.943
1684081080,+3.46,+12.292,+10.518,+0.943
1684081140,+3.46,+12.257,+10.549,+0.943
1684081200,+3.46,+12.319,+10.529,+0.943
1684081260,+3.46,+12.257,+10.551,+0.943
1684081320,+3.46,+12.266,+10.533,+0.943
1684081380,+3.46,+12.248,+10.512,+0.942
1684081440,+3.46,+12.230,+10.509,+0.943
1684081500,+3.46,+12.186,+10.511,+0.942
1684081560,+3.46,+12.248,+10.497,+0.943
1684081620,+3.46,+12.239,+10.502,+0.943
1684081680,+3.46,+12.275,+10.479,+0.943
1684081740,+3.46,+12.328,+10.458,+0.943
1684081800,+3.46,+12.319,+10.419,+0.942
1684081860,+3.46,+12.319,+10.400,+0.943
1684081920,+3.46,+12.204,+10.433,+0.943
1684081980,+3.46,+12.301,+10.505,+0.943
1684082040,+3.46,+12.354,+10.511,+0.943
1684082100,+3.46,+12.301,+10.549,+0.943
1684082160,+3.46,+12.337,+10.543,+0.943
1684082220,+3.46,+12.363,+10.504,+0.943
1684082280,+3.46,+12.257,+10.567,+0.943
1684082340,+3.46,+12.337,+10.534,+0.943
1684082400,+3.46,+12.328,+10.526,+0.943
1684082460,+3.46,+12.301,+10.506,+0.943
1684082520,+3.46,+12.319,+10.490,+0.943
1684082580,+3.46,+12.346,+10.457,+0.943
1684082640,+3.46,+12.301,+10.472,+0.943
1684082700,+3.46,+12.284,+10.360,+0.942
1684082760,+3.46,+12.115,+10.261,+0.942
1684082820,+3.46,+11.937,+10.232,+0.942
1684082880,+3.46,+11.937,+10.260,+0.942
1684082940,+3.46,+11.857,+10.287,+0.942
1684083000,+3.46,+11.830,+10.285,+0.942
1684083060,+3.46,+11.741,+10.266,+0.943
1684083120,+3.46,+11.687,+10.261,+0.942
1684083180,+3.46,+11.660,+10.247,+0.943
1684083240,+3.46,+11.678,+10.193,+0.943
1684083300,+3.46,+11.535,+10.247,+0.943
1684083360,+3.46,+11.535,+10.241,+0.943
1684083420,+3.46,+11.589,+10.208,+0.943
1684083480,+3.46,+11.562,+10.212,+0.943
1684083540,+3.46,+11.598,+10.204,+0.943
1684083600,+3.46,+11.562,+10.230,+0.943
1684083660,+3.46,+11.589,+10.236,+0.943
1684083720,+3.46,+11.633,+10.246,+0.943
1684083780,+3.46,+11.669,+10.258,+0.943
1684083840,+3.46,+11.705,+10.258,+0.943
1684083900,+3.46,+11.794,+10.258,+0.943
1684083960,+3.46,+11.848,+10.279,+0.943
1684084020,+3.46,+11.821,+10.298,+0.943
1684084080,+3.46,+11.651, +9.981,+0.942
1684084140,+3.46,+11.203, +9.969,+0.941
1684084200,+3.46,+10.806,+10.117,+0.942
1684084260,+3.46,+10.688,+10.123,+0.942
1684084320,+3.46,+10.561,+10.191,+0.942
1684084380,+3.46,+10.616,+10.224,+0.943
1684084440,+3.46,+10.634,+10.203,+0.942
1684084500,+3.46,+10.634,+10.211,+0.943
1684084560,+3.46,+10.634,+10.271,+0.943
1684084620,+3.46,+10.869,+10.220,+0.943
1684084680,+3.46,+10.969,+10.309,+0.944
1684084740,+3.46,+11.104,+10.305,+0.943
1684084800,+3.46,+11.248,+10.281,+0.943
1684084860,+3.46,+11.266,+10.236,+0.943
1684084920,+3.46,+11.320,+10.260,+0.943
1684084980,+3.46,+11.365,+10.306,+0.943
1684085040,+3.46,+11.436,+10.304,+0.943
1684085100,+3.46,+11.445,+10.326,+0.943
1684085160,+3.46,+11.463,+10.290,+0.943
1684085220,+3.46,+11.427,+10.292,+0.943
1684085280,+3.46,+11.248,+10.057,+0.942
1684085340,+3.46,+10.941,+10.017,+0.942
1684085400,+3.46,+10.706,+10.003,+0.942
1684085460,+3.46,+10.489,+10.062,+0.942
1684085520,+3.46,+10.361,+10.057,+0.942
1684085580,+3.46,+10.288,+10.088,+0.942
1684085640,+3.46,+10.170,+10.143,+0.942
1684085700,+3.46,+10.234,+10.197,+0.942
1684085760,+3.46,+10.489,+10.193,+0.943
1684085820,+3.46,+10.507,+10.254,+0.943
1684085880,+3.46,+10.643,+10.260,+0.944
1684085940,+3.46,+10.779,+10.271,+0.943
1684086000,+3.46,+10.941,+10.275,+0.943
1684086060,+3.46,+11.005,+10.306,+0.944
1684086120,+3.46,+11.095,+10.320,+0.944
1684086180,+3.46,+11.167,+10.318,+0.943
1684086240,+3.46,+11.158,+10.342,+0.944
1684086300,+3.46,+11.275,+10.299,+0.943
1684086360,+3.46,+11.418,+10.274,+0.943
1684086420,+3.46,+11.481,+10.280,+0.944
1684086480,+3.46,+11.553,+10.286,+0.944
1684086540,+3.46,+11.481, +9.947,+0.942
1684086600,+3.46,+10.824, +9.821,+0.941
1684086660,+3.46,+10.270, +9.854,+0.941
1684086720,+3.46, +9.960, +9.975,+0.941
1684086780,+3.46, +9.721,+10.096,+0.942
1684086840,+3.46, +9.602,+10.138,+0.942
1684086900,+3.46, +9.509,+10.161,+0.942
1684086960,+3.46, +9.482,+10.153,+0.942
1684087020,+3.46, +9.371,+10.199,+0.942
1684087080,+3.46, +9.306,+10.222,+0.942
1684087140,+3.46, +9.297,+10.224,+0.942
1684087200,+3.46, +9.306,+10.216,+0.942
1684087260,+3.46, +9.251,+10.238,+0.943
1684087320,+3.46, +9.251,+10.234,+0.943
1684087380,+3.46, +9.260,+10.214,+0.943
1684087440,+3.46, +9.269,+10.214,+0.943
1684087500,+3.46, +9.214,+10.229,+0.943
1684087560,+3.46, +9.158,+10.256,+0.943
1684087620,+3.46, +9.232,+10.227,+0.943
1684087680,+3.46, +9.214,+10.238,+0.943
1684087740,+3.46, +9.288,+10.236,+0.943
1684087800,+3.46, +9.399,+10.222,+0.943
1684087860,+3.46, +9.399,+10.231,+0.943
1684087920,+3.46, +9.426,+10.242,+0.943
1684087980,+3.46, +9.482,+10.285,+0.944
1684088040,+3.46, +9.528,+10.283,+0.943
1684088100,+3.46, +9.620,+10.218,+0.944
1684088160,+3.46, +9.657,+10.187,+0.943
1684088220,+3.46, +9.730,+10.200,+0.944
1684088280,+3.46, +9.795,+10.256,+0.944
1684088340,+3.46,+10.005,+10.254,+0.944
1684088400,+3.46,+10.234,+10.305,+0.944
1684088460,+3.46,+10.370,+10.346,+0.944
1684088520,+3.46,+10.589,+10.256,+0.944
1684088580,+3.46,+10.670,+10.178,+0.944
1684088640,+3.46,+10.361,+10.031,+0.943
1684088700,+3.46,+10.088,+10.136,+0.943
1684088760,+3.46, +9.895,+10.185,+0.943
1684088820,+3.46, +9.813,+10.220,+0.943
1684088880,+3.46, +9.850,+10.209,+0.943
1684088940,+3.46, +9.785,+10.228,+0.943
1684089000,+3.46, +9.675,+10.262,+0.943
1684089060,+3.46, +9.712,+10.230,+0.943
1684089120,+3.46, +9.739,+10.202,+0.943
1684089180,+3.46, +9.620,+10.193,+0.943
1684089240,+3.46, +9.602,+10.192,+0.944
1684089300,+3.46, +9.638,+10.182,+0.943
1684089360,+3.46, +9.602,+10.198,+0.943
1684089420,+3.46, +9.509,+10.196,+0.943
1684089480,+3.46, +9.426,+10.137,+0.943
1684089540,+3.46, +9.343,+10.092,+0.943
1684089600,+3.46, +9.251,+10.115,+0.943
1684089660,+3.46, +9.056,+10.167,+0.942
1684089720,+3.46, +8.991,+10.208,+0.943
1684089780,+3.46, +9.000,+10.217,+0.943
1684089840,+3.46, +8.972,+10.222,+0.943
1684089900,+3.46, +8.944,+10.238,+0.943
1684089960,+3.46, +8.935,+10.244,+0.943
1684090020,+3.46, +8.889,+10.263,+0.943
1684090080,+3.46, +8.795,+10.302,+0.943
1684090140,+3.46, +8.861,+10.264,+0.943
1684090200,+3.46, +8.805,+10.295,+0.943
1684090260,+3.46, +8.879,+10.273,+0.943
1684090320,+3.46, +8.842,+10.287,+0.943
1684090380,+3.46, +8.823,+10.290,+0.943
1684090440,+3.46, +8.730,+10.321,+0.943
1684090500,+3.46, +8.823,+10.267,+0.943
1684090560,+3.46, +8.870,+10.245,+0.943
1684090620,+3.46, +8.823,+10.264,+0.943
1684090680,+3.46, +8.786,+10.300,+0.943
1684090740,+3.46, +8.805,+10.298,+0.943
1684090800,+3.46, +8.814,+10.301,+0.944
1684090860,+3.46, +8.823,+10.295,+0.943
1684090920,+3.46, +8.842,+10.279,+0.943
1684090980,+3.46, +8.795,+10.303,+0.943
1684091040,+3.46, +8.823,+10.279,+0.944
1684091100,+3.46, +8.935,+10.220,+0.943
1684091160,+3.46, +8.963,+10.233,+0.944
1684091220,+3.46, +9.000,+10.188,+0.943
1684091280,+3.46, +8.982,+10.221,+0.944
1684091340,+3.46, +9.084,+10.155,+0.943
1684091400,+3.46, +9.140,+10.234,+0.944
1684091460,+3.46, +9.056,+10.145,+0.943
1684091520,+3.46, +9.065,+10.113,+0.943
1684091580,+3.46, +9.010,+10.121,+0.943
1684091640,+3.46, +8.963,+10.135,+0.943
1684091700,+3.46, +8.954,+10.136,+0.943
1684091760,+3.46, +8.926,+10.154,+0.943
1684091820,+3.46, +8.972,+10.129,+0.943
1684091880,+3.46, +8.963,+10.164,+0.943
1684091940,+3.46, +9.047,+10.154,+0.943
1684092000,+3.46, +9.140,+10.137,+0.943
1684092060,+3.46, +9.251,+10.138,+0.944
1684092120,+3.46, +9.223,+10.178,+0.944
1684092180,+3.46, +9.269,+10.174,+0.943
1684092240,+3.46, +9.306,+10.180,+0.943
1684092300,+3.46, +9.325,+10.193,+0.943
1684092360,+3.46, +9.389,+10.201,+0.944
1684092420,+3.46, +9.491,+10.174,+0.944
1684092480,+3.46, +9.528,+10.201,+0.944
1684092540,+3.46, +9.574,+10.273,+0.944
1684092600,+3.46, +9.684,+10.295,+0.944
1684092660,+3.46, +9.629,+10.341,+0.944
1684092720,+3.46, +9.574,+10.282,+0.943
1684092780,+3.46, +9.519,+10.428,+0.944
1684092840,+3.46, +9.491,+10.431,+0.944
1684092900,+3.46, +9.491,+10.394,+0.943
1684092960,+3.46, +9.436,+10.419,+0.944
1684093020,+3.46, +9.417,+10.407,+0.943
1684093080,+3.46, +9.380,+10.434,+0.944
1684093140,+3.46, +9.389,+10.435,+0.943
1684093200,+3.46, +9.408,+10.410,+0.943
1684093260,+3.46, +9.463,+10.384,+0.943
1684093320,+3.46, +9.408,+10.408,+0.944
1684093380,+3.46, +9.399,+10.356,+0.943
1684093440,+3.46, +9.408,+10.308,+0.943
1684093500,+3.46, +9.315,+10.453,+0.943
1684093560,+3.46, +9.269,+10.509,+0.943
1684093620,+3.46, +9.352,+10.496,+0.944
1684093680,+3.46, +9.232,+10.557,+0.943
1684093740,+3.46, +9.278,+10.542,+0.944
1684093800,+3.46, +9.269,+10.534,+0.943
1684093860,+3.46, +9.251,+10.517,+0.943
1684093920,+3.46, +9.288,+10.482,+0.943
1684093980,+3.46, +9.260,+10.485,+0.943
1684094040,+3.46, +9.278,+10.470,+0.943
1684094100,+3.46, +9.223,+10.474,+0.943
1684094160,+3.46, +9.278,+10.448,+0.943
1684094220,+3.46, +9.223,+10.460,+0.943
1684094280,+3.46, +9.260,+10.449,+0.943
1684094340,+3.46, +9.315,+10.439,+0.943
1684094400,+3.46, +9.204,+10.497,+0.943
1684094460,+3.46, +9.214,+10.499,+0.944
1684094520,+3.46, +9.223,+10.494,+0.943
1684094580,+3.46, +9.251,+10.509,+0.943
1684094640,+3.46, +9.204,+10.549,+0.944
1684094700,+3.46, +9.260,+10.504,+0.943
1684094760,+3.46, +9.241,+10.521,+0.944
1684094820,+3.46, +9.278,+10.489,+0.944
1684094880,+3.46, +9.167,+10.503,+0.944
1684094940,+3.46, +9.260,+10.440,+0.943
1684095000,+3.46, +9.149,+10.488,+0.944
1684095060,+3.46, +9.204,+10.449,+0.944
1684095120,+3.46, +9.214,+10.438,+0.944
1684095180,+3.46, +9.223,+10.429,+0.943
1684095240,+3.46, +9.195,+10.435,+0.943
1684095300,+3.46, +9.232,+10.413,+0.943
1684095360,+3.46, +9.195,+10.425,+0.943
1684095420,+3.46, +9.186,+10.434,+0.943
1684095480,+3.46, +9.186,+10.431,+0.943
1684095540,+3.46, +9.177,+10.436,+0.943
1684095600,+3.46, +9.186,+10.422,+0.943
1684095660,+3.46, +9.204,+10.400,+0.943
1684095720,+3.46, +9.204,+10.396,+0.944
1684095780,+3.46, +9.167,+10.403,+0.944
1684095840,+3.46, +9.158,+10.386,+0.943
1684095900,+3.46, +9.130,+10.380,+0.943
1684095960,+3.46, +9.149,+10.377,+0.943
1684096020,+3.46, +9.121,+10.384,+0.943
1684096080,+3.46, +9.112,+10.375,+0.943
1684096140,+3.46, +9.149,+10.373,+0.943
1684096200,+3.46, +9.084,+10.401,+0.943
1684096260,+3.46, +9.093,+10.381,+0.944
1684096320,+3.46, +9.121,+10.355,+0.944
1684096380,+3.46, +9.065,+10.354,+0.943
1684096440,+3.46, +9.056,+10.344,+0.944
1684096500,+3.46, +9.112,+10.284,+0.943
1684096560,+3.46, +9.112,+10.295,+0.944
1684096620,+3.46, +9.065,+10.299,+0.943
1684096680,+3.46, +9.000,+10.338,+0.944
1684096740,+3.46, +9.047,+10.298,+0.943
1684096800,+3.46, +8.963,+10.341,+0.943
1684096860,+3.46, +8.982,+10.333,+0.943
1684096920,+3.46, +8.926,+10.382,+0.943
1684096980,+3.46, +8.870,+10.419,+0.943
1684097040,+3.46, +9.010,+10.371,+0.943
1684097100,+3.46, +8.926,+10.392,+0.943
1684097160,+3.46, +8.907,+10.376,+0.943
1684097220,+3.46, +8.982,+10.333,+0.943
1684097280,+3.46, +8.935,+10.337,+0.943
1684097340,+3.46, +8.917,+10.343,+0.944
1684097400,+3.46, +8.926,+10.328,+0.943
1684097460,+3.46, +8.954,+10.323,+0.943
1684097520,+3.46, +8.889,+10.390,+0.943
1684097580,+3.46, +8.889,+10.427,+0.943
1684097640,+3.46, +8.879,+10.431,+0.943
1684097700,+3.46, +8.879,+10.439,+0.943
1684097760,+3.46, +8.795,+10.469,+0.944
1684097820,+3.46, +8.879,+10.432,+0.944
1684097880,+3.46, +8.842,+10.430,+0.943
1684097940,+3.46, +8.842,+10.432,+0.943
1684098000,+3.46, +8.786,+10.446,+0.943
1684098060,+3.46, +8.879,+10.403,+0.944
1684098120,+3.46, +8.833,+10.405,+0.943
1684098180,+3.46, +8.861,+10.387,+0.943
1684098240,+3.46, +8.879,+10.379,+0.944
1684098300,+3.46, +8.879,+10.362,+0.944
1684098360,+3.46, +8.842,+10.361,+0.943
1684098420,+3.46, +8.879,+10.348,+0.943
1684098480,+3.46, +8.842,+10.368,+0.943
1684098540,+3.46, +8.917,+10.344,+0.943
1684098600,+3.46, +8.907,+10.346,+0.943
1684098660,+3.46, +8.898,+10.378,+0.944
1684098720,+3.46, +8.851,+10.385,+0.943
1684098780,+3.46, +8.944,+10.352,+0.943
1684098840,+3.46, +8.944,+10.353,+0.944
1684098900,+3.46, +8.889,+10.369,+0.944
1684098960,+3.46, +8.870,+10.365,+0.944
1684099020,+3.46, +8.851,+10.391,+0.944
1684099080,+3.46, +8.889,+10.379,+0.944
1684099140,+3.46, +8.889,+10.379,+0.944
1684099200,+3.46, +8.870,+10.375,+0.943
1684099260,+3.46, +8.833,+10.386,+0.944
1684099320,+3.46, +8.823,+10.382,+0.943
1684099380,+3.46, +8.842,+10.383,+0.944
1684099440,+3.46, +8.935,+10.325,+0.943
1684099500,+3.46, +8.972,+10.295,+0.943
1684099560,+3.46, +8.944,+10.326,+0.944
1684099620,+3.46, +9.047,+10.197,+0.943
1684099680,+3.46, +8.944,+10.257,+0.943
1684099740,+3.46, +8.982,+10.236,+0.943
1684099800,+3.46, +8.954,+10.262,+0.944
1684099860,+3.46, +8.954,+10.253,+0.943
1684099920,+3.46, +8.898,+10.259,+0.943
1684099980,+3.46, +8.944,+10.235,+0.943
1684100040,+3.46, +8.861,+10.267,+0.944
1684100100,+3.46, +8.898,+10.227,+0.943
1684100160,+3.46, +8.935,+10.192,+0.943
1684100220,+3.46, +8.870,+10.230,+0.943
1684100280,+3.45, +8.851,+10.250,+0.943
1684100340,+3.46, +8.842,+10.272,+0.943
1684100400,+3.46, +8.805,+10.298,+0.943
1684100460,+3.46, +8.823,+10.282,+0.943
1684100520,+3.46, +8.861,+10.285,+0.943
1684100580,+3.46, +8.842,+10.299,+0.944
1684100640,+3.46, +8.889,+10.257,+0.943
1684100700,+3.46, +9.019,+10.271,+0.944
1684100760,+3.46, +9.241,+10.258,+0.944
1684100820,+3.46, +9.482,+10.217,+0.944
1684100880,+3.46, +9.684,+10.165,+0.944
1684100940,+3.46, +9.831,+10.141,+0.944
1684101000,+3.46, +9.996,+10.154,+0.944
1684101060,+3.46,+10.261,+10.115,+0.944
1684101120,+3.46,+10.470,+10.093,+0.944
1684101180,+3.46,+10.552,+10.084,+0.943
1684101240,+3.46,+10.598, +9.997,+0.943
1684101300,+3.46,+10.216, +9.781,+0.942
1684101360,+3.46, +9.776, +9.865,+0.942
1684101420,+3.46, +9.491,+10.012,+0.942
1684101480,+3.46, +9.278,+10.122,+0.943
1684101540,+3.46, +9.251,+10.147,+0.943
1684101600,+3.46, +9.214,+10.159,+0.943
1684101660,+3.46, +9.177,+10.159,+0.943
1684101720,+3.46, +9.232,+10.139,+0.943
1684101780,+3.46, +9.445,+10.143,+0.943
1684101840,+3.46, +9.583,+10.164,+0.943
1684101900,+3.46, +9.813,+10.151,+0.944
1684101960,+3.46, +9.996,+10.190,+0.944
1684102020,+3.46,+10.252,+10.121,+0.943
1684102080,+3.46,+10.398,+10.114,+0.944
1684102140,+3.46,+10.425,+10.089,+0.943
1684102200,+3.46,+10.480,+10.103,+0.944
1684102260,+3.46,+10.470,+10.109,+0.944
1684102320,+3.46,+10.470,+10.127,+0.943
1684102380,+3.46,+10.434,+10.150,+0.943
1684102440,+3.46,+10.480,+10.140,+0.943
1684102500,+3.46,+10.489,+10.156,+0.944
1684102560,+3.46,+10.589,+10.146,+0.943
1684102620,+3.46,+10.743,+10.150,+0.944
1684102680,+3.46,+10.896,+10.156,+0.944
1684102740,+3.46,+10.978,+10.209,+0.944
1684102800,+3.46,+11.113,+10.189,+0.943
1684102860,+3.46,+11.167,+10.220,+0.943
1684102920,+3.46,+11.221,+10.250,+0.944
1684102980,+3.46,+11.239,+10.257,+0.943
1684103040,+3.46,+11.293,+10.262,+0.944
1684103100,+3.46,+11.293,+10.260,+0.943
1684103160,+3.46,+11.347,+10.244,+0.944
1684103220,+3.46,+11.320,+10.171,+0.943
1684103280,+3.46,+11.221,+10.111,+0.943
1684103340,+3.46,+11.131,+10.077,+0.942
1684103400,+3.46,+11.023,+10.044,+0.943
1684103460,+3.46,+10.706, +9.832,+0.942
1684103520,+3.46,+10.352, +9.659,+0.941
1684103580,+3.46, +9.978, +9.746,+0.941
1684103640,+3.46, +9.721, +9.866,+0.941
1684103700,+3.46, +9.509, +9.970,+0.942
1684103760,+3.46, +9.482, +9.977,+0.942
1684103820,+3.46, +9.417, +9.999,+0.942
1684103880,+3.46, +9.380,+10.018,+0.942
1684103940,+3.46, +9.426,+10.007,+0.942
1684104000,+3.46, +9.509,+10.036,+0.943
1684104060,+3.46, +9.602,+10.030,+0.943
1684104120,+3.46, +9.730,+10.033,+0.943
1684104180,+3.46, +9.868, +9.995,+0.943
1684104240,+3.46, +9.914, +9.998,+0.943
1684104300,+3.46,+10.069,+10.027,+0.943
1684104360,+3.46,+10.361,+10.012,+0.944
1684104420,+3.46,+10.498,+10.060,+0.944
1684104480,+3.46,+10.607,+10.128,+0.944
1684104540,+3.46,+10.851,+10.096,+0.944
1684104600,+3.46,+10.996,+10.079,+0.944
1684104660,+3.46,+11.158,+10.091,+0.944
1684104720,+3.46,+11.194,+10.116,+0.944
1684104780,+3.46,+11.365,+10.092,+0.944
1684104840,+3.46,+11.445,+10.085,+0.943
1684104900,+3.46,+11.535,+10.077,+0.943
1684104960,+3.46,+11.553,+10.100,+0.943
1684105020,+3.46,+11.633,+10.072,+0.943
1684105080,+3.46,+11.678,+10.102,+0.944
1684105140,+3.46,+11.239, +9.676,+0.941
1684105200,+3.46,+10.516, +9.634,+0.941
1684105260,+3.46,+10.097, +9.769,+0.941
1684105320,+3.46, +9.978, +9.851,+0.942
1684105380,+3.46, +9.987, +9.938,+0.942
1684105440,+3.46,+10.170,+10.009,+0.943
1684105500,+3.46,+10.252,+10.024,+0.943
1684105560,+3.46,+10.389,+10.008,+0.943
1684105620,+3.46,+10.443, +9.982,+0.943
1684105680,+3.46,+10.307, +9.997,+0.942
1684105740,+3.46,+10.270,+10.016,+0.943
1684105800,+3.46,+10.380, +9.967,+0.942
1684105860,+3.46,+10.389, +9.944,+0.942
1684105920,+3.46,+10.279, +9.891,+0.942
1684105980,+3.46,+10.197, +9.916,+0.943
1684106040,+3.46,+10.216, +9.916,+0.943
1684106100,+3.46,+10.197, +9.915,+0.942
1684106160,+3.46,+10.307, +9.911,+0.943
1684106220,+3.46,+10.343, +9.925,+0.943
1684106280,+3.46,+10.389, +9.917,+0.943
1684106340,+3.46,+10.598, +9.929,+0.944
1684106400,+3.46,+10.743, +9.935,+0.943
1684106460,+3.46,+10.833, +9.966,+0.943
1684106520,+3.46,+10.914, +9.948,+0.943
1684106580,+3.46,+10.833, +9.949,+0.943
1684106640,+3.46,+10.797, +9.951,+0.943
1684106700,+3.46,+10.743, +9.982,+0.943
1684106760,+3.46,+10.806, +9.975,+0.943
1684106820,+3.46,+10.878,+10.005,+0.943
1684106880,+3.46,+10.960,+10.013,+0.943
1684106940,+3.45,+11.041,+10.045,+0.944
1684107000,+3.46,+11.167,+10.049,+0.943
1684107060,+3.46,+11.221,+10.073,+0.943
1684107120,+3.46,+11.347,+10.047,+0.943
1684107180,+3.46,+11.436,+10.043,+0.943
1684107240,+3.46,+11.508,+10.013,+0.943
1684107300,+3.46,+11.544,+10.003,+0.943
1684107360,+3.46,+11.535, +9.996,+0.943
1684107420,+3.46,+11.320, +9.852,+0.942
1684107480,+3.46,+11.194, +9.871,+0.942
1684107540,+3.46,+11.068,+10.000,+0.943
1684107600,+3.46,+10.887, +9.833,+0.941
1684107660,+3.46,+10.507, +9.644,+0.941
1684107720,+3.46,+10.343, +9.815,+0.942
1684107780,+3.46,+10.352, +9.907,+0.943
1684107840,+3.46,+10.361, +9.937,+0.942
1684107900,+3.46,+10.343, +9.945,+0.942
1684107960,+3.46,+10.389,+10.027,+0.943
1684108020,+3.46,+10.489,+10.068,+0.942
1684108080,+3.46,+10.688,+10.095,+0.943
1684108140,+3.46,+10.779,+10.081,+0.944
1684108200,+3.46,+10.905,+10.067,+0.944
1684108260,+3.46,+11.032,+10.066,+0.943
1684108320,+3.46,+11.230,+10.072,+0.944
1684108380,+3.46,+11.409,+10.101,+0.944
1684108440,+3.46,+11.544,+10.122,+0.944
1684108500,+3.46,+11.669,+10.172,+0.944
1684108560,+3.46,+11.866,+10.192,+0.944
1684108620,+3.46,+11.955,+10.214,+0.944
1684108680,+3.46,+12.026,+10.232,+0.944
1684108740,+3.46,+12.124,+10.211,+0.943
1684108800,+3.46,+12.097,+10.261,+0.944
1684108860,+3.46,+12.221,+10.248,+0.944
1684108920,+3.46,+12.195,+10.284,+0.944
1684108980,+3.46,+12.257,+10.264,+0.943
1684109040,+3.46,+12.266,+10.290,+0.943
1684109100,+3.45,+12.292,+10.293,+0.943
1684109160,+3.46,+12.284,+10.306,+0.943
1684109220,+3.46,+12.408,+10.271,+0.943
1684109280,+3.46,+12.354,+10.287,+0.943
1684109340,+3.46,+12.408,+10.294,+0.943
1684109400,+3.46,+12.363,+10.310,+0.943
1684109460,+3.46,+12.425,+10.294,+0.943
1684109520,+3.46,+12.416,+10.309,+0.943
1684109580,+3.46,+12.478,+10.294,+0.943
1684109640,+3.46,+12.470,+10.320,+0.943
1684109700,+3.46,+12.514,+10.325,+0.943
1684109760,+3.46,+12.487,+10.364,+0.943
1684109820,+3.46,+12.487,+10.372,+0.944
1684109880,+3.46,+12.470,+10.357,+0.943
1684109940,+3.46,+12.514,+10.323,+0.943
1684110000,+3.46,+12.452,+10.300,+0.943
1684110060,+3.46,+12.470,+10.257,+0.942
1684110120,+3.46,+12.443,+10.256,+0.943
1684110180,+3.46,+12.363,+10.210,+0.943
1684110240,+3.45,+12.266,+10.171,+0.942
1684110300,+3.46,+12.168,+10.112,+0.942
1684110360,+3.45,+12.097,+10.111,+0.942
1684110420,+3.46,+12.061,+10.127,+0.942
1684110480,+3.46,+12.061,+10.145,+0.942
1684110540,+3.46,+12.008,+10.178,+0.943
1684110600,+3.46,+12.035,+10.169,+0.942
1684110660,+3.46,+11.999,+10.184,+0.943
1684110720,+3.46,+11.999,+10.166,+0.942
1684110780,+3.46,+12.044,+10.161,+0.943
1684110840,+3.46,+12.044,+10.175,+0.943
1684110900,+3.46,+12.008,+10.178,+0.943
1684110960,+3.46,+11.999,+10.190,+0.943
1684111020,+3.46,+12.079,+10.164,+0.943
1684111080,+3.46,+12.097,+10.158,+0.942
1684111140,+3.46,+12.070,+10.170,+0.943
1684111200,+3.46,+12.168,+10.122,+0.942
1684111260,+3.46,+12.141,+10.141,+0.943
1684111320,+3.46,+12.159,+10.130,+0.942
1684111380,+3.46,+12.195,+10.118,+0.942
1684111440,+3.46,+12.177,+10.123,+0.942
1684111500,+3.46,+12.177,+10.133,+0.943
1684111560,+3.46,+12.248,+10.130,+0.943
1684111620,+3.46,+12.239,+10.152,+0.942
1684111680,+3.46,+12.213,+10.198,+0.942
1684111740,+3.46,+12.292,+10.187,+0.943
1684111800,+3.46,+12.204,+10.210,+0.942
1684111860,+3.46,+12.204,+10.241,+0.943
1684111920,+3.46,+12.248,+10.233,+0.942
1684111980,+3.46,+12.150,+10.288,+0.943
1684112040,+3.46,+12.248,+10.299,+0.943
1684112100,+3.46,+12.239,+10.349,+0.943
1684112160,+3.46,+12.266,+10.360,+0.943
1684112220,+3.46,+12.301,+10.356,+0.943
1684112280,+3.46,+12.248,+10.364,+0.943
1684112340,+3.46,+12.204,+10.377,+0.943
1684112400,+3.46,+12.257,+10.346,+0.943
1684112460,+3.46,+12.221,+10.361,+0.943
1684112520,+3.46,+12.292,+10.330,+0.943
1684112580,+3.46,+12.266,+10.330,+0.943
1684112640,+3.46,+12.301,+10.326,+0.943
1684112700,+3.46,+12.337,+10.304,+0.943
1684112760,+3.46,+12.230,+10.339,+0.943
1684112820,+3.46,+12.310,+10.285,+0.942
1684112880,+3.46,+12.319,+10.294,+0.943
1684112940,+3.46,+12.266,+10.326,+0.943
1684113000,+3.46,+12.354,+10.300,+0.943
1684113060,+3.46,+12.328,+10.312,+0.943
1684113120,+3.46,+12.372,+10.308,+0.943
1684113180,+3.46,+12.337,+10.318,+0.943
1684113240,+3.46,+12.372,+10.309,+0.943
1684113300,+3.46,+12.399,+10.296,+0.943
1684113360,+3.46,+12.390,+10.301,+0.943
1684113420,+3.46,+12.363,+10.340,+0.943
1684113480,+3.46,+11.848, +9.748,+0.941
1684113540,+3.46,+11.391, +9.914,+0.941
1684113600,+3.46,+11.176, +9.943,+0.941
1684113660,+3.46,+11.095,+10.081,+0.942
1684113720,+3.46,+11.248,+10.276,+0.943
1684113780,+3.46,+11.589,+10.302,+0.943
1684113840,+3.46,+11.660,+10.324,+0.943
1684113900,+3.46,+11.651,+10.322,+0.942
1684113960,+3.46,+11.669,+10.282,+0.942
1684114020,+3.46,+11.571,+10.254,+0.943
1684114080,+3.46,+11.445,+10.240,+0.943
1684114140,+3.46,+11.347,+10.289,+0.943
1684114200,+3.46,+11.391,+10.212,+0.942
1684114260,+3.46,+11.320,+10.124,+0.942
1684114320,+3.46,+11.167,+10.093,+0.942
1684114380,+3.46,+10.941,+10.026,+0.942
1684114440,+3.46,+10.724,+10.033,+0.942
1684114500,+3.46,+10.634, +9.940,+0.942
1684114560,+3.46,+10.425, +9.928,+0.942
1684114620,+3.46,+10.252,+10.001,+0.941
1684114680,+3.46,+10.069,+10.240,+0.942
1684114740,+3.46, +9.978,+10.259,+0.942
1684114800,+3.46, +9.859,+10.297,+0.942
1684114860,+3.46, +9.877,+10.277,+0.942
1684114920,+3.46, +9.795,+10.280,+0.943
1684114980,+3.46, +9.813,+10.250,+0.942
1684115040,+3.46, +9.767,+10.277,+0.943
1684115100,+3.46, +9.795,+10.253,+0.943
1684115160,+3.46, +9.822,+10.220,+0.943
1684115220,+3.46, +9.950,+10.230,+0.943
1684115280,+3.46,+10.133,+10.204,+0.943
1684115340,+3.46,+10.115,+10.156,+0.943
1684115400,+3.46,+10.170,+10.130,+0.943
1684115460,+3.46,+10.124,+10.102,+0.943
1684115520,+3.46,+10.005,+10.145,+0.943
1684115580,+3.46, +9.914,+10.185,+0.942
1684115640,+3.46, +9.840,+10.220,+0.943
1684115700,+3.46, +9.831,+10.230,+0.943
1684115760,+3.46, +9.859,+10.204,+0.943
1684115820,+3.46, +9.813,+10.238,+0.943
1684115880,+3.46, +9.739,+10.263,+0.943
1684115940,+3.46, +9.712,+10.293,+0.943
1684116000,+3.46, +9.712,+10.319,+0.943
1684116060,+3.46, +9.749,+10.335,+0.943
1684116120,+3.46, +9.730,+10.362,+0.943
1684116180,+3.46, +9.730,+10.375,+0.943
1684116240,+3.46, +9.758,+10.364,+0.943
1684116300,+3.46, +9.785,+10.345,+0.943
1684116360,+3.46, +9.739,+10.359,+0.944
1684116420,+3.46, +9.739,+10.339,+0.943
1684116480,+3.46, +9.776,+10.328,+0.943
1684116540,+3.46, +9.730,+10.337,+0.943
1684116600,+3.46, +9.804,+10.283,+0.943
1684116660,+3.46, +9.840,+10.253,+0.943
1684116720,+3.46,+10.015,+10.130,+0.944
1684116780,+3.46, +9.950,+10.104,+0.943
1684116840,+3.46, +9.859,+10.239,+0.943
1684116900,+3.46, +9.822,+10.291,+0.943
1684116960,+3.46, +9.776,+10.320,+0.943
1684117020,+3.46, +9.749,+10.338,+0.943
1684117080,+3.46, +9.739,+10.327,+0.943
1684117140,+3.46, +9.749,+10.317,+0.943
1684117200,+3.46, +9.749,+10.301,+0.943
1684117260,+3.46, +9.721,+10.310,+0.943
1684117320,+3.46, +9.666,+10.326,+0.944
1684117380,+3.46, +9.730,+10.273,+0.943
1684117440,+3.46, +9.638,+10.282,+0.943
1684117500,+3.46, +9.611,+10.276,+0.943
1684117560,+3.46, +9.629,+10.272,+0.943
1684117620,+3.46, +9.620,+10.271,+0.943
1684117680,+3.46, +9.629,+10.266,+0.943
1684117740,+3.46, +9.666,+10.247,+0.943
1684117800,+3.46, +9.574,+10.286,+0.944
1684117860,+3.46, +9.666,+10.250,+0.943
1684117920,+3.46, +9.638,+10.270,+0.943
1684117980,+3.46, +9.602,+10.300,+0.943
1684118040,+3.46, +9.721,+10.246,+0.943
1684118100,+3.46, +9.703,+10.270,+0.943
1684118160,+3.46, +9.739,+10.259,+0.943
1684118220,+3.46, +9.804,+10.246,+0.943
1684118280,+3.46, +9.905,+10.236,+0.944
1684118340,+3.46,+10.069,+10.235,+0.944
1684118400,+3.46,+10.307,+10.194,+0.944
1684118460,+3.46,+10.197,+10.026,+0.943
1684118520,+3.46, +9.932,+10.126,+0.943
1684118580,+3.46, +9.978,+10.138,+0.943
1684118640,+3.46, +9.932,+10.175,+0.944
1684118700,+3.46, +9.895,+10.188,+0.943
1684118760,+3.46, +9.923,+10.190,+0.944
1684118820,+3.46, +9.960,+10.159,+0.943
1684118880,+3.46, +9.905,+10.192,+0.943
1684118940,+3.46, +9.905,+10.199,+0.943
1684119000,+3.46, +9.932,+10.196,+0.943
1684119060,+3.46, +9.932,+10.220,+0.943
1684119120,+3.46, +9.905,+10.226,+0.943
1684119180,+3.46, +9.987,+10.204,+0.943
1684119240,+3.46,+10.033,+10.164,+0.943
1684119300,+3.46,+10.197,+10.123,+0.944
1684119360,+3.46,+10.279,+10.140,+0.943
1684119420,+3.46,+10.425,+10.138,+0.944
1684119480,+3.46,+10.570,+10.087,+0.943
1684119540,+3.46,+10.616,+10.102,+0.944
1684119600,+3.46,+10.743,+10.081,+0.944
1684119660,+3.46,+10.806,+10.082,+0.943
1684119720,+3.46,+10.851,+10.094,+0.944
1684119780,+3.46,+10.869,+10.133,+0.944
1684119840,+3.46,+10.869,+10.118,+0.943
1684119900,+3.46,+10.878,+10.096,+0.943
1684119960,+3.46,+10.851,+10.110,+0.943
1684120020,+3.46,+10.941,+10.082,+0.943
1684120080,+3.46,+10.951,+10.082,+0.943
1684120140,+3.46,+11.023,+10.056,+0.944
1684120200,+3.46,+10.969,+10.057,+0.944
1684120260,+3.46,+10.987,+10.043,+0.943
1684120320,+3.46,+10.941,+10.056,+0.943
1684120380,+3.46,+10.951,+10.064,+0.943
1684120440,+3.46,+10.969,+10.047,+0.943
1684120500,+3.46,+10.869,+10.033,+0.943
1684120560,+3.46,+10.914,+10.063,+0.943
1684120620,+3.46,+10.923,+10.166,+0.943
1684120680,+3.46,+10.969,+10.223,+0.943
1684120740,+3.46,+10.951,+10.283,+0.943
1684120800,+3.46,+10.914,+10.303,+0.943
1684120860,+3.46,+10.941,+10.271,+0.943
1684120920,+3.46,+10.951,+10.264,+0.943
1684120980,+3.46,+10.932,+10.258,+0.943
1684121040,+3.46,+10.932,+10.232,+0.943
1684121100,+3.46,+10.923,+10.235,+0.943
1684121160,+3.46,+10.905,+10.232,+0.943
1684121220,+3.46,+10.923,+10.238,+0.943
1684121280,+3.46,+10.987,+10.257,+0.943
1684121340,+3.46,+11.032,+10.263,+0.943
1684121400,+3.46,+11.068,+10.272,+0.943
1684121460,+3.46,+11.212,+10.239,+0.944
1684121520,+3.46,+11.347,+10.219,+0.944
1684121580,+3.46,+11.436,+10.212,+0.944
1684121640,+3.46,+11.553,+10.195,+0.943
1684121700,+3.46,+11.642,+10.204,+0.943
1684121760,+3.46,+11.785,+10.195,+0.943
1684121820,+3.46,+11.919,+10.189,+0.944
1684121880,+3.46,+11.928,+10.215,+0.944
1684121940,+3.46,+11.981,+10.215,+0.943
1684122000,+3.46,+12.053,+10.207,+0.943
1684122060,+3.46,+12.070,+10.220,+0.943
1684122120,+3.46,+12.150,+10.213,+0.944
1684122180,+3.46,+12.168,+10.209,+0.943
1684122240,+3.46,+12.248,+10.203,+0.943
1684122300,+3.46,+12.275,+10.201,+0.943
1684122360,+3.46,+12.204,+10.092,+0.942
1684122420,+3.46,+12.079,+10.120,+0.942
1684122480,+3.46,+11.848, +9.864,+0.941
1684122540,+3.46,+11.400, +9.889,+0.942
1684122600,+3.46,+11.095, +9.900,+0.941
1684122660,+3.46,+10.932, +9.976,+0.942
1684122720,+3.46,+10.761,+10.058,+0.942
1684122780,+3.46,+10.715,+10.073,+0.942
1684122840,+3.46,+10.715,+10.052,+0.942
1684122900,+3.46,+10.589,+10.086,+0.942
1684122960,+3.46,+10.480,+10.103,+0.942
1684123020,+3.46,+10.352,+10.126,+0.942
1684123080,+3.46,+10.307,+10.105,+0.942
1684123140,+3.46,+10.261,+10.131,+0.942
1684123200,+3.46,+10.279,+10.132,+0.942
1684123260,+3.46,+10.298,+10.162,+0.943
1684123320,+3.46,+10.452,+10.207,+0.943
1684123380,+3.46,+10.688,+10.249,+0.943
1684123440,+3.46,+10.797,+10.272,+0.943
1684123500,+3.46,+10.905,+10.330,+0.944
1684123560,+3.46,+11.104,+10.287,+0.943
1684123620,+3.46,+11.131,+10.307,+0.944
1684123680,+3.46,+11.311,+10.269,+0.944
1684123740,+3.46,+11.535,+10.231,+0.944
1684123800,+3.46,+11.624,+10.243,+0.943
1684123860,+3.46,+11.732,+10.221,+0.944
1684123920,+3.46,+11.901,+10.211,+0.943
1684123980,+3.46,+11.937,+10.218,+0.943
1684124040,+3.46,+12.026,+10.203,+0.944
1684124100,+3.46,+12.070,+10.193,+0.943
1684124160,+3.46,+12.035,+10.216,+0.943
1684124220,+3.46,+12.213,+10.186,+0.943
1684124280,+3.46,+12.195,+10.233,+0.943
1684124340,+3.46,+12.248,+10.219,+0.943
1684124400,+3.46,+12.275,+10.239,+0.943
1684124460,+3.46,+12.399,+10.219,+0.943
1684124520,+3.46,+12.354,+10.254,+0.943
1684124580,+3.46,+12.372,+10.267,+0.943
1684124640,+3.46,+12.354,+10.250,+0.943
1684124700,+3.46,+12.328,+10.228,+0.943
1684124760,+3.46,+12.363,+10.205,+0.943
1684124820,+3.46,+12.354,+10.194,+0.943
1684124880,+3.46,+12.416,+10.167,+0.943
1684124940,+3.46,+12.292,+10.198,+0.943
1684125000,+3.46,+12.328,+10.156,+0.943
1684125060,+3.46,+12.292,+10.126,+0.943
1684125120,+3.46,+11.928, +9.994,+0.942
1684125180,+3.46,+11.794,+10.005,+0.942
1684125240,+3.46,+11.732, +9.970,+0.942
1684125300,+3.46,+11.607,+10.050,+0.943
1684125360,+3.46,+11.615,+10.105,+0.943
1684125420,+3.46,+11.508,+10.137,+0.942
1684125480,+3.46,+11.508,+10.126,+0.942
1684125540,+3.46,+11.427,+10.142,+0.943
1684125600,+3.46,+11.454,+10.129,+0.942
1684125660,+3.46,+11.463,+10.129,+0.942
1684125720,+3.46,+11.472,+10.165,+0.943
1684125780,+3.46,+11.544,+10.201,+0.943
1684125840,+3.46,+11.598,+10.227,+0.943
1684125900,+3.46,+11.660,+10.241,+0.943
1684125960,+3.46,+11.642,+10.198,+0.943
1684126020,+3.46,+11.615,+10.194,+0.943
1684126080,+3.46,+11.624,+10.198,+0.943
1684126140,+3.46,+11.687,+10.187,+0.943
1684126200,+3.46,+11.705,+10.170,+0.943
1684126260,+3.46,+11.767,+10.142,+0.943
1684126320,+3.46,+11.821,+10.157,+0.943
1684126380,+3.46,+11.866,+10.181,+0.943
1684126440,+3.46,+11.964,+10.165,+0.942
1684126500,+3.46,+12.026,+10.173,+0.943
1684126560,+3.46,+12.017,+10.178,+0.943
1684126620,+3.46,+12.017,+10.216,+0.943
1684126680,+3.46,+12.070,+10.212,+0.943
1684126740,+3.46,+12.106,+10.194,+0.943
1684126800,+3.46,+12.195,+10.172,+0.943
1684126860,+3.46,+12.195,+10.176,+0.943
1684126920,+3.46,+12.239,+10.161,+0.943
1684126980,+3.46,+12.257,+10.147,+0.943
1684127040,+3.46,+12.275,+10.161,+0.943
1684127100,+3.46,+12.292,+10.158,+0.943
1684127160,+3.46,+12.275,+10.163,+0.943
1684127220,+3.46,+12.354,+10.126,+0.942
1684127280,+3.46,+12.292,+10.157,+0.943
1684127340,+3.46,+12.088, +9.924,+0.941
1684127400,+3.46,+11.812,+10.010,+0.942
1684127460,+3.46,+11.589,+10.012,+0.941
1684127520,+3.46,+11.356,+10.082,+0.942
1684127580,+3.46,+11.194,+10.114,+0.942
1684127640,+3.46,+11.095,+10.150,+0.942
1684127700,+3.46,+11.005,+10.181,+0.942
1684127760,+3.46,+10.951,+10.217,+0.942
1684127820,+3.46,+10.987,+10.229,+0.943
1684127880,+3.46,+10.932,+10.246,+0.943
1684127940,+3.46,+10.869,+10.303,+0.943
1684128000,+3.46,+10.960,+10.302,+0.943
1684128060,+3.46,+10.932,+10.333,+0.943
1684128120,+3.46,+11.041,+10.329,+0.944
1684128180,+3.46,+11.131,+10.294,+0.943
1684128240,+3.46,+11.257,+10.257,+0.943
1684128300,+3.46,+11.329,+10.255,+0.944
1684128360,+3.46,+11.320,+10.181,+0.943
1684128420,+3.46,+11.203,+10.139,+0.942
1684128480,+3.46,+11.068,+10.196,+0.943
1684128540,+3.46,+11.131,+10.225,+0.943
1684128600,+3.46,+11.167,+10.193,+0.942
1684128660,+3.46,+11.149,+10.209,+0.943
1684128720,+3.46,+11.176,+10.278,+0.943
1684128780,+3.46,+11.266,+10.268,+0.943
1684128840,+3.46,+11.329,+10.276,+0.943
1684128900,+3.46,+11.365,+10.297,+0.943
1684128960,+3.46,+11.436,+10.282,+0.943
1684129020,+3.46,+11.472,+10.283,+0.943
1684129080,+3.46,+11.445,+10.312,+0.943
1684129140,+3.46,+11.544,+10.261,+0.943
1684129200,+3.46,+11.472,+10.263,+0.943
1684129260,+3.46,+11.454,+10.256,+0.943
1684129320,+3.46,+11.463,+10.236,+0.943
1684129380,+3.46,+11.445,+10.263,+0.943
1684129440,+3.46,+11.607,+10.249,+0.943
1684129500,+3.46,+11.705,+10.245,+0.943
1684129560,+3.46,+11.874,+10.217,+0.943
1684129620,+3.46,+11.910,+10.230,+0.943
1684129680,+3.46,+12.017,+10.206,+0.943
1684129740,+3.46,+12.061,+10.220,+0.943
1684129800,+3.46,+12.150,+10.208,+0.943
1684129860,+3.46,+12.141,+10.211,+0.943
1684129920,+3.46,+12.141,+10.221,+0.943
1684129980,+3.46,+12.141,+10.243,+0.943
1684130040,+3.46,+12.204,+10.230,+0.943
1684130100,+3.46,+12.195,+10.254,+0.943
1684130160,+3.46,+12.221,+10.247,+0.943
1684130220,+3.46,+12.239,+10.231,+0.943
1684130280,+3.46,+12.292,+10.203,+0.942
1684130340,+3.46,+12.328,+10.198,+0.943
1684130400,+3.46,+12.319,+10.200,+0.943
1684130460,+3.46,+12.363,+10.166,+0.942
1684130520,+3.46,+12.337,+10.177,+0.943
1684130580,+3.46,+12.346,+10.159,+0.943
1684130640,+3.46,+12.381,+10.144,+0.943
1684130700,+3.46,+12.381,+10.141,+0.943
1684130760,+3.46,+12.337,+10.095,+0.942
1684130820,+3.46,+12.070,+10.056,+0.942
1684130880,+3.46,+11.874,+10.134,+0.942
1684130940,+3.46,+11.901,+10.133,+0.942
1684131000,+3.46,+11.981,+10.130,+0.943
1684131060,+3.46,+11.972,+10.162,+0.943
1684131120,+3.46,+12.061,+10.220,+0.943
1684131180,+3.46,+12.186,+10.196,+0.943
1684131240,+3.46,+12.275,+10.250,+0.943
1684131300,+3.46,+12.301,+10.270,+0.943
1684131360,+3.46,+12.337,+10.244,+0.942
1684131420,+3.46,+12.337,+10.227,+0.943
1684131480,+3.46,+12.354,+10.241,+0.943
1684131540,+3.46,+12.416,+10.209,+0.943
1684131600,+3.46,+12.372,+10.205,+0.943
1684131660,+3.46,+12.372,+10.227,+0.943
1684131720,+3.46,+12.346,+10.245,+0.943
1684131780,+3.46,+12.381,+10.245,+0.942
1684131840,+3.46,+12.443,+10.251,+0.943
1684131900,+3.46,+12.461,+10.271,+0.943
1684131960,+3.46,+12.452,+10.307,+0.943
1684132020,+3.46,+12.523,+10.295,+0.943
1684132080,+3.46,+12.496,+10.329,+0.943
1684132140,+3.46,+12.514,+10.328,+0.942
1684132200,+3.46,+12.523,+10.332,+0.943
1684132260,+3.46,+12.470,+10.347,+0.943
1684132320,+3.46,+12.301,+10.177,+0.941
1684132380,+3.46,+12.124,+10.186,+0.942
1684132440,+3.46,+12.008,+10.202,+0.942
1684132500,+3.46,+11.946,+10.230,+0.942
1684132560,+3.46,+11.910,+10.138,+0.942
1684132620,+3.46,+11.660,+10.076,+0.941
1684132680,+3.46,+11.427,+10.131,+0.942
1684132740,+3.46,+11.356,+10.135,+0.942
1684132800,+3.46,+11.239,+10.222,+0.942
1684132860,+3.46,+11.347,+10.224,+0.943
1684132920,+3.46,+11.454,+10.223,+0.943
1684132980,+3.46,+11.535,+10.215,+0.943
1684133040,+3.46,+11.633,+10.203,+0.942
1684133100,+3.46,+11.633,+10.231,+0.943
1684133160,+3.46,+11.785,+10.256,+0.943
1684133220,+3.46,+11.901,+10.280,+0.943
1684133280,+3.46,+11.946,+10.309,+0.943
1684133340,+3.46,+12.124,+10.313,+0.943
1684133400,+3.46,+11.981,+10.139,+0.942
1684133460,+3.46,+11.633,+10.223,+0.943
1684133520,+3.46,+11.454,+10.000,+0.941
1684133580,+3.46,+11.140,+10.027,+0.941
1684133640,+3.46,+10.996,+10.077,+0.942
1684133700,+3.46,+10.941,+10.086,+0.943
1684133760,+3.46,+10.896,+10.064,+0.942
1684133820,+3.46,+10.824,+10.047,+0.942
1684133880,+3.46,+10.697,+10.076,+0.943
1684133940,+3.46,+10.688,+10.049,+0.942
1684134000,+3.46,+10.589,+10.059,+0.942
1684134060,+3.46,+10.552,+10.086,+0.943
1684134120,+3.46,+10.552,+10.114,+0.942
1684134180,+3.46,+10.598,+10.178,+0.943
1684134240,+3.46,+10.770,+10.217,+0.943
1684134300,+3.46,+11.077,+10.283,+0.944
1684134360,+3.46,+11.068,+10.094,+0.942
1684134420,+3.46,+10.797,+10.039,+0.942
1684134480,+3.46,+10.607,+10.130,+0.942
1684134540,+3.46,+10.598,+10.133,+0.943
1684134600,+3.46,+10.570,+10.167,+0.943
1684134660,+3.46,+10.634,+10.160,+0.943
1684134720,+3.46,+10.661,+10.183,+0.943
1684134780,+3.46,+10.625,+10.176,+0.943
1684134840,+3.46,+10.516,+10.157,+0.943
1684134900,+3.46,+10.452,+10.148,+0.943
1684134960,+3.46,+10.325,+10.177,+0.942
1684135020,+3.46,+10.325,+10.203,+0.943
1684135080,+3.46,+10.334,+10.202,+0.942
1684135140,+3.46,+10.380,+10.271,+0.943
1684135200,+3.46,+10.389,+10.295,+0.944
1684135260,+3.46,+10.489,+10.273,+0.943
1684135320,+3.46,+10.570,+10.302,+0.944
1684135380,+3.46,+10.761,+10.258,+0.943
1684135440,+3.46,+11.005,+10.345,+0.944
1684135500,+3.46,+11.347,+10.374,+0.944
1684135560,+3.46,+11.607,+10.456,+0.944
1684135620,+3.46,+11.857,+10.465,+0.944
1684135680,+3.46,+12.035,+10.442,+0.944
1684135740,+3.46,+12.204,+10.415,+0.944
1684135800,+3.46,+12.328,+10.407,+0.944
1684135860,+3.46,+12.390,+10.395,+0.944
1684135920,+3.46,+12.381,+10.398,+0.944
1684135980,+3.46,+12.487,+10.363,+0.943
1684136040,+3.46,+12.496,+10.372,+0.943
1684136100,+3.46,+12.496,+10.378,+0.943
1684136160,+3.46,+12.540,+10.374,+0.943
1684136220,+3.46,+12.593,+10.357,+0.943
1684136280,+3.46,+12.567,+10.395,+0.944
1684136340,+3.46,+12.682,+10.359,+0.943
1684136400,+3.46,+12.602,+10.384,+0.943
1684136460,+3.46,+12.638,+10.367,+0.943
1684136520,+3.46,+12.646,+10.359,+0.943
1684136580,+3.46,+12.646,+10.347,+0.943
1684136640,+3.46,+12.638,+10.340,+0.943
1684136700,+3.46,+12.230,+10.057,+0.941
1684136760,+3.46,+11.883,+10.138,+0.942
1684136820,+3.46,+11.758,+10.215,+0.942
1684136880,+3.46,+11.821,+10.285,+0.943
1684136940,+3.46,+12.026,+10.267,+0.943
1684137000,+3.46,+12.150,+10.304,+0.943
1684137060,+3.46,+12.310,+10.324,+0.943
1684137120,+3.46,+12.390,+10.325,+0.943
1684137180,+3.46,+12.425,+10.317,+0.942
1684137240,+3.46,+12.434,+10.298,+0.943
1684137300,+3.46,+12.017,+10.077,+0.942
1684137360,+3.46,+11.812,+10.164,+0.942
1684137420,+3.46,+11.830,+10.208,+0.943
1684137480,+3.46,+11.866,+10.210,+0.943
1684137540,+3.46,+11.972,+10.202,+0.942
1684137600,+3.46,+12.026,+10.227,+0.943
1684137660,+3.46,+12.097,+10.210,+0.942
1684137720,+3.46,+11.990, +9.722,+0.939
1684137780,+3.46,+11.041, +9.662,+0.939
1684137840,+3.46,+10.552, +9.938,+0.941
1684137900,+3.46,+10.307, +9.967,+0.941
1684137960,+3.46,+10.206,+10.045,+0.941
1684138020,+3.46,+10.124,+10.116,+0.943
1684138080,+3.46,+10.161,+10.111,+0.942
1684138140,+3.46,+10.115,+10.133,+0.942
1684138200,+3.46,+10.079,+10.147,+0.943
1684138260,+3.46, +9.987,+10.117,+0.942
1684138320,+3.46, +9.895,+10.099,+0.942
1684138380,+3.46, +9.813,+10.076,+0.942
1684138440,+3.46, +9.712,+10.083,+0.942
1684138500,+3.46, +9.592,+10.116,+0.942
1684138560,+3.46, +9.537,+10.128,+0.942
1684138620,+3.46, +9.555,+10.136,+0.943
1684138680,+3.46, +9.602,+10.178,+0.943
1684138740,+3.46, +9.638,+10.178,+0.943
1684138800,+3.46, +9.712,+10.251,+0.943
1684138860,+3.46, +9.895,+10.272,+0.943
1684138920,+3.46,+10.106,+10.334,+0.944
1684138980,+3.46,+10.489,+10.352,+0.944
1684139040,+3.46,+10.824,+10.402,+0.945
1684139100,+3.46,+11.113,+10.348,+0.945
1684139160,+3.46,+11.409,+10.397,+0.945
1684139220,+3.46,+11.615,+10.378,+0.945
1684139280,+3.46,+11.723,+10.358,+0.944
1684139340,+3.46,+11.883,+10.327,+0.944
1684139400,+3.46,+11.990,+10.289,+0.944
1684139460,+3.46,+12.035,+10.285,+0.944
1684139520,+3.46,+12.106,+10.278,+0.944
1684139580,+3.46,+12.079, +9.913,+0.941
1684139640,+3.46,+11.356, +9.912,+0.941
1684139700,+3.46,+10.987,+10.058,+0.942
1684139760,+3.46,+10.833,+10.093,+0.942
1684139820,+3.46,+10.670,+10.094,+0.942
1684139880,+3.46,+10.507,+10.116,+0.942
1684139940,+3.46,+10.279,+10.066,+0.942
1684140000,+3.46,+10.152,+10.097,+0.942
1684140060,+3.46,+10.069,+10.084,+0.943
1684140120,+3.46,+10.097,+10.107,+0.943
1684140180,+3.46,+10.097,+10.146,+0.943
1684140240,+3.46,+10.179,+10.168,+0.942
1684140300,+3.46,+10.188,+10.232,+0.943
1684140360,+3.46,+10.288,+10.223,+0.943
1684140420,+3.46,+10.279,+10.231,+0.943
1684140480,+3.46,+10.279,+10.216,+0.943
1684140540,+3.46,+10.343,+10.184,+0.943
1684140600,+3.46,+10.361,+10.205,+0.943
1684140660,+3.46,+10.380,+10.205,+0.943
1684140720,+3.46,+10.380,+10.219,+0.943
1684140780,+3.46,+10.380,+10.209,+0.943
1684140840,+3.46,+10.380,+10.198,+0.943
1684140900,+3.46,+10.352,+10.211,+0.944
1684140960,+3.46,+10.370,+10.177,+0.943
1684141020,+3.46,+10.261,+10.219,+0.943
1684141080,+3.46,+10.288,+10.202,+0.943
1684141140,+3.46,+10.243,+10.168,+0.943
1684141200,+3.46,+10.179,+10.157,+0.943
1684141260,+3.46,+10.124,+10.179,+0.943
1684141320,+3.46,+10.106,+10.220,+0.943
1684141380,+3.46,+10.051,+10.255,+0.943
1684141440,+3.46,+10.005,+10.274,+0.943
1684141500,+3.46,+10.024,+10.274,+0.943
1684141560,+3.46, +9.987,+10.281,+0.942
1684141620,+3.46, +9.987,+10.287,+0.943
1684141680,+3.46,+10.015,+10.278,+0.943
1684141740,+3.46, +9.987,+10.287,+0.943
1684141800,+3.46,+10.051,+10.290,+0.943
1684141860,+3.46,+10.243,+10.270,+0.944
1684141920,+3.46,+10.389,+10.253,+0.943
1684141980,+3.46,+10.407,+10.137,+0.943
1684142040,+3.46,+10.298,+10.244,+0.943
1684142100,+3.46,+10.288,+10.272,+0.943
1684142160,+3.46,+10.343,+10.329,+0.944
1684142220,+3.46,+10.389,+10.378,+0.944
1684142280,+3.46,+10.389,+10.351,+0.943
1684142340,+3.46,+10.380,+10.344,+0.943
1684142400,+3.46,+10.407,+10.333,+0.944
1684142460,+3.46,+10.334,+10.365,+0.943
1684142520,+3.46,+10.398,+10.290,+0.943
1684142580,+3.46,+10.407,+10.319,+0.943
1684142640,+3.46,+10.407,+10.402,+0.943
1684142700,+3.46,+10.425,+10.418,+0.943
1684142760,+3.46,+10.443,+10.376,+0.943
1684142820,+3.46,+10.316,+10.217,+0.943
1684142880,+3.46,+10.225,+10.191,+0.943
1684142940,+3.46,+10.143,+10.276,+0.943
1684143000,+3.46,+10.042,+10.348,+0.943
1684143060,+3.46,+10.024,+10.338,+0.943
1684143120,+3.46,+10.005,+10.367,+0.943
1684143180,+3.46, +9.978,+10.384,+0.943
1684143240,+3.46, +9.969,+10.395,+0.943
1684143300,+3.46, +9.923,+10.411,+0.943
1684143360,+3.46, +9.914,+10.419,+0.943
1684143420,+3.46, +9.923,+10.412,+0.943
1684143480,+3.46, +9.886,+10.419,+0.943
1684143540,+3.46, +9.960,+10.388,+0.943
1684143600,+3.46, +9.932,+10.389,+0.943
1684143660,+3.46, +9.905,+10.402,+0.943
1684143720,+3.46, +9.840,+10.415,+0.943
1684143780,+3.46, +9.739,+10.344,+0.943
1684143840,+3.46, +9.657,+10.309,+0.943
1684143900,+3.46, +9.666,+10.290,+0.943
1684143960,+3.46, +9.574,+10.304,+0.942
1684144020,+3.46, +9.602,+10.272,+0.943
1684144080,+3.46, +9.537,+10.297,+0.943
1684144140,+3.46, +9.537,+10.269,+0.943
1684144200,+3.46, +9.500,+10.289,+0.943
1684144260,+3.46, +9.528,+10.259,+0.943
1684144320,+3.46, +9.509,+10.241,+0.943
1684144380,+3.46, +9.482,+10.253,+0.943
1684144440,+3.46, +9.482,+10.252,+0.943
1684144500,+3.46, +9.445,+10.285,+0.943
1684144560,+3.46, +9.500,+10.269,+0.943
1684144620,+3.46, +9.500,+10.271,+0.943
1684144680,+3.46, +9.482,+10.290,+0.944
1684144740,+3.46, +9.546,+10.247,+0.943
1684144800,+3.46, +9.473,+10.289,+0.944
1684144860,+3.46, +9.519,+10.273,+0.943
1684144920,+3.46, +9.509,+10.279,+0.943
1684144980,+3.46, +9.537,+10.258,+0.943
1684145040,+3.46, +9.528,+10.250,+0.943
1684145100,+3.46, +9.546,+10.242,+0.943
1684145160,+3.46, +9.528,+10.254,+0.944
1684145220,+3.46, +9.546,+10.245,+0.943
1684145280,+3.46, +9.546,+10.251,+0.943
1684145340,+3.46, +9.555,+10.263,+0.943
1684145400,+3.46, +9.565,+10.268,+0.943
1684145460,+3.46, +9.555,+10.283,+0.943
1684145520,+3.46, +9.555,+10.288,+0.943
1684145580,+3.46, +9.629,+10.225,+0.943
1684145640,+3.46, +9.537,+10.251,+0.943
1684145700,+3.46, +9.638,+10.215,+0.943
1684145760,+3.46, +9.555,+10.267,+0.944
1684145820,+3.46, +9.574,+10.254,+0.943
1684145880,+3.46, +9.592,+10.256,+0.943
1684145940,+3.46, +9.519,+10.253,+0.943
1684146000,+3.46, +9.482,+10.267,+0.943
1684146060,+3.46, +9.491,+10.251,+0.943
1684146120,+3.46, +9.491,+10.244,+0.943
1684146180,+3.46, +9.463,+10.260,+0.943
1684146240,+3.46, +9.417,+10.283,+0.943
1684146300,+3.46, +9.436,+10.279,+0.943
1684146360,+3.46, +9.399,+10.250,+0.943
1684146420,+3.46, +9.315,+10.291,+0.943
1684146480,+3.46, +9.362,+10.247,+0.943
1684146540,+3.46, +9.352,+10.258,+0.943
1684146600,+3.46, +9.325,+10.266,+0.943
1684146660,+3.46, +9.343,+10.273,+0.943
1684146720,+3.46, +9.371,+10.285,+0.944
1684146780,+3.46, +9.389,+10.288,+0.943
1684146840,+3.46, +9.399,+10.283,+0.943
1684146900,+3.46, +9.343,+10.264,+0.943
1684146960,+3.46, +9.297,+10.266,+0.943
1684147020,+3.46, +9.223,+10.190,+0.943
1684147080,+3.46, +9.158,+10.186,+0.943
1684147140,+3.46, +9.102,+10.198,+0.943
1684147200,+3.46, +9.037,+10.190,+0.943
1684147260,+3.46, +9.037,+10.179,+0.943
1684147320,+3.46, +9.028,+10.144,+0.943
1684147380,+3.46, +8.879,+10.187,+0.943
1684147440,+3.46, +8.944,+10.141,+0.943
1684147500,+3.46, +8.991,+10.136,+0.943
1684147560,+3.46, +8.991,+10.113,+0.943
1684147620,+3.46, +8.972,+10.110,+0.943
1684147680,+3.46, +9.000,+10.087,+0.942
1684147740,+3.46, +8.954,+10.101,+0.943
1684147800,+3.46, +9.000,+10.084,+0.943
1684147860,+3.46, +8.944,+10.122,+0.943
1684147920,+3.46, +8.898,+10.135,+0.943
1684147980,+3.46, +8.963,+10.114,+0.943
1684148040,+3.46, +8.917,+10.139,+0.943
1684148100,+3.46, +9.000,+10.103,+0.943
1684148160,+3.46, +8.944,+10.138,+0.943
1684148220,+3.46, +9.000,+10.114,+0.943
1684148280,+3.46, +8.963,+10.137,+0.943
1684148340,+3.46, +9.010,+10.138,+0.944
1684148400,+3.46, +8.982,+10.158,+0.943
1684148460,+3.46, +9.056,+10.150,+0.943
1684148520,+3.46, +9.075,+10.177,+0.944
1684148580,+3.46, +9.056,+10.196,+0.944
1684148640,+3.46, +9.177,+10.177,+0.943
1684148700,+3.46, +9.102,+10.239,+0.943
1684148760,+3.46, +9.149,+10.252,+0.943
1684148820,+3.46, +9.195,+10.267,+0.943
1684148880,+3.46, +9.186,+10.284,+0.944
1684148940,+3.46, +9.214,+10.261,+0.944
1684149000,+3.46, +9.177,+10.215,+0.943
1684149060,+3.46, +9.102,+10.217,+0.944
1684149120,+3.46, +9.065,+10.190,+0.943
1684149180,+3.46, +9.000,+10.190,+0.943
1684149240,+3.46, +9.000,+10.181,+0.943
1684149300,+3.46, +8.944,+10.209,+0.943
1684149360,+3.46, +8.982,+10.207,+0.943
1684149420,+3.46, +8.954,+10.208,+0.943
1684149480,+3.46, +8.991,+10.208,+0.943
1684149540,+3.46, +8.972,+10.232,+0.943
1684149600,+3.46, +9.056,+10.277,+0.944
1684149660,+3.46, +9.112,+10.328,+0.943
1684149720,+3.46, +9.232,+10.314,+0.943
1684149780,+3.46, +9.269,+10.296,+0.943
1684149840,+3.46, +9.306,+10.340,+0.944
1684149900,+3.46, +9.334,+10.272,+0.943
1684149960,+3.46, +9.269,+10.290,+0.943
1684150020,+3.46, +9.140,+10.289,+0.943
1684150080,+3.46, +9.149,+10.260,+0.943
1684150140,+3.46, +9.047,+10.292,+0.943
1684150200,+3.46, +9.075,+10.278,+0.943
1684150260,+3.46, +9.065,+10.292,+0.944
1684150320,+3.46, +9.130,+10.254,+0.943
1684150380,+3.46, +9.121,+10.257,+0.943
1684150440,+3.46, +9.112,+10.246,+0.943
1684150500,+3.46, +9.102,+10.248,+0.943
1684150560,+3.46, +9.075,+10.261,+0.943
1684150620,+3.46, +9.167,+10.239,+0.943
1684150680,+3.46, +9.158,+10.260,+0.943
1684150740,+3.46, +9.232,+10.257,+0.944
1684150800,+3.46, +9.214,+10.257,+0.943
1684150860,+3.46, +9.232,+10.250,+0.943
1684150920,+3.46, +9.195,+10.267,+0.943
1684150980,+3.46, +9.260,+10.241,+0.943
1684151040,+3.46, +9.241,+10.247,+0.943
1684151100,+3.46, +9.269,+10.225,+0.944
1684151160,+3.46, +9.232,+10.235,+0.943
1684151220,+3.46, +9.288,+10.227,+0.943
1684151280,+3.46, +9.352,+10.214,+0.943
1684151340,+3.46, +9.297,+10.258,+0.943
1684151400,+3.46, +9.352,+10.265,+0.944
1684151460,+3.46, +9.491,+10.277,+0.943
1684151520,+3.46, +9.629,+10.337,+0.944
1684151580,+3.46, +9.804,+10.348,+0.944
1684151640,+3.46, +9.758,+10.293,+0.943
1684151700,+3.46, +9.546,+10.269,+0.943
1684151760,+3.46, +9.445,+10.203,+0.943
1684151820,+3.46, +9.269,+10.226,+0.943
1684151880,+3.46, +9.167,+10.225,+0.943
1684151940,+3.46, +9.056,+10.252,+0.943
1684152000,+3.46, +9.010,+10.252,+0.943
1684152060,+3.46, +9.047,+10.243,+0.943
1684152120,+3.46, +9.047,+10.222,+0.943
1684152180,+3.46, +9.065,+10.236,+0.943
1684152240,+3.46, +9.010,+10.283,+0.943
1684152300,+3.46, +9.047,+10.288,+0.943
1684152360,+3.46, +9.140,+10.291,+0.943
1684152420,+3.46, +9.204,+10.310,+0.944
1684152480,+3.46, +9.177,+10.369,+0.943
1684152540,+3.46, +9.306,+10.393,+0.944
1684152600,+3.46, +9.426,+10.387,+0.944
1684152660,+3.46, +9.445,+10.420,+0.944
1684152720,+3.46, +9.620,+10.367,+0.944
1684152780,+3.46, +9.565,+10.404,+0.943
1684152840,+3.46, +9.657,+10.393,+0.944
1684152900,+3.46, +9.712,+10.382,+0.944
1684152960,+3.46, +9.739,+10.397,+0.944
1684153020,+3.45, +9.804,+10.386,+0.944
1684153080,+3.46, +9.822,+10.405,+0.944
1684153140,+3.45, +9.923,+10.406,+0.944
1684153200,+3.46, +9.996,+10.473,+0.944
1684153260,+3.46,+10.124,+10.468,+0.944
1684153320,+3.46,+10.197,+10.492,+0.944
1684153380,+3.46,+10.188,+10.547,+0.944
1684153440,+3.46,+10.380,+10.564,+0.944
1684153500,+3.46,+10.370,+10.670,+0.944
1684153560,+3.46,+10.470,+10.718,+0.944
1684153620,+3.46,+10.570,+10.709,+0.944
1684153680,+3.46,+10.579,+10.718,+0.944
1684153740,+3.46,+10.634,+10.697,+0.944
1684153800,+3.46,+10.761,+10.630,+0.943
1684153860,+3.46,+10.752,+10.665,+0.944
1684153920,+3.46,+11.005,+10.628,+0.944
1684153980,+3.46,+11.122,+10.567,+0.944
1684154040,+3.46,+11.185,+10.551,+0.944
1684154100,+3.46,+11.275,+10.449,+0.944
1684154160,+3.45,+11.158,+10.471,+0.944
1684154220,+3.46,+11.104,+10.496,+0.943
1684154280,+3.45,+11.203,+10.511,+0.944
1684154340,+3.46,+11.284,+10.518,+0.944
1684154400,+3.46,+11.266,+10.520,+0.943
1684154460,+3.46,+11.374,+10.484,+0.943
1684154520,+3.46,+11.374,+10.506,+0.944
1684154580,+3.46,+11.445,+10.484,+0.943
1684154640,+3.46,+11.454,+10.505,+0.944
1684154700,+3.46,+11.535,+10.485,+0.943
1684154760,+3.46,+11.508,+10.512,+0.944
1684154820,+3.46,+11.687,+10.458,+0.944
1684154880,+3.46,+11.615,+10.473,+0.943
1684154940,+3.46,+11.651,+10.459,+0.943
1684155000,+3.46,+11.678,+10.458,+0.943
1684155060,+3.46,+11.678,+10.463,+0.943
1684155120,+3.46,+11.678,+10.445,+0.943
1684155180,+3.46,+11.660,+10.476,+0.943
