7450-798456
OS REV: 1.03 Sensor Cal: 1539277937
Time (sec),  BV (Volts),  T (deg C),  DO (mg/l),  Q ()
1686833640,+3.47,+13.201, +9.437,+0.940
1686833700,+3.47,+13.192, +9.456,+0.940
1686833760,+3.47,+13.210, +9.464,+0.941
1686833820,+3.47,+13.254, +9.446,+0.940
1686833880,+3.47,+13.341, +9.433,+0.940
1686833940,+3.47,+13.411, +9.426,+0.940
1686834000,+3.47,+13.543, +9.419,+0.941
1686834060,+3.47,+13.674, +9.408,+0.941
1686834120,+3.47,+13.778, +9.412,+0.941
1686834180,+3.47,+13.796, +9.416,+0.940
1686834240,+3.47,+13.822, +9.388,+0.940
1686834300,+3.47,+13.778, +9.411,+0.940
1686834360,+3.47,+13.804, +9.401,+0.940
1686834420,+3.47,+13.822, +9.397,+0.940
1686834480,+3.47,+13.909, +9.400,+0.941
1686834540,+3.47,+13.979, +9.431,+0.941
1686834600,+3.47,+14.066, +9.409,+0.940
1686834660,+3.47,+14.040, +9.387,+0.941
1686834720,+3.47,+14.022, +9.354,+0.940
1686834780,+3.47,+13.935, +9.324,+0.939
1686834840,+3.47,+13.297, +9.112,+0.938
1686834900,+3.47,+12.832, +8.892,+0.938
1686834960,+3.47,+12.558, +9.020,+0.939
1686835020,+3.47,+12.434, +9.150,+0.939
1686835080,+3.47,+12.487, +9.323,+0.940
1686835140,+3.47,+12.664, +9.483,+0.941
1686835200,+3.47,+13.008, +9.505,+0.941
1686835260,+3.47,+13.280, +9.489,+0.941
1686835320,+3.47,+13.481, +9.467,+0.941
1686835380,+3.47,+13.446, +9.414,+0.940
1686835440,+3.47,+13.429, +9.385,+0.940
1686835500,+3.47,+13.333, +9.317,+0.940
1686835560,+3.47,+13.227, +9.329,+0.939
1686835620,+3.47,+13.034, +9.329,+0.940
1686835680,+3.47,+12.858, +9.228,+0.939
1686835740,+3.47,+12.691, +9.189,+0.939
1686835800,+3.47,+12.523, +9.098,+0.939
1686835860,+3.47,+12.275, +9.037,+0.939
1686835920,+3.47,+12.115, +9.052,+0.939
1686835980,+3.47,+12.035, +9.064,+0.939
1686836040,+3.47,+11.910, +9.101,+0.939
1686836100,+3.47,+11.928, +9.078,+0.939
1686836160,+3.47,+11.883, +9.115,+0.940
1686836220,+3.47,+11.937, +9.144,+0.940
1686836280,+3.47,+12.035, +9.177,+0.941
1686836340,+3.47,+12.079, +9.217,+0.940
1686836400,+3.47,+12.221, +9.257,+0.940
1686836460,+3.47,+12.266, +9.319,+0.940
1686836520,+3.47,+12.425, +9.354,+0.940
1686836580,+3.47,+12.832, +9.542,+0.941
1686836640,+3.47,+13.280, +9.570,+0.942
1686836700,+3.47,+13.376, +9.494,+0.941
1686836760,+3.47,+13.385, +9.412,+0.940
1686836820,+3.47,+13.254, +9.453,+0.940
1686836880,+3.47,+13.140, +9.506,+0.940
1686836940,+3.47,+13.157, +9.488,+0.941
1686837000,+3.47,+13.140, +9.507,+0.940
1686837060,+3.47,+13.245, +9.489,+0.940
1686837120,+3.47,+13.201, +9.398,+0.940
1686837180,+3.47,+12.973, +9.358,+0.939
1686837240,+3.47,+12.779, +9.441,+0.940
1686837300,+3.47,+12.699, +9.478,+0.940
1686837360,+3.47,+12.638, +9.452,+0.940
1686837420,+3.47,+12.461, +9.070,+0.939
1686837480,+3.47,+12.230, +9.061,+0.940
1686837540,+3.47,+12.097, +9.017,+0.939
1686837600,+3.47,+11.999, +9.005,+0.939
1686837660,+3.47,+11.874, +9.048,+0.939
1686837720,+3.47,+11.848, +9.046,+0.939
1686837780,+3.47,+11.732, +9.083,+0.940
1686837840,+3.47,+11.776, +9.067,+0.940
1686837900,+3.47,+11.830, +9.089,+0.940
1686837960,+3.47,+11.946, +9.172,+0.940
1686838020,+3.47,+12.061, +9.203,+0.940
1686838080,+3.47,+12.204, +9.204,+0.940
1686838140,+3.47,+12.230, +9.254,+0.940
1686838200,+3.47,+12.230, +9.397,+0.941
1686838260,+3.47,+12.248, +9.393,+0.941
1686838320,+3.47,+12.230, +9.414,+0.940
1686838380,+3.47,+12.257, +9.396,+0.940
1686838440,+3.47,+12.346, +9.431,+0.940
1686838500,+3.47,+12.425, +9.491,+0.940
1686838560,+3.47,+12.434, +9.668,+0.941
1686838620,+3.47,+12.664, +9.824,+0.941
1686838680,+3.47,+12.788, +9.851,+0.941
1686838740,+3.47,+12.964, +9.726,+0.941
1686838800,+3.47,+13.122, +9.637,+0.941
1686838860,+3.47,+13.324, +9.509,+0.941
1686838920,+3.47,+13.306, +9.556,+0.940
1686838980,+3.47,+13.289, +9.738,+0.940
1686839040,+3.47,+13.113,+10.052,+0.941
1686839100,+3.47,+13.087, +9.993,+0.941
1686839160,+3.47,+12.920,+10.002,+0.940
1686839220,+3.47,+12.893, +9.970,+0.940
1686839280,+3.47,+12.849, +9.976,+0.941
1686839340,+3.47,+12.849,+10.008,+0.940
1686839400,+3.47,+12.929,+10.040,+0.941
1686839460,+3.47,+12.999, +9.944,+0.940
1686839520,+3.47,+13.096, +9.761,+0.940
1686839580,+3.47,+13.025, +9.914,+0.940
1686839640,+3.47,+12.946, +9.726,+0.940
1686839700,+3.47,+12.735, +9.305,+0.939
1686839760,+3.47,+12.523, +9.234,+0.940
1686839820,+3.47,+12.443, +9.208,+0.939
1686839880,+3.47,+12.390, +9.215,+0.940
1686839940,+3.47,+12.266, +9.252,+0.940
1686840000,+3.47,+12.319, +9.218,+0.940
1686840060,+3.47,+12.266, +9.255,+0.940
1686840120,+3.47,+12.257, +9.255,+0.940
1686840180,+3.47,+12.230, +9.263,+0.940
1686840240,+3.47,+12.213, +9.265,+0.939
1686840300,+3.47,+12.195, +9.285,+0.940
1686840360,+3.47,+12.221, +9.369,+0.941
1686840420,+3.47,+12.523, +9.574,+0.941
1686840480,+3.47,+12.779, +9.579,+0.941
1686840540,+3.47,+12.840, +9.361,+0.940
1686840600,+3.47,+12.673, +9.329,+0.940
1686840660,+3.47,+12.549, +9.336,+0.940
1686840720,+3.47,+12.540, +9.304,+0.940
1686840780,+3.47,+12.425, +9.284,+0.940
1686840840,+3.47,+12.478, +9.413,+0.941
1686840900,+3.47,+12.708, +9.431,+0.941
1686840960,+3.47,+12.823, +9.449,+0.940
1686841020,+3.47,+12.885, +9.447,+0.940
1686841080,+3.47,+12.920, +9.464,+0.940
1686841140,+3.47,+12.911, +9.509,+0.941
1686841200,+3.47,+12.885, +9.414,+0.939
1686841260,+3.47,+12.796, +9.428,+0.940
1686841320,+3.47,+12.743, +9.482,+0.940
1686841380,+3.47,+12.708, +9.505,+0.940
1686841440,+3.47,+12.699, +9.421,+0.940
1686841500,+3.47,+12.540, +9.385,+0.940
1686841560,+3.47,+12.434, +9.404,+0.939
1686841620,+3.47,+12.434, +9.437,+0.940
1686841680,+3.47,+12.408, +9.369,+0.940
1686841740,+3.47,+12.328, +9.261,+0.940
1686841800,+3.47,+12.213, +9.265,+0.940
1686841860,+3.47,+12.168, +9.269,+0.940
1686841920,+3.47,+12.195, +9.277,+0.940
1686841980,+3.47,+12.248, +9.294,+0.940
1686842040,+3.47,+12.328, +9.355,+0.940
1686842100,+3.47,+12.540, +9.447,+0.941
1686842160,+3.47,+12.858, +9.484,+0.942
1686842220,+3.47,+13.175, +9.471,+0.942
1686842280,+3.47,+13.236, +9.363,+0.940
1686842340,+3.47,+12.990, +9.319,+0.939
1686842400,+3.47,+12.796, +9.288,+0.940
1686842460,+3.47,+12.611, +9.340,+0.940
1686842520,+3.47,+12.487, +9.368,+0.940
1686842580,+3.47,+12.408, +9.370,+0.940
1686842640,+3.47,+12.328, +9.332,+0.940
1686842700,+3.47,+12.328, +9.344,+0.940
1686842760,+3.47,+12.310, +9.378,+0.940
1686842820,+3.47,+12.301, +9.371,+0.940
1686842880,+3.47,+12.266, +9.387,+0.940
1686842940,+3.47,+12.310, +9.391,+0.940
1686843000,+3.47,+12.399, +9.362,+0.940
1686843060,+3.47,+12.354, +9.386,+0.940
1686843120,+3.47,+12.408, +9.357,+0.940
1686843180,+3.47,+12.443, +9.369,+0.941
1686843240,+3.47,+12.452, +9.429,+0.940
1686843300,+3.47,+12.257, +9.143,+0.939
1686843360,+3.47,+12.017, +9.089,+0.940
1686843420,+3.47,+11.981, +9.154,+0.940
1686843480,+3.47,+11.830, +9.136,+0.940
1686843540,+3.47,+11.723, +9.078,+0.939
1686843600,+3.47,+11.660, +9.100,+0.940
1686843660,+3.47,+11.741, +9.125,+0.940
1686843720,+3.47,+11.892, +9.151,+0.940
1686843780,+3.47,+11.990, +9.204,+0.940
1686843840,+3.47,+12.115, +9.238,+0.940
1686843900,+3.47,+12.213, +9.282,+0.941
1686843960,+3.47,+12.363, +9.243,+0.941
1686844020,+3.47,+12.150, +9.012,+0.939
1686844080,+3.47,+11.874, +9.041,+0.939
1686844140,+3.47,+11.866, +9.059,+0.940
1686844200,+3.47,+11.830, +9.074,+0.940
1686844260,+3.47,+11.839, +9.122,+0.940
1686844320,+3.47,+11.866, +9.165,+0.940
1686844380,+3.47,+11.955, +9.184,+0.940
1686844440,+3.47,+12.035, +9.242,+0.941
1686844500,+3.47,+12.168, +9.279,+0.941
1686844560,+3.47,+12.416, +9.288,+0.941
1686844620,+3.47,+12.558, +9.335,+0.941
1686844680,+3.47,+12.743, +9.380,+0.941
1686844740,+3.47,+12.743, +9.226,+0.940
1686844800,+3.47,+12.567, +9.314,+0.940
1686844860,+3.47,+12.416, +9.336,+0.940
1686844920,+3.47,+12.390, +9.321,+0.940
1686844980,+3.47,+12.301, +9.328,+0.940
1686845040,+3.47,+12.275, +9.302,+0.940
1686845100,+3.47,+12.213, +9.278,+0.940
1686845160,+3.47,+12.141, +9.268,+0.940
1686845220,+3.47,+12.204, +9.277,+0.940
1686845280,+3.47,+12.186, +9.299,+0.940
1686845340,+3.47,+12.221, +9.294,+0.940
1686845400,+3.47,+12.346, +9.310,+0.940
1686845460,+3.47,+12.416, +9.343,+0.941
1686845520,+3.47,+12.567, +9.377,+0.941
1686845580,+3.47,+12.823, +9.325,+0.941
1686845640,+3.47,+13.113, +9.349,+0.942
1686845700,+3.47,+13.376, +9.286,+0.941
1686845760,+3.47,+13.148, +8.999,+0.939
1686845820,+3.47,+12.735, +9.125,+0.940
1686845880,+3.47,+12.629, +9.154,+0.940
1686845940,+3.47,+12.540, +9.142,+0.939
1686846000,+3.47,+12.416, +9.164,+0.940
1686846060,+3.47,+12.363, +9.187,+0.940
1686846120,+3.47,+12.363, +9.197,+0.940
1686846180,+3.47,+12.408, +9.174,+0.940
1686846240,+3.47,+12.319, +9.189,+0.940
1686846300,+3.47,+12.354, +9.199,+0.940
1686846360,+3.47,+12.337, +9.195,+0.940
1686846420,+3.47,+12.239, +9.229,+0.940
1686846480,+3.47,+12.266, +9.212,+0.940
1686846540,+3.47,+12.239, +9.212,+0.940
1686846600,+3.47,+12.239, +9.237,+0.940
1686846660,+3.47,+12.390, +9.231,+0.940
1686846720,+3.47,+12.646, +9.280,+0.941
1686846780,+3.47,+13.183, +9.474,+0.942
1686846840,+3.47,+13.656, +9.643,+0.942
1686846900,+3.47,+13.953, +9.726,+0.942
1686846960,+3.47,+14.135, +9.676,+0.942
1686847020,+3.47,+14.300, +9.599,+0.941
1686847080,+3.47,+14.361, +9.551,+0.941
1686847140,+3.47,+14.292, +9.481,+0.941
1686847200,+3.47,+14.292, +9.463,+0.941
1686847260,+3.47,+14.335, +9.469,+0.940
1686847320,+3.47,+14.309, +9.469,+0.940
1686847380,+3.47,+14.318, +9.473,+0.941
1686847440,+3.47,+14.309, +9.318,+0.940
1686847500,+3.47,+13.909, +9.071,+0.939
1686847560,+3.47,+13.569, +8.961,+0.938
1686847620,+3.47,+13.175, +8.966,+0.939
1686847680,+3.47,+13.025, +9.030,+0.939
1686847740,+3.47,+12.885, +9.056,+0.939
1686847800,+3.47,+12.920, +9.219,+0.940
1686847860,+3.47,+13.140, +9.275,+0.940
1686847920,+3.47,+13.262, +9.271,+0.940
1686847980,+3.47,+13.341, +9.294,+0.940
1686848040,+3.47,+13.481, +9.310,+0.940
1686848100,+3.47,+13.630, +9.536,+0.941
1686848160,+3.47,+13.717, +9.387,+0.939
1686848220,+3.47,+13.534, +9.330,+0.940
1686848280,+3.47,+13.324, +9.256,+0.939
1686848340,+3.47,+13.227, +9.318,+0.940
1686848400,+3.47,+13.148, +9.301,+0.940
1686848460,+3.47,+13.060, +9.247,+0.939
1686848520,+3.47,+13.052, +9.260,+0.940
1686848580,+3.47,+13.008, +9.278,+0.939
1686848640,+3.47,+12.893, +9.172,+0.939
1686848700,+3.47,+12.849, +9.210,+0.939
1686848760,+3.47,+12.761, +9.256,+0.940
1686848820,+3.47,+12.638, +9.244,+0.939
1686848880,+3.47,+12.567, +9.303,+0.940
1686848940,+3.47,+12.523, +9.315,+0.940
1686849000,+3.47,+12.673, +9.301,+0.940
1686849060,+3.47,+12.620, +9.257,+0.940
1686849120,+3.47,+12.416, +9.065,+0.939
1686849180,+3.47,+12.301, +9.105,+0.939
1686849240,+3.47,+12.239, +9.128,+0.939
1686849300,+3.47,+12.284, +9.127,+0.940
1686849360,+3.47,+12.275, +9.168,+0.940
1686849420,+3.47,+12.292, +9.112,+0.940
1686849480,+3.47,+12.221, +9.103,+0.939
1686849540,+3.47,+12.168, +9.090,+0.939
1686849600,+3.47,+12.053, +9.171,+0.940
1686849660,+3.47,+11.972, +9.193,+0.940
1686849720,+3.47,+11.919, +9.210,+0.940
1686849780,+3.47,+11.892, +9.179,+0.940
1686849840,+3.47,+11.821, +9.189,+0.940
1686849900,+3.47,+11.883, +9.143,+0.939
1686849960,+3.47,+11.972, +9.232,+0.940
1686850020,+3.47,+12.266, +9.304,+0.941
1686850080,+3.47,+12.638, +9.447,+0.942
1686850140,+3.47,+12.611, +9.216,+0.940
1686850200,+3.47,+12.301, +8.940,+0.939
1686850260,+3.47,+12.097, +8.973,+0.939
1686850320,+3.47,+11.981, +8.839,+0.939
1686850380,+3.47,+11.866, +8.832,+0.939
1686850440,+3.47,+11.794, +8.887,+0.939
1686850500,+3.47,+11.803, +8.976,+0.940
1686850560,+3.47,+11.972, +9.118,+0.940
1686850620,+3.47,+12.204, +9.246,+0.941
1686850680,+3.47,+12.496, +9.288,+0.941
1686850740,+3.47,+12.858, +9.346,+0.941
1686850800,+3.47,+12.920, +9.352,+0.941
1686850860,+3.47,+12.867, +9.174,+0.940
1686850920,+3.47,+12.443, +8.911,+0.939
1686850980,+3.47,+12.204, +8.846,+0.939
1686851040,+3.47,+12.088, +8.843,+0.939
1686851100,+3.47,+12.035, +8.863,+0.939
1686851160,+3.47,+11.990, +8.937,+0.940
1686851220,+3.47,+12.008, +8.981,+0.940
1686851280,+3.47,+12.070, +9.031,+0.940
1686851340,+3.47,+12.124, +9.085,+0.940
1686851400,+3.47,+12.213, +9.096,+0.940
1686851460,+3.47,+12.221, +9.195,+0.940
1686851520,+3.47,+12.124, +8.974,+0.940
1686851580,+3.47,+11.964, +8.894,+0.939
1686851640,+3.47,+11.821, +8.874,+0.940
1686851700,+3.47,+11.750, +8.877,+0.939
1686851760,+3.47,+11.785, +8.873,+0.939
1686851820,+3.47,+11.687, +8.890,+0.939
1686851880,+3.47,+11.687, +8.920,+0.940
1686851940,+3.47,+11.776, +8.985,+0.940
1686852000,+3.47,+11.857, +9.074,+0.940
1686852060,+3.47,+11.999, +9.137,+0.940
1686852120,+3.47,+12.035, +9.183,+0.940
1686852180,+3.47,+12.088, +9.220,+0.940
1686852240,+3.47,+12.070, +9.252,+0.941
1686852300,+3.47,+11.901, +8.791,+0.938
1686852360,+3.47,+11.750, +8.839,+0.939
1686852420,+3.47,+11.714, +8.869,+0.939
1686852480,+3.47,+11.642, +8.868,+0.940
1686852540,+3.47,+11.642, +8.917,+0.940
1686852600,+3.47,+11.714, +8.950,+0.940
1686852660,+3.47,+11.758, +8.989,+0.940
1686852720,+3.47,+11.794, +8.994,+0.940
1686852780,+3.47,+11.714, +8.888,+0.939
1686852840,+3.47,+11.571, +8.893,+0.940
1686852900,+3.47,+11.544, +8.849,+0.939
1686852960,+3.47,+11.472, +8.841,+0.940
1686853020,+3.47,+11.517, +8.809,+0.939
1686853080,+3.47,+11.553, +8.897,+0.940
1686853140,+3.47,+11.589, +8.863,+0.940
1686853200,+3.47,+11.562, +8.867,+0.940
1686853260,+3.47,+11.481, +8.888,+0.940
1686853320,+3.47,+11.544, +8.863,+0.939
1686853380,+3.47,+11.436, +8.912,+0.940
1686853440,+3.47,+11.490, +8.907,+0.940
1686853500,+3.47,+11.508, +8.901,+0.940
1686853560,+3.47,+11.607, +8.911,+0.940
1686853620,+3.47,+11.660, +8.992,+0.940
1686853680,+3.47,+11.669, +9.060,+0.940
1686853740,+3.47,+11.803, +9.108,+0.940
1686853800,+3.47,+11.857, +9.127,+0.940
1686853860,+3.47,+11.892, +9.216,+0.940
1686853920,+3.47,+11.946, +9.245,+0.941
1686853980,+3.47,+11.946, +9.212,+0.940
1686854040,+3.47,+11.928, +9.249,+0.941
1686854100,+3.47,+12.008, +9.258,+0.940
1686854160,+3.47,+11.990, +9.261,+0.940
1686854220,+3.47,+11.955, +9.261,+0.940
1686854280,+3.47,+11.981, +9.245,+0.940
1686854340,+3.47,+11.946, +9.261,+0.940
1686854400,+3.47,+11.910, +9.279,+0.940
1686854460,+3.47,+11.937, +9.254,+0.940
1686854520,+3.47,+11.937, +9.262,+0.940
1686854580,+3.47,+11.874, +9.289,+0.940
1686854640,+3.47,+11.946, +9.281,+0.940
1686854700,+3.47,+11.919, +9.311,+0.941
1686854760,+3.47,+11.919, +9.313,+0.940
1686854820,+3.47,+11.892, +9.336,+0.941
1686854880,+3.47,+11.972, +9.298,+0.940
1686854940,+3.47,+11.883, +9.322,+0.940
1686855000,+3.47,+11.937, +9.286,+0.940
1686855060,+3.47,+12.035, +9.283,+0.941
1686855120,+3.47,+12.079, +9.281,+0.940
1686855180,+3.47,+12.044, +9.230,+0.940
1686855240,+3.47,+12.124, +9.274,+0.940
1686855300,+3.47,+12.088, +9.298,+0.940
1686855360,+3.47,+12.070, +9.257,+0.940
1686855420,+3.47,+12.088, +9.236,+0.940
1686855480,+3.47,+12.124, +9.212,+0.940
1686855540,+3.47,+12.079, +9.229,+0.940
1686855600,+3.47,+12.079, +9.236,+0.940
1686855660,+3.47,+12.150, +9.197,+0.940
1686855720,+3.47,+12.141, +9.199,+0.940
1686855780,+3.47,+12.239, +9.180,+0.940
1686855840,+3.47,+12.239, +9.184,+0.940
1686855900,+3.47,+12.239, +9.192,+0.940
1686855960,+3.47,+12.292, +9.210,+0.941
1686856020,+3.47,+12.275, +9.222,+0.940
1686856080,+3.47,+12.257, +9.237,+0.940
1686856140,+3.47,+12.328, +9.261,+0.940
1686856200,+3.47,+12.399, +9.301,+0.941
1686856260,+3.47,+12.478, +9.274,+0.940
1686856320,+3.47,+12.478, +9.195,+0.940
1686856380,+3.47,+12.461, +9.180,+0.940
1686856440,+3.47,+12.372, +9.192,+0.941
1686856500,+3.47,+12.425, +9.178,+0.940
1686856560,+3.47,+12.514, +9.214,+0.941
1686856620,+3.47,+12.576, +9.281,+0.940
1686856680,+3.47,+12.611, +9.364,+0.941
1686856740,+3.47,+12.805, +9.395,+0.941
1686856800,+3.47,+12.893, +9.410,+0.940
1686856860,+3.47,+12.955, +9.423,+0.941
1686856920,+3.47,+12.946, +9.372,+0.940
1686856980,+3.47,+12.911, +9.339,+0.940
1686857040,+3.47,+12.964, +9.312,+0.940
1686857100,+3.47,+12.946, +9.311,+0.940
1686857160,+3.47,+12.981, +9.311,+0.941
1686857220,+3.47,+13.034, +9.355,+0.940
1686857280,+3.47,+12.937, +9.329,+0.940
1686857340,+3.47,+12.823, +9.110,+0.940
1686857400,+3.47,+12.655, +9.090,+0.940
1686857460,+3.47,+12.532, +9.135,+0.939
1686857520,+3.47,+12.372, +9.144,+0.940
1686857580,+3.47,+12.284, +9.088,+0.939
1686857640,+3.47,+12.177, +9.041,+0.940
1686857700,+3.47,+12.177, +9.004,+0.940
1686857760,+3.47,+12.070, +8.998,+0.940
1686857820,+3.47,+12.124, +9.003,+0.940
1686857880,+3.47,+12.141, +9.114,+0.940
1686857940,+3.47,+12.186, +9.128,+0.940
1686858000,+3.47,+12.292, +9.158,+0.940
1686858060,+3.47,+12.416, +9.259,+0.941
1686858120,+3.47,+12.602, +9.339,+0.940
1686858180,+3.47,+12.796, +9.370,+0.941
1686858240,+3.47,+12.955, +9.383,+0.941
1686858300,+3.47,+13.122, +9.458,+0.941
1686858360,+3.47,+13.481, +9.472,+0.941
1686858420,+3.47,+13.682, +9.496,+0.941
1686858480,+3.47,+13.726, +9.412,+0.940
1686858540,+3.47,+13.752, +9.497,+0.941
1686858600,+3.47,+13.752, +9.633,+0.941
1686858660,+3.47,+13.752, +9.683,+0.940
1686858720,+3.47,+13.787, +9.651,+0.941
1686858780,+3.47,+13.770, +9.598,+0.941
1686858840,+3.47,+13.787, +9.562,+0.940
1686858900,+3.47,+13.822, +9.604,+0.940
1686858960,+3.47,+13.743, +9.642,+0.940
1686859020,+3.47,+13.647, +9.669,+0.940
1686859080,+3.47,+13.656, +9.653,+0.940
1686859140,+3.47,+13.709, +9.602,+0.940
1686859200,+3.47,+13.735, +9.605,+0.941
1686859260,+3.47,+13.682, +9.641,+0.939
1686859320,+3.47,+13.717, +9.677,+0.940
1686859380,+3.47,+13.621, +9.163,+0.938
1686859440,+3.47,+13.008, +9.050,+0.938
1686859500,+3.47,+12.752, +9.168,+0.939
1686859560,+3.47,+12.664, +9.277,+0.939
1686859620,+3.47,+12.487, +9.252,+0.939
1686859680,+3.47,+12.478, +9.273,+0.939
1686859740,+3.47,+12.478, +9.272,+0.939
1686859800,+3.47,+12.408, +9.310,+0.940
1686859860,+3.47,+12.425, +9.299,+0.940
1686859920,+3.47,+12.452, +9.348,+0.940
1686859980,+3.47,+12.629, +9.397,+0.940
1686860040,+3.47,+12.752, +9.472,+0.939
1686860100,+3.47,+12.823, +9.596,+0.941
1686860160,+3.47,+12.902, +9.640,+0.940
1686860220,+3.47,+12.893, +9.653,+0.941
1686860280,+3.47,+12.964, +9.625,+0.940
1686860340,+3.47,+13.078, +9.573,+0.940
1686860400,+3.47,+13.087, +9.570,+0.940
1686860460,+3.47,+13.140, +9.574,+0.941
1686860520,+3.47,+13.262, +9.586,+0.940
1686860580,+3.47,+13.341, +9.649,+0.941
1686860640,+3.47,+13.446, +9.638,+0.941
1686860700,+3.47,+13.621, +9.547,+0.940
1686860760,+3.47,+13.918, +9.606,+0.941
1686860820,+3.47,+14.231, +9.540,+0.940
1686860880,+3.47,+13.831, +9.519,+0.940
1686860940,+3.47,+13.787, +9.498,+0.940
1686861000,+3.47,+13.787, +9.487,+0.940
1686861060,+3.47,+13.709, +9.502,+0.940
1686861120,+3.47,+13.726, +9.482,+0.940
1686861180,+3.47,+13.770, +9.518,+0.940
1686861240,+3.47,+13.831, +9.501,+0.940
1686861300,+3.47,+13.761, +9.400,+0.941
1686861360,+3.47,+13.621, +9.633,+0.940
1686861420,+3.47,+13.560, +9.610,+0.940
1686861480,+3.47,+13.508, +9.591,+0.940
1686861540,+3.47,+13.490, +9.552,+0.940
1686861600,+3.47,+13.621, +9.448,+0.940
1686861660,+3.47,+13.770, +9.455,+0.940
1686861720,+3.47,+13.761, +9.469,+0.940
1686861780,+3.47,+14.048, +9.714,+0.941
1686861840,+3.47,+14.335, +9.985,+0.942
1686861900,+3.47,+14.560,+10.061,+0.941
1686861960,+3.47,+14.577, +9.931,+0.940
1686862020,+3.47,+14.430, +9.449,+0.939
1686862080,+3.47,+14.048, +9.330,+0.939
1686862140,+3.47,+13.796, +9.431,+0.939
1686862200,+3.47,+13.656, +9.508,+0.939
1686862260,+3.47,+13.569, +9.554,+0.940
1686862320,+3.47,+13.569, +9.546,+0.940
1686862380,+3.47,+13.525, +9.552,+0.940
1686862440,+3.47,+13.438, +9.583,+0.940
1686862500,+3.47,+13.481, +9.556,+0.940
1686862560,+3.47,+13.438, +9.582,+0.940
1686862620,+3.47,+13.569, +9.546,+0.940
1686862680,+3.47,+13.848, +9.631,+0.940
1686862740,+3.47,+14.066, +9.769,+0.941
1686862800,+3.47,+14.283, +9.779,+0.941
1686862860,+3.47,+14.517, +9.910,+0.941
1686862920,+3.47,+14.750,+10.071,+0.942
1686862980,+3.47,+15.113,+10.113,+0.942
1686863040,+3.47,+15.121,+10.205,+0.941
1686863100,+3.47,+14.889, +9.757,+0.940
1686863160,+3.47,+14.845, +9.752,+0.940
1686863220,+3.47,+14.707, +9.814,+0.941
1686863280,+3.47,+14.707, +9.756,+0.940
1686863340,+3.47,+14.517, +9.694,+0.940
1686863400,+3.47,+14.569, +9.814,+0.941
1686863460,+3.47,+14.629, +9.818,+0.940
1686863520,+3.47,+14.724, +9.877,+0.941
1686863580,+3.47,+14.819, +9.942,+0.941
1686863640,+3.47,+14.845,+10.087,+0.941
1686863700,+3.47,+14.828, +9.786,+0.940
1686863760,+3.47,+14.811, +9.757,+0.940
1686863820,+3.47,+14.768, +9.679,+0.940
1686863880,+3.47,+14.690, +9.636,+0.940
1686863940,+3.47,+14.699, +9.573,+0.940
1686864000,+3.47,+14.664, +9.601,+0.940
1686864060,+3.47,+14.716, +9.619,+0.940
1686864120,+3.47,+14.759, +9.699,+0.940
1686864180,+3.47,+14.802, +9.786,+0.940
1686864240,+3.47,+14.897, +9.811,+0.940
1686864300,+3.47,+14.975, +9.990,+0.941
1686864360,+3.47,+15.095,+10.065,+0.941
1686864420,+3.47,+15.113,+10.023,+0.941
1686864480,+3.47,+15.121,+10.387,+0.941
1686864540,+3.47,+14.983, +9.626,+0.939
1686864600,+3.47,+14.621, +9.389,+0.939
1686864660,+3.47,+14.274, +9.328,+0.938
1686864720,+3.47,+14.040, +9.403,+0.939
1686864780,+3.47,+13.935, +9.414,+0.939
1686864840,+3.47,+13.866, +9.414,+0.939
1686864900,+3.47,+13.848, +9.438,+0.939
1686864960,+3.47,+13.848, +9.458,+0.939
1686865020,+3.47,+13.900, +9.463,+0.939
1686865080,+3.47,+13.961, +9.536,+0.940
1686865140,+3.47,+13.987, +9.575,+0.940
1686865200,+3.47,+14.100, +9.558,+0.940
1686865260,+3.47,+14.109, +9.572,+0.940
1686865320,+3.47,+14.231, +9.624,+0.941
1686865380,+3.47,+14.404, +9.683,+0.940
1686865440,+3.47,+14.569, +9.800,+0.940
1686865500,+3.47,+14.621, +9.957,+0.941
1686865560,+3.47,+14.655, +9.969,+0.941
1686865620,+3.47,+14.439, +9.284,+0.938
1686865680,+3.47,+13.857, +9.404,+0.939
1686865740,+3.47,+13.735, +9.468,+0.939
1686865800,+3.47,+13.612, +9.510,+0.939
1686865860,+3.47,+13.604, +9.547,+0.939
1686865920,+3.47,+13.674, +9.628,+0.940
1686865980,+3.47,+13.717, +9.605,+0.940
1686866040,+3.47,+13.665, +9.404,+0.939
1686866100,+3.47,+13.525, +9.482,+0.939
1686866160,+3.47,+13.341, +9.442,+0.939
1686866220,+3.47,+13.060, +9.485,+0.939
1686866280,+3.47,+13.096, +9.479,+0.939
1686866340,+3.47,+12.999, +9.503,+0.940
1686866400,+3.47,+12.946, +9.524,+0.940
1686866460,+3.47,+12.876, +9.547,+0.940
1686866520,+3.47,+12.885, +9.535,+0.939
1686866580,+3.47,+12.805, +9.562,+0.940
1686866640,+3.47,+12.788, +9.488,+0.939
1686866700,+3.47,+12.699, +9.529,+0.939
1686866760,+3.47,+12.638, +9.550,+0.940
1686866820,+3.47,+12.593, +9.561,+0.940
1686866880,+3.47,+12.478, +9.566,+0.940
1686866940,+3.47,+12.461, +9.470,+0.939
1686867000,+3.47,+12.425, +9.428,+0.939
1686867060,+3.47,+12.088, +9.209,+0.939
1686867120,+3.47,+11.955, +9.050,+0.938
1686867180,+3.47,+11.642, +8.896,+0.938
1686867240,+3.47,+11.356, +8.926,+0.938
1686867300,+3.47,+11.293, +8.902,+0.939
1686867360,+3.47,+11.194, +8.852,+0.939
1686867420,+3.47,+11.014, +8.863,+0.939
1686867480,+3.47,+10.932, +8.802,+0.938
1686867540,+3.47,+10.869, +8.810,+0.939
1686867600,+3.47,+10.797, +8.857,+0.940
1686867660,+3.47,+10.851, +8.817,+0.939
1686867720,+3.47,+10.779, +8.850,+0.939
1686867780,+3.47,+10.688, +8.894,+0.939
1686867840,+3.47,+10.688, +8.867,+0.939
1686867900,+3.47,+10.579, +8.899,+0.939
1686867960,+3.47,+10.625, +8.870,+0.939
1686868020,+3.47,+10.552, +8.879,+0.939
1686868080,+3.47,+10.552, +8.878,+0.939
1686868140,+3.47,+10.552, +8.847,+0.939
1686868200,+3.47,+10.443, +8.853,+0.939
1686868260,+3.47,+10.407, +8.873,+0.939
1686868320,+3.47,+10.443, +8.859,+0.939
1686868380,+3.47,+10.416, +8.866,+0.940
1686868440,+3.47,+10.452, +8.843,+0.940
1686868500,+3.47,+10.443, +8.838,+0.939
1686868560,+3.47,+10.425, +8.871,+0.940
1686868620,+3.47,+10.443, +8.883,+0.939
1686868680,+3.47,+10.507, +8.906,+0.940
1686868740,+3.47,+10.543, +8.882,+0.940
1686868800,+3.47,+10.552, +8.876,+0.940
1686868860,+3.47,+10.543, +8.873,+0.940
1686868920,+3.47,+10.679, +8.833,+0.940
1686868980,+3.47,+10.770, +8.841,+0.940
1686869040,+3.47,+10.770, +8.836,+0.940
1686869100,+3.47,+10.670, +8.772,+0.940
1686869160,+3.47,+10.607, +8.783,+0.939
1686869220,+3.47,+10.589, +8.798,+0.940
1686869280,+3.47,+10.607, +8.799,+0.940
1686869340,+3.47,+10.616, +8.843,+0.940
1686869400,+3.47,+10.634, +8.937,+0.940
1686869460,+3.47,+10.470, +8.481,+0.939
1686869520,+3.47,+10.124, +8.321,+0.939
1686869580,+3.47, +9.978, +8.277,+0.938
1686869640,+3.47, +9.739, +8.319,+0.938
1686869700,+3.47, +9.565, +8.385,+0.939
1686869760,+3.47, +9.482, +8.391,+0.939
1686869820,+3.47, +9.399, +8.416,+0.939
1686869880,+3.47, +9.408, +8.406,+0.939
1686869940,+3.47, +9.352, +8.420,+0.939
1686870000,+3.47, +9.288, +8.426,+0.939
1686870060,+3.47, +9.306, +8.431,+0.939
1686870120,+3.47, +9.306, +8.427,+0.939
1686870180,+3.47, +9.269, +8.451,+0.939
1686870240,+3.47, +9.251, +8.446,+0.939
1686870300,+3.47, +9.130, +8.514,+0.939
1686870360,+3.47, +9.241, +8.492,+0.939
1686870420,+3.47, +9.140, +8.537,+0.939
1686870480,+3.47, +9.158, +8.532,+0.939
1686870540,+3.47, +9.149, +8.545,+0.939
1686870600,+3.47, +9.140, +8.523,+0.939
1686870660,+3.47, +9.195, +8.518,+0.940
1686870720,+3.47, +9.149, +8.543,+0.940
1686870780,+3.47, +9.158, +8.561,+0.940
1686870840,+3.47, +9.195, +8.534,+0.940
1686870900,+3.47, +9.158, +8.537,+0.940
1686870960,+3.47, +9.223, +8.504,+0.940
1686871020,+3.47, +9.241, +8.487,+0.940
1686871080,+3.47, +9.260, +8.473,+0.940
1686871140,+3.47, +9.399, +8.447,+0.940
1686871200,+3.47, +9.546, +8.467,+0.940
1686871260,+3.47, +9.730, +8.493,+0.940
1686871320,+3.47, +9.859, +8.573,+0.940
1686871380,+3.47, +9.950, +8.665,+0.941
1686871440,+3.47,+10.033, +8.697,+0.940
1686871500,+3.47,+10.124, +8.657,+0.940
1686871560,+3.47,+10.069, +8.653,+0.940
1686871620,+3.47,+10.152, +8.626,+0.940
1686871680,+3.47,+10.152, +8.614,+0.940
1686871740,+3.47,+10.161, +8.614,+0.940
1686871800,+3.47,+10.225, +8.628,+0.940
1686871860,+3.47,+10.298, +8.641,+0.940
1686871920,+3.47,+10.325, +8.651,+0.940
1686871980,+3.47,+10.288, +8.663,+0.940
1686872040,+3.47,+10.307, +8.629,+0.939
1686872100,+3.47,+10.234, +8.634,+0.940
1686872160,+3.47,+10.216, +8.598,+0.939
1686872220,+3.47,+10.060, +8.453,+0.939
1686872280,+3.47,+10.051, +8.306,+0.939
1686872340,+3.47, +9.813, +8.237,+0.939
1686872400,+3.47, +9.712, +8.252,+0.939
1686872460,+3.47, +9.574, +8.234,+0.939
1686872520,+3.47, +9.380, +8.300,+0.939
1686872580,+3.47, +9.352, +8.320,+0.939
1686872640,+3.47, +9.269, +8.344,+0.939
1686872700,+3.47, +9.241, +8.342,+0.939
1686872760,+3.47, +9.278, +8.357,+0.939
1686872820,+3.47, +9.260, +8.322,+0.939
1686872880,+3.47, +9.380, +8.319,+0.939
1686872940,+3.47, +9.260, +8.336,+0.939
1686873000,+3.47, +9.177, +8.381,+0.939
1686873060,+3.47, +9.278, +8.352,+0.939
1686873120,+3.47, +9.315, +8.365,+0.940
1686873180,+3.47, +9.417, +8.366,+0.940
1686873240,+3.47, +9.491, +8.387,+0.939
1686873300,+3.47, +9.519, +8.404,+0.940
1686873360,+3.47, +9.519, +8.402,+0.940
1686873420,+3.47, +9.583, +8.375,+0.939
1686873480,+3.47, +9.602, +8.380,+0.940
1686873540,+3.47, +9.537, +8.389,+0.939
1686873600,+3.47, +9.555, +8.385,+0.939
1686873660,+3.47, +9.592, +8.379,+0.940
1686873720,+3.47, +9.583, +8.390,+0.940
1686873780,+3.47, +9.565, +8.401,+0.940
1686873840,+3.47, +9.611, +8.390,+0.940
1686873900,+3.47, +9.638, +8.368,+0.940
1686873960,+3.47, +9.694, +8.355,+0.940
1686874020,+3.47, +9.666, +8.380,+0.940
1686874080,+3.47, +9.657, +8.387,+0.940
1686874140,+3.47, +9.675, +8.386,+0.940
1686874200,+3.47, +9.712, +8.387,+0.940
1686874260,+3.47, +9.629, +8.402,+0.940
1686874320,+3.47, +9.712, +8.352,+0.940
1686874380,+3.47, +9.758, +8.330,+0.940
1686874440,+3.47, +9.749, +8.286,+0.939
1686874500,+3.47, +9.703, +8.270,+0.939
1686874560,+3.47, +9.721, +8.259,+0.940
1686874620,+3.47, +9.684, +8.263,+0.939
1686874680,+3.47, +9.721, +8.269,+0.940
1686874740,+3.47, +9.831, +8.250,+0.940
1686874800,+3.47, +9.868, +8.328,+0.940
1686874860,+3.47,+10.015, +8.392,+0.940
1686874920,+3.47,+10.115, +8.421,+0.940
1686874980,+3.47,+10.088, +8.502,+0.940
1686875040,+3.47,+10.161, +8.499,+0.940
1686875100,+3.47,+10.206, +8.500,+0.940
1686875160,+3.47,+10.252, +8.515,+0.940
1686875220,+3.47,+10.279, +8.543,+0.940
1686875280,+3.47,+10.206, +8.597,+0.940
1686875340,+3.47,+10.288, +8.619,+0.940
1686875400,+3.47,+10.316, +8.676,+0.940
1686875460,+3.47,+10.334, +8.703,+0.940
1686875520,+3.47,+10.370, +8.699,+0.939
1686875580,+3.47,+10.352, +8.696,+0.940
1686875640,+3.47,+10.343, +8.702,+0.940
1686875700,+3.47,+10.407, +8.708,+0.940
1686875760,+3.47,+10.407, +8.720,+0.940
1686875820,+3.47,+10.343, +8.728,+0.940
1686875880,+3.47,+10.307, +8.571,+0.939
1686875940,+3.47,+10.206, +8.433,+0.939
1686876000,+3.47,+10.179, +8.354,+0.939
1686876060,+3.47,+10.133, +8.299,+0.939
1686876120,+3.47,+10.051, +8.308,+0.939
1686876180,+3.47,+10.060, +8.271,+0.939
1686876240,+3.47,+10.060, +8.311,+0.940
1686876300,+3.47, +9.987, +8.348,+0.939
1686876360,+3.47, +9.987, +8.351,+0.939
1686876420,+3.47, +9.950, +8.421,+0.940
1686876480,+3.47, +9.941, +8.444,+0.940
1686876540,+3.47, +9.914, +8.465,+0.939
1686876600,+3.47, +9.895, +8.506,+0.939
1686876660,+3.47, +9.840, +8.543,+0.939
1686876720,+3.47, +9.877, +8.543,+0.939
1686876780,+3.47, +9.795, +8.586,+0.939
1686876840,+3.47, +9.813, +8.608,+0.939
1686876900,+3.47, +9.813, +8.617,+0.940
1686876960,+3.47, +9.831, +8.597,+0.940
1686877020,+3.47, +9.804, +8.597,+0.940
1686877080,+3.47, +9.822, +8.574,+0.940
1686877140,+3.47, +9.767, +8.591,+0.940
1686877200,+3.47, +9.721, +8.594,+0.940
1686877260,+3.47, +9.620, +8.476,+0.939
1686877320,+3.47, +9.565, +8.429,+0.939
1686877380,+3.47, +9.436, +8.428,+0.939
1686877440,+3.47, +9.473, +8.426,+0.940
1686877500,+3.47, +9.500, +8.410,+0.939
1686877560,+3.47, +9.408, +8.437,+0.939
1686877620,+3.47, +9.389, +8.425,+0.939
1686877680,+3.47, +9.389, +8.423,+0.940
1686877740,+3.47, +9.454, +8.385,+0.939
1686877800,+3.47, +9.417, +8.392,+0.939
1686877860,+3.47, +9.417, +8.396,+0.939
1686877920,+3.47, +9.371, +8.418,+0.939
1686877980,+3.47, +9.343, +8.417,+0.939
1686878040,+3.47, +9.389, +8.388,+0.940
1686878100,+3.47, +9.454, +8.361,+0.939
1686878160,+3.47, +9.445, +8.360,+0.940
1686878220,+3.47, +9.436, +8.382,+0.940
1686878280,+3.47, +9.500, +8.387,+0.940
1686878340,+3.47, +9.583, +8.386,+0.940
1686878400,+3.47, +9.611, +8.387,+0.940
1686878460,+3.47, +9.592, +8.404,+0.940
1686878520,+3.47, +9.555, +8.425,+0.940
1686878580,+3.47, +9.620, +8.409,+0.940
1686878640,+3.47, +9.666, +8.418,+0.940
1686878700,+3.47, +9.721, +8.419,+0.940
1686878760,+3.47, +9.850, +8.394,+0.940
1686878820,+3.47, +9.877, +8.387,+0.939
1686878880,+3.47, +9.978, +8.392,+0.940
1686878940,+3.47,+10.051, +8.413,+0.940
1686879000,+3.47,+10.143, +8.428,+0.940
1686879060,+3.47,+10.179, +8.441,+0.939
1686879120,+3.47,+10.152, +8.447,+0.940
1686879180,+3.47,+10.170, +8.417,+0.940
1686879240,+3.47,+10.124, +8.426,+0.940
1686879300,+3.47,+10.188, +8.469,+0.940
1686879360,+3.47,+10.152, +8.532,+0.940
1686879420,+3.47,+10.161, +8.514,+0.940
1686879480,+3.47,+10.179, +8.495,+0.939
1686879540,+3.47,+10.133, +8.523,+0.940
1686879600,+3.47,+10.115, +8.517,+0.939
1686879660,+3.47,+10.097, +8.499,+0.940
1686879720,+3.47,+10.088, +8.487,+0.940
1686879780,+3.47,+10.015, +8.531,+0.940
1686879840,+3.47, +9.996, +8.534,+0.940
1686879900,+3.47,+10.051, +8.468,+0.939
1686879960,+3.47, +9.978, +8.501,+0.940
1686880020,+3.47,+10.069, +8.498,+0.940
1686880080,+3.47,+10.079, +8.507,+0.939
1686880140,+3.47,+10.033, +8.546,+0.939
1686880200,+3.47,+10.033, +8.561,+0.940
1686880260,+3.47,+10.015, +8.572,+0.940
1686880320,+3.47,+10.042, +8.574,+0.940
1686880380,+3.47,+10.060, +8.591,+0.940
1686880440,+3.47,+10.143, +8.559,+0.939
1686880500,+3.47,+10.069, +8.552,+0.940
1686880560,+3.47,+10.069, +8.535,+0.940
1686880620,+3.47,+10.060, +8.536,+0.940
1686880680,+3.47,+10.051, +8.499,+0.940
1686880740,+3.47,+10.024, +8.508,+0.940
1686880800,+3.47,+10.124, +8.478,+0.940
1686880860,+3.47,+10.443, +8.468,+0.940
1686880920,+3.47,+10.914, +8.663,+0.941
1686880980,+3.47,+11.812, +9.091,+0.942
1686881040,+3.47,+12.496, +9.534,+0.942
1686881100,+3.47,+12.893, +9.765,+0.943
1686881160,+3.47,+13.122, +9.609,+0.941
1686881220,+3.47,+13.201, +9.864,+0.943
1686881280,+3.47,+12.726, +8.539,+0.937
1686881340,+3.47,+12.230, +8.698,+0.940
1686881400,+3.47,+11.999, +8.670,+0.939
1686881460,+3.47,+12.088, +8.724,+0.940
1686881520,+3.47,+12.239, +8.914,+0.940
1686881580,+3.47,+12.452, +9.099,+0.941
1686881640,+3.47,+12.664, +9.042,+0.940
1686881700,+3.47,+12.399, +8.915,+0.940
1686881760,+3.47,+12.275, +8.888,+0.940
1686881820,+3.47,+12.257, +8.858,+0.939
1686881880,+3.47,+12.168, +8.798,+0.939
1686881940,+3.47,+11.972, +8.815,+0.939
1686882000,+3.47,+11.910, +8.805,+0.939
1686882060,+3.47,+11.794, +8.794,+0.939
1686882120,+3.47,+11.758, +8.740,+0.939
1686882180,+3.47,+11.544, +8.753,+0.939
1686882240,+3.47,+11.418, +8.754,+0.939
1686882300,+3.47,+11.347, +8.784,+0.939
1686882360,+3.47,+11.356, +8.783,+0.939
1686882420,+3.47,+11.320, +8.835,+0.940
1686882480,+3.47,+11.445, +8.820,+0.939
1686882540,+3.47,+11.687, +9.133,+0.941
1686882600,+3.47,+11.866, +9.147,+0.940
1686882660,+3.47,+11.821, +9.029,+0.940
1686882720,+3.47,+11.776, +8.884,+0.939
1686882780,+3.47,+11.490, +8.702,+0.939
1686882840,+3.47,+11.436, +8.763,+0.939
1686882900,+3.47,+11.445, +8.757,+0.939
1686882960,+3.47,+11.391, +8.764,+0.939
1686883020,+3.47,+11.383, +8.771,+0.939
1686883080,+3.47,+11.571, +8.924,+0.940
1686883140,+3.47,+11.928, +9.061,+0.941
1686883200,+3.47,+12.257, +9.156,+0.941
1686883260,+3.47,+12.532, +9.206,+0.941
1686883320,+3.47,+12.770, +9.202,+0.941
1686883380,+3.47,+12.752, +9.230,+0.940
1686883440,+3.47,+12.620, +9.130,+0.940
1686883500,+3.47,+12.576, +9.105,+0.940
1686883560,+3.47,+12.505, +8.990,+0.940
1686883620,+3.47,+12.434, +8.778,+0.938
1686883680,+3.47,+11.937, +8.619,+0.938
1686883740,+3.47,+11.723, +8.642,+0.938
1686883800,+3.47,+11.580, +8.636,+0.938
1686883860,+3.47,+11.454, +8.642,+0.939
1686883920,+3.47,+11.409, +8.651,+0.939
1686883980,+3.47,+11.356, +8.640,+0.939
1686884040,+3.47,+11.212, +8.673,+0.939
1686884100,+3.47,+11.194, +8.729,+0.939
1686884160,+3.47,+11.104, +8.762,+0.939
1686884220,+3.47,+11.104, +8.774,+0.939
1686884280,+3.47,+11.149, +8.735,+0.939
1686884340,+3.47,+11.104, +8.721,+0.939
1686884400,+3.47,+11.068, +8.718,+0.939
1686884460,+3.47,+11.113, +8.705,+0.939
1686884520,+3.47,+11.077, +8.715,+0.939
1686884580,+3.47,+11.050, +8.729,+0.939
1686884640,+3.47,+11.068, +8.752,+0.939
1686884700,+3.47,+11.050, +8.766,+0.939
1686884760,+3.47,+11.041, +8.785,+0.939
1686884820,+3.47,+10.987, +8.771,+0.939
1686884880,+3.47,+10.896, +8.761,+0.939
1686884940,+3.47,+10.851, +8.757,+0.939
1686885000,+3.47,+10.815, +8.791,+0.939
1686885060,+3.47,+10.761, +8.821,+0.939
1686885120,+3.47,+10.815, +8.821,+0.939
1686885180,+3.47,+10.761, +8.834,+0.939
1686885240,+3.47,+10.706, +8.849,+0.939
1686885300,+3.47,+10.779, +8.785,+0.940
1686885360,+3.47,+10.860, +8.753,+0.939
1686885420,+3.47,+10.833, +8.747,+0.939
1686885480,+3.47,+10.851, +8.736,+0.939
1686885540,+3.47,+10.951, +8.720,+0.939
1686885600,+3.47,+11.023, +8.711,+0.940
1686885660,+3.47,+11.185, +8.767,+0.940
1686885720,+3.47,+11.454, +8.795,+0.940
1686885780,+3.47,+11.660, +8.818,+0.941
1686885840,+3.47,+11.812, +8.913,+0.940
1686885900,+3.47,+12.097, +8.997,+0.940
1686885960,+3.47,+12.408, +9.121,+0.941
1686886020,+3.47,+12.593, +9.152,+0.941
1686886080,+3.47,+12.416, +8.782,+0.940
1686886140,+3.47,+12.319, +8.953,+0.940
1686886200,+3.47,+12.275, +9.018,+0.940
1686886260,+3.47,+12.133, +8.892,+0.940
1686886320,+3.47,+11.990, +8.879,+0.939
1686886380,+3.47,+11.901, +8.869,+0.939
1686886440,+3.47,+11.732, +8.812,+0.939
1686886500,+3.47,+11.535, +8.759,+0.939
1686886560,+3.47,+11.409, +8.751,+0.939
1686886620,+3.47,+11.302, +8.742,+0.939
1686886680,+3.47,+11.320, +8.695,+0.939
1686886740,+3.47,+11.212, +8.697,+0.938
1686886800,+3.47,+11.176, +8.712,+0.939
1686886860,+3.47,+11.149, +8.744,+0.939
1686886920,+3.47,+11.122, +8.748,+0.939
1686886980,+3.47,+11.122, +8.736,+0.939
1686887040,+3.47,+11.068, +8.724,+0.939
1686887100,+3.47,+11.041, +8.671,+0.939
1686887160,+3.47,+10.996, +8.696,+0.939
1686887220,+3.47,+10.941, +8.732,+0.939
1686887280,+3.47,+10.932, +8.710,+0.939
1686887340,+3.47,+10.887, +8.730,+0.939
1686887400,+3.47,+10.851, +8.738,+0.939
1686887460,+3.47,+10.842, +8.723,+0.939
1686887520,+3.47,+10.833, +8.723,+0.939
1686887580,+3.47,+10.770, +8.746,+0.939
1686887640,+3.47,+10.815, +8.719,+0.939
1686887700,+3.47,+10.779, +8.732,+0.939
1686887760,+3.47,+10.761, +8.739,+0.940
1686887820,+3.47,+10.743, +8.733,+0.939
1686887880,+3.47,+10.797, +8.740,+0.940
1686887940,+3.47,+10.788, +8.763,+0.939
1686888000,+3.47,+10.887, +8.740,+0.939
1686888060,+3.47,+10.833, +8.758,+0.939
1686888120,+3.47,+10.923, +8.728,+0.940
1686888180,+3.47,+10.969, +8.742,+0.940
1686888240,+3.47,+11.059, +8.727,+0.940
1686888300,+3.47,+11.176, +8.760,+0.940
1686888360,+3.47,+11.212, +8.798,+0.940
1686888420,+3.47,+11.311, +8.822,+0.940
1686888480,+3.47,+11.356, +8.858,+0.940
1686888540,+3.47,+11.463, +8.849,+0.940
1686888600,+3.47,+11.472, +8.851,+0.940
1686888660,+3.47,+11.553, +8.831,+0.940
1686888720,+3.47,+11.454, +8.845,+0.939
1686888780,+3.47,+11.499, +8.854,+0.940
1686888840,+3.47,+11.580, +8.835,+0.940
1686888900,+3.47,+11.517, +8.831,+0.939
1686888960,+3.47,+11.490, +8.814,+0.940
1686889020,+3.47,+11.445, +8.813,+0.940
1686889080,+3.47,+11.445, +8.829,+0.940
1686889140,+3.47,+11.418, +8.848,+0.940
1686889200,+3.47,+11.400, +8.839,+0.940
1686889260,+3.47,+11.427, +8.850,+0.940
1686889320,+3.47,+11.427, +8.918,+0.940
1686889380,+3.47,+11.490, +8.950,+0.940
1686889440,+3.47,+11.508, +9.028,+0.940
1686889500,+3.47,+11.580, +9.075,+0.940
1686889560,+3.47,+11.571, +9.061,+0.940
1686889620,+3.47,+11.571, +8.995,+0.940
1686889680,+3.47,+11.526, +8.973,+0.940
1686889740,+3.47,+11.490, +8.948,+0.940
1686889800,+3.47,+11.544, +8.934,+0.939
1686889860,+3.47,+11.562, +8.924,+0.940
1686889920,+3.47,+11.499, +8.938,+0.940
1686889980,+3.47,+11.499, +8.923,+0.940
1686890040,+3.47,+11.463, +8.924,+0.939
1686890100,+3.47,+11.562, +8.882,+0.939
1686890160,+3.47,+11.669, +8.873,+0.940
1686890220,+3.47,+11.803, +8.954,+0.940
1686890280,+3.47,+12.141, +9.130,+0.941
1686890340,+3.47,+12.691, +9.456,+0.941
1686890400,+3.47,+13.025, +9.424,+0.941
1686890460,+3.47,+13.192, +9.451,+0.940
1686890520,+3.47,+12.902, +9.008,+0.940
1686890580,+3.47,+12.814, +9.031,+0.940
1686890640,+3.47,+12.532, +8.714,+0.939
1686890700,+3.47,+12.124, +8.738,+0.939
1686890760,+3.47,+11.990, +8.783,+0.939
1686890820,+3.47,+11.910, +8.790,+0.939
1686890880,+3.47,+11.830, +8.862,+0.939
1686890940,+3.47,+11.928, +9.003,+0.940
1686891000,+3.47,+12.124, +9.065,+0.940
1686891060,+3.47,+12.381, +9.092,+0.940
1686891120,+3.47,+12.505, +9.146,+0.940
1686891180,+3.47,+12.593, +9.137,+0.940
1686891240,+3.47,+12.699, +9.140,+0.940
1686891300,+3.47,+12.779, +9.147,+0.940
1686891360,+3.47,+12.840, +9.201,+0.940
1686891420,+3.47,+12.832, +9.223,+0.940
1686891480,+3.47,+12.814, +9.233,+0.940
1686891540,+3.47,+12.805, +9.248,+0.940
1686891600,+3.47,+12.805, +9.232,+0.940
1686891660,+3.47,+12.691, +9.324,+0.940
1686891720,+3.47,+12.770, +9.276,+0.940
1686891780,+3.47,+12.752, +9.250,+0.940
1686891840,+3.47,+12.743, +9.283,+0.940
1686891900,+3.47,+12.788, +9.307,+0.940
1686891960,+3.47,+12.823, +9.316,+0.940
1686892020,+3.47,+12.779, +9.276,+0.940
1686892080,+3.47,+12.876, +9.220,+0.940
1686892140,+3.47,+12.902, +9.233,+0.940
1686892200,+3.47,+12.981, +9.252,+0.941
1686892260,+3.47,+12.920, +9.194,+0.940
1686892320,+3.47,+12.779, +9.296,+0.940
1686892380,+3.47,+12.752, +9.362,+0.940
1686892440,+3.47,+12.752, +9.362,+0.940
1686892500,+3.47,+12.726, +9.357,+0.940
1686892560,+3.47,+12.646, +9.324,+0.939
1686892620,+3.47,+12.761, +9.244,+0.940
1686892680,+3.47,+12.823, +9.179,+0.939
1686892740,+3.47,+12.885, +9.153,+0.940
1686892800,+3.47,+12.849, +9.151,+0.940
1686892860,+3.47,+12.761, +9.112,+0.939
1686892920,+3.47,+12.496, +8.715,+0.938
1686892980,+3.47,+12.168, +8.464,+0.938
1686893040,+3.47,+11.866, +8.468,+0.938
1686893100,+3.47,+11.714, +8.517,+0.938
1686893160,+3.47,+11.535, +8.695,+0.938
1686893220,+3.47,+11.499, +8.843,+0.939
1686893280,+3.47,+11.418, +8.861,+0.939
1686893340,+3.47,+11.329, +8.870,+0.939
1686893400,+3.47,+11.329, +8.834,+0.939
1686893460,+3.47,+11.284, +8.859,+0.939
1686893520,+3.47,+11.311, +8.910,+0.939
1686893580,+3.47,+11.275, +8.990,+0.940
1686893640,+3.47,+11.338, +9.010,+0.939
1686893700,+3.47,+11.338, +9.033,+0.940
1686893760,+3.47,+11.266, +9.036,+0.939
1686893820,+3.47,+11.293, +9.019,+0.939
1686893880,+3.47,+11.311, +9.022,+0.940
1686893940,+3.47,+11.284, +9.041,+0.940
1686894000,+3.47,+11.293, +9.047,+0.940
1686894060,+3.47,+11.293, +9.056,+0.940
1686894120,+3.47,+11.293, +9.075,+0.940
1686894180,+3.47,+11.391, +9.024,+0.940
1686894240,+3.47,+11.418, +8.937,+0.940
1686894300,+3.47,+11.463, +8.922,+0.940
1686894360,+3.47,+11.589, +8.896,+0.940
1686894420,+3.47,+11.723, +8.828,+0.940
1686894480,+3.47,+11.892, +8.869,+0.940
1686894540,+3.47,+12.159, +8.955,+0.940
1686894600,+3.47,+12.213, +9.016,+0.941
1686894660,+3.47,+12.310, +8.982,+0.940
1686894720,+3.47,+12.239, +9.072,+0.940
1686894780,+3.47,+12.257, +9.004,+0.940
1686894840,+3.47,+12.275, +8.954,+0.940
1686894900,+3.47,+12.213, +8.893,+0.940
1686894960,+3.47,+12.257, +8.887,+0.940
1686895020,+3.47,+12.301, +8.925,+0.940
1686895080,+3.47,+12.363, +8.924,+0.940
1686895140,+3.47,+12.284, +9.027,+0.940
1686895200,+3.47,+12.239, +8.988,+0.940
1686895260,+3.47,+12.097, +8.880,+0.939
1686895320,+3.47,+12.044, +8.872,+0.939
1686895380,+3.47,+12.008, +8.957,+0.939
1686895440,+3.47,+11.874, +8.972,+0.939
1686895500,+3.47,+11.812, +8.973,+0.939
1686895560,+3.47,+11.776, +8.992,+0.939
1686895620,+3.47,+11.785, +8.999,+0.940
1686895680,+3.47,+11.750, +9.021,+0.940
1686895740,+3.47,+11.750, +9.017,+0.940
1686895800,+3.47,+11.776, +9.006,+0.940
1686895860,+3.47,+11.794, +9.011,+0.940
1686895920,+3.47,+11.883, +9.005,+0.940
1686895980,+3.47,+11.901, +8.986,+0.940
1686896040,+3.47,+11.901, +9.026,+0.940
1686896100,+3.47,+11.937, +9.033,+0.940
1686896160,+3.47,+11.919, +9.044,+0.940
1686896220,+3.47,+11.964, +9.091,+0.940
1686896280,+3.47,+11.928, +9.076,+0.940
1686896340,+3.47,+11.964, +9.068,+0.940
1686896400,+3.47,+11.937, +9.070,+0.939
1686896460,+3.47,+11.964, +9.047,+0.940
1686896520,+3.47,+11.901, +9.041,+0.940
1686896580,+3.47,+11.981, +9.152,+0.940
1686896640,+3.47,+11.972, +9.333,+0.940
1686896700,+3.47,+11.937, +9.121,+0.940
1686896760,+3.47,+11.919, +9.107,+0.940
1686896820,+3.47,+11.830, +9.168,+0.940
1686896880,+3.47,+11.866, +9.138,+0.940
1686896940,+3.47,+11.874, +9.120,+0.940
1686897000,+3.47,+11.883, +9.130,+0.940
1686897060,+3.47,+11.883, +9.128,+0.940
1686897120,+3.47,+11.937, +9.114,+0.940
1686897180,+3.47,+12.053, +9.093,+0.940
1686897240,+3.47,+11.990, +9.108,+0.939
1686897300,+3.47,+11.910, +9.237,+0.939
1686897360,+3.47,+11.866, +9.389,+0.940
1686897420,+3.47,+11.874, +9.369,+0.940
1686897480,+3.47,+11.812, +9.343,+0.940
1686897540,+3.47,+11.794, +9.350,+0.940
1686897600,+3.47,+11.830, +9.339,+0.940
1686897660,+3.47,+11.874, +9.333,+0.940
1686897720,+3.47,+11.785, +9.399,+0.940
1686897780,+3.47,+11.839, +9.465,+0.940
1686897840,+3.47,+11.794, +9.539,+0.940
1686897900,+3.47,+11.794, +9.668,+0.940
1686897960,+3.47,+11.794, +9.699,+0.940
1686898020,+3.47,+11.767, +9.829,+0.940
1686898080,+3.47,+11.785, +9.867,+0.940
1686898140,+3.47,+11.750, +9.913,+0.940
1686898200,+3.47,+11.785, +9.907,+0.940
1686898260,+3.47,+11.776, +9.922,+0.940
1686898320,+3.47,+11.750, +9.932,+0.940
1686898380,+3.47,+11.785, +9.905,+0.941
1686898440,+3.47,+11.874, +9.859,+0.940
1686898500,+3.47,+11.874, +9.885,+0.941
1686898560,+3.47,+11.874, +9.858,+0.940
1686898620,+3.47,+11.848, +9.883,+0.941
1686898680,+3.47,+11.812, +9.898,+0.940
1686898740,+3.47,+11.821, +9.902,+0.940
1686898800,+3.47,+11.821, +9.899,+0.940
1686898860,+3.47,+11.821, +9.905,+0.940
1686898920,+3.47,+11.803, +9.913,+0.940
1686898980,+3.47,+11.839, +9.903,+0.940
1686899040,+3.47,+11.883, +9.906,+0.941
1686899100,+3.47,+11.955, +9.878,+0.940
1686899160,+3.47,+11.874, +9.929,+0.940
1686899220,+3.47,+11.901, +9.976,+0.940
1686899280,+3.47,+11.892, +9.983,+0.940
1686899340,+3.47,+11.901, +9.980,+0.940
1686899400,+3.47,+11.874, +9.976,+0.941
1686899460,+3.47,+11.892, +9.990,+0.941
1686899520,+3.47,+11.874,+10.010,+0.940
1686899580,+3.47,+11.874, +9.986,+0.940
1686899640,+3.47,+11.901,+10.013,+0.940
1686899700,+3.47,+11.919,+10.057,+0.940
1686899760,+3.47,+11.937,+10.071,+0.940
1686899820,+3.47,+11.955,+10.067,+0.940
1686899880,+3.47,+11.901,+10.093,+0.940
1686899940,+3.47,+11.990,+10.066,+0.940
1686900000,+3.47,+12.026,+10.063,+0.941
1686900060,+3.47,+11.955,+10.086,+0.940
1686900120,+3.47,+11.990,+10.064,+0.941
1686900180,+3.47,+12.026,+10.036,+0.940
1686900240,+3.47,+11.937,+10.079,+0.941
1686900300,+3.47,+12.035,+10.055,+0.941
1686900360,+3.47,+11.981,+10.073,+0.940
1686900420,+3.47,+12.017,+10.083,+0.940
1686900480,+3.47,+11.990,+10.121,+0.940
1686900540,+3.47,+11.990,+10.142,+0.940
1686900600,+3.47,+12.026,+10.138,+0.940
1686900660,+3.47,+11.999,+10.165,+0.941
1686900720,+3.47,+12.044,+10.198,+0.940
1686900780,+3.47,+12.026,+10.247,+0.941
1686900840,+3.47,+12.017,+10.269,+0.941
1686900900,+3.47,+11.990,+10.275,+0.941
1686900960,+3.47,+11.946,+10.198,+0.940
1686901020,+3.47,+11.955,+10.163,+0.940
1686901080,+3.47,+11.892,+10.182,+0.941
1686901140,+3.47,+11.919,+10.175,+0.940
1686901200,+3.47,+11.972,+10.181,+0.940
1686901260,+3.47,+11.990,+10.224,+0.941
1686901320,+3.47,+11.999,+10.222,+0.940
1686901380,+3.47,+12.008,+10.225,+0.940
1686901440,+3.47,+11.972,+10.170,+0.940
1686901500,+3.47,+11.919,+10.145,+0.940
1686901560,+3.47,+11.857,+10.192,+0.940
1686901620,+3.47,+11.901,+10.187,+0.940
1686901680,+3.47,+11.946,+10.191,+0.940
1686901740,+3.47,+11.981,+10.257,+0.941
1686901800,+3.47,+11.874,+10.291,+0.941
1686901860,+3.47,+12.017,+10.255,+0.940
1686901920,+3.47,+11.928,+10.322,+0.940
1686901980,+3.47,+11.937,+10.330,+0.941
1686902040,+3.47,+12.044,+10.230,+0.941
1686902100,+3.47,+11.964,+10.203,+0.940
1686902160,+3.47,+11.955,+10.168,+0.940
1686902220,+3.47,+11.705, +9.810,+0.939
1686902280,+3.47,+11.580, +9.814,+0.940
1686902340,+3.47,+11.517, +9.883,+0.940
1686902400,+3.47,+11.553, +9.874,+0.940
1686902460,+3.47,+11.553, +9.934,+0.941
1686902520,+3.47,+11.571,+10.017,+0.941
1686902580,+3.47,+11.732,+10.016,+0.940
1686902640,+3.47,+11.848,+10.118,+0.941
1686902700,+3.47,+11.812, +9.917,+0.940
1686902760,+3.47,+11.508, +9.732,+0.940
1686902820,+3.47,+11.436, +9.732,+0.940
1686902880,+3.47,+11.445, +9.861,+0.941
1686902940,+3.47,+11.526, +9.968,+0.941
1686903000,+3.47,+11.624, +9.996,+0.940
1686903060,+3.47,+11.633,+10.048,+0.941
1686903120,+3.47,+11.696,+10.089,+0.941
1686903180,+3.47,+11.812,+10.129,+0.940
1686903240,+3.47,+11.848,+10.142,+0.941
1686903300,+3.47,+11.874,+10.220,+0.941
1686903360,+3.47,+11.857,+10.210,+0.940
1686903420,+3.47,+11.910,+10.229,+0.941
1686903480,+3.47,+11.946,+10.264,+0.940
1686903540,+3.47,+11.964,+10.272,+0.941
1686903600,+3.47,+12.026,+10.246,+0.940
1686903660,+3.47,+11.981,+10.266,+0.941
1686903720,+3.47,+11.999,+10.240,+0.941
1686903780,+3.47,+11.990,+10.269,+0.941
1686903840,+3.47,+12.035,+10.259,+0.940
1686903900,+3.47,+12.026,+10.291,+0.940
1686903960,+3.47,+12.079,+10.288,+0.941
1686904020,+3.47,+12.106,+10.293,+0.941
1686904080,+3.47,+12.088,+10.341,+0.940
1686904140,+3.47,+12.133,+10.333,+0.941
1686904200,+3.47,+12.124,+10.383,+0.941
1686904260,+3.47,+12.106,+10.421,+0.941
1686904320,+3.47,+12.168,+10.390,+0.940
1686904380,+3.47,+12.159,+10.393,+0.940
1686904440,+3.47,+12.088,+10.386,+0.940
1686904500,+3.47,+12.079,+10.275,+0.940
1686904560,+3.47,+11.848, +9.977,+0.940
1686904620,+3.47,+11.723, +9.924,+0.940
1686904680,+3.47,+11.696, +9.905,+0.940
1686904740,+3.47,+11.705, +9.963,+0.940
1686904800,+3.47,+11.812,+10.000,+0.941
1686904860,+3.47,+11.910,+10.004,+0.940
1686904920,+3.47,+11.972,+10.016,+0.940
1686904980,+3.47,+11.981,+10.118,+0.940
1686905040,+3.47,+11.946,+10.182,+0.940
1686905100,+3.47,+11.972,+10.180,+0.940
1686905160,+3.47,+12.079,+10.201,+0.941
1686905220,+3.47,+12.115,+10.200,+0.940
1686905280,+3.47,+12.124,+10.200,+0.940
1686905340,+3.47,+12.106,+10.290,+0.941
1686905400,+3.47,+12.097,+10.322,+0.941
1686905460,+3.47,+12.159,+10.315,+0.941
1686905520,+3.47,+12.177,+10.294,+0.940
1686905580,+3.47,+12.177,+10.287,+0.940
1686905640,+3.47,+12.150,+10.310,+0.941
1686905700,+3.47,+12.248,+10.283,+0.941
1686905760,+3.47,+12.221,+10.286,+0.940
1686905820,+3.47,+12.159,+10.383,+0.940
1686905880,+3.47,+12.141,+10.407,+0.941
1686905940,+3.47,+12.133,+10.361,+0.940
1686906000,+3.47,+12.124,+10.334,+0.940
1686906060,+3.47,+12.124,+10.356,+0.940
1686906120,+3.47,+12.133,+10.377,+0.941
1686906180,+3.47,+12.168,+10.332,+0.940
1686906240,+3.47,+12.186,+10.324,+0.941
1686906300,+3.47,+12.186,+10.316,+0.941
1686906360,+3.47,+12.150,+10.336,+0.941
1686906420,+3.47,+12.213,+10.276,+0.940
1686906480,+3.47,+12.221,+10.224,+0.940
1686906540,+3.47,+12.257,+10.172,+0.940
1686906600,+3.47,+12.319,+10.114,+0.940
1686906660,+3.47,+12.363,+10.073,+0.940
1686906720,+3.47,+12.372,+10.056,+0.941
1686906780,+3.47,+12.337,+10.059,+0.940
1686906840,+3.47,+12.452,+10.022,+0.940
1686906900,+3.47,+12.461,+10.023,+0.940
1686906960,+3.47,+12.452,+10.074,+0.941
1686907020,+3.47,+12.470,+10.065,+0.940
1686907080,+3.47,+12.443,+10.047,+0.940
1686907140,+3.47,+12.487,+10.175,+0.940
1686907200,+3.47,+12.585,+10.188,+0.940
1686907260,+3.47,+12.549,+10.213,+0.940
1686907320,+3.47,+12.567,+10.199,+0.940
1686907380,+3.47,+12.629,+10.233,+0.940
1686907440,+3.47,+12.585,+10.275,+0.941
1686907500,+3.47,+12.620,+10.291,+0.940
1686907560,+3.47,+12.629,+10.302,+0.941
1686907620,+3.47,+12.629,+10.286,+0.940
1686907680,+3.47,+12.638,+10.277,+0.940
1686907740,+3.47,+12.673,+10.267,+0.940
1686907800,+3.47,+12.673,+10.267,+0.940
1686907860,+3.47,+13.996,+12.007,+0.953
1686907920,+3.47,+17.671,+11.948,+0.952
1686907980,+3.47,+18.018, +8.427,+0.941
1686908040,+3.47,+18.077, +8.397,+0.940
1686908100,+3.47,+18.170, +8.401,+0.940
1686908160,+3.47,+18.752, +8.262,+0.940
1686908220,+3.47,+19.122, +8.181,+0.940
1686908280,+3.47,+19.240, +8.153,+0.939
1686908340,+3.47,+19.391, +8.111,+0.939
1686908400,+3.47,+19.374, +8.120,+0.939
1686908460,+3.47,+19.382, +8.113,+0.939
1686908520,+3.47,+19.408, +8.096,+0.939
1686908580,+3.47,+19.424, +8.094,+0.939
1686908640,+3.47,+19.408, +8.095,+0.939
1686908700,+3.47,+19.374, +8.104,+0.939
1686908760,+3.47,+19.366, +8.106,+0.939
1686908820,+3.47,+19.357, +8.115,+0.939
1686908880,+3.47,+19.408, +8.093,+0.938
1686908940,+3.47,+19.416, +8.096,+0.938
1686909000,+3.47,+19.508, +8.081,+0.938
1686909060,+3.47,+19.517, +8.079,+0.938
1686909120,+3.47,+19.609, +8.074,+0.938
1686909180,+3.47,+19.693, +8.051,+0.938
1686909240,+3.47,+19.785, +8.045,+0.938
1686909300,+3.47,+19.937, +8.023,+0.939
1686909360,+3.47,+20.037, +7.995,+0.938
1686909420,+3.47,+20.104, +7.992,+0.938
1686909480,+3.47,+20.096, +7.991,+0.938
1686909540,+3.47,+20.113, +7.988,+0.938
1686909600,+3.47,+20.088, +7.988,+0.938
1686909660,+3.47,+20.129, +7.979,+0.938
1686909720,+3.47,+20.113, +7.977,+0.938
1686909780,+3.47,+20.054, +7.987,+0.938
1686909840,+3.47,+20.054, +7.998,+0.939
1686909900,+3.47,+20.029, +7.976,+0.938
1686909960,+3.47,+19.827, +7.997,+0.938
1686910020,+3.47,+19.567, +8.062,+0.937
1686910080,+3.47,+19.206, +8.132,+0.936
1686910140,+3.47,+19.265, +8.109,+0.936
1686910200,+3.47,+19.441, +8.081,+0.936
1686910260,+3.46,+19.685, +8.044,+0.937
1686910320,+3.46,+19.895, +8.016,+0.938
1686910380,+3.47,+20.096, +7.992,+0.941
1686910440,+3.47,+20.205, +7.976,+0.940
1686910500,+3.47,+20.331, +7.939,+0.940
1686910560,+3.47,+20.364, +7.936,+0.940
1686910620,+3.47,+20.373, +7.922,+0.940
1686910680,+3.47,+20.322, +7.927,+0.940
1686910740,+3.47,+20.423, +7.887,+0.939
1686910800,+3.47,+20.339, +7.916,+0.940
1686910860,+3.47,+20.373, +7.904,+0.940
1686910920,+3.47,+20.448, +7.874,+0.939
1686910980,+3.47,+20.406, +7.893,+0.940
1686911040,+3.47,+20.414, +7.893,+0.940
1686911100,+3.47,+20.414, +7.883,+0.939
1686911160,+3.46,+20.482, +7.877,+0.940
1686911220,+3.47,+20.398, +7.894,+0.940
1686911280,+3.47,+20.473, +7.880,+0.940
1686911340,+3.47,+20.473, +7.878,+0.940
1686911400,+3.47,+20.532, +7.870,+0.941
1686911460,+3.47,+20.532, +7.867,+0.940
1686911520,+3.47,+20.532, +7.869,+0.940
1686911580,+3.47,+20.540, +7.862,+0.940
1686911640,+3.47,+20.565, +7.859,+0.940
1686911700,+3.47,+20.607, +7.855,+0.941
1686911760,+3.47,+20.632, +7.839,+0.940
1686911820,+3.47,+20.649, +7.841,+0.940
1686911880,+3.47,+20.616, +7.854,+0.941
1686911940,+3.47,+20.674, +7.834,+0.940
1686912000,+3.47,+20.666, +7.828,+0.940
1686912060,+3.47,+20.641, +7.844,+0.941
1686912120,+3.47,+20.699, +7.822,+0.940
1686912180,+3.47,+20.716, +7.815,+0.940
1686912240,+3.47,+20.750, +7.813,+0.940
1686912300,+3.47,+20.716, +7.817,+0.940
1686912360,+3.47,+20.733, +7.818,+0.941
1686912420,+3.47,+20.699, +7.829,+0.941
1686912480,+3.47,+20.750, +7.812,+0.941
1686912540,+3.47,+20.699, +7.825,+0.940
1686912600,+3.47,+20.741, +7.812,+0.941
1686912660,+3.47,+20.724, +7.818,+0.941
1686912720,+3.47,+20.699, +7.821,+0.940
1686912780,+3.47,+20.783, +7.800,+0.940
1686912840,+3.47,+20.792, +7.799,+0.941
1686912900,+3.47,+20.775, +7.799,+0.940
1686912960,+3.47,+20.750, +7.803,+0.940
1686913020,+3.47,+20.775, +7.803,+0.941
1686913080,+3.47,+20.775, +7.795,+0.940
1686913140,+3.47,+20.783, +7.801,+0.941
1686913200,+3.47,+20.775, +7.799,+0.940
1686913260,+3.47,+20.758, +7.798,+0.940
1686913320,+3.47,+20.750, +7.804,+0.941
1686913380,+3.47,+20.792, +7.787,+0.940
1686913440,+3.47,+20.800, +7.798,+0.941
1686913500,+3.47,+20.775, +7.800,+0.941
1686913560,+3.47,+20.800, +7.782,+0.940
1686913620,+3.47,+20.783, +7.788,+0.940
1686913680,+3.47,+20.792, +7.794,+0.941
1686913740,+3.47,+20.783, +7.789,+0.940
1686913800,+3.47,+20.900, +7.752,+0.939
1686913860,+3.47,+21.034, +7.733,+0.939
1686913920,+3.47,+21.101, +7.722,+0.939
1686913980,+3.47,+21.219, +7.706,+0.939
1686914040,+3.47,+21.286, +7.698,+0.940
1686914100,+3.47,+21.311, +7.691,+0.940
1686914160,+3.47,+21.361, +7.684,+0.940
1686914220,+3.47,+21.361, +7.694,+0.940
1686914280,+3.47,+21.353, +7.798,+0.947
1686914340,+3.47,+21.654, +7.745,+0.946
