7450-798456
OS REV: 1.03 Sensor Cal: 1539277937
Time (sec),  BV (Volts),  T (deg C),  DO (mg/l),  Q ()
1685796840,+3.47,+11.767,+10.204,+0.941
1685796900,+3.47,+11.821,+10.185,+0.941
1685796960,+3.47,+11.857,+10.167,+0.941
1685797020,+3.47,+11.812,+10.170,+0.941
1685797080,+3.47,+11.785,+10.182,+0.941
1685797140,+3.47,+11.785,+10.169,+0.941
1685797200,+3.47,+11.714,+10.171,+0.941
1685797260,+3.47,+11.758,+10.157,+0.941
1685797320,+3.47,+11.723,+10.158,+0.941
1685797380,+3.47,+11.678,+10.185,+0.942
1685797440,+3.47,+11.651,+10.180,+0.941
1685797500,+3.47,+11.598,+10.194,+0.941
1685797560,+3.47,+11.642,+10.184,+0.941
1685797620,+3.47,+11.678,+10.182,+0.941
1685797680,+3.47,+11.607,+10.217,+0.942
1685797740,+3.47,+11.580,+10.198,+0.941
1685797800,+3.47,+11.526,+10.204,+0.941
1685797860,+3.47,+11.517,+10.197,+0.941
1685797920,+3.47,+11.427,+10.234,+0.941
1685797980,+3.47,+11.499,+10.198,+0.941
1685798040,+3.47,+11.463,+10.203,+0.941
1685798100,+3.47,+11.472,+10.191,+0.941
1685798160,+3.47,+11.445,+10.198,+0.941
1685798220,+3.47,+11.436,+10.171,+0.941
1685798280,+3.47,+11.374,+10.173,+0.941
1685798340,+3.47,+11.374,+10.166,+0.942
1685798400,+3.47,+11.347,+10.147,+0.941
1685798460,+3.47,+11.302,+10.166,+0.942
1685798520,+3.47,+11.338,+10.135,+0.941
1685798580,+3.47,+11.347,+10.116,+0.941
1685798640,+3.47,+11.239,+10.167,+0.941
1685798700,+3.47,+11.257,+10.156,+0.941
1685798760,+3.47,+11.311,+10.145,+0.942
1685798820,+3.47,+11.302,+10.139,+0.941
1685798880,+3.47,+11.275,+10.159,+0.941
1685798940,+3.47,+11.293,+10.179,+0.942
1685799000,+3.47,+11.275,+10.182,+0.941
1685799060,+3.47,+11.284,+10.178,+0.941
1685799120,+3.47,+11.275,+10.195,+0.942
1685799180,+3.47,+11.302,+10.175,+0.942
1685799240,+3.47,+11.248,+10.190,+0.941
1685799300,+3.47,+11.230,+10.172,+0.941
1685799360,+3.47,+11.266,+10.162,+0.942
1685799420,+3.47,+11.230,+10.155,+0.941
1685799480,+3.47,+11.203,+10.157,+0.941
1685799540,+3.47,+11.185, +9.983,+0.941
1685799600,+3.47,+10.987, +9.892,+0.941
1685799660,+3.47,+10.905, +9.878,+0.941
1685799720,+3.47,+10.869, +9.907,+0.941
1685799780,+3.47,+10.860, +9.924,+0.941
1685799840,+3.47,+10.896, +9.910,+0.941
1685799900,+3.47,+10.896, +9.915,+0.941
1685799960,+3.47,+10.896, +9.925,+0.941
1685800020,+3.47,+10.905, +9.930,+0.942
1685800080,+3.47,+10.914, +9.938,+0.941
1685800140,+3.47,+10.914, +9.963,+0.942
1685800200,+3.47,+10.978, +9.955,+0.941
1685800260,+3.47,+11.014, +9.893,+0.941
1685800320,+3.47,+10.761, +9.735,+0.941
1685800380,+3.47,+10.724, +9.740,+0.941
1685800440,+3.47,+10.634, +9.777,+0.941
1685800500,+3.47,+10.643, +9.781,+0.941
1685800560,+3.47,+10.634, +9.804,+0.941
1685800620,+3.47,+10.607, +9.832,+0.941
1685800680,+3.47,+10.634, +9.855,+0.941
1685800740,+3.47,+10.661, +9.865,+0.941
1685800800,+3.47,+10.661, +9.875,+0.942
1685800860,+3.47,+10.670, +9.888,+0.941
1685800920,+3.47,+10.697, +9.861,+0.941
1685800980,+3.47,+10.652, +9.850,+0.941
1685801040,+3.47,+10.607, +9.832,+0.941
1685801100,+3.47,+10.634, +9.813,+0.941
1685801160,+3.47,+10.679, +9.829,+0.941
1685801220,+3.47,+10.706, +9.833,+0.941
1685801280,+3.47,+10.661, +9.871,+0.941
1685801340,+3.47,+10.715, +9.884,+0.941
1685801400,+3.47,+10.715, +9.909,+0.942
1685801460,+3.47,+10.679, +9.932,+0.941
1685801520,+3.47,+10.779, +9.927,+0.942
1685801580,+3.47,+10.752, +9.899,+0.941
1685801640,+3.47,+10.688, +9.894,+0.941
1685801700,+3.47,+10.679, +9.856,+0.941
1685801760,+3.47,+10.652, +9.844,+0.941
1685801820,+3.47,+10.661, +9.845,+0.942
1685801880,+3.47,+10.598, +9.835,+0.941
1685801940,+3.47,+10.570, +9.842,+0.941
1685802000,+3.47,+10.579, +9.849,+0.941
1685802060,+3.47,+10.652, +9.830,+0.941
1685802120,+3.47,+10.679, +9.844,+0.942
1685802180,+3.47,+10.679, +9.866,+0.942
1685802240,+3.47,+10.661, +9.871,+0.941
1685802300,+3.47,+10.579, +9.734,+0.941
1685802360,+3.47,+10.361, +9.559,+0.940
1685802420,+3.47,+10.152, +9.527,+0.940
1685802480,+3.47,+10.106, +9.537,+0.941
1685802540,+3.47,+10.069, +9.569,+0.941
1685802600,+3.47,+10.106, +9.567,+0.941
1685802660,+3.47,+10.161, +9.604,+0.941
1685802720,+3.47,+10.243, +9.665,+0.941
1685802780,+3.47,+10.370, +9.697,+0.942
1685802840,+3.47,+10.443, +9.749,+0.942
1685802900,+3.47,+10.570, +9.861,+0.942
1685802960,+3.47,+10.688, +9.934,+0.942
1685803020,+3.47,+10.743, +9.994,+0.942
1685803080,+3.47,+10.770,+10.012,+0.941
1685803140,+3.47,+10.833,+10.000,+0.942
1685803200,+3.47,+10.851,+10.029,+0.942
1685803260,+3.47,+10.896,+10.085,+0.942
1685803320,+3.47,+10.978,+10.102,+0.942
1685803380,+3.47,+11.077,+10.123,+0.941
1685803440,+3.47,+11.050,+10.123,+0.941
1685803500,+3.47,+11.077,+10.115,+0.942
1685803560,+3.47,+11.113,+10.106,+0.942
1685803620,+3.47,+11.086,+10.122,+0.942
1685803680,+3.47,+11.005,+10.131,+0.941
1685803740,+3.47,+11.095,+10.112,+0.941
1685803800,+3.47,+11.095,+10.130,+0.942
1685803860,+3.47,+11.059,+10.152,+0.941
1685803920,+3.47,+11.113,+10.172,+0.941
1685803980,+3.47,+11.122,+10.219,+0.941
1685804040,+3.47,+11.230,+10.203,+0.942
1685804100,+3.47,+11.194,+10.212,+0.941
1685804160,+3.47,+11.239,+10.205,+0.942
1685804220,+3.47,+11.275,+10.193,+0.942
1685804280,+3.47,+11.230,+10.217,+0.941
1685804340,+3.47,+11.230,+10.224,+0.941
1685804400,+3.47,+11.275,+10.216,+0.942
1685804460,+3.47,+11.302,+10.210,+0.942
1685804520,+3.47,+11.329,+10.209,+0.941
1685804580,+3.47,+11.293,+10.229,+0.942
1685804640,+3.47,+11.374,+10.217,+0.942
1685804700,+3.47,+11.472,+10.258,+0.942
1685804760,+3.47,+11.633,+10.345,+0.942
1685804820,+3.47,+12.159,+10.637,+0.944
1685804880,+3.47,+12.902,+10.863,+0.945
1685804940,+3.47,+13.604,+10.897,+0.945
1685805000,+3.47,+14.048,+10.832,+0.945
1685805060,+3.47,+14.413,+10.791,+0.945
1685805120,+3.47,+14.768,+10.892,+0.945
1685805180,+3.47,+15.001,+10.933,+0.945
1685805240,+3.47,+15.225,+10.890,+0.945
1685805300,+3.47,+15.474,+10.772,+0.944
1685805360,+3.47,+15.585,+10.750,+0.944
1685805420,+3.47,+15.757,+10.674,+0.943
1685805480,+3.47,+15.885,+10.626,+0.944
1685805540,+3.47,+16.005,+10.565,+0.943
1685805600,+3.47,+16.099,+10.519,+0.944
1685805660,+3.47,+16.270,+10.474,+0.943
1685805720,+3.47,+16.312,+10.470,+0.943
1685805780,+3.47,+16.372,+10.419,+0.943
1685805840,+3.47,+16.500,+10.321,+0.943
1685805900,+3.47,+16.500,+10.334,+0.942
1685805960,+3.47,+16.568,+10.316,+0.943
1685806020,+3.47,+16.636,+10.375,+0.943
1685806080,+3.47,+16.704,+10.424,+0.942
1685806140,+3.47,+16.687,+10.517,+0.942
1685806200,+3.47,+16.730,+10.592,+0.942
1685806260,+3.47,+16.764,+10.571,+0.942
1685806320,+3.47,+16.789,+10.598,+0.942
1685806380,+3.47,+16.781,+10.494,+0.942
1685806440,+3.47,+16.679,+10.378,+0.942
1685806500,+3.47,+16.645,+10.298,+0.942
1685806560,+3.47,+16.636,+10.276,+0.942
1685806620,+3.47,+16.636,+10.264,+0.942
1685806680,+3.47,+16.687,+10.349,+0.942
1685806740,+3.47,+16.772,+10.413,+0.942
1685806800,+3.47,+16.891,+10.447,+0.942
1685806860,+3.47,+16.951,+10.490,+0.942
1685806920,+3.47,+17.002,+10.534,+0.943
1685806980,+3.47,+17.078,+10.616,+0.942
1685807040,+3.47,+17.129,+10.656,+0.942
1685807100,+3.47,+17.197,+10.689,+0.943
1685807160,+3.47,+17.290,+10.665,+0.942
1685807220,+3.47,+17.400,+10.654,+0.943
1685807280,+3.47,+17.519,+10.638,+0.943
1685807340,+3.47,+17.570,+10.645,+0.943
1685807400,+3.47,+17.731,+10.665,+0.943
1685807460,+3.47,+17.807,+10.660,+0.943
1685807520,+3.47,+17.841,+10.543,+0.943
1685807580,+3.47,+17.841,+10.445,+0.942
1685807640,+3.47,+17.655,+10.397,+0.942
1685807700,+3.47,+17.646,+10.477,+0.942
1685807760,+3.47,+17.502,+10.465,+0.942
1685807820,+3.47,+17.333,+10.437,+0.942
1685807880,+3.47,+17.112,+10.190,+0.941
1685807940,+3.47,+16.908,+10.208,+0.941
1685808000,+3.47,+16.823,+10.223,+0.942
1685808060,+3.47,+16.738,+10.252,+0.942
1685808120,+3.47,+16.662,+10.274,+0.942
1685808180,+3.47,+16.619,+10.278,+0.943
1685808240,+3.47,+16.662,+10.230,+0.942
1685808300,+3.47,+16.645,+10.248,+0.942
1685808360,+3.47,+16.645,+10.269,+0.941
1685808420,+3.47,+16.670,+10.277,+0.942
1685808480,+3.47,+16.721,+10.311,+0.942
1685808540,+3.47,+16.772,+10.328,+0.942
1685808600,+3.47,+16.781,+10.331,+0.942
1685808660,+3.47,+16.832,+10.322,+0.942
1685808720,+3.47,+16.781,+10.318,+0.941
1685808780,+3.47,+16.781,+10.293,+0.942
1685808840,+3.47,+16.764,+10.273,+0.942
1685808900,+3.47,+16.781,+10.255,+0.941
1685808960,+3.47,+16.730,+10.281,+0.942
1685809020,+3.47,+16.687,+10.267,+0.942
1685809080,+3.47,+16.670,+10.263,+0.942
1685809140,+3.47,+16.534,+10.173,+0.941
1685809200,+3.47,+16.491,+10.217,+0.941
1685809260,+3.47,+16.346,+10.270,+0.942
1685809320,+3.47,+16.304,+10.288,+0.942
1685809380,+3.47,+16.236,+10.308,+0.942
1685809440,+3.47,+16.227,+10.307,+0.942
1685809500,+3.47,+16.236,+10.303,+0.942
1685809560,+3.47,+16.219,+10.256,+0.942
1685809620,+3.47,+16.236,+10.202,+0.942
1685809680,+3.47,+16.142,+10.247,+0.942
1685809740,+3.47,+16.107,+10.263,+0.941
1685809800,+3.47,+16.150,+10.248,+0.941
1685809860,+3.47,+16.133,+10.260,+0.942
1685809920,+3.47,+15.979,+10.266,+0.941
1685809980,+3.47,+15.620, +9.598,+0.938
1685810040,+3.47,+15.242,+10.054,+0.941
1685810100,+3.47,+15.104, +9.703,+0.938
1685810160,+3.47,+14.603, +9.903,+0.940
1685810220,+3.47,+14.569, +9.937,+0.939
1685810280,+3.47,+14.612, +9.989,+0.940
1685810340,+3.47,+14.655,+10.058,+0.941
1685810400,+3.47,+14.733,+10.069,+0.940
1685810460,+3.47,+14.794,+10.056,+0.941
1685810520,+3.47,+14.768,+10.076,+0.941
1685810580,+3.47,+14.897, +9.971,+0.940
1685810640,+3.47,+14.370, +9.795,+0.939
1685810700,+3.47,+14.318, +9.963,+0.940
1685810760,+3.47,+14.266, +9.972,+0.940
1685810820,+3.47,+14.352,+10.031,+0.941
1685810880,+3.47,+14.595,+10.040,+0.941
1685810940,+3.47,+14.673,+10.152,+0.941
1685811000,+3.47,+14.914,+10.164,+0.941
1685811060,+3.47,+15.001,+10.180,+0.941
1685811120,+3.47,+15.104,+10.178,+0.942
1685811180,+3.47,+14.612, +9.768,+0.939
1685811240,+3.47,+14.629,+10.168,+0.942
1685811300,+3.47,+14.958,+10.153,+0.941
1685811360,+3.47,+15.087,+10.152,+0.942
1685811420,+3.47,+15.130,+10.171,+0.941
1685811480,+3.47,+15.233,+10.180,+0.942
1685811540,+3.47,+15.362,+10.224,+0.942
1685811600,+3.47,+15.345,+10.260,+0.942
1685811660,+3.47,+15.336,+10.261,+0.942
1685811720,+3.47,+15.293,+10.265,+0.941
1685811780,+3.47,+15.268,+10.169,+0.941
1685811840,+3.47,+15.173,+10.245,+0.942
1685811900,+3.47,+15.216,+10.266,+0.941
1685811960,+3.47,+15.311,+10.243,+0.941
1685812020,+3.47,+15.319,+10.219,+0.941
1685812080,+3.47,+15.070, +9.988,+0.941
1685812140,+3.47,+15.121,+10.135,+0.942
1685812200,+3.47,+15.276,+10.147,+0.941
1685812260,+3.47,+15.156,+10.070,+0.940
1685812320,+3.47,+15.164,+10.186,+0.942
1685812380,+3.47,+15.302,+10.029,+0.940
1685812440,+3.47,+14.871, +9.521,+0.937
1685812500,+3.47,+14.057, +9.755,+0.938
1685812560,+3.47,+13.621, +9.856,+0.939
1685812620,+3.47,+13.254, +9.805,+0.939
1685812680,+3.47,+12.911, +9.818,+0.939
1685812740,+3.47,+12.779,+10.020,+0.940
1685812800,+3.47,+13.192,+10.097,+0.940
1685812860,+3.47,+13.604,+10.181,+0.942
1685812920,+3.47,+13.752,+10.279,+0.941
1685812980,+3.47,+13.926,+10.415,+0.942
1685813040,+3.47,+13.926,+10.366,+0.941
1685813100,+3.47,+13.892,+10.345,+0.941
1685813160,+3.47,+13.866,+10.243,+0.941
1685813220,+3.47,+13.700,+10.148,+0.940
1685813280,+3.47,+13.595,+10.191,+0.941
1685813340,+3.47,+13.508,+10.216,+0.940
1685813400,+3.47,+13.569,+10.235,+0.941
1685813460,+3.47,+13.595,+10.302,+0.941
1685813520,+3.47,+13.630,+10.326,+0.941
1685813580,+3.47,+13.726,+10.352,+0.941
1685813640,+3.47,+13.831,+10.337,+0.941
1685813700,+3.47,+13.796,+10.168,+0.940
1685813760,+3.47,+13.297,+10.002,+0.940
1685813820,+3.47,+13.166,+10.084,+0.940
1685813880,+3.47,+13.271,+10.210,+0.941
1685813940,+3.47,+13.464,+10.361,+0.942
1685814000,+3.47,+13.656,+10.421,+0.942
1685814060,+3.47,+13.778,+10.431,+0.941
1685814120,+3.47,+13.822,+10.475,+0.942
1685814180,+3.47,+13.953,+10.471,+0.941
1685814240,+3.47,+14.040,+10.483,+0.942
1685814300,+3.47,+14.066,+10.482,+0.942
1685814360,+3.47,+14.100,+10.464,+0.942
1685814420,+3.47,+14.074,+10.464,+0.941
1685814480,+3.47,+14.048,+10.488,+0.941
1685814540,+3.47,+14.109,+10.493,+0.941
1685814600,+3.47,+14.057,+10.508,+0.941
1685814660,+3.47,+14.074,+10.484,+0.941
1685814720,+3.47,+13.979,+10.533,+0.941
1685814780,+3.47,+14.022,+10.533,+0.941
1685814840,+3.47,+13.944,+10.568,+0.941
1685814900,+3.47,+14.005,+10.546,+0.941
1685814960,+3.47,+13.987,+10.553,+0.941
1685815020,+3.47,+14.005,+10.531,+0.941
1685815080,+3.47,+14.031,+10.502,+0.941
1685815140,+3.47,+13.979,+10.537,+0.942
1685815200,+3.47,+14.014,+10.546,+0.942
1685815260,+3.47,+14.083,+10.511,+0.942
1685815320,+3.47,+14.005,+10.544,+0.942
1685815380,+3.47,+14.022,+10.545,+0.941
1685815440,+3.47,+14.057,+10.531,+0.941
1685815500,+3.47,+14.066,+10.498,+0.941
1685815560,+3.47,+14.048,+10.507,+0.941
1685815620,+3.47,+14.083,+10.487,+0.942
1685815680,+3.47,+14.092,+10.481,+0.941
1685815740,+3.47,+14.057,+10.485,+0.941
1685815800,+3.47,+14.048,+10.522,+0.941
1685815860,+3.47,+13.987,+10.532,+0.941
1685815920,+3.47,+14.040,+10.511,+0.941
1685815980,+3.47,+13.926,+10.553,+0.941
1685816040,+3.47,+13.996,+10.532,+0.942
1685816100,+3.47,+13.970,+10.534,+0.942
1685816160,+3.47,+13.979,+10.497,+0.941
1685816220,+3.47,+14.031,+10.471,+0.942
1685816280,+3.47,+14.014,+10.475,+0.942
1685816340,+3.47,+14.014,+10.520,+0.942
1685816400,+3.47,+14.083,+10.474,+0.941
1685816460,+3.47,+14.057,+10.489,+0.941
1685816520,+3.47,+13.996,+10.518,+0.941
1685816580,+3.47,+13.953,+10.540,+0.941
1685816640,+3.47,+13.935,+10.574,+0.941
1685816700,+3.47,+13.874,+10.584,+0.941
1685816760,+3.47,+13.926,+10.568,+0.941
1685816820,+3.47,+13.892,+10.582,+0.942
1685816880,+3.47,+13.857,+10.552,+0.941
1685816940,+3.47,+13.490, +9.990,+0.940
1685817000,+3.47,+13.368,+10.256,+0.941
1685817060,+3.47,+13.595,+10.516,+0.941
1685817120,+3.47,+13.674,+10.554,+0.941
1685817180,+3.47,+13.569,+10.398,+0.940
1685817240,+3.47,+13.297,+10.345,+0.941
1685817300,+3.47,+13.341,+10.432,+0.941
1685817360,+3.47,+13.359,+10.430,+0.941
1685817420,+3.47,+13.271,+10.143,+0.940
1685817480,+3.47,+12.840, +9.969,+0.939
1685817540,+3.47,+12.593,+10.096,+0.940
1685817600,+3.47,+12.611,+10.116,+0.940
1685817660,+3.47,+12.779,+10.256,+0.942
1685817720,+3.47,+12.990,+10.321,+0.941
1685817780,+3.47,+13.148,+10.411,+0.941
1685817840,+3.47,+13.289,+10.465,+0.941
1685817900,+3.47,+13.315,+10.482,+0.941
1685817960,+3.47,+13.219,+10.382,+0.942
1685818020,+3.47,+13.210,+10.376,+0.942
1685818080,+3.47,+13.183,+10.422,+0.941
1685818140,+3.47,+13.175,+10.404,+0.941
1685818200,+3.47,+13.166,+10.382,+0.941
1685818260,+3.47,+13.113,+10.388,+0.941
1685818320,+3.47,+12.946,+10.181,+0.941
1685818380,+3.47,+12.929,+10.027,+0.940
1685818440,+3.47,+12.532, +9.978,+0.940
1685818500,+3.47,+12.408,+10.077,+0.940
1685818560,+3.47,+12.443,+10.101,+0.941
1685818620,+3.47,+12.549,+10.106,+0.941
1685818680,+3.47,+12.629,+10.216,+0.942
1685818740,+3.47,+12.858,+10.343,+0.942
1685818800,+3.47,+13.043,+10.461,+0.942
1685818860,+3.47,+13.280,+10.421,+0.942
1685818920,+3.47,+13.446,+10.427,+0.941
1685818980,+3.47,+13.516,+10.445,+0.942
1685819040,+3.47,+13.499,+10.430,+0.942
1685819100,+3.47,+13.359,+10.025,+0.940
1685819160,+3.47,+13.008,+10.067,+0.940
1685819220,+3.47,+13.034,+10.178,+0.941
1685819280,+3.47,+13.175,+10.248,+0.941
1685819340,+3.47,+13.236,+10.295,+0.942
1685819400,+3.47,+13.297,+10.299,+0.941
1685819460,+3.47,+13.324,+10.334,+0.941
1685819520,+3.47,+13.315,+10.338,+0.942
1685819580,+3.47,+13.341,+10.279,+0.941
1685819640,+3.47,+13.306,+10.325,+0.941
1685819700,+3.47,+13.271,+10.336,+0.941
1685819760,+3.47,+13.227,+10.359,+0.941
1685819820,+3.47,+13.254,+10.317,+0.941
1685819880,+3.47,+13.192,+10.324,+0.941
1685819940,+3.47,+13.122,+10.358,+0.941
1685820000,+3.47,+13.087,+10.330,+0.941
1685820060,+3.47,+13.122,+10.272,+0.941
1685820120,+3.47,+13.008,+10.128,+0.940
1685820180,+3.47,+12.796,+10.143,+0.941
1685820240,+3.47,+12.708,+10.086,+0.941
1685820300,+3.47,+12.682,+10.092,+0.941
1685820360,+3.47,+12.585,+10.106,+0.941
1685820420,+3.47,+12.496,+10.084,+0.940
1685820480,+3.47,+12.399, +9.925,+0.940
1685820540,+3.47,+12.195, +9.940,+0.940
1685820600,+3.47,+12.017,+10.034,+0.940
1685820660,+3.47,+11.910,+10.086,+0.941
1685820720,+3.47,+11.910,+10.051,+0.940
1685820780,+3.47,+11.812,+10.085,+0.940
1685820840,+3.47,+11.723,+10.157,+0.941
1685820900,+3.47,+11.723,+10.151,+0.941
1685820960,+3.47,+11.732,+10.148,+0.941
1685821020,+3.47,+11.741,+10.142,+0.941
1685821080,+3.47,+11.687,+10.169,+0.941
1685821140,+3.47,+11.767,+10.142,+0.941
1685821200,+3.47,+11.714,+10.150,+0.940
1685821260,+3.47,+11.714,+10.172,+0.941
1685821320,+3.47,+11.714,+10.163,+0.941
1685821380,+3.47,+11.705,+10.153,+0.941
1685821440,+3.47,+11.678,+10.128,+0.941
1685821500,+3.47,+11.732,+10.117,+0.941
1685821560,+3.47,+11.696,+10.146,+0.941
1685821620,+3.47,+11.705,+10.149,+0.941
1685821680,+3.47,+11.669,+10.163,+0.941
1685821740,+3.47,+11.633,+10.171,+0.941
1685821800,+3.47,+11.660,+10.140,+0.941
1685821860,+3.47,+11.553,+10.159,+0.941
1685821920,+3.47,+11.642,+10.114,+0.941
1685821980,+3.47,+11.624,+10.105,+0.941
1685822040,+3.47,+11.571,+10.129,+0.941
1685822100,+3.47,+11.607,+10.145,+0.941
1685822160,+3.47,+11.589,+10.156,+0.941
1685822220,+3.47,+11.544,+10.170,+0.941
1685822280,+3.47,+11.580,+10.145,+0.941
1685822340,+3.47,+11.571,+10.111,+0.941
1685822400,+3.47,+11.544,+10.113,+0.941
1685822460,+3.47,+11.481,+10.081,+0.941
1685822520,+3.47,+11.436, +9.988,+0.941
1685822580,+3.47,+11.347, +9.968,+0.941
1685822640,+3.47,+11.400, +9.920,+0.941
1685822700,+3.47,+11.356, +9.918,+0.940
1685822760,+3.47,+11.329, +9.930,+0.941
1685822820,+3.47,+11.284, +9.952,+0.941
1685822880,+3.47,+11.284, +9.946,+0.941
1685822940,+3.47,+11.284, +9.948,+0.941
1685823000,+3.47,+11.248, +9.953,+0.941
1685823060,+3.47,+11.194, +9.960,+0.941
1685823120,+3.47,+11.149, +9.984,+0.941
1685823180,+3.47,+11.194, +9.948,+0.941
1685823240,+3.47,+11.194, +9.963,+0.942
1685823300,+3.47,+11.176, +9.954,+0.941
1685823360,+3.47,+11.212, +9.951,+0.942
1685823420,+3.47,+11.221, +9.950,+0.942
1685823480,+3.47,+11.275, +9.955,+0.942
1685823540,+3.47,+11.320, +9.966,+0.942
1685823600,+3.47,+11.338,+10.027,+0.941
1685823660,+3.47,+11.383,+10.126,+0.942
1685823720,+3.47,+11.490,+10.142,+0.941
1685823780,+3.47,+11.526,+10.163,+0.942
1685823840,+3.47,+11.651,+10.148,+0.942
1685823900,+3.47,+11.633,+10.181,+0.942
1685823960,+3.47,+11.750,+10.192,+0.942
1685824020,+3.47,+11.803,+10.227,+0.941
1685824080,+3.47,+11.874,+10.220,+0.941
1685824140,+3.47,+11.955,+10.263,+0.942
1685824200,+3.47,+11.981,+10.324,+0.942
1685824260,+3.47,+11.999,+10.322,+0.941
1685824320,+3.47,+12.088,+10.340,+0.941
1685824380,+3.47,+12.053,+10.367,+0.941
1685824440,+3.47,+12.053,+10.332,+0.942
1685824500,+3.47,+12.088,+10.274,+0.942
1685824560,+3.47,+12.061,+10.353,+0.942
1685824620,+3.47,+12.026,+10.343,+0.941
1685824680,+3.47,+12.035,+10.321,+0.941
1685824740,+3.47,+11.999,+10.316,+0.941
1685824800,+3.47,+11.910,+10.324,+0.941
1685824860,+3.47,+11.972,+10.288,+0.941
1685824920,+3.47,+11.901,+10.260,+0.941
1685824980,+3.47,+11.919,+10.216,+0.941
1685825040,+3.47,+11.839,+10.125,+0.941
1685825100,+3.47,+11.705,+10.144,+0.941
1685825160,+3.47,+11.758,+10.125,+0.941
1685825220,+3.47,+11.705,+10.149,+0.941
1685825280,+3.47,+11.750,+10.135,+0.941
1685825340,+3.47,+11.687,+10.147,+0.941
1685825400,+3.47,+11.678,+10.147,+0.941
1685825460,+3.47,+11.580,+10.173,+0.941
1685825520,+3.47,+11.544,+10.209,+0.942
1685825580,+3.47,+11.553,+10.194,+0.941
1685825640,+3.47,+11.589,+10.168,+0.941
1685825700,+3.47,+11.562,+10.170,+0.941
1685825760,+3.47,+11.580,+10.158,+0.941
1685825820,+3.47,+11.624,+10.155,+0.942
1685825880,+3.47,+11.705,+10.119,+0.941
1685825940,+3.47,+11.615,+10.143,+0.941
1685826000,+3.47,+11.642,+10.165,+0.942
1685826060,+3.47,+11.714,+10.164,+0.941
1685826120,+3.47,+11.723,+10.206,+0.942
1685826180,+3.47,+11.696,+10.238,+0.941
1685826240,+3.47,+11.785,+10.220,+0.941
1685826300,+3.47,+11.776,+10.242,+0.941
1685826360,+3.47,+11.758,+10.234,+0.941
1685826420,+3.47,+11.714,+10.237,+0.942
1685826480,+3.47,+11.714,+10.279,+0.941
1685826540,+3.47,+11.723,+10.276,+0.941
1685826600,+3.47,+11.696,+10.288,+0.941
1685826660,+3.47,+11.758,+10.272,+0.941
1685826720,+3.47,+11.732,+10.300,+0.942
1685826780,+3.47,+11.741,+10.305,+0.941
1685826840,+3.47,+11.714,+10.318,+0.941
1685826900,+3.47,+11.741,+10.267,+0.941
1685826960,+3.47,+11.714,+10.267,+0.941
1685827020,+3.47,+11.669,+10.122,+0.941
1685827080,+3.47,+11.607,+10.101,+0.941
1685827140,+3.47,+11.615,+10.083,+0.941
1685827200,+3.47,+11.499,+10.101,+0.941
1685827260,+3.47,+11.526,+10.080,+0.941
1685827320,+3.47,+11.472,+10.045,+0.941
1685827380,+3.47,+11.409, +9.870,+0.941
1685827440,+3.47,+11.356, +9.756,+0.941
1685827500,+3.47,+11.248, +9.709,+0.940
1685827560,+3.47,+11.194, +9.697,+0.941
1685827620,+3.47,+11.104, +9.721,+0.941
1685827680,+3.47,+11.158, +9.700,+0.941
1685827740,+3.47,+11.104, +9.725,+0.941
1685827800,+3.47,+11.104, +9.728,+0.941
1685827860,+3.47,+11.122, +9.720,+0.941
1685827920,+3.47,+11.077, +9.748,+0.941
1685827980,+3.47,+11.113, +9.730,+0.941
1685828040,+3.47,+11.068, +9.763,+0.941
1685828100,+3.47,+11.194, +9.734,+0.941
1685828160,+3.47,+11.167, +9.827,+0.941
1685828220,+3.47,+11.158, +9.950,+0.941
1685828280,+3.47,+11.257, +9.986,+0.942
1685828340,+3.47,+11.329,+10.018,+0.942
1685828400,+3.47,+11.347,+10.067,+0.942
1685828460,+3.47,+11.418,+10.186,+0.942
1685828520,+3.47,+11.526,+10.196,+0.941
1685828580,+3.47,+11.651,+10.185,+0.942
1685828640,+3.47,+11.794,+10.162,+0.942
1685828700,+3.47,+11.892,+10.111,+0.942
1685828760,+3.47,+11.892,+10.253,+0.942
1685828820,+3.47,+11.964,+10.366,+0.942
1685828880,+3.47,+11.928,+10.398,+0.942
1685828940,+3.47,+11.946,+10.404,+0.942
1685829000,+3.47,+11.990,+10.375,+0.941
1685829060,+3.47,+11.937,+10.321,+0.941
1685829120,+3.47,+11.928,+10.269,+0.942
1685829180,+3.47,+11.937,+10.259,+0.941
1685829240,+3.47,+11.981,+10.269,+0.942
1685829300,+3.47,+12.044,+10.291,+0.942
1685829360,+3.47,+12.061,+10.292,+0.941
1685829420,+3.47,+12.061,+10.291,+0.942
1685829480,+3.47,+12.106,+10.326,+0.941
1685829540,+3.47,+12.061,+10.375,+0.941
1685829600,+3.47,+12.017,+10.360,+0.941
1685829660,+3.47,+12.035,+10.362,+0.941
1685829720,+3.47,+12.026,+10.352,+0.941
1685829780,+3.47,+12.017,+10.329,+0.941
1685829840,+3.47,+12.017,+10.316,+0.941
1685829900,+3.47,+12.088,+10.242,+0.941
1685829960,+3.47,+12.026,+10.278,+0.941
1685830020,+3.47,+12.017,+10.298,+0.941
1685830080,+3.47,+12.017,+10.305,+0.941
1685830140,+3.47,+12.035,+10.282,+0.941
1685830200,+3.47,+11.955,+10.316,+0.941
1685830260,+3.47,+12.061,+10.290,+0.941
1685830320,+3.47,+12.035,+10.284,+0.941
1685830380,+3.47,+12.008,+10.309,+0.941
1685830440,+3.47,+11.999,+10.334,+0.941
1685830500,+3.47,+12.017,+10.293,+0.940
1685830560,+3.47,+11.955,+10.279,+0.941
1685830620,+3.47,+11.928,+10.263,+0.941
1685830680,+3.47,+11.910,+10.256,+0.942
1685830740,+3.47,+11.937,+10.235,+0.941
1685830800,+3.47,+11.972,+10.220,+0.941
1685830860,+3.47,+11.892,+10.235,+0.941
1685830920,+3.47,+11.937,+10.215,+0.941
1685830980,+3.47,+11.874,+10.242,+0.941
1685831040,+3.47,+11.910,+10.223,+0.941
1685831100,+3.47,+11.821,+10.265,+0.941
1685831160,+3.47,+11.892,+10.240,+0.941
1685831220,+3.47,+11.848,+10.240,+0.941
1685831280,+3.47,+11.812,+10.241,+0.941
1685831340,+3.47,+11.830,+10.232,+0.941
1685831400,+3.47,+11.812,+10.225,+0.941
1685831460,+3.47,+11.937,+10.150,+0.941
1685831520,+3.47,+11.830,+10.172,+0.941
1685831580,+3.47,+11.794,+10.143,+0.941
1685831640,+3.47,+11.723,+10.151,+0.941
1685831700,+3.47,+11.803,+10.153,+0.941
1685831760,+3.47,+11.794,+10.159,+0.941
1685831820,+3.47,+11.776,+10.173,+0.941
1685831880,+3.47,+11.866,+10.183,+0.941
1685831940,+3.47,+11.964,+10.290,+0.942
1685832000,+3.47,+11.972,+10.038,+0.941
1685832060,+3.47,+11.874,+10.114,+0.941
1685832120,+3.47,+11.794,+10.095,+0.941
1685832180,+3.47,+11.696,+10.156,+0.941
1685832240,+3.47,+11.633,+10.109,+0.941
1685832300,+3.47,+11.526,+10.018,+0.941
1685832360,+3.47,+11.562, +9.969,+0.941
1685832420,+3.47,+11.472, +9.970,+0.941
1685832480,+3.47,+11.427, +9.958,+0.941
1685832540,+3.47,+11.427, +9.926,+0.941
1685832600,+3.47,+11.418, +9.942,+0.942
1685832660,+3.47,+11.409, +9.960,+0.941
1685832720,+3.47,+11.499, +9.961,+0.941
1685832780,+3.47,+11.535,+10.000,+0.941
1685832840,+3.47,+11.508,+10.003,+0.941
1685832900,+3.47,+11.472,+10.009,+0.941
1685832960,+3.47,+11.463, +9.939,+0.941
1685833020,+3.47,+11.338, +9.568,+0.941
1685833080,+3.47,+11.167, +9.415,+0.940
1685833140,+3.47,+11.077, +9.333,+0.940
1685833200,+3.47,+10.951, +9.323,+0.940
1685833260,+3.47,+10.914, +9.370,+0.941
1685833320,+3.47,+10.960, +9.370,+0.941
1685833380,+3.47,+11.023, +9.394,+0.941
1685833440,+3.47,+10.987, +9.554,+0.941
1685833500,+3.47,+11.122, +9.567,+0.941
1685833560,+3.47,+11.122, +9.648,+0.942
1685833620,+3.47,+11.149, +9.701,+0.942
1685833680,+3.47,+11.221, +9.725,+0.941
1685833740,+3.47,+11.167, +9.514,+0.940
1685833800,+3.47,+11.005, +9.425,+0.940
1685833860,+3.47,+10.878, +9.516,+0.941
1685833920,+3.47,+10.770, +9.608,+0.941
1685833980,+3.47,+10.752, +9.631,+0.941
1685834040,+3.47,+10.752, +9.641,+0.941
1685834100,+3.47,+10.706, +9.633,+0.941
1685834160,+3.47,+10.697, +9.631,+0.941
1685834220,+3.47,+10.715, +9.609,+0.941
1685834280,+3.47,+10.688, +9.615,+0.941
1685834340,+3.47,+10.761, +9.587,+0.941
1685834400,+3.47,+10.679, +9.598,+0.941
1685834460,+3.47,+10.724, +9.576,+0.941
1685834520,+3.47,+10.661, +9.610,+0.941
1685834580,+3.47,+10.706, +9.604,+0.941
1685834640,+3.47,+10.734, +9.612,+0.941
1685834700,+3.47,+10.670, +9.651,+0.941
1685834760,+3.47,+10.616, +9.681,+0.941
1685834820,+3.47,+10.743, +9.652,+0.941
1685834880,+3.47,+10.661, +9.691,+0.941
1685834940,+3.47,+10.643, +9.732,+0.941
1685835000,+3.47,+10.715, +9.712,+0.941
1685835060,+3.47,+10.679, +9.731,+0.941
1685835120,+3.47,+10.688, +9.733,+0.941
1685835180,+3.47,+10.688, +9.735,+0.941
1685835240,+3.47,+10.670, +9.748,+0.942
1685835300,+3.47,+10.743, +9.730,+0.941
1685835360,+3.47,+10.670, +9.754,+0.941
1685835420,+3.47,+10.724, +9.738,+0.941
1685835480,+3.47,+10.670, +9.761,+0.942
1685835540,+3.47,+10.724, +9.745,+0.941
1685835600,+3.47,+10.679, +9.811,+0.942
1685835660,+3.47,+10.715, +9.769,+0.941
1685835720,+3.47,+10.661, +9.779,+0.941
1685835780,+3.47,+10.643, +9.776,+0.941
1685835840,+3.47,+10.661, +9.764,+0.941
1685835900,+3.47,+10.607, +9.773,+0.941
1685835960,+3.47,+10.598, +9.774,+0.942
1685836020,+3.47,+10.625, +9.742,+0.941
1685836080,+3.47,+10.670, +9.728,+0.941
1685836140,+3.47,+10.625, +9.736,+0.941
1685836200,+3.47,+10.625, +9.728,+0.941
1685836260,+3.47,+10.607, +9.739,+0.941
1685836320,+3.47,+10.643, +9.719,+0.941
1685836380,+3.47,+10.643, +9.731,+0.941
1685836440,+3.47,+10.607, +9.735,+0.941
1685836500,+3.47,+10.634, +9.728,+0.941
1685836560,+3.47,+10.607, +9.747,+0.941
1685836620,+3.47,+10.652, +9.777,+0.941
1685836680,+3.47,+10.625, +9.832,+0.941
1685836740,+3.47,+10.661, +9.842,+0.941
1685836800,+3.47,+10.616, +9.880,+0.942
1685836860,+3.47,+10.616, +9.877,+0.942
1685836920,+3.47,+10.598, +9.920,+0.941
1685836980,+3.47,+10.661, +9.898,+0.941
1685837040,+3.47,+10.607, +9.920,+0.941
1685837100,+3.47,+10.570, +9.951,+0.941
1685837160,+3.47,+10.561, +9.956,+0.942
1685837220,+3.47,+10.552, +9.948,+0.942
1685837280,+3.47,+10.561, +9.924,+0.941
1685837340,+3.47,+10.507, +9.707,+0.941
1685837400,+3.47,+10.498, +9.690,+0.941
1685837460,+3.47,+10.480, +9.740,+0.941
1685837520,+3.47,+10.543, +9.745,+0.941
1685837580,+3.47,+10.534, +9.789,+0.941
1685837640,+3.47,+10.461, +9.804,+0.941
1685837700,+3.47,+10.480, +9.755,+0.941
1685837760,+3.47,+10.461, +9.752,+0.941
1685837820,+3.47,+10.470, +9.762,+0.941
1685837880,+3.47,+10.480, +9.823,+0.942
1685837940,+3.47,+10.461, +9.832,+0.941
1685838000,+3.47,+10.480, +9.797,+0.941
1685838060,+3.47,+10.443, +9.793,+0.941
1685838120,+3.47,+10.425, +9.797,+0.941
1685838180,+3.47,+10.470, +9.767,+0.941
1685838240,+3.47,+10.398, +9.768,+0.941
1685838300,+3.47,+10.398, +9.739,+0.941
1685838360,+3.47,+10.425, +9.713,+0.941
1685838420,+3.47,+10.389, +9.725,+0.942
1685838480,+3.47,+10.389, +9.708,+0.941
1685838540,+3.47,+10.407, +9.703,+0.941
1685838600,+3.47,+10.416, +9.688,+0.941
1685838660,+3.47,+10.370, +9.711,+0.942
1685838720,+3.47,+10.398, +9.686,+0.941
1685838780,+3.47,+10.380, +9.703,+0.941
1685838840,+3.47,+10.398, +9.681,+0.941
1685838900,+3.47,+10.398, +9.679,+0.941
1685838960,+3.47,+10.325, +9.740,+0.941
1685839020,+3.47,+10.425, +9.714,+0.941
1685839080,+3.47,+10.380, +9.723,+0.941
1685839140,+3.47,+10.416, +9.717,+0.941
1685839200,+3.47,+10.352, +9.748,+0.941
1685839260,+3.47,+10.389, +9.734,+0.941
1685839320,+3.47,+10.389, +9.753,+0.941
1685839380,+3.47,+10.398, +9.749,+0.941
1685839440,+3.47,+10.407, +9.734,+0.941
1685839500,+3.47,+10.398, +9.787,+0.941
1685839560,+3.47,+10.452, +9.791,+0.941
1685839620,+3.47,+10.398, +9.816,+0.942
1685839680,+3.47,+10.425, +9.807,+0.942
1685839740,+3.47,+10.516, +9.767,+0.941
1685839800,+3.47,+10.461, +9.789,+0.941
1685839860,+3.47,+10.452, +9.775,+0.941
1685839920,+3.47,+10.461, +9.768,+0.941
1685839980,+3.47,+10.480, +9.747,+0.941
1685840040,+3.47,+10.489, +9.714,+0.941
1685840100,+3.47,+10.416, +9.764,+0.941
1685840160,+3.47,+10.534, +9.746,+0.942
1685840220,+3.47,+10.489, +9.720,+0.941
1685840280,+3.47,+10.498, +9.703,+0.941
1685840340,+3.47,+10.507, +9.670,+0.941
1685840400,+3.47,+10.516, +9.665,+0.941
1685840460,+3.47,+10.516, +9.667,+0.941
1685840520,+3.47,+10.516, +9.687,+0.941
1685840580,+3.47,+10.525, +9.691,+0.941
1685840640,+3.47,+10.525, +9.687,+0.941
1685840700,+3.47,+10.570, +9.668,+0.941
1685840760,+3.47,+10.534, +9.677,+0.941
1685840820,+3.47,+10.525, +9.661,+0.941
1685840880,+3.47,+10.552, +9.629,+0.941
1685840940,+3.47,+10.598, +9.603,+0.941
1685841000,+3.47,+10.507, +9.614,+0.941
1685841060,+3.47,+10.634, +9.536,+0.941
1685841120,+3.47,+10.697, +9.559,+0.941
1685841180,+3.47,+10.806, +9.549,+0.942
1685841240,+3.47,+10.797, +9.622,+0.941
1685841300,+3.47,+10.743, +9.542,+0.941
1685841360,+3.47,+10.770, +9.507,+0.941
1685841420,+3.47,+10.715, +9.530,+0.941
1685841480,+3.47,+10.761, +9.544,+0.941
1685841540,+3.47,+10.752, +9.584,+0.941
1685841600,+3.47,+10.752, +9.591,+0.941
1685841660,+3.47,+10.824, +9.574,+0.941
1685841720,+3.47,+10.806, +9.572,+0.941
1685841780,+3.47,+10.779, +9.562,+0.941
1685841840,+3.47,+10.797, +9.553,+0.941
1685841900,+3.47,+10.905, +9.529,+0.941
1685841960,+3.47,+10.941, +9.530,+0.941
1685842020,+3.47,+11.059, +9.558,+0.941
1685842080,+3.47,+11.059, +9.644,+0.942
1685842140,+3.47,+11.167, +9.648,+0.941
1685842200,+3.47,+11.059, +9.556,+0.941
1685842260,+3.47,+10.978, +9.528,+0.942
1685842320,+3.47,+10.932, +9.508,+0.941
1685842380,+3.47,+10.987, +9.496,+0.941
1685842440,+3.47,+10.951, +9.503,+0.941
1685842500,+3.47,+11.032, +9.466,+0.941
1685842560,+3.47,+10.978, +9.493,+0.941
1685842620,+3.47,+11.023, +9.526,+0.942
1685842680,+3.47,+11.095, +9.601,+0.941
1685842740,+3.47,+11.122, +9.689,+0.942
1685842800,+3.47,+11.185, +9.680,+0.942
1685842860,+3.47,+11.230, +9.626,+0.941
1685842920,+3.47,+11.221, +9.591,+0.941
1685842980,+3.47,+11.320, +9.602,+0.941
1685843040,+3.47,+11.338, +9.627,+0.941
1685843100,+3.47,+11.194, +9.382,+0.940
1685843160,+3.47,+11.059, +9.482,+0.940
1685843220,+3.47,+11.023, +9.635,+0.941
1685843280,+3.47,+10.905, +9.691,+0.941
1685843340,+3.47,+10.969, +9.689,+0.941
1685843400,+3.47,+11.014, +9.630,+0.941
1685843460,+3.47,+11.068, +9.576,+0.941
1685843520,+3.47,+11.167, +9.559,+0.941
1685843580,+3.47,+11.266, +9.541,+0.941
1685843640,+3.47,+11.338, +9.558,+0.942
1685843700,+3.47,+11.418, +9.558,+0.941
1685843760,+3.47,+11.418, +9.546,+0.941
1685843820,+3.47,+11.383, +9.571,+0.941
1685843880,+3.47,+11.338, +9.575,+0.941
1685843940,+3.47,+11.347, +9.473,+0.941
1685844000,+3.47,+11.338, +9.482,+0.941
1685844060,+3.47,+11.266, +9.462,+0.941
1685844120,+3.47,+11.257, +9.419,+0.941
1685844180,+3.47,+11.284, +9.389,+0.941
1685844240,+3.47,+11.293, +9.397,+0.941
1685844300,+3.47,+11.356, +9.395,+0.941
1685844360,+3.47,+11.311, +9.411,+0.941
1685844420,+3.47,+11.445, +9.372,+0.941
1685844480,+3.47,+11.338, +9.355,+0.940
1685844540,+3.47,+11.230, +9.456,+0.941
1685844600,+3.47,+11.131, +9.531,+0.940
1685844660,+3.47,+11.050, +9.564,+0.941
1685844720,+3.47,+11.023, +9.694,+0.941
1685844780,+3.47,+11.032, +9.710,+0.941
1685844840,+3.47,+10.969, +9.725,+0.941
1685844900,+3.47,+10.941, +9.785,+0.941
1685844960,+3.47,+10.896, +9.797,+0.941
1685845020,+3.47,+10.860, +9.797,+0.941
1685845080,+3.47,+10.851, +9.785,+0.941
1685845140,+3.47,+10.860, +9.748,+0.941
1685845200,+3.47,+10.887, +9.741,+0.941
1685845260,+3.47,+10.878, +9.724,+0.941
1685845320,+3.47,+10.869, +9.706,+0.941
1685845380,+3.47,+10.869, +9.703,+0.941
1685845440,+3.47,+10.842, +9.692,+0.941
1685845500,+3.47,+10.815, +9.678,+0.941
1685845560,+3.47,+10.905, +9.627,+0.941
1685845620,+3.47,+10.770, +9.667,+0.941
1685845680,+3.47,+10.851, +9.643,+0.941
1685845740,+3.47,+10.797, +9.654,+0.940
1685845800,+3.47,+10.788, +9.662,+0.941
1685845860,+3.47,+10.815, +9.646,+0.941
1685845920,+3.47,+10.833, +9.640,+0.941
1685845980,+3.47,+10.887, +9.613,+0.941
1685846040,+3.47,+10.851, +9.650,+0.942
1685846100,+3.47,+10.932, +9.613,+0.941
1685846160,+3.47,+10.978, +9.550,+0.941
1685846220,+3.47,+10.996, +9.514,+0.941
1685846280,+3.47,+10.905, +9.564,+0.941
1685846340,+3.47,+10.851, +9.618,+0.941
1685846400,+3.47,+10.797, +9.673,+0.941
1685846460,+3.47,+10.797, +9.697,+0.941
1685846520,+3.47,+10.806, +9.706,+0.942
1685846580,+3.47,+10.824, +9.672,+0.941
1685846640,+3.47,+10.824, +9.669,+0.941
1685846700,+3.47,+10.779, +9.678,+0.941
1685846760,+3.47,+10.869, +9.639,+0.941
1685846820,+3.47,+10.869, +9.622,+0.941
1685846880,+3.47,+10.887, +9.609,+0.941
1685846940,+3.47,+10.914, +9.599,+0.941
1685847000,+3.47,+10.869, +9.597,+0.941
1685847060,+3.47,+10.842, +9.591,+0.942
1685847120,+3.47,+10.860, +9.563,+0.941
1685847180,+3.47,+10.833, +9.570,+0.942
1685847240,+3.47,+10.878, +9.537,+0.941
1685847300,+3.47,+10.914, +9.527,+0.941
1685847360,+3.47,+10.797, +9.565,+0.941
1685847420,+3.47,+10.797, +9.650,+0.941
1685847480,+3.47,+10.752, +9.739,+0.942
1685847540,+3.47,+10.734, +9.734,+0.941
1685847600,+3.47,+10.724, +9.726,+0.941
1685847660,+3.47,+10.734, +9.710,+0.941
1685847720,+3.47,+10.706, +9.704,+0.941
1685847780,+3.47,+10.697, +9.695,+0.941
1685847840,+3.47,+10.697, +9.684,+0.941
1685847900,+3.47,+10.643, +9.690,+0.941
1685847960,+3.47,+10.643, +9.695,+0.941
1685848020,+3.47,+10.679, +9.667,+0.941
1685848080,+3.47,+10.652, +9.664,+0.941
1685848140,+3.47,+10.688, +9.644,+0.941
1685848200,+3.47,+10.634, +9.667,+0.941
1685848260,+3.47,+10.652, +9.654,+0.941
1685848320,+3.47,+10.697, +9.640,+0.941
1685848380,+3.47,+10.688, +9.641,+0.941
1685848440,+3.47,+10.643, +9.598,+0.941
1685848500,+3.47,+10.598, +9.442,+0.940
1685848560,+3.47,+10.534, +9.503,+0.941
1685848620,+3.47,+10.470, +9.531,+0.940
1685848680,+3.47,+10.370, +9.567,+0.941
1685848740,+3.47,+10.279, +9.577,+0.941
1685848800,+3.47,+10.288, +9.550,+0.941
1685848860,+3.47,+10.243, +9.582,+0.941
1685848920,+3.47,+10.225, +9.600,+0.941
1685848980,+3.47,+10.206, +9.586,+0.940
1685849040,+3.47,+10.152, +9.617,+0.941
1685849100,+3.47,+10.170, +9.590,+0.941
1685849160,+3.47,+10.161, +9.579,+0.941
1685849220,+3.47,+10.170, +9.578,+0.941
1685849280,+3.47,+10.069, +9.607,+0.941
1685849340,+3.47,+10.097, +9.597,+0.941
1685849400,+3.47,+10.124, +9.593,+0.941
1685849460,+3.47,+10.088, +9.610,+0.941
1685849520,+3.47,+10.124, +9.595,+0.941
1685849580,+3.47,+10.124, +9.618,+0.941
1685849640,+3.47,+10.161, +9.598,+0.941
1685849700,+3.47,+10.161, +9.601,+0.941
1685849760,+3.47,+10.143, +9.611,+0.941
1685849820,+3.47,+10.216, +9.585,+0.941
1685849880,+3.47,+10.206, +9.595,+0.941
1685849940,+3.47,+10.216, +9.598,+0.941
1685850000,+3.47,+10.234, +9.602,+0.941
1685850060,+3.47,+10.225, +9.615,+0.941
1685850120,+3.47,+10.234, +9.617,+0.941
1685850180,+3.47,+10.216, +9.614,+0.941
1685850240,+3.47,+10.179, +9.642,+0.942
1685850300,+3.47,+10.234, +9.618,+0.941
1685850360,+3.47,+10.252, +9.602,+0.941
1685850420,+3.47,+10.216, +9.604,+0.941
1685850480,+3.47,+10.261, +9.570,+0.941
1685850540,+3.47,+10.197, +9.570,+0.941
1685850600,+3.47,+10.234, +9.639,+0.941
1685850660,+3.47,+10.197, +9.589,+0.941
1685850720,+3.47,+10.152, +9.432,+0.941
1685850780,+3.47,+10.124, +9.423,+0.941
1685850840,+3.47,+10.079, +9.378,+0.941
1685850900,+3.47, +9.932, +9.377,+0.941
1685850960,+3.47, +9.960, +9.261,+0.940
1685851020,+3.47, +9.895, +9.184,+0.940
1685851080,+3.47, +9.822, +9.150,+0.940
1685851140,+3.47, +9.767, +9.145,+0.940
1685851200,+3.47, +9.739, +9.148,+0.940
1685851260,+3.47, +9.638, +9.200,+0.941
1685851320,+3.47, +9.749, +9.147,+0.940
1685851380,+3.47, +9.712, +9.157,+0.941
1685851440,+3.47, +9.721, +9.137,+0.940
1685851500,+3.47, +9.684, +9.146,+0.941
1685851560,+3.47, +9.694, +9.129,+0.940
1685851620,+3.47, +9.648, +9.159,+0.941
1685851680,+3.47, +9.638, +9.162,+0.940
1685851740,+3.47, +9.620, +9.186,+0.941
1685851800,+3.47, +9.620, +9.181,+0.940
1685851860,+3.47, +9.684, +9.162,+0.941
1685851920,+3.47, +9.684, +9.157,+0.941
1685851980,+3.47, +9.721, +9.150,+0.940
1685852040,+3.47, +9.675, +9.184,+0.940
1685852100,+3.47, +9.703, +9.169,+0.941
1685852160,+3.47, +9.648, +9.186,+0.941
1685852220,+3.47, +9.703, +9.157,+0.940
1685852280,+3.47, +9.712, +9.148,+0.941
1685852340,+3.47, +9.712, +9.141,+0.941
1685852400,+3.47, +9.749, +9.127,+0.941
1685852460,+3.47, +9.758, +9.127,+0.941
1685852520,+3.47, +9.767, +9.119,+0.941
1685852580,+3.47, +9.758, +9.128,+0.941
1685852640,+3.47, +9.767, +9.120,+0.941
1685852700,+3.47, +9.767, +9.120,+0.941
1685852760,+3.47, +9.831, +9.103,+0.941
1685852820,+3.47, +9.877, +9.092,+0.941
1685852880,+3.47, +9.868, +9.157,+0.941
1685852940,+3.47,+10.015, +9.250,+0.941
1685853000,+3.47,+10.197, +9.417,+0.943
1685853060,+3.47,+10.334, +9.261,+0.941
1685853120,+3.47,+10.316, +9.280,+0.941
1685853180,+3.47,+10.334, +9.275,+0.941
1685853240,+3.47,+10.434, +9.325,+0.942
1685853300,+3.47,+10.670, +9.350,+0.942
1685853360,+3.47,+10.824, +9.302,+0.941
1685853420,+3.47,+10.815, +9.317,+0.941
1685853480,+3.47,+10.860, +9.288,+0.941
1685853540,+3.47,+10.869, +9.282,+0.941
1685853600,+3.46,+10.860, +9.300,+0.941
1685853660,+3.47,+10.923, +9.315,+0.941
1685853720,+3.47,+11.059, +9.415,+0.942
1685853780,+3.47,+11.212, +9.480,+0.942
1685853840,+3.47,+11.347, +9.655,+0.942
1685853900,+3.47,+11.508, +9.614,+0.942
1685853960,+3.47,+11.714, +9.617,+0.942
1685854020,+3.47,+11.741, +9.588,+0.941
1685854080,+3.47,+11.758, +9.587,+0.941
1685854140,+3.47,+11.883, +9.807,+0.942
1685854200,+3.47,+11.928, +9.892,+0.942
1685854260,+3.47,+11.883, +9.373,+0.940
1685854320,+3.47,+11.391, +9.219,+0.939
1685854380,+3.47,+11.068, +9.055,+0.939
1685854440,+3.47,+10.679, +8.798,+0.938
1685854500,+3.47,+10.443, +8.927,+0.939
1685854560,+3.47,+10.279, +8.950,+0.939
1685854620,+3.47,+10.197, +8.981,+0.940
1685854680,+3.47,+10.170, +8.978,+0.940
1685854740,+3.47,+10.115, +9.012,+0.940
1685854800,+3.47,+10.143, +9.029,+0.940
1685854860,+3.47,+10.179, +9.035,+0.940
1685854920,+3.47,+10.225, +9.044,+0.940
1685854980,+3.47,+10.270, +9.058,+0.940
1685855040,+3.47,+10.288, +9.232,+0.941
1685855100,+3.47,+10.461, +9.429,+0.941
1685855160,+3.47,+10.743, +9.635,+0.942
1685855220,+3.47,+11.194, +9.863,+0.943
1685855280,+3.47,+12.532,+10.321,+0.947
1685855340,+3.46,+14.005, +9.913,+0.946
1685855400,+3.47,+14.983, +9.900,+0.947
1685855460,+3.46,+15.611, +9.689,+0.945
1685855520,+3.47,+16.133, +9.691,+0.945
1685855580,+3.46,+16.543, +9.686,+0.945
1685855640,+3.46,+16.832, +9.759,+0.945
1685855700,+3.46,+17.129, +9.849,+0.944
1685855760,+3.46,+17.239, +9.795,+0.944
1685855820,+3.46,+17.384, +9.662,+0.944
1685855880,+3.46,+17.239, +9.087,+0.940
1685855940,+3.46,+16.755, +9.612,+0.942
1685856000,+3.46,+16.747, +9.466,+0.942
1685856060,+3.46,+16.738, +9.664,+0.942
1685856120,+3.46,+17.189, +9.781,+0.943
1685856180,+3.46,+17.324, +9.713,+0.943
1685856240,+3.46,+17.333, +9.618,+0.942
1685856300,+3.46,+17.282, +9.492,+0.941
1685856360,+3.46,+17.163, +9.473,+0.941
1685856420,+3.46,+17.248, +9.472,+0.942
1685856480,+3.46,+17.324, +9.478,+0.942
1685856540,+3.46,+17.341, +9.468,+0.941
1685856600,+3.47,+14.889, +8.281,+0.934
1685856660,+3.46,+13.394, +8.628,+0.935
1685856720,+3.47,+12.478, +8.843,+0.935
1685856780,+3.47,+11.910, +8.983,+0.937
1685856840,+3.47,+11.517, +9.116,+0.937
1685856900,+3.47,+11.221, +9.111,+0.937
1685856960,+3.47,+10.996, +9.184,+0.938
1685857020,+3.47,+10.887, +9.254,+0.938
1685857080,+3.47,+10.715, +9.502,+0.938
1685857140,+3.47,+10.761, +9.605,+0.939
1685857200,+3.47,+11.059, +9.669,+0.940
1685857260,+3.47,+11.463, +9.735,+0.941
1685857320,+3.47,+12.523,+10.248,+0.944
1685857380,+3.47,+13.987,+10.216,+0.945
1685857440,+3.47,+14.914,+10.093,+0.944
1685857500,+3.46,+15.457, +9.992,+0.944
1685857560,+3.47,+16.005, +9.931,+0.944
1685857620,+3.46,+16.423, +9.923,+0.944
1685857680,+3.46,+16.696, +9.852,+0.944
1685857740,+3.47,+16.934, +9.803,+0.944
1685857800,+3.47,+17.138, +9.766,+0.943
1685857860,+3.46,+17.333, +9.763,+0.943
1685857920,+3.46,+17.502, +9.742,+0.943
1685857980,+3.46,+17.570, +9.729,+0.943
1685858040,+3.47,+17.621, +9.731,+0.943
1685858100,+3.46,+17.705, +9.725,+0.943
1685858160,+3.46,+17.790, +9.716,+0.943
1685858220,+3.46,+17.798, +9.659,+0.942
1685858280,+3.46,+17.748, +9.642,+0.942
1685858340,+3.46,+17.748, +9.482,+0.941
1685858400,+3.46,+15.457, +8.590,+0.935
1685858460,+3.47,+13.935, +8.666,+0.935
1685858520,+3.47,+12.973, +8.952,+0.936
1685858580,+3.47,+12.328, +9.081,+0.936
1685858640,+3.47,+11.857, +9.243,+0.937
1685858700,+3.47,+11.642, +9.322,+0.938
1685858760,+3.47,+11.320, +9.417,+0.938
1685858820,+3.47,+11.356, +9.480,+0.939
1685858880,+3.47,+11.391, +9.562,+0.939
1685858940,+3.47,+11.454, +9.670,+0.940
1685859000,+3.47,+11.571, +9.774,+0.940
1685859060,+3.47,+11.669, +9.733,+0.940
1685859120,+3.47,+11.821, +9.843,+0.940
1685859180,+3.47,+12.044,+10.057,+0.942
1685859240,+3.47,+12.319, +9.903,+0.941
1685859300,+3.47,+12.567,+10.008,+0.942
1685859360,+3.47,+12.779,+10.039,+0.941
1685859420,+3.47,+12.955,+10.077,+0.942
1685859480,+3.47,+13.271,+10.129,+0.942
1685859540,+3.47,+13.578,+10.134,+0.943
1685859600,+3.47,+13.752,+10.093,+0.943
1685859660,+3.47,+13.935,+10.072,+0.943
1685859720,+3.47,+14.213,+10.014,+0.942
1685859780,+3.47,+14.370, +9.991,+0.942
1685859840,+3.47,+14.430,+10.094,+0.942
1685859900,+3.47,+14.517,+10.103,+0.942
1685859960,+3.47,+14.621,+10.252,+0.942
1685860020,+3.47,+14.733,+10.259,+0.942
1685860080,+3.47,+14.750,+10.274,+0.942
1685860140,+3.47,+14.794,+10.206,+0.941
1685860200,+3.47,+14.794,+10.244,+0.942
1685860260,+3.47,+14.699,+10.253,+0.941
1685860320,+3.47,+14.179, +9.735,+0.939
1685860380,+3.47,+13.586, +9.837,+0.939
1685860440,+3.47,+13.210, +9.730,+0.938
1685860500,+3.47,+12.832, +9.663,+0.939
1685860560,+3.47,+12.523, +9.733,+0.939
1685860620,+3.47,+12.399, +9.783,+0.940
1685860680,+3.47,+12.248, +9.842,+0.939
1685860740,+3.47,+12.168, +9.874,+0.940
1685860800,+3.47,+12.133, +9.858,+0.940
1685860860,+3.47,+12.008, +9.913,+0.940
1685860920,+3.47,+12.053, +9.887,+0.940
1685860980,+3.47,+12.035,+10.004,+0.940
1685861040,+3.47,+12.133,+10.066,+0.940
1685861100,+3.47,+12.168,+10.115,+0.941
1685861160,+3.47,+12.239,+10.131,+0.941
1685861220,+3.47,+12.337,+10.172,+0.941
1685861280,+3.47,+12.576,+10.186,+0.941
1685861340,+3.47,+12.708,+10.197,+0.942
1685861400,+3.47,+12.885,+10.194,+0.942
1685861460,+3.47,+12.849,+10.203,+0.941
1685861520,+3.47,+12.973,+10.184,+0.941
1685861580,+3.47,+13.069,+10.198,+0.942
1685861640,+3.47,+13.183,+10.175,+0.941
1685861700,+3.47,+12.990, +9.997,+0.940
1685861760,+3.47,+12.717,+10.033,+0.941
1685861820,+3.47,+12.655,+10.125,+0.941
1685861880,+3.47,+12.849,+10.169,+0.941
1685861940,+3.47,+12.937,+10.206,+0.941
1685862000,+3.47,+13.043,+10.258,+0.942
1685862060,+3.47,+13.122,+10.268,+0.941
1685862120,+3.47,+13.052,+10.221,+0.941
1685862180,+3.47,+13.017,+10.161,+0.940
1685862240,+3.47,+12.929,+10.129,+0.941
1685862300,+3.47,+12.867,+10.004,+0.940
1685862360,+3.47,+12.655, +9.992,+0.941
1685862420,+3.47,+12.434,+10.007,+0.940
1685862480,+3.47,+12.346, +9.926,+0.940
1685862540,+3.47,+12.115, +9.993,+0.940
1685862600,+3.47,+12.035,+10.039,+0.940
1685862660,+3.47,+11.883,+10.093,+0.940
1685862720,+3.47,+11.866,+10.102,+0.941
1685862780,+3.47,+11.857,+10.073,+0.940
1685862840,+3.47,+11.839,+10.077,+0.941
1685862900,+3.47,+11.883,+10.040,+0.941
1685862960,+3.47,+11.803,+10.071,+0.941
1685863020,+3.47,+11.821,+10.065,+0.941
1685863080,+3.47,+11.776,+10.088,+0.941
1685863140,+3.47,+11.803,+10.072,+0.941
1685863200,+3.47,+11.750,+10.113,+0.941
1685863260,+3.47,+11.892,+10.102,+0.941
1685863320,+3.47,+12.008,+10.159,+0.941
1685863380,+3.47,+12.124,+10.150,+0.941
1685863440,+3.47,+12.248,+10.165,+0.941
1685863500,+3.47,+12.239,+10.132,+0.941
1685863560,+3.47,+12.053, +9.982,+0.940
1685863620,+3.47,+11.955,+10.019,+0.941
1685863680,+3.47,+11.857,+10.020,+0.940
1685863740,+3.47,+11.723, +9.955,+0.941
1685863800,+3.47,+11.660, +9.953,+0.941
1685863860,+3.47,+11.571, +9.934,+0.941
1685863920,+3.47,+11.517, +9.948,+0.941
1685863980,+3.47,+11.481, +9.951,+0.941
1685864040,+3.47,+11.517, +9.906,+0.940
1685864100,+3.47,+11.472, +9.940,+0.941
1685864160,+3.47,+11.508, +9.982,+0.941
1685864220,+3.47,+11.598,+10.016,+0.941
1685864280,+3.47,+11.651,+10.045,+0.941
1685864340,+3.47,+11.589,+10.070,+0.941
1685864400,+3.47,+11.598,+10.061,+0.941
1685864460,+3.47,+11.544,+10.008,+0.941
1685864520,+3.47,+11.544,+10.031,+0.941
1685864580,+3.47,+11.571,+10.046,+0.941
1685864640,+3.47,+11.678,+10.017,+0.941
1685864700,+3.47,+11.598,+10.022,+0.941
1685864760,+3.47,+11.580,+10.022,+0.941
1685864820,+3.47,+11.562, +9.967,+0.941
1685864880,+3.47,+11.535, +9.952,+0.941
1685864940,+3.47,+11.481, +9.962,+0.941
1685865000,+3.47,+11.508, +9.929,+0.941
1685865060,+3.47,+11.436, +9.937,+0.941
1685865120,+3.47,+11.383, +9.943,+0.941
1685865180,+3.47,+11.365, +9.943,+0.941
1685865240,+3.47,+11.356, +9.942,+0.941
1685865300,+3.47,+11.347, +9.933,+0.941
1685865360,+3.47,+11.275, +9.952,+0.941
1685865420,+3.47,+11.338, +9.906,+0.941
1685865480,+3.47,+11.311, +9.908,+0.941
1685865540,+3.47,+11.284, +9.909,+0.941
1685865600,+3.47,+11.302, +9.888,+0.941
1685865660,+3.47,+11.221, +9.910,+0.941
1685865720,+3.47,+11.266, +9.890,+0.941
1685865780,+3.47,+11.203, +9.910,+0.941
1685865840,+3.47,+11.212, +9.909,+0.941
1685865900,+3.47,+11.311, +9.951,+0.941
1685865960,+3.47,+11.436,+10.007,+0.941
1685866020,+3.47,+11.562,+10.138,+0.941
1685866080,+3.47,+11.678,+10.251,+0.942
1685866140,+3.47,+11.901,+10.195,+0.942
1685866200,+3.47,+11.981,+10.326,+0.942
1685866260,+3.47,+12.070,+10.196,+0.942
1685866320,+3.47,+12.079,+10.231,+0.942
1685866380,+3.47,+12.070,+10.208,+0.941
1685866440,+3.47,+11.981,+10.069,+0.941
1685866500,+3.47,+11.866,+10.068,+0.941
1685866560,+3.47,+11.812,+10.045,+0.941
1685866620,+3.47,+11.883,+10.174,+0.941
1685866680,+3.47,+11.981,+10.231,+0.942
1685866740,+3.47,+12.053,+10.206,+0.941
1685866800,+3.47,+11.946,+10.079,+0.940
1685866860,+3.47,+11.758, +9.930,+0.941
1685866920,+3.47,+11.642, +9.877,+0.940
1685866980,+3.47,+11.490, +9.892,+0.941
1685867040,+3.47,+11.436, +9.854,+0.941
1685867100,+3.47,+11.320, +9.780,+0.940
1685867160,+3.47,+11.203, +9.728,+0.940
1685867220,+3.47,+11.023, +9.784,+0.940
1685867280,+3.47,+10.932, +9.809,+0.941
1685867340,+3.47,+10.860, +9.837,+0.941
1685867400,+3.47,+10.851, +9.861,+0.941
1685867460,+3.47,+10.860, +9.885,+0.941
1685867520,+3.47,+10.941, +9.912,+0.941
1685867580,+3.47,+11.023, +9.991,+0.942
1685867640,+3.47,+10.996, +9.887,+0.941
1685867700,+3.47,+10.960, +9.838,+0.940
1685867760,+3.47,+10.860, +9.860,+0.941
1685867820,+3.47,+10.851, +9.891,+0.941
1685867880,+3.47,+10.878, +9.873,+0.941
1685867940,+3.47,+10.896, +9.890,+0.941
1685868000,+3.47,+10.923, +9.977,+0.942
1685868060,+3.47,+11.086, +9.993,+0.941
1685868120,+3.47,+11.131,+10.049,+0.942
1685868180,+3.47,+11.113,+10.000,+0.941
1685868240,+3.47,+11.077, +9.985,+0.941
1685868300,+3.47,+11.077, +9.899,+0.941
1685868360,+3.47,+10.951, +9.890,+0.941
1685868420,+3.47,+10.914, +9.867,+0.941
1685868480,+3.47,+10.860, +9.828,+0.941
1685868540,+3.47,+10.770, +9.848,+0.941
1685868600,+3.47,+10.743, +9.864,+0.941
1685868660,+3.47,+10.752, +9.935,+0.941
1685868720,+3.47,+10.896, +9.951,+0.941
1685868780,+3.46,+10.960, +9.959,+0.941
1685868840,+3.47,+11.032,+10.092,+0.942
1685868900,+3.47,+11.248,+10.311,+0.943
1685868960,+3.47,+11.598,+10.412,+0.943
1685869020,+3.47,+12.133,+10.529,+0.943
1685869080,+3.47,+12.796,+10.742,+0.945
1685869140,+3.47,+13.900,+11.036,+0.947
1685869200,+3.47,+15.190,+11.065,+0.949
1685869260,+3.46,+16.184,+10.541,+0.946
1685869320,+3.46,+16.755,+10.370,+0.946
1685869380,+3.47,+17.163,+10.225,+0.945
1685869440,+3.46,+17.468,+10.127,+0.945
1685869500,+3.46,+17.680,+10.095,+0.944
1685869560,+3.46,+17.849,+10.011,+0.945
1685869620,+3.46,+16.687, +9.853,+0.940
1685869680,+3.47,+15.971,+10.106,+0.941
1685869740,+3.47,+15.765,+10.128,+0.941
1685869800,+3.46,+15.577,+10.208,+0.941
1685869860,+3.47,+15.396,+10.243,+0.941
1685869920,+3.47,+15.336,+10.265,+0.941
1685869980,+3.47,+15.431,+10.298,+0.941
1685870040,+3.46,+15.542,+10.341,+0.942
1685870100,+3.47,+15.825,+10.454,+0.942
1685870160,+3.47,+16.184,+10.452,+0.943
1685870220,+3.46,+16.534,+10.453,+0.943
1685870280,+3.46,+16.840,+10.397,+0.943
1685870340,+3.46,+15.654, +9.649,+0.937
1685870400,+3.47,+14.699, +9.849,+0.938
1685870460,+3.47,+13.987, +9.552,+0.936
1685870520,+3.47,+13.157, +9.571,+0.937
1685870580,+3.47,+12.629, +9.649,+0.937
1685870640,+3.47,+12.195, +9.663,+0.938
1685870700,+3.47,+11.919, +9.752,+0.938
1685870760,+3.47,+11.732, +9.814,+0.939
1685870820,+3.47,+11.696, +9.952,+0.939
1685870880,+3.47,+11.785,+10.019,+0.939
1685870940,+3.47,+11.705,+10.019,+0.940
1685871000,+3.47,+11.874,+10.278,+0.940
1685871060,+3.47,+12.088,+10.270,+0.940
1685871120,+3.47,+12.070,+10.198,+0.940
1685871180,+3.47,+11.928,+10.170,+0.941
1685871240,+3.47,+12.213,+10.339,+0.942
1685871300,+3.47,+12.929,+10.754,+0.944
1685871360,+3.47,+13.996,+10.793,+0.944
1685871420,+3.47,+14.742,+10.967,+0.946
1685871480,+3.46,+15.525,+10.869,+0.945
1685871540,+3.47,+16.261,+10.798,+0.945
1685871600,+3.46,+16.755,+10.561,+0.945
1685871660,+3.47,+17.163,+10.436,+0.945
1685871720,+3.47,+17.494,+10.460,+0.945
1685871780,+3.46,+17.612,+10.414,+0.944
1685871840,+3.47,+15.988, +8.458,+0.933
1685871900,+3.47,+13.944, +9.055,+0.936
1685871960,+3.47,+12.902, +9.248,+0.936
1685872020,+3.47,+12.319, +9.432,+0.937
1685872080,+3.47,+11.874, +9.592,+0.938
1685872140,+3.47,+11.651, +9.697,+0.938
1685872200,+3.47,+11.651, +9.740,+0.939
1685872260,+3.47,+11.624, +9.832,+0.939
1685872320,+3.47,+11.633, +9.928,+0.940
1685872380,+3.47,+11.678, +9.888,+0.940
1685872440,+3.47,+11.714, +9.922,+0.940
1685872500,+3.47,+11.723, +9.968,+0.940
1685872560,+3.47,+11.669,+10.010,+0.940
1685872620,+3.47,+11.803,+10.085,+0.940
1685872680,+3.47,+11.901,+10.191,+0.941
1685872740,+3.47,+12.230,+10.327,+0.942
1685872800,+3.47,+12.726,+10.516,+0.944
1685872860,+3.47,+13.087,+10.379,+0.942
1685872920,+3.47,+13.411,+10.400,+0.942
1685872980,+3.47,+13.586,+10.359,+0.942
1685873040,+3.47,+13.709,+10.400,+0.942
1685873100,+3.47,+13.831,+10.354,+0.942
1685873160,+3.47,+13.787,+10.292,+0.942
1685873220,+3.47,+13.438, +9.780,+0.939
1685873280,+3.47,+12.638, +9.646,+0.939
1685873340,+3.47,+12.221, +9.754,+0.939
1685873400,+3.47,+11.839, +9.711,+0.939
1685873460,+3.47,+11.642, +9.777,+0.939
1685873520,+3.47,+11.436, +9.807,+0.939
1685873580,+3.47,+11.320, +9.821,+0.940
1685873640,+3.47,+11.167, +9.884,+0.940
1685873700,+3.47,+11.248, +9.931,+0.940
1685873760,+3.47,+11.365, +9.930,+0.941
1685873820,+3.47,+11.239, +9.870,+0.940
1685873880,+3.47,+11.158, +9.843,+0.940
1685873940,+3.47,+11.032, +9.852,+0.940
1685874000,+3.47,+10.960, +9.853,+0.940
1685874060,+3.47,+10.869, +9.898,+0.940
1685874120,+3.47,+10.851, +9.936,+0.941
1685874180,+3.47,+10.824,+10.020,+0.941
1685874240,+3.47,+11.068,+10.116,+0.942
1685874300,+3.47,+11.338,+10.190,+0.942
1685874360,+3.47,+11.535,+10.156,+0.942
1685874420,+3.47,+11.750,+10.122,+0.941
1685874480,+3.47,+11.874,+10.138,+0.942
1685874540,+3.47,+11.928,+10.068,+0.941
1685874600,+3.47,+11.732,+10.030,+0.941
1685874660,+3.47,+11.705,+10.022,+0.941
1685874720,+3.47,+11.678, +9.995,+0.941
1685874780,+3.47,+11.356, +9.919,+0.940
1685874840,+3.47,+11.059, +9.836,+0.940
1685874900,+3.47,+10.842, +9.766,+0.940
1685874960,+3.47,+10.652, +9.689,+0.940
1685875020,+3.47,+10.507, +9.724,+0.940
1685875080,+3.47,+10.443, +9.747,+0.941
1685875140,+3.47,+10.507, +9.788,+0.941
1685875200,+3.47,+10.552, +9.788,+0.941
1685875260,+3.47,+10.480, +9.796,+0.941
1685875320,+3.47,+10.343, +9.844,+0.941
1685875380,+3.47,+10.452, +9.774,+0.941
1685875440,+3.47,+10.425, +9.832,+0.941
1685875500,+3.47,+10.598, +9.995,+0.942
1685875560,+3.47,+10.842,+10.087,+0.942
1685875620,+3.47,+11.086,+10.119,+0.942
1685875680,+3.47,+11.383,+10.031,+0.941
1685875740,+3.47,+11.131, +9.965,+0.941
1685875800,+3.47,+11.194,+10.000,+0.942
1685875860,+3.47,+11.185,+10.005,+0.941
1685875920,+3.47,+11.203,+10.001,+0.941
1685875980,+3.47,+11.320,+10.057,+0.942
1685876040,+3.47,+11.383,+10.104,+0.942
1685876100,+3.47,+11.383,+10.102,+0.941
1685876160,+3.47,+11.463,+10.069,+0.941
1685876220,+3.47,+11.338,+10.083,+0.941
1685876280,+3.47,+11.266,+10.079,+0.941
1685876340,+3.47,+11.320,+10.065,+0.941
1685876400,+3.47,+11.374,+10.088,+0.942
1685876460,+3.47,+11.418,+10.182,+0.942
1685876520,+3.47,+11.660,+10.202,+0.942
1685876580,+3.47,+11.767,+10.119,+0.941
1685876640,+3.47,+11.571,+10.027,+0.941
1685876700,+3.47,+11.472, +9.979,+0.941
1685876760,+3.47,+11.374, +9.923,+0.941
1685876820,+3.47,+11.230, +9.907,+0.941
1685876880,+3.47,+11.140, +9.917,+0.940
1685876940,+3.47,+11.086, +9.947,+0.941
1685877000,+3.47,+11.059, +9.977,+0.941
1685877060,+3.47,+11.086, +9.970,+0.941
1685877120,+3.47,+11.122, +9.955,+0.941
1685877180,+3.47,+11.086,+10.013,+0.941
1685877240,+3.47,+11.158,+10.061,+0.941
1685877300,+3.47,+11.221,+10.044,+0.941
1685877360,+3.47,+11.257,+10.072,+0.941
1685877420,+3.47,+11.275,+10.095,+0.942
1685877480,+3.47,+11.374,+10.144,+0.942
1685877540,+3.47,+11.454,+10.181,+0.942
1685877600,+3.47,+11.347,+10.035,+0.941
1685877660,+3.47,+11.257, +9.974,+0.941
1685877720,+3.47,+11.194, +9.975,+0.941
1685877780,+3.47,+11.158,+10.013,+0.941
1685877840,+3.47,+11.104,+10.028,+0.941
1685877900,+3.47,+11.239,+10.062,+0.941
1685877960,+3.47,+11.320,+10.129,+0.941
1685878020,+3.47,+11.990,+10.417,+0.943
1685878080,+3.47,+12.461,+10.587,+0.944
1685878140,+3.47,+12.929,+10.548,+0.943
1685878200,+3.47,+13.236,+10.469,+0.943
1685878260,+3.47,+13.473,+10.426,+0.943
1685878320,+3.47,+12.946, +9.561,+0.938
1685878380,+3.47,+12.168, +9.682,+0.939
1685878440,+3.47,+11.812, +9.762,+0.939
1685878500,+3.47,+11.535, +9.867,+0.940
1685878560,+3.47,+11.427, +9.902,+0.940
1685878620,+3.47,+11.257, +9.960,+0.941
1685878680,+3.47,+11.212,+10.002,+0.941
1685878740,+3.47,+11.517,+10.205,+0.942
1685878800,+3.47,+12.177,+10.415,+0.943
1685878860,+3.47,+12.770,+10.344,+0.943
1685878920,+3.47,+13.087,+10.467,+0.943
1685878980,+3.47,+13.376,+10.512,+0.943
1685879040,+3.47,+13.709,+10.451,+0.943
1685879100,+3.47,+13.752,+10.185,+0.942
1685879160,+3.47,+13.148, +9.792,+0.939
1685879220,+3.47,+12.593, +9.880,+0.940
1685879280,+3.47,+12.266, +9.935,+0.940
1685879340,+3.47,+12.124,+10.028,+0.940
1685879400,+3.47,+12.097,+10.099,+0.941
1685879460,+3.47,+12.150,+10.142,+0.941
1685879520,+3.47,+12.284,+10.207,+0.941
1685879580,+3.47,+12.593,+10.352,+0.942
1685879640,+3.47,+12.973,+10.360,+0.942
1685879700,+3.47,+13.271,+10.401,+0.943
1685879760,+3.47,+13.525,+10.344,+0.942
1685879820,+3.47,+13.612,+10.332,+0.942
1685879880,+3.47,+13.752,+10.388,+0.943
1685879940,+3.47,+13.953,+10.399,+0.942
1685880000,+3.47,+14.074,+10.416,+0.943
1685880060,+3.47,+13.979,+10.183,+0.940
1685880120,+3.47,+13.848,+10.284,+0.942
1685880180,+3.47,+14.022,+10.413,+0.942
1685880240,+3.47,+14.889,+10.575,+0.944
1685880300,+3.47,+15.353,+10.522,+0.944
1685880360,+3.47,+15.817,+10.439,+0.944
1685880420,+3.47,+15.405,+10.036,+0.941
1685880480,+3.47,+15.052,+10.220,+0.942
1685880540,+3.47,+15.078,+10.290,+0.941
1685880600,+3.47,+14.983, +9.965,+0.940
1685880660,+3.47,+14.482,+10.113,+0.940
1685880720,+3.47,+14.404,+10.284,+0.941
1685880780,+3.47,+14.664,+10.401,+0.942
1685880840,+3.47,+14.439,+10.017,+0.939
1685880900,+3.47,+14.170,+10.165,+0.940
1685880960,+3.47,+14.266,+10.303,+0.941
1685881020,+3.47,+14.474,+10.362,+0.941
1685881080,+3.47,+14.889,+10.388,+0.942
1685881140,+3.47,+14.897,+10.250,+0.941
1685881200,+3.47,+14.871,+10.306,+0.942
1685881260,+3.47,+15.113,+10.346,+0.942
1685881320,+3.47,+15.620,+10.404,+0.943
1685881380,+3.47,+16.005,+10.328,+0.943
1685881440,+3.47,+16.466,+10.277,+0.943
1685881500,+3.46,+16.755, +9.665,+0.939
1685881560,+3.47,+15.620, +9.904,+0.939
1685881620,+3.47,+15.121,+10.030,+0.939
1685881680,+3.47,+14.854,+10.168,+0.941
1685881740,+3.47,+14.794,+10.203,+0.940
1685881800,+3.47,+14.655,+10.135,+0.940
1685881860,+3.47,+14.681,+10.356,+0.941
1685881920,+3.47,+15.018,+10.470,+0.943
1685881980,+3.47,+15.542,+10.356,+0.942
1685882040,+3.47,+16.013,+10.373,+0.943
1685882100,+3.47,+16.594,+10.288,+0.943
1685882160,+3.47,+17.104,+10.284,+0.944
1685882220,+3.47,+17.426,+10.246,+0.944
1685882280,+3.46,+17.739,+10.162,+0.943
1685882340,+3.47,+17.967,+10.131,+0.944
1685882400,+3.47,+18.094,+10.087,+0.943
1685882460,+3.47,+17.010, +9.954,+0.941
1685882520,+3.47,+17.010, +9.974,+0.941
1685882580,+3.47,+16.934,+10.064,+0.941
1685882640,+3.47,+16.917,+10.087,+0.941
1685882700,+3.47,+16.968,+10.089,+0.942
1685882760,+3.47,+17.087,+10.112,+0.942
1685882820,+3.47,+17.375,+10.084,+0.942
1685882880,+3.47,+17.222, +9.703,+0.939
1685882940,+3.47,+16.976,+10.085,+0.942
1685883000,+3.47,+17.248,+10.081,+0.942
1685883060,+3.47,+17.239, +9.963,+0.941
1685883120,+3.47,+17.299,+10.034,+0.942
1685883180,+3.46,+17.477,+10.024,+0.943
