7450-798456
OS REV: 1.03 Sensor Cal: 1539277937
Time (sec),  BV (Volts),  T (deg C),  DO (mg/l),  Q ()
1683291240,+3.46, +9.703,+10.555,+0.945
1683291300,+3.46, +9.684,+10.553,+0.945
1683291360,+3.46, +9.666,+10.539,+0.945
1683291420,+3.46, +9.638,+10.540,+0.945
1683291480,+3.46, +9.620,+10.519,+0.945
1683291540,+3.46, +9.592,+10.516,+0.945
1683291600,+3.46, +9.602,+10.494,+0.945
1683291660,+3.46, +9.592,+10.489,+0.945
1683291720,+3.46, +9.565,+10.499,+0.944
1683291780,+3.46, +9.546,+10.507,+0.944
1683291840,+3.46, +9.565,+10.524,+0.945
1683291900,+3.46, +9.592,+10.516,+0.945
1683291960,+3.46, +9.546,+10.544,+0.945
1683292020,+3.46, +9.583,+10.524,+0.945
1683292080,+3.46, +9.519,+10.541,+0.945
1683292140,+3.46, +9.565,+10.499,+0.945
1683292200,+3.46, +9.454,+10.548,+0.945
1683292260,+3.46, +9.528,+10.529,+0.945
1683292320,+3.46, +9.555,+10.510,+0.945
1683292380,+3.46, +9.583,+10.501,+0.945
1683292440,+3.46, +9.519,+10.514,+0.945
1683292500,+3.46, +9.583,+10.476,+0.945
1683292560,+3.46, +9.546,+10.473,+0.945
1683292620,+3.46, +9.528,+10.487,+0.945
1683292680,+3.46, +9.491,+10.473,+0.944
1683292740,+3.46, +9.519,+10.430,+0.945
1683292800,+3.46, +9.463,+10.419,+0.945
1683292860,+3.46, +9.417,+10.391,+0.945
1683292920,+3.46, +9.362,+10.355,+0.945
1683292980,+3.46, +9.371,+10.329,+0.944
1683293040,+3.46, +9.325,+10.332,+0.944
1683293100,+3.46, +9.325,+10.331,+0.945
1683293160,+3.46, +9.297,+10.335,+0.944
1683293220,+3.46, +9.325,+10.336,+0.945
1683293280,+3.46, +9.325,+10.331,+0.945
1683293340,+3.46, +9.306,+10.318,+0.945
1683293400,+3.46, +9.288,+10.313,+0.945
1683293460,+3.46, +9.204,+10.319,+0.945
1683293520,+3.46, +9.186,+10.292,+0.944
1683293580,+3.46, +9.140,+10.287,+0.944
1683293640,+3.46, +9.112,+10.281,+0.944
1683293700,+3.46, +9.121,+10.272,+0.945
1683293760,+3.46, +8.991,+10.309,+0.944
1683293820,+3.46, +9.056,+10.279,+0.945
1683293880,+3.46, +9.102,+10.247,+0.945
1683293940,+3.46, +9.065,+10.242,+0.945
1683294000,+3.46, +9.047,+10.237,+0.944
1683294060,+3.46, +9.037,+10.219,+0.944
1683294120,+3.46, +9.019,+10.216,+0.945
1683294180,+3.46, +9.037,+10.192,+0.944
1683294240,+3.46, +9.000,+10.211,+0.945
1683294300,+3.46, +9.019,+10.196,+0.944
1683294360,+3.46, +9.000,+10.216,+0.945
1683294420,+3.46, +8.954,+10.238,+0.945
1683294480,+3.46, +8.963,+10.221,+0.945
1683294540,+3.46, +8.991,+10.216,+0.944
1683294600,+3.46, +8.982,+10.217,+0.944
1683294660,+3.46, +8.954,+10.230,+0.944
1683294720,+3.46, +8.926,+10.247,+0.945
1683294780,+3.46, +8.935,+10.251,+0.945
1683294840,+3.46, +8.944,+10.270,+0.945
1683294900,+3.46, +8.963,+10.248,+0.944
1683294960,+3.46, +9.019,+10.228,+0.945
1683295020,+3.46, +8.972,+10.229,+0.945
1683295080,+3.46, +9.010,+10.200,+0.945
1683295140,+3.46, +8.982,+10.207,+0.945
1683295200,+3.46, +8.917,+10.218,+0.945
1683295260,+3.46, +8.926,+10.199,+0.945
1683295320,+3.46, +8.972,+10.161,+0.945
1683295380,+3.46, +8.917,+10.163,+0.944
1683295440,+3.46, +8.889,+10.166,+0.944
1683295500,+3.46, +8.917,+10.162,+0.945
1683295560,+3.46, +8.861,+10.181,+0.945
1683295620,+3.46, +8.870,+10.171,+0.945
1683295680,+3.46, +8.861,+10.182,+0.945
1683295740,+3.46, +8.917,+10.156,+0.945
1683295800,+3.46, +8.898,+10.155,+0.944
1683295860,+3.46, +8.926,+10.182,+0.945
1683295920,+3.46, +8.982,+10.169,+0.945
1683295980,+3.46, +8.991,+10.200,+0.945
1683296040,+3.46, +9.019,+10.233,+0.945
1683296100,+3.46, +9.047,+10.254,+0.945
1683296160,+3.46, +9.093,+10.233,+0.945
1683296220,+3.46, +9.010,+10.201,+0.945
1683296280,+3.46, +8.944,+10.155,+0.945
1683296340,+3.46, +8.861,+10.119,+0.944
1683296400,+3.46, +8.795,+10.154,+0.944
1683296460,+3.46, +8.702,+10.203,+0.944
1683296520,+3.46, +8.655,+10.214,+0.944
1683296580,+3.46, +8.618,+10.215,+0.944
1683296640,+3.46, +8.534,+10.221,+0.944
1683296700,+3.46, +8.534,+10.200,+0.944
1683296760,+3.46, +8.571,+10.184,+0.944
1683296820,+3.46, +8.627,+10.157,+0.944
1683296880,+3.46, +8.543,+10.183,+0.945
1683296940,+3.46, +8.496,+10.205,+0.945
1683297000,+3.46, +8.590,+10.164,+0.944
1683297060,+3.46, +8.581,+10.157,+0.944
1683297120,+3.46, +8.581,+10.176,+0.945
1683297180,+3.46, +8.581,+10.184,+0.944
1683297240,+3.46, +8.562,+10.219,+0.945
1683297300,+3.46, +8.655,+10.179,+0.945
1683297360,+3.46, +8.618,+10.205,+0.945
1683297420,+3.46, +8.702,+10.174,+0.945
1683297480,+3.46, +8.637,+10.191,+0.945
1683297540,+3.46, +8.711,+10.150,+0.944
1683297600,+3.46, +8.693,+10.160,+0.945
1683297660,+3.46, +8.693,+10.158,+0.945
1683297720,+3.46, +8.693,+10.144,+0.945
1683297780,+3.46, +8.721,+10.129,+0.945
1683297840,+3.46, +8.711,+10.142,+0.945
1683297900,+3.46, +8.711,+10.139,+0.945
1683297960,+3.46, +8.739,+10.135,+0.945
1683298020,+3.46, +8.721,+10.140,+0.945
1683298080,+3.46, +8.730,+10.137,+0.945
1683298140,+3.46, +8.730,+10.144,+0.945
1683298200,+3.46, +8.758,+10.124,+0.945
1683298260,+3.46, +8.739,+10.143,+0.945
1683298320,+3.46, +8.805,+10.105,+0.945
1683298380,+3.46, +8.786,+10.108,+0.945
1683298440,+3.46, +8.767,+10.112,+0.944
1683298500,+3.46, +8.767,+10.114,+0.945
1683298560,+3.46, +8.758,+10.107,+0.945
1683298620,+3.46, +8.721,+10.112,+0.945
1683298680,+3.46, +8.795,+10.072,+0.944
1683298740,+3.46, +8.758,+10.084,+0.945
1683298800,+3.46, +8.786,+10.060,+0.944
1683298860,+3.46, +8.786,+10.066,+0.944
1683298920,+3.46, +8.786,+10.063,+0.944
1683298980,+3.46, +8.786,+10.060,+0.945
1683299040,+3.46, +8.777,+10.062,+0.945
1683299100,+3.46, +8.711,+10.082,+0.944
1683299160,+3.46, +8.805,+10.051,+0.945
1683299220,+3.46, +8.777,+10.059,+0.945
1683299280,+3.46, +8.758,+10.070,+0.944
1683299340,+3.46, +8.758,+10.082,+0.945
1683299400,+3.46, +8.749,+10.076,+0.945
1683299460,+3.46, +8.777,+10.081,+0.945
1683299520,+3.46, +8.777,+10.088,+0.945
1683299580,+3.46, +8.851,+10.083,+0.945
1683299640,+3.46, +8.823,+10.134,+0.945
1683299700,+3.46, +8.926,+10.093,+0.944
1683299760,+3.46, +8.870,+10.147,+0.945
1683299820,+3.46, +8.889,+10.143,+0.945
1683299880,+3.46, +8.944,+10.203,+0.945
1683299940,+3.46, +9.000,+10.269,+0.945
1683300000,+3.46, +9.010,+10.315,+0.945
1683300060,+3.46, +9.075,+10.335,+0.945
1683300120,+3.46, +9.121,+10.344,+0.945
1683300180,+3.46, +9.084,+10.365,+0.945
1683300240,+3.46, +9.158,+10.344,+0.945
1683300300,+3.46, +9.140,+10.357,+0.945
1683300360,+3.46, +9.195,+10.343,+0.945
1683300420,+3.46, +9.195,+10.350,+0.945
1683300480,+3.46, +9.195,+10.372,+0.945
1683300540,+3.46, +9.195,+10.375,+0.945
1683300600,+3.46, +9.269,+10.362,+0.945
1683300660,+3.46, +9.232,+10.387,+0.945
1683300720,+3.46, +9.288,+10.368,+0.945
1683300780,+3.46, +9.297,+10.365,+0.945
1683300840,+3.46, +9.223,+10.374,+0.945
1683300900,+3.46, +9.223,+10.340,+0.945
1683300960,+3.46, +9.065,+10.326,+0.945
1683301020,+3.46, +9.065,+10.231,+0.944
1683301080,+3.46, +9.093,+10.193,+0.945
1683301140,+3.46, +9.019,+10.183,+0.944
1683301200,+3.46, +9.000,+10.176,+0.944
1683301260,+3.46, +8.972,+10.184,+0.945
1683301320,+3.46, +8.982,+10.164,+0.945
1683301380,+3.46, +8.982,+10.146,+0.945
1683301440,+3.46, +8.991,+10.117,+0.944
1683301500,+3.46, +8.972,+10.105,+0.944
1683301560,+3.46, +8.963,+10.104,+0.944
1683301620,+3.46, +8.982,+10.103,+0.945
1683301680,+3.46, +8.944,+10.144,+0.945
1683301740,+3.46, +9.047,+10.128,+0.944
1683301800,+3.46, +9.075,+10.149,+0.945
1683301860,+3.46, +9.065,+10.169,+0.945
1683301920,+3.46, +9.112,+10.174,+0.945
1683301980,+3.46, +9.140,+10.183,+0.945
1683302040,+3.46, +9.149,+10.198,+0.944
1683302100,+3.46, +9.167,+10.208,+0.944
1683302160,+3.46, +9.204,+10.205,+0.945
1683302220,+3.46, +9.214,+10.220,+0.945
1683302280,+3.46, +9.186,+10.227,+0.945
1683302340,+3.46, +9.204,+10.218,+0.945
1683302400,+3.46, +9.158,+10.232,+0.945
1683302460,+3.46, +9.158,+10.209,+0.944
1683302520,+3.46, +9.140,+10.201,+0.945
1683302580,+3.46, +9.065,+10.206,+0.944
1683302640,+3.46, +9.158,+10.165,+0.945
1683302700,+3.46, +9.093,+10.180,+0.944
1683302760,+3.46, +9.102,+10.182,+0.945
1683302820,+3.46, +9.112,+10.156,+0.944
1683302880,+3.46, +9.093,+10.164,+0.945
1683302940,+3.46, +9.084,+10.142,+0.944
1683303000,+3.46, +9.028,+10.155,+0.944
1683303060,+3.46, +8.982,+10.165,+0.945
1683303120,+3.46, +9.019,+10.124,+0.944
1683303180,+3.46, +9.010,+10.086,+0.944
1683303240,+3.46, +8.982,+10.079,+0.945
1683303300,+3.46, +8.963,+10.057,+0.944
1683303360,+3.46, +8.889,+10.067,+0.944
1683303420,+3.46, +8.907,+10.038,+0.944
1683303480,+3.46, +8.935,+10.029,+0.944
1683303540,+3.46, +8.935,+10.050,+0.945
1683303600,+3.46, +8.972,+10.043,+0.944
1683303660,+3.46, +8.907,+10.085,+0.945
1683303720,+3.46, +8.889,+10.071,+0.944
1683303780,+3.46, +8.917,+10.078,+0.944
1683303840,+3.46, +8.898,+10.093,+0.944
1683303900,+3.46, +9.000,+10.084,+0.944
1683303960,+3.46, +9.037,+10.118,+0.945
1683304020,+3.46, +9.075,+10.130,+0.944
1683304080,+3.46, +9.093,+10.135,+0.944
1683304140,+3.46, +9.149,+10.142,+0.944
1683304200,+3.46, +9.084,+10.178,+0.945
1683304260,+3.46, +9.121,+10.193,+0.945
1683304320,+3.46, +9.167,+10.188,+0.944
1683304380,+3.46, +9.186,+10.216,+0.945
1683304440,+3.46, +9.130,+10.251,+0.945
1683304500,+3.46, +9.186,+10.235,+0.945
1683304560,+3.46, +9.167,+10.253,+0.945
1683304620,+3.46, +9.186,+10.236,+0.945
1683304680,+3.46, +9.204,+10.200,+0.944
1683304740,+3.46, +9.140,+10.229,+0.945
1683304800,+3.46, +9.223,+10.231,+0.945
1683304860,+3.46, +9.195,+10.234,+0.945
1683304920,+3.46, +9.204,+10.226,+0.944
1683304980,+3.46, +9.232,+10.235,+0.945
1683305040,+3.46, +9.232,+10.253,+0.944
1683305100,+3.46, +9.251,+10.278,+0.945
1683305160,+3.46, +9.223,+10.292,+0.945
1683305220,+3.46, +9.232,+10.290,+0.945
1683305280,+3.46, +9.241,+10.272,+0.944
1683305340,+3.46, +9.241,+10.281,+0.945
1683305400,+3.46, +9.269,+10.266,+0.945
1683305460,+3.46, +9.260,+10.261,+0.945
1683305520,+3.46, +9.204,+10.275,+0.945
1683305580,+3.46, +9.251,+10.230,+0.944
1683305640,+3.46, +9.158,+10.270,+0.945
1683305700,+3.46, +9.177,+10.256,+0.945
1683305760,+3.46, +9.204,+10.218,+0.944
1683305820,+3.46, +9.084,+10.198,+0.944
1683305880,+3.46, +9.065,+10.116,+0.944
1683305940,+3.46, +9.084,+10.048,+0.944
1683306000,+3.46, +9.065,+10.013,+0.944
1683306060,+3.46, +9.019, +9.996,+0.944
1683306120,+3.46, +8.982,+10.003,+0.945
1683306180,+3.46, +9.000, +9.977,+0.944
1683306240,+3.46, +8.963, +9.996,+0.944
1683306300,+3.46, +8.963, +9.983,+0.944
1683306360,+3.46, +8.991, +9.965,+0.944
1683306420,+3.46, +8.907,+10.014,+0.944
1683306480,+3.46, +8.935,+10.000,+0.944
1683306540,+3.46, +9.000, +9.976,+0.944
1683306600,+3.46, +8.907,+10.020,+0.944
1683306660,+3.46, +8.926,+10.020,+0.944
1683306720,+3.46, +8.889,+10.025,+0.944
1683306780,+3.46, +8.972, +9.994,+0.944
1683306840,+3.46, +8.917,+10.009,+0.944
1683306900,+3.46, +8.917,+10.009,+0.944
1683306960,+3.46, +8.861,+10.024,+0.944
1683307020,+3.46, +8.889,+10.016,+0.944
1683307080,+3.46, +8.870,+10.055,+0.944
1683307140,+3.46, +8.851,+10.083,+0.945
1683307200,+3.46, +8.898,+10.077,+0.944
1683307260,+3.46, +8.842,+10.107,+0.945
1683307320,+3.46, +8.851,+10.124,+0.945
1683307380,+3.46, +8.842,+10.123,+0.944
1683307440,+3.46, +8.795,+10.137,+0.945
1683307500,+3.46, +8.861,+10.116,+0.945
1683307560,+3.46, +8.842,+10.120,+0.945
1683307620,+3.46, +8.833,+10.125,+0.945
1683307680,+3.46, +8.805,+10.130,+0.944
1683307740,+3.46, +8.842,+10.118,+0.944
1683307800,+3.46, +8.851,+10.121,+0.945
1683307860,+3.46, +8.833,+10.119,+0.944
1683307920,+3.46, +8.814,+10.120,+0.944
1683307980,+3.46, +8.823,+10.103,+0.944
1683308040,+3.46, +8.814,+10.108,+0.944
1683308100,+3.46, +8.861,+10.102,+0.945
1683308160,+3.46, +8.805,+10.137,+0.945
1683308220,+3.46, +8.870,+10.111,+0.944
1683308280,+3.46, +8.823,+10.153,+0.945
1683308340,+3.46, +8.879,+10.148,+0.945
1683308400,+3.46, +8.889,+10.162,+0.945
1683308460,+3.46, +8.926,+10.145,+0.944
1683308520,+3.46, +9.019,+10.111,+0.945
1683308580,+3.46, +9.047,+10.119,+0.945
1683308640,+3.46, +9.056,+10.136,+0.944
1683308700,+3.46, +9.084,+10.251,+0.945
1683308760,+3.46, +9.214,+10.251,+0.945
1683308820,+3.46, +9.269,+10.268,+0.945
1683308880,+3.46, +9.251,+10.289,+0.945
1683308940,+3.46, +9.297,+10.286,+0.945
1683309000,+3.46, +9.297,+10.293,+0.945
1683309060,+3.46, +9.325,+10.313,+0.945
1683309120,+3.46, +9.315,+10.367,+0.945
1683309180,+3.46, +9.436,+10.418,+0.945
1683309240,+3.46, +9.463,+10.453,+0.945
1683309300,+3.46, +9.454,+10.483,+0.945
1683309360,+3.46, +9.611,+10.429,+0.945
1683309420,+3.46, +9.537,+10.465,+0.945
1683309480,+3.46, +9.519,+10.475,+0.945
1683309540,+3.46, +9.546,+10.482,+0.945
1683309600,+3.46, +9.509,+10.488,+0.945
1683309660,+3.46, +9.491,+10.480,+0.944
1683309720,+3.46, +9.417,+10.466,+0.945
1683309780,+3.46, +9.491,+10.406,+0.945
1683309840,+3.46, +9.528,+10.366,+0.945
1683309900,+3.46, +9.500,+10.341,+0.944
1683309960,+3.46, +9.408,+10.372,+0.945
1683310020,+3.45, +9.417,+10.350,+0.945
1683310080,+3.46, +9.352,+10.350,+0.945
1683310140,+3.46, +9.408,+10.318,+0.945
1683310200,+3.46, +9.445,+10.290,+0.945
1683310260,+3.46, +9.426,+10.309,+0.945
1683310320,+3.46, +9.399,+10.356,+0.945
1683310380,+3.46, +9.426,+10.350,+0.944
1683310440,+3.46, +9.343,+10.393,+0.945
1683310500,+3.46, +9.362,+10.500,+0.945
1683310560,+3.45, +9.408,+10.467,+0.944
1683310620,+3.46, +9.408,+10.517,+0.945
1683310680,+3.46, +9.417,+10.537,+0.945
1683310740,+3.46, +9.315,+10.543,+0.945
1683310800,+3.46, +9.371,+10.533,+0.945
1683310860,+3.46, +9.399,+10.571,+0.945
1683310920,+3.46, +9.417,+10.582,+0.945
1683310980,+3.46, +9.334,+10.597,+0.945
1683311040,+3.46, +9.380,+10.555,+0.945
1683311100,+3.46, +9.389,+10.543,+0.945
1683311160,+3.46, +9.408,+10.516,+0.945
1683311220,+3.46, +9.399,+10.511,+0.945
1683311280,+3.46, +9.371,+10.514,+0.945
1683311340,+3.46, +9.436,+10.471,+0.945
1683311400,+3.46, +9.417,+10.478,+0.944
1683311460,+3.46, +9.408,+10.490,+0.945
1683311520,+3.46, +9.426,+10.484,+0.945
1683311580,+3.46, +9.389,+10.513,+0.945
1683311640,+3.46, +9.399,+10.513,+0.945
1683311700,+3.46, +9.482,+10.498,+0.945
1683311760,+3.46, +9.463,+10.500,+0.945
1683311820,+3.46, +9.482,+10.491,+0.945
1683311880,+3.46, +9.482,+10.496,+0.945
1683311940,+3.46, +9.417,+10.526,+0.945
1683312000,+3.46, +9.491,+10.478,+0.945
1683312060,+3.46, +9.445,+10.484,+0.945
1683312120,+3.46, +9.454,+10.467,+0.945
1683312180,+3.46, +9.463,+10.452,+0.945
1683312240,+3.46, +9.509,+10.430,+0.945
1683312300,+3.46, +9.491,+10.432,+0.945
1683312360,+3.46, +9.463,+10.421,+0.945
1683312420,+3.46, +9.408,+10.402,+0.945
1683312480,+3.46, +9.389,+10.391,+0.945
1683312540,+3.46, +9.473,+10.346,+0.945
1683312600,+3.46, +9.463,+10.346,+0.945
1683312660,+3.45, +9.491,+10.321,+0.945
1683312720,+3.46, +9.445,+10.349,+0.945
1683312780,+3.45, +9.436,+10.340,+0.945
1683312840,+3.46, +9.445,+10.339,+0.945
1683312900,+3.46, +9.445,+10.337,+0.944
1683312960,+3.46, +9.463,+10.324,+0.944
1683313020,+3.46, +9.473,+10.326,+0.945
1683313080,+3.46, +9.426,+10.353,+0.945
1683313140,+3.46, +9.408,+10.365,+0.945
1683313200,+3.46, +9.389,+10.373,+0.945
1683313260,+3.46, +9.509,+10.331,+0.945
1683313320,+3.46, +9.445,+10.364,+0.945
1683313380,+3.46, +9.426,+10.350,+0.944
1683313440,+3.46, +9.454,+10.338,+0.945
1683313500,+3.46, +9.426,+10.341,+0.945
1683313560,+3.46, +9.445,+10.324,+0.944
1683313620,+3.45, +9.445,+10.318,+0.944
1683313680,+3.46, +9.454,+10.318,+0.945
1683313740,+3.46, +9.463,+10.311,+0.945
1683313800,+3.46, +9.417,+10.327,+0.945
1683313860,+3.46, +9.454,+10.310,+0.945
1683313920,+3.46, +9.426,+10.316,+0.945
1683313980,+3.46, +9.509,+10.284,+0.945
1683314040,+3.46, +9.519,+10.278,+0.945
1683314100,+3.46, +9.519,+10.281,+0.945
1683314160,+3.45, +9.555,+10.275,+0.945
1683314220,+3.46, +9.500,+10.319,+0.945
1683314280,+3.46, +9.491,+10.339,+0.945
1683314340,+3.46, +9.509,+10.332,+0.944
1683314400,+3.45, +9.509,+10.345,+0.945
1683314460,+3.46, +9.519,+10.351,+0.945
1683314520,+3.46, +9.555,+10.356,+0.945
1683314580,+3.46, +9.574,+10.359,+0.945
1683314640,+3.46, +9.565,+10.370,+0.945
1683314700,+3.46, +9.565,+10.369,+0.945
1683314760,+3.46, +9.509,+10.388,+0.945
1683314820,+3.46, +9.565,+10.345,+0.945
1683314880,+3.46, +9.546,+10.341,+0.944
1683314940,+3.45, +9.565,+10.342,+0.945
1683315000,+3.45, +9.565,+10.374,+0.945
1683315060,+3.46, +9.638,+10.320,+0.945
1683315120,+3.46, +9.638,+10.319,+0.945
1683315180,+3.46, +9.592,+10.334,+0.945
1683315240,+3.45, +9.666,+10.317,+0.944
1683315300,+3.46, +9.703,+10.317,+0.945
1683315360,+3.46, +9.721,+10.319,+0.945
1683315420,+3.46, +9.721,+10.335,+0.945
1683315480,+3.46, +9.712,+10.362,+0.945
1683315540,+3.46, +9.767,+10.361,+0.945
1683315600,+3.46, +9.804,+10.366,+0.945
1683315660,+3.46, +9.822,+10.377,+0.945
1683315720,+3.46, +9.804,+10.398,+0.945
1683315780,+3.46, +9.804,+10.428,+0.945
1683315840,+3.45, +9.831,+10.495,+0.945
1683315900,+3.45, +9.895,+10.520,+0.945
1683315960,+3.45, +9.895,+10.593,+0.945
1683316020,+3.45, +9.886,+10.651,+0.945
1683316080,+3.45, +9.960,+10.625,+0.945
1683316140,+3.46,+10.042,+10.602,+0.945
1683316200,+3.46, +9.987,+10.631,+0.945
1683316260,+3.45,+10.033,+10.629,+0.945
1683316320,+3.46,+10.051,+10.638,+0.945
1683316380,+3.46,+10.133,+10.601,+0.945
1683316440,+3.46,+10.161,+10.636,+0.945
1683316500,+3.46,+10.279,+10.626,+0.945
1683316560,+3.46,+10.261,+10.711,+0.946
1683316620,+3.46,+10.288,+10.763,+0.946
1683316680,+3.46,+10.425,+10.743,+0.944
1683316740,+3.46,+10.389,+10.845,+0.945
1683316800,+3.46,+10.461,+10.894,+0.945
1683316860,+3.46,+10.470,+10.948,+0.945
1683316920,+3.46,+10.543,+10.961,+0.945
1683316980,+3.46,+10.570,+10.979,+0.945
1683317040,+3.45,+10.589,+10.998,+0.945
1683317100,+3.46,+10.589,+11.026,+0.945
1683317160,+3.45,+10.607,+11.048,+0.945
1683317220,+3.46,+10.643,+11.040,+0.945
1683317280,+3.46,+10.616,+11.058,+0.945
1683317340,+3.45,+10.652,+11.028,+0.945
1683317400,+3.46,+10.643,+11.016,+0.945
1683317460,+3.46,+10.643,+10.996,+0.945
1683317520,+3.46,+10.679,+10.976,+0.945
1683317580,+3.46,+10.679,+10.988,+0.945
1683317640,+3.46,+10.706,+10.983,+0.945
1683317700,+3.46,+10.661,+11.018,+0.945
1683317760,+3.45,+10.697,+11.012,+0.945
1683317820,+3.46,+10.688,+11.030,+0.945
1683317880,+3.46,+10.661,+11.050,+0.945
1683317940,+3.46,+10.761,+11.018,+0.945
1683318000,+3.46,+10.752,+11.026,+0.945
1683318060,+3.46,+10.743,+11.057,+0.945
1683318120,+3.46,+10.715,+11.093,+0.945
1683318180,+3.46,+10.770,+11.107,+0.945
1683318240,+3.45,+10.752,+11.121,+0.945
1683318300,+3.46,+10.706,+11.148,+0.945
1683318360,+3.45,+10.806,+11.124,+0.945
1683318420,+3.45,+10.815,+11.137,+0.945
1683318480,+3.45,+10.797,+11.171,+0.945
1683318540,+3.46,+10.806,+11.159,+0.945
1683318600,+3.45,+10.806,+11.142,+0.945
1683318660,+3.45,+10.788,+11.163,+0.946
1683318720,+3.46,+10.797,+11.143,+0.945
1683318780,+3.45,+10.806,+11.111,+0.945
1683318840,+3.46,+10.815,+11.061,+0.945
1683318900,+3.45,+10.761,+11.049,+0.945
1683318960,+3.45,+10.788,+11.025,+0.945
1683319020,+3.46,+10.797,+11.009,+0.944
1683319080,+3.46,+10.815,+10.994,+0.944
1683319140,+3.46,+10.824,+11.023,+0.945
1683319200,+3.45,+10.806,+11.032,+0.944
1683319260,+3.46,+10.878,+11.086,+0.945
1683319320,+3.45,+10.896,+11.129,+0.945
1683319380,+3.45,+10.941,+11.172,+0.945
1683319440,+3.45,+10.887,+11.171,+0.945
1683319500,+3.45,+10.896,+11.121,+0.944
1683319560,+3.45,+10.869,+11.103,+0.945
1683319620,+3.45,+10.905,+11.070,+0.945
1683319680,+3.45,+10.860,+11.071,+0.945
1683319740,+3.45,+10.878,+11.056,+0.945
1683319800,+3.46,+10.896,+11.048,+0.945
1683319860,+3.45,+10.869,+11.069,+0.945
1683319920,+3.45,+10.932,+11.038,+0.945
1683319980,+3.46,+10.878,+11.016,+0.945
1683320040,+3.45,+10.878,+10.972,+0.944
1683320100,+3.45,+10.797,+11.007,+0.945
1683320160,+3.45,+10.833,+10.981,+0.944
1683320220,+3.46,+10.806,+11.011,+0.945
1683320280,+3.45,+10.797,+11.036,+0.945
1683320340,+3.46,+10.842,+11.030,+0.944
1683320400,+3.45,+10.833,+11.079,+0.945
1683320460,+3.46,+10.806,+11.112,+0.945
1683320520,+3.45,+10.851,+11.112,+0.945
1683320580,+3.45,+10.851,+11.137,+0.945
1683320640,+3.45,+10.878,+11.143,+0.945
1683320700,+3.46,+10.788,+11.152,+0.945
1683320760,+3.46,+10.842,+11.165,+0.945
1683320820,+3.46,+10.779,+11.175,+0.945
1683320880,+3.45,+10.770,+11.143,+0.945
1683320940,+3.45,+10.752,+11.119,+0.944
1683321000,+3.46,+10.752,+11.123,+0.945
1683321060,+3.46,+10.761,+11.090,+0.944
1683321120,+3.46,+10.752,+11.099,+0.945
1683321180,+3.46,+10.752,+11.110,+0.945
1683321240,+3.46,+10.688,+11.165,+0.945
1683321300,+3.46,+10.743,+11.160,+0.945
1683321360,+3.46,+10.761,+11.147,+0.945
1683321420,+3.46,+10.779,+11.134,+0.945
1683321480,+3.45,+10.770,+11.133,+0.945
1683321540,+3.46,+10.715,+11.172,+0.945
1683321600,+3.46,+10.788,+11.137,+0.945
1683321660,+3.45,+10.797,+11.152,+0.945
1683321720,+3.46,+10.806,+11.157,+0.945
1683321780,+3.46,+10.878,+11.153,+0.945
1683321840,+3.45,+10.914,+11.149,+0.945
1683321900,+3.46,+10.932,+11.168,+0.945
1683321960,+3.45,+10.951,+11.158,+0.945
1683322020,+3.46,+10.951,+11.147,+0.945
1683322080,+3.45,+10.996,+11.129,+0.945
1683322140,+3.45,+11.041,+11.105,+0.945
1683322200,+3.46,+10.996,+11.136,+0.945
1683322260,+3.46,+11.077,+11.107,+0.945
1683322320,+3.45,+11.077,+11.111,+0.945
1683322380,+3.46,+11.113,+11.101,+0.945
1683322440,+3.46,+11.212,+11.075,+0.945
1683322500,+3.46,+11.131,+11.139,+0.946
1683322560,+3.45,+11.212,+11.102,+0.945
1683322620,+3.45,+11.194,+11.141,+0.945
1683322680,+3.45,+11.176,+11.152,+0.945
1683322740,+3.46,+11.284,+11.106,+0.945
1683322800,+3.46,+11.221,+11.127,+0.945
1683322860,+3.46,+11.302,+11.099,+0.945
1683322920,+3.46,+11.293,+11.115,+0.945
1683322980,+3.46,+11.329,+11.098,+0.946
1683323040,+3.46,+11.311,+11.104,+0.945
1683323100,+3.46,+11.320,+11.077,+0.945
1683323160,+3.46,+11.293,+11.078,+0.945
1683323220,+3.46,+11.365,+11.049,+0.945
1683323280,+3.46,+11.311,+11.066,+0.945
1683323340,+3.46,+11.329,+11.064,+0.945
1683323400,+3.46,+11.356,+11.057,+0.945
1683323460,+3.46,+11.320,+11.083,+0.945
1683323520,+3.46,+11.374,+11.073,+0.945
1683323580,+3.46,+11.383,+11.072,+0.945
1683323640,+3.46,+11.365,+11.099,+0.945
1683323700,+3.46,+11.409,+11.071,+0.945
1683323760,+3.46,+11.400,+11.057,+0.945
1683323820,+3.46,+11.409,+11.054,+0.945
1683323880,+3.46,+11.409,+11.074,+0.945
1683323940,+3.46,+11.454,+11.050,+0.945
1683324000,+3.46,+11.427,+11.070,+0.945
1683324060,+3.46,+11.445,+11.067,+0.945
1683324120,+3.46,+11.445,+11.062,+0.945
1683324180,+3.46,+11.427,+11.074,+0.945
1683324240,+3.46,+11.454,+11.055,+0.945
1683324300,+3.46,+11.454,+11.064,+0.945
1683324360,+3.46,+11.490,+11.054,+0.945
1683324420,+3.46,+11.508,+11.070,+0.945
1683324480,+3.46,+11.544,+11.088,+0.945
1683324540,+3.46,+11.580,+11.119,+0.946
1683324600,+3.46,+11.517,+11.137,+0.945
1683324660,+3.46,+11.553,+11.116,+0.945
1683324720,+3.46,+11.607,+11.087,+0.945
1683324780,+3.46,+11.660,+11.070,+0.945
1683324840,+3.46,+11.687,+11.104,+0.945
1683324900,+3.46,+11.803,+11.163,+0.946
1683324960,+3.46,+11.803,+11.179,+0.945
1683325020,+3.46,+11.839,+11.185,+0.945
1683325080,+3.46,+11.866,+11.185,+0.946
1683325140,+3.46,+11.857,+11.181,+0.945
1683325200,+3.46,+11.910,+11.143,+0.945
1683325260,+3.46,+11.919,+11.129,+0.945
1683325320,+3.46,+11.883,+11.125,+0.945
1683325380,+3.46,+11.919,+11.112,+0.945
1683325440,+3.46,+11.937,+11.114,+0.945
1683325500,+3.46,+11.955,+11.097,+0.945
1683325560,+3.46,+11.981,+11.093,+0.945
1683325620,+3.46,+11.972,+11.116,+0.945
1683325680,+3.45,+11.981,+11.109,+0.945
1683325740,+3.46,+12.026,+11.100,+0.945
1683325800,+3.45,+11.990,+11.109,+0.945
1683325860,+3.45,+12.008,+11.110,+0.945
1683325920,+3.46,+12.035,+11.107,+0.945
1683325980,+3.46,+12.026,+11.130,+0.945
1683326040,+3.46,+12.061,+11.100,+0.944
1683326100,+3.46,+12.053,+11.149,+0.946
1683326160,+3.46,+12.017,+11.171,+0.945
1683326220,+3.46,+12.115,+11.133,+0.945
1683326280,+3.46,+12.044,+11.174,+0.945
1683326340,+3.45,+12.106,+11.152,+0.945
1683326400,+3.46,+12.061,+11.165,+0.945
1683326460,+3.45,+12.088,+11.138,+0.945
1683326520,+3.46,+12.026,+11.159,+0.945
1683326580,+3.46,+12.017,+11.145,+0.945
1683326640,+3.46,+12.035,+11.115,+0.945
1683326700,+3.46,+12.079,+11.070,+0.944
1683326760,+3.46,+12.035,+11.093,+0.945
1683326820,+3.45,+12.106,+11.063,+0.945
1683326880,+3.46,+12.053,+11.099,+0.946
1683326940,+3.46,+12.061,+11.079,+0.945
1683327000,+3.46,+12.061,+11.076,+0.945
1683327060,+3.46,+12.070,+11.075,+0.945
1683327120,+3.46,+12.088,+11.065,+0.945
1683327180,+3.46,+12.079,+11.030,+0.945
1683327240,+3.45,+12.053,+10.933,+0.945
1683327300,+3.45,+12.017,+10.957,+0.945
1683327360,+3.46,+12.026,+11.088,+0.945
1683327420,+3.46,+11.964,+11.178,+0.945
1683327480,+3.46,+11.955,+11.179,+0.944
1683327540,+3.46,+11.919,+11.182,+0.945
1683327600,+3.46,+11.910,+11.040,+0.944
1683327660,+3.46,+11.848,+10.894,+0.944
1683327720,+3.46,+11.696,+10.902,+0.944
1683327780,+3.46,+11.642,+10.928,+0.944
1683327840,+3.46,+11.589,+10.879,+0.944
1683327900,+3.46,+11.499,+10.897,+0.944
1683327960,+3.46,+11.508,+10.891,+0.944
1683328020,+3.46,+11.436,+10.931,+0.945
1683328080,+3.46,+11.463,+10.908,+0.944
1683328140,+3.46,+11.356,+10.900,+0.944
1683328200,+3.46,+11.365,+10.922,+0.945
1683328260,+3.46,+11.257,+10.983,+0.944
1683328320,+3.46,+11.248,+11.021,+0.945
1683328380,+3.46,+11.176,+11.032,+0.944
1683328440,+3.46,+11.230,+11.012,+0.945
1683328500,+3.46,+11.158,+11.045,+0.945
1683328560,+3.46,+11.149,+11.045,+0.944
1683328620,+3.46,+11.140,+11.075,+0.945
1683328680,+3.46,+11.185,+11.064,+0.945
1683328740,+3.46,+11.194,+11.077,+0.945
1683328800,+3.46,+11.311,+11.062,+0.946
1683328860,+3.46,+11.383,+10.982,+0.945
1683328920,+3.46,+11.409,+10.972,+0.946
1683328980,+3.46,+11.418,+10.960,+0.945
1683329040,+3.46,+11.472,+10.946,+0.945
1683329100,+3.46,+11.526,+10.930,+0.945
1683329160,+3.46,+11.589,+10.916,+0.945
1683329220,+3.46,+11.615,+10.928,+0.945
1683329280,+3.46,+11.642,+10.947,+0.945
1683329340,+3.46,+11.687,+10.967,+0.945
1683329400,+3.46,+11.714,+10.982,+0.945
1683329460,+3.46,+11.714,+11.001,+0.945
1683329520,+3.46,+11.732,+11.016,+0.945
1683329580,+3.46,+11.821,+10.994,+0.945
1683329640,+3.46,+11.812,+11.029,+0.945
1683329700,+3.46,+11.892,+11.038,+0.945
1683329760,+3.46,+11.839,+11.077,+0.945
1683329820,+3.46,+11.883,+11.095,+0.945
1683329880,+3.46,+11.937,+11.112,+0.945
1683329940,+3.46,+11.964,+11.122,+0.945
1683330000,+3.46,+11.928,+11.133,+0.945
1683330060,+3.46,+11.955,+11.118,+0.945
1683330120,+3.46,+12.035,+11.090,+0.945
1683330180,+3.46,+11.999,+11.093,+0.945
1683330240,+3.46,+12.044,+11.061,+0.945
1683330300,+3.46,+12.044,+11.048,+0.945
1683330360,+3.46,+12.053,+11.026,+0.944
1683330420,+3.46,+12.026,+11.035,+0.945
1683330480,+3.46,+12.070,+11.002,+0.944
1683330540,+3.46,+12.053,+11.014,+0.945
1683330600,+3.46,+12.061,+10.983,+0.945
1683330660,+3.46,+11.999,+10.944,+0.945
1683330720,+3.46,+12.035,+10.906,+0.945
1683330780,+3.46,+12.035,+10.879,+0.945
1683330840,+3.46,+11.990,+10.892,+0.945
1683330900,+3.46,+12.035,+10.887,+0.945
1683330960,+3.46,+12.008,+10.942,+0.945
1683331020,+3.46,+11.990,+10.982,+0.945
1683331080,+3.46,+11.972,+10.993,+0.945
1683331140,+3.46,+12.035,+10.989,+0.945
1683331200,+3.46,+11.999,+11.007,+0.945
1683331260,+3.46,+12.035,+11.035,+0.945
1683331320,+3.46,+11.964,+11.025,+0.944
1683331380,+3.46,+11.937,+10.915,+0.945
1683331440,+3.46,+11.839,+10.926,+0.945
1683331500,+3.46,+11.874,+10.840,+0.944
1683331560,+3.46,+11.794,+10.905,+0.945
1683331620,+3.46,+11.732,+10.874,+0.944
1683331680,+3.46,+11.517,+10.900,+0.944
1683331740,+3.46,+11.409,+10.854,+0.944
1683331800,+3.46,+11.329,+10.875,+0.945
1683331860,+3.46,+11.293,+10.866,+0.944
1683331920,+3.46,+11.257,+10.890,+0.945
1683331980,+3.46,+11.230,+10.849,+0.944
1683332040,+3.46,+11.113,+10.741,+0.944
1683332100,+3.46,+10.932,+10.659,+0.944
1683332160,+3.46,+10.833,+10.671,+0.944
1683332220,+3.46,+10.833,+10.696,+0.944
1683332280,+3.46,+10.851,+10.673,+0.943
1683332340,+3.46,+10.887,+10.695,+0.945
1683332400,+3.46,+10.869,+10.703,+0.945
1683332460,+3.46,+10.896,+10.720,+0.944
1683332520,+3.46,+10.960,+10.767,+0.944
1683332580,+3.46,+11.050,+10.839,+0.945
1683332640,+3.46,+11.104,+10.905,+0.945
1683332700,+3.46,+11.239,+10.874,+0.945
1683332760,+3.46,+11.194,+10.875,+0.945
1683332820,+3.46,+11.158,+10.875,+0.945
1683332880,+3.46,+11.266,+10.832,+0.945
1683332940,+3.46,+11.293,+10.807,+0.945
1683333000,+3.46,+11.311,+10.835,+0.945
1683333060,+3.46,+11.365,+10.840,+0.944
1683333120,+3.46,+11.445,+10.867,+0.945
1683333180,+3.46,+11.499,+10.884,+0.945
1683333240,+3.46,+11.598,+10.874,+0.945
1683333300,+3.46,+11.544,+10.902,+0.945
1683333360,+3.46,+11.517,+10.876,+0.945
1683333420,+3.46,+11.508,+10.854,+0.945
1683333480,+3.46,+11.571,+10.898,+0.945
1683333540,+3.46,+11.678,+10.915,+0.945
1683333600,+3.46,+11.651,+10.954,+0.945
1683333660,+3.46,+11.660,+10.973,+0.945
1683333720,+3.46,+11.624,+11.018,+0.945
1683333780,+3.46,+11.696,+10.988,+0.945
1683333840,+3.46,+11.678,+11.012,+0.945
1683333900,+3.46,+11.660,+11.016,+0.945
1683333960,+3.46,+11.651,+11.010,+0.945
1683334020,+3.46,+11.544,+10.645,+0.943
1683334080,+3.46,+11.230,+10.436,+0.943
1683334140,+3.46,+10.996,+10.412,+0.943
1683334200,+3.46,+10.887,+10.450,+0.944
1683334260,+3.46,+10.960,+10.484,+0.944
1683334320,+3.46,+11.014,+10.527,+0.944
1683334380,+3.46,+11.095,+10.567,+0.945
1683334440,+3.46,+11.185,+10.620,+0.945
1683334500,+3.46,+11.266,+10.667,+0.944
1683334560,+3.46,+11.266,+10.737,+0.945
1683334620,+3.46,+11.347,+10.753,+0.945
1683334680,+3.46,+11.347,+10.829,+0.945
1683334740,+3.46,+11.454,+10.925,+0.945
1683334800,+3.46,+11.436,+10.900,+0.944
1683334860,+3.46,+11.167,+10.635,+0.944
1683334920,+3.46,+10.978,+10.488,+0.944
1683334980,+3.46,+10.824,+10.474,+0.944
1683335040,+3.46,+10.743,+10.479,+0.944
1683335100,+3.46,+10.770,+10.476,+0.944
1683335160,+3.46,+10.724,+10.490,+0.944
1683335220,+3.46,+10.743,+10.488,+0.944
1683335280,+3.46,+10.788,+10.507,+0.944
1683335340,+3.46,+10.905,+10.569,+0.945
1683335400,+3.46,+10.978,+10.585,+0.944
1683335460,+3.46,+11.113,+10.590,+0.945
1683335520,+3.46,+11.176,+10.660,+0.945
1683335580,+3.46,+11.275,+10.693,+0.945
1683335640,+3.46,+11.365,+10.726,+0.945
1683335700,+3.46,+11.463,+10.767,+0.945
1683335760,+3.46,+11.472,+10.807,+0.944
1683335820,+3.46,+11.490,+10.863,+0.945
1683335880,+3.46,+11.535,+10.870,+0.945
1683335940,+3.46,+11.651,+10.862,+0.945
1683336000,+3.46,+11.705,+10.849,+0.945
1683336060,+3.46,+11.678,+10.879,+0.945
1683336120,+3.46,+11.767,+10.851,+0.945
1683336180,+3.46,+11.776,+10.854,+0.945
1683336240,+3.46,+11.812,+10.866,+0.945
1683336300,+3.46,+11.883,+10.852,+0.945
1683336360,+3.46,+11.955,+10.848,+0.945
1683336420,+3.46,+11.946,+10.887,+0.946
1683336480,+3.46,+11.857,+10.461,+0.942
1683336540,+3.46,+11.347,+10.313,+0.944
1683336600,+3.46,+11.293,+10.422,+0.944
1683336660,+3.46,+11.418,+10.508,+0.944
1683336720,+3.46,+11.508,+10.564,+0.944
1683336780,+3.46,+11.607,+10.664,+0.945
1683336840,+3.46,+11.696,+10.700,+0.945
1683336900,+3.46,+11.750,+10.754,+0.945
1683336960,+3.46,+11.785,+10.790,+0.945
1683337020,+3.46,+11.892,+10.793,+0.945
1683337080,+3.46,+11.830,+10.857,+0.945
1683337140,+3.46,+11.857,+10.881,+0.945
1683337200,+3.46,+11.830,+10.917,+0.945
1683337260,+3.46,+11.883,+10.910,+0.945
1683337320,+3.46,+11.874,+10.930,+0.945
1683337380,+3.46,+11.901,+10.934,+0.945
1683337440,+3.46,+11.892,+10.935,+0.945
1683337500,+3.46,+11.883,+10.930,+0.945
1683337560,+3.46,+11.839,+10.891,+0.945
1683337620,+3.46,+11.535,+10.594,+0.944
1683337680,+3.46,+11.409,+10.563,+0.944
1683337740,+3.46,+11.445,+10.561,+0.944
1683337800,+3.46,+11.499,+10.591,+0.944
1683337860,+3.46,+11.615,+10.596,+0.945
1683337920,+3.46,+11.463,+10.552,+0.944
1683337980,+3.46,+11.374,+10.545,+0.944
1683338040,+3.46,+11.374,+10.515,+0.944
1683338100,+3.46,+11.311,+10.550,+0.944
1683338160,+3.46,+11.338,+10.568,+0.945
1683338220,+3.46,+11.391,+10.651,+0.944
1683338280,+3.46,+11.535,+10.911,+0.945
1683338340,+3.46,+11.580,+10.957,+0.945
1683338400,+3.46,+11.642,+10.932,+0.945
1683338460,+3.46,+11.651,+10.938,+0.945
1683338520,+3.46,+11.651,+10.925,+0.945
1683338580,+3.46,+11.687,+10.919,+0.945
1683338640,+3.46,+11.741,+10.911,+0.945
1683338700,+3.46,+11.723,+10.936,+0.945
1683338760,+3.46,+11.750,+10.910,+0.944
1683338820,+3.46,+11.723,+10.948,+0.945
1683338880,+3.46,+11.758,+10.925,+0.945
1683338940,+3.46,+11.750,+10.931,+0.945
1683339000,+3.46,+11.794,+10.907,+0.945
1683339060,+3.46,+11.803,+10.895,+0.945
1683339120,+3.46,+11.750,+10.926,+0.945
1683339180,+3.46,+11.758,+10.918,+0.945
1683339240,+3.46,+11.785,+10.920,+0.945
1683339300,+3.46,+11.803,+10.902,+0.945
1683339360,+3.46,+11.874,+10.876,+0.945
1683339420,+3.46,+11.839,+10.879,+0.945
1683339480,+3.46,+11.848,+10.863,+0.945
1683339540,+3.46,+11.848,+10.869,+0.945
1683339600,+3.46,+11.874,+10.826,+0.944
1683339660,+3.46,+11.857,+10.819,+0.945
1683339720,+3.46,+11.848,+10.792,+0.944
1683339780,+3.46,+11.848,+10.787,+0.945
1683339840,+3.46,+11.901,+10.758,+0.945
1683339900,+3.46,+11.892,+10.738,+0.945
1683339960,+3.46,+11.937,+10.690,+0.944
1683340020,+3.46,+11.955,+10.687,+0.944
1683340080,+3.46,+11.964,+10.692,+0.945
1683340140,+3.46,+11.937,+10.706,+0.945
1683340200,+3.46,+11.972,+10.702,+0.944
1683340260,+3.46,+11.964,+10.721,+0.945
1683340320,+3.46,+12.026,+10.716,+0.945
1683340380,+3.46,+12.044,+10.730,+0.945
1683340440,+3.46,+12.061,+10.722,+0.944
1683340500,+3.46,+12.017,+10.673,+0.944
1683340560,+3.46,+11.964,+10.649,+0.944
1683340620,+3.46,+11.955,+10.619,+0.944
1683340680,+3.46,+12.017,+10.565,+0.944
1683340740,+3.46,+12.008,+10.584,+0.944
1683340800,+3.46,+12.061,+10.569,+0.944
1683340860,+3.46,+12.035,+10.578,+0.944
1683340920,+3.46,+12.070,+10.573,+0.944
1683340980,+3.46,+12.097,+10.578,+0.944
1683341040,+3.46,+12.115,+10.603,+0.945
1683341100,+3.46,+12.097,+10.636,+0.944
1683341160,+3.46,+12.053,+10.602,+0.944
1683341220,+3.46,+12.097,+10.589,+0.944
1683341280,+3.46,+12.035,+10.590,+0.944
1683341340,+3.46,+12.044,+10.565,+0.944
1683341400,+3.46,+11.964,+10.638,+0.944
1683341460,+3.46,+11.972,+10.640,+0.944
1683341520,+3.46,+11.910,+10.585,+0.944
1683341580,+3.46,+11.812,+10.615,+0.944
1683341640,+3.46,+11.714,+10.611,+0.944
1683341700,+3.46,+11.821,+10.775,+0.945
1683341760,+3.46,+11.839,+10.847,+0.945
1683341820,+3.46,+11.874,+10.836,+0.945
1683341880,+3.46,+11.857,+10.812,+0.945
1683341940,+3.46,+11.848,+10.779,+0.945
1683342000,+3.46,+11.803,+10.847,+0.945
1683342060,+3.46,+11.928,+10.820,+0.944
1683342120,+3.46,+11.866,+10.892,+0.945
1683342180,+3.46,+11.901,+10.727,+0.944
1683342240,+3.46,+11.499,+10.421,+0.943
1683342300,+3.46,+11.176,+10.501,+0.944
1683342360,+3.46,+11.203,+10.567,+0.944
1683342420,+3.46,+11.248,+10.617,+0.944
1683342480,+3.46,+11.409,+10.670,+0.944
1683342540,+3.46,+11.356,+10.687,+0.944
1683342600,+3.46,+11.383,+10.690,+0.944
1683342660,+3.46,+11.454,+10.690,+0.944
1683342720,+3.46,+11.517,+10.730,+0.945
1683342780,+3.46,+11.544,+10.768,+0.945
1683342840,+3.46,+11.696,+10.874,+0.945
1683342900,+3.46,+11.714,+11.018,+0.945
1683342960,+3.46,+11.794,+11.045,+0.945
1683343020,+3.46,+11.785,+11.082,+0.945
1683343080,+3.46,+11.741,+11.079,+0.945
1683343140,+3.46,+11.741,+11.046,+0.944
1683343200,+3.46,+11.830,+11.048,+0.945
1683343260,+3.46,+11.839,+11.090,+0.945
1683343320,+3.46,+11.794,+10.992,+0.945
1683343380,+3.46,+11.660,+10.905,+0.945
1683343440,+3.46,+11.481,+10.376,+0.943
1683343500,+3.46,+11.077,+10.345,+0.943
1683343560,+3.46,+10.860,+10.379,+0.944
1683343620,+3.46,+10.752,+10.399,+0.944
1683343680,+3.46,+10.688,+10.410,+0.944
1683343740,+3.46,+10.579,+10.439,+0.944
1683343800,+3.46,+10.579,+10.471,+0.945
1683343860,+3.46,+10.607,+10.446,+0.944
1683343920,+3.46,+10.607,+10.466,+0.944
1683343980,+3.46,+10.552,+10.502,+0.944
1683344040,+3.46,+10.589,+10.497,+0.944
1683344100,+3.46,+10.652,+10.460,+0.944
1683344160,+3.46,+10.598,+10.502,+0.945
1683344220,+3.46,+10.661,+10.495,+0.945
1683344280,+3.46,+10.715,+10.520,+0.945
1683344340,+3.46,+10.851,+10.528,+0.945
1683344400,+3.46,+10.969,+10.550,+0.944
1683344460,+3.46,+11.095,+10.574,+0.945
1683344520,+3.46,+11.167,+10.635,+0.945
1683344580,+3.46,+11.320,+10.693,+0.945
1683344640,+3.46,+11.212,+10.696,+0.945
1683344700,+3.46,+11.221,+10.578,+0.944
1683344760,+3.46,+11.122,+10.552,+0.944
1683344820,+3.46,+11.023,+10.493,+0.944
1683344880,+3.46,+10.951,+10.465,+0.945
1683344940,+3.46,+10.905,+10.458,+0.944
1683345000,+3.46,+10.878,+10.486,+0.944
1683345060,+3.46,+10.951,+10.478,+0.944
1683345120,+3.46,+11.140,+10.485,+0.944
1683345180,+3.46,+11.275,+10.541,+0.945
1683345240,+3.46,+11.418,+10.594,+0.945
1683345300,+3.46,+11.517,+10.665,+0.945
1683345360,+3.46,+11.669,+10.675,+0.945
1683345420,+3.46,+11.705,+10.717,+0.945
1683345480,+3.46,+11.490,+10.448,+0.943
1683345540,+3.46,+11.311,+10.411,+0.944
1683345600,+3.46,+11.445,+10.468,+0.944
1683345660,+3.46,+11.517,+10.505,+0.944
1683345720,+3.46,+11.553,+10.654,+0.945
1683345780,+3.46,+11.374,+10.293,+0.943
1683345840,+3.46,+10.896,+10.234,+0.943
1683345900,+3.46,+10.688,+10.338,+0.944
1683345960,+3.46,+10.552,+10.349,+0.943
1683346020,+3.46,+10.434,+10.374,+0.944
1683346080,+3.46,+10.334,+10.431,+0.944
1683346140,+3.46,+10.398,+10.430,+0.944
1683346200,+3.46,+10.343,+10.462,+0.945
1683346260,+3.46,+10.534,+10.518,+0.945
1683346320,+3.46,+10.743,+10.494,+0.945
1683346380,+3.46,+10.960,+10.580,+0.945
1683346440,+3.46,+11.086,+10.638,+0.945
1683346500,+3.46,+11.194,+10.658,+0.945
1683346560,+3.46,+11.230,+10.706,+0.945
1683346620,+3.46,+11.329,+10.687,+0.945
1683346680,+3.46,+11.544,+10.663,+0.945
1683346740,+3.46,+11.544,+10.702,+0.945
1683346800,+3.46,+11.571,+10.708,+0.945
1683346860,+3.46,+11.687,+10.700,+0.945
1683346920,+3.46,+11.580,+10.753,+0.945
1683346980,+3.46,+11.678,+10.792,+0.945
1683347040,+3.46,+11.750,+10.830,+0.945
1683347100,+3.46,+11.794,+10.876,+0.945
1683347160,+3.46,+11.741,+10.926,+0.945
1683347220,+3.46,+11.803,+10.905,+0.945
1683347280,+3.46,+11.803,+10.931,+0.945
1683347340,+3.46,+11.839,+10.899,+0.945
1683347400,+3.46,+11.857,+10.871,+0.945
1683347460,+3.46,+11.812,+10.870,+0.945
1683347520,+3.46,+11.785,+10.882,+0.945
1683347580,+3.46,+11.615,+10.476,+0.943
1683347640,+3.46,+11.122,+10.339,+0.943
1683347700,+3.46,+10.842,+10.408,+0.943
1683347760,+3.46,+10.752,+10.480,+0.944
1683347820,+3.46,+10.969,+10.589,+0.944
1683347880,+3.46,+11.149,+10.600,+0.944
1683347940,+3.46,+11.203,+10.622,+0.945
1683348000,+3.46,+11.230,+10.680,+0.944
1683348060,+3.46,+11.356,+10.761,+0.945
1683348120,+3.46,+11.463,+10.803,+0.945
1683348180,+3.46,+11.571,+10.843,+0.945
1683348240,+3.46,+11.660,+10.821,+0.945
1683348300,+3.46,+11.758,+10.847,+0.945
1683348360,+3.46,+11.857,+10.849,+0.945
1683348420,+3.46,+11.785,+10.898,+0.945
1683348480,+3.46,+11.857,+10.892,+0.945
1683348540,+3.46,+11.883,+10.988,+0.946
1683348600,+3.46,+11.901,+11.000,+0.945
1683348660,+3.46,+11.633,+10.439,+0.943
1683348720,+3.46,+11.320,+10.152,+0.942
1683348780,+3.46,+10.905,+10.236,+0.943
1683348840,+3.46,+10.734,+10.272,+0.943
1683348900,+3.46,+10.670,+10.352,+0.943
1683348960,+3.46,+10.598,+10.335,+0.943
1683349020,+3.46,+10.498,+10.369,+0.944
1683349080,+3.46,+10.443,+10.382,+0.944
1683349140,+3.46,+10.343,+10.407,+0.944
1683349200,+3.46,+10.279,+10.450,+0.944
1683349260,+3.46,+10.298,+10.442,+0.944
1683349320,+3.46,+10.316,+10.455,+0.945
1683349380,+3.46,+10.334,+10.451,+0.944
1683349440,+3.46,+10.398,+10.458,+0.944
1683349500,+3.46,+10.407,+10.481,+0.944
1683349560,+3.46,+10.443,+10.485,+0.944
1683349620,+3.46,+10.543,+10.464,+0.944
1683349680,+3.46,+10.579,+10.474,+0.944
1683349740,+3.46,+10.589,+10.498,+0.945
1683349800,+3.46,+10.679,+10.504,+0.945
1683349860,+3.46,+10.697,+10.506,+0.945
1683349920,+3.46,+10.761,+10.496,+0.944
1683349980,+3.46,+10.815,+10.496,+0.944
1683350040,+3.46,+10.815,+10.519,+0.945
1683350100,+3.46,+10.842,+10.534,+0.945
1683350160,+3.46,+10.896,+10.531,+0.945
1683350220,+3.46,+10.779,+10.373,+0.943
1683350280,+3.46,+10.570,+10.419,+0.944
1683350340,+3.46,+10.461,+10.418,+0.944
1683350400,+3.46,+10.461,+10.411,+0.944
1683350460,+3.46,+10.516,+10.387,+0.944
1683350520,+3.46,+10.480,+10.407,+0.944
1683350580,+3.46,+10.543,+10.393,+0.944
1683350640,+3.46,+10.452,+10.446,+0.944
1683350700,+3.46,+10.416,+10.460,+0.944
1683350760,+3.46,+10.434,+10.439,+0.944
1683350820,+3.46,+10.389,+10.453,+0.944
1683350880,+3.46,+10.370,+10.448,+0.944
1683350940,+3.46,+10.325,+10.453,+0.944
1683351000,+3.46,+10.380,+10.405,+0.944
1683351060,+3.46,+10.225,+10.466,+0.944
1683351120,+3.46,+10.188,+10.525,+0.944
1683351180,+3.46,+10.197,+10.590,+0.944
1683351240,+3.46,+10.143,+10.634,+0.944
1683351300,+3.46,+10.152,+10.643,+0.945
1683351360,+3.46,+10.161,+10.624,+0.944
1683351420,+3.46,+10.170,+10.617,+0.944
1683351480,+3.46,+10.179,+10.609,+0.945
1683351540,+3.46,+10.115,+10.623,+0.945
1683351600,+3.46,+10.143,+10.597,+0.944
1683351660,+3.46,+10.133,+10.592,+0.944
1683351720,+3.46,+10.143,+10.576,+0.945
1683351780,+3.46,+10.106,+10.595,+0.945
1683351840,+3.46,+10.115,+10.580,+0.945
1683351900,+3.46,+10.124,+10.572,+0.945
1683351960,+3.46,+10.152,+10.551,+0.945
1683352020,+3.46,+10.234,+10.521,+0.945
1683352080,+3.46,+10.234,+10.514,+0.945
1683352140,+3.46,+10.307,+10.486,+0.945
1683352200,+3.46,+10.352,+10.449,+0.945
1683352260,+3.46,+10.316,+10.409,+0.944
1683352320,+3.46,+10.288,+10.421,+0.945
1683352380,+3.46,+10.279,+10.464,+0.945
1683352440,+3.46,+10.279,+10.482,+0.944
1683352500,+3.46,+10.152,+10.540,+0.945
1683352560,+3.46,+10.161,+10.589,+0.944
1683352620,+3.46,+10.069,+10.774,+0.945
1683352680,+3.46,+10.097,+10.851,+0.945
1683352740,+3.46,+10.088,+10.791,+0.945
1683352800,+3.46,+10.015,+10.794,+0.945
1683352860,+3.46,+10.115,+10.720,+0.945
1683352920,+3.46,+10.069,+10.694,+0.944
1683352980,+3.46,+10.024,+10.697,+0.944
1683353040,+3.46,+10.033,+10.708,+0.945
1683353100,+3.46,+10.051,+10.713,+0.945
1683353160,+3.46,+10.042,+10.729,+0.945
1683353220,+3.46,+10.024,+10.747,+0.945
1683353280,+3.46,+10.005,+10.764,+0.945
1683353340,+3.46,+10.088,+10.728,+0.945
1683353400,+3.46, +9.969,+10.778,+0.945
1683353460,+3.46,+10.060,+10.747,+0.945
1683353520,+3.46,+10.088,+10.751,+0.945
1683353580,+3.46,+10.069,+10.801,+0.945
1683353640,+3.46,+10.033,+10.845,+0.945
1683353700,+3.46, +9.996,+10.886,+0.945
1683353760,+3.46, +9.932,+10.944,+0.945
1683353820,+3.46,+10.015,+10.907,+0.945
1683353880,+3.46, +9.960,+10.944,+0.945
1683353940,+3.46,+10.024,+10.917,+0.945
1683354000,+3.46,+10.069,+10.893,+0.945
1683354060,+3.46,+10.024,+10.899,+0.945
1683354120,+3.46, +9.932,+10.911,+0.944
1683354180,+3.46, +9.996,+10.882,+0.945
1683354240,+3.46, +9.950,+10.898,+0.945
1683354300,+3.46, +9.978,+10.880,+0.945
1683354360,+3.46, +9.960,+10.862,+0.945
1683354420,+3.46,+10.033,+10.831,+0.945
1683354480,+3.46,+10.015,+10.798,+0.945
1683354540,+3.46, +9.987,+10.763,+0.944
1683354600,+3.46, +9.987,+10.720,+0.945
1683354660,+3.46, +9.941,+10.710,+0.945
1683354720,+3.46, +9.987,+10.680,+0.945
1683354780,+3.46, +9.996,+10.663,+0.944
1683354840,+3.46,+10.024,+10.657,+0.945
1683354900,+3.46, +9.960,+10.678,+0.945
1683354960,+3.46, +9.941,+10.676,+0.945
1683355020,+3.46, +9.960,+10.650,+0.945
1683355080,+3.46, +9.914,+10.597,+0.945
1683355140,+3.46, +9.914,+10.576,+0.945
1683355200,+3.46, +9.914,+10.559,+0.944
1683355260,+3.46, +9.914,+10.560,+0.945
1683355320,+3.46, +9.886,+10.590,+0.945
1683355380,+3.46, +9.868,+10.629,+0.944
1683355440,+3.46, +9.850,+10.662,+0.945
1683355500,+3.46, +9.868,+10.654,+0.945
1683355560,+3.46, +9.886,+10.652,+0.944
1683355620,+3.46, +9.886,+10.656,+0.945
1683355680,+3.46, +9.859,+10.674,+0.945
1683355740,+3.46, +9.840,+10.657,+0.945
1683355800,+3.46, +9.895,+10.626,+0.944
1683355860,+3.46, +9.905,+10.617,+0.944
1683355920,+3.46, +9.914,+10.622,+0.945
1683355980,+3.46, +9.877,+10.630,+0.945
1683356040,+3.46, +9.886,+10.637,+0.945
1683356100,+3.46, +9.895,+10.640,+0.945
1683356160,+3.46, +9.923,+10.617,+0.945
1683356220,+3.46, +9.877,+10.636,+0.945
1683356280,+3.46, +9.932,+10.598,+0.944
1683356340,+3.46, +9.877,+10.629,+0.945
1683356400,+3.46, +9.932,+10.590,+0.944
1683356460,+3.46, +9.932,+10.599,+0.945
1683356520,+3.46, +9.905,+10.637,+0.945
1683356580,+3.46, +9.960,+10.623,+0.945
1683356640,+3.46, +9.868,+10.654,+0.945
1683356700,+3.46, +9.923,+10.627,+0.945
1683356760,+3.46, +9.877,+10.635,+0.945
1683356820,+3.46, +9.950,+10.600,+0.945
1683356880,+3.46, +9.932,+10.606,+0.945
1683356940,+3.46, +9.932,+10.607,+0.945
1683357000,+3.46, +9.923,+10.603,+0.945
1683357060,+3.46, +9.960,+10.580,+0.945
1683357120,+3.46, +9.960,+10.580,+0.945
1683357180,+3.46, +9.914,+10.588,+0.945
1683357240,+3.46, +9.987,+10.558,+0.945
1683357300,+3.46,+10.042,+10.530,+0.945
1683357360,+3.46, +9.932,+10.575,+0.945
1683357420,+3.46, +9.987,+10.534,+0.944
1683357480,+3.46, +9.914,+10.572,+0.944
1683357540,+3.46,+10.024,+10.559,+0.945
1683357600,+3.46, +9.950,+10.602,+0.945
1683357660,+3.46, +9.895,+10.627,+0.945
1683357720,+3.46, +9.950,+10.610,+0.945
1683357780,+3.46, +9.877,+10.635,+0.945
1683357840,+3.46, +9.859,+10.622,+0.945
1683357900,+3.46, +9.914,+10.622,+0.944
1683357960,+3.46, +9.905,+10.643,+0.945
1683358020,+3.46, +9.923,+10.639,+0.945
1683358080,+3.46, +9.895,+10.672,+0.945
1683358140,+3.46, +9.895,+10.662,+0.945
1683358200,+3.46, +9.895,+10.655,+0.945
1683358260,+3.46, +9.886,+10.643,+0.944
1683358320,+3.46, +9.905,+10.630,+0.944
1683358380,+3.46, +9.914,+10.610,+0.945
1683358440,+3.46, +9.877,+10.604,+0.945
1683358500,+3.46, +9.914,+10.589,+0.945
1683358560,+3.46, +9.895,+10.581,+0.944
1683358620,+3.46, +9.905,+10.586,+0.945
1683358680,+3.46, +9.932,+10.579,+0.944
1683358740,+3.46, +9.905,+10.587,+0.945
1683358800,+3.46, +9.895,+10.606,+0.945
1683358860,+3.46, +9.850,+10.631,+0.945
1683358920,+3.46, +9.804,+10.662,+0.944
1683358980,+3.46, +9.813,+10.705,+0.945
1683359040,+3.46, +9.813,+10.731,+0.945
1683359100,+3.46, +9.785,+10.740,+0.944
1683359160,+3.46, +9.785,+10.773,+0.945
1683359220,+3.46, +9.758,+10.787,+0.945
1683359280,+3.46, +9.721,+10.813,+0.945
1683359340,+3.46, +9.712,+10.816,+0.945
1683359400,+3.46, +9.730,+10.806,+0.944
1683359460,+3.46, +9.712,+10.819,+0.945
1683359520,+3.46, +9.785,+10.792,+0.945
1683359580,+3.46, +9.730,+10.813,+0.944
1683359640,+3.46, +9.758,+10.799,+0.944
1683359700,+3.46, +9.703,+10.831,+0.945
1683359760,+3.46, +9.730,+10.810,+0.945
1683359820,+3.46, +9.721,+10.790,+0.945
1683359880,+3.46, +9.758,+10.781,+0.945
1683359940,+3.46, +9.767,+10.772,+0.945
1683360000,+3.46, +9.749,+10.776,+0.944
1683360060,+3.46, +9.730,+10.789,+0.945
1683360120,+3.46, +9.730,+10.799,+0.945
1683360180,+3.46, +9.703,+10.805,+0.945
1683360240,+3.46, +9.749,+10.773,+0.945
1683360300,+3.46, +9.749,+10.769,+0.945
1683360360,+3.46, +9.730,+10.777,+0.945
1683360420,+3.46, +9.758,+10.756,+0.945
1683360480,+3.46, +9.712,+10.782,+0.945
1683360540,+3.46, +9.758,+10.763,+0.945
1683360600,+3.46, +9.895,+10.705,+0.945
1683360660,+3.46, +9.859,+10.704,+0.945
1683360720,+3.46, +9.895,+10.681,+0.945
1683360780,+3.46, +9.895,+10.668,+0.945
1683360840,+3.46, +9.941,+10.630,+0.945
1683360900,+3.46, +9.877,+10.664,+0.945
1683360960,+3.46, +9.813,+10.696,+0.945
1683361020,+3.46, +9.840,+10.710,+0.945
1683361080,+3.46, +9.850,+10.702,+0.945
1683361140,+3.46, +9.877,+10.686,+0.945
1683361200,+3.46, +9.776,+10.724,+0.945
1683361260,+3.46, +9.850,+10.677,+0.944
1683361320,+3.46, +9.859,+10.676,+0.945
1683361380,+3.46, +9.859,+10.670,+0.945
1683361440,+3.46, +9.886,+10.654,+0.945
1683361500,+3.46, +9.941,+10.625,+0.945
1683361560,+3.46, +9.877,+10.648,+0.945
1683361620,+3.46, +9.950,+10.622,+0.945
1683361680,+3.46, +9.886,+10.652,+0.945
1683361740,+3.46, +9.960,+10.618,+0.945
1683361800,+3.46, +9.895,+10.630,+0.944
1683361860,+3.46, +9.932,+10.621,+0.945
1683361920,+3.46, +9.923,+10.621,+0.945
1683361980,+3.46, +9.932,+10.623,+0.944
1683362040,+3.46, +9.960,+10.626,+0.945
1683362100,+3.46, +9.932,+10.642,+0.945
1683362160,+3.46, +9.932,+10.644,+0.945
1683362220,+3.46, +9.895,+10.664,+0.945
1683362280,+3.46, +9.996,+10.631,+0.945
1683362340,+3.46, +9.978,+10.645,+0.945
1683362400,+3.46,+10.005,+10.633,+0.945
1683362460,+3.46, +9.996,+10.647,+0.945
1683362520,+3.46, +9.996,+10.655,+0.945
1683362580,+3.46,+10.060,+10.636,+0.944
1683362640,+3.46,+10.060,+10.656,+0.945
1683362700,+3.46,+10.015,+10.656,+0.944
1683362760,+3.46, +9.960,+10.671,+0.945
1683362820,+3.46, +9.969,+10.660,+0.944
1683362880,+3.46, +9.978,+10.655,+0.944
1683362940,+3.46,+10.015,+10.632,+0.944
1683363000,+3.46, +9.969,+10.647,+0.945
1683363060,+3.46,+10.005,+10.624,+0.945
1683363120,+3.46, +9.996,+10.633,+0.945
1683363180,+3.46,+10.033,+10.631,+0.944
1683363240,+3.46,+10.042,+10.646,+0.945
1683363300,+3.46,+10.005,+10.670,+0.945
1683363360,+3.46,+10.015,+10.661,+0.945
1683363420,+3.46,+10.024,+10.655,+0.945
1683363480,+3.46,+10.060,+10.646,+0.945
1683363540,+3.46, +9.987,+10.692,+0.945
1683363600,+3.46,+10.033,+10.694,+0.944
1683363660,+3.46, +9.996,+10.711,+0.945
1683363720,+3.46,+10.015,+10.696,+0.945
1683363780,+3.46,+10.060,+10.671,+0.945
1683363840,+3.46, +9.996,+10.685,+0.944
1683363900,+3.46, +9.996,+10.688,+0.945
1683363960,+3.46, +9.978,+10.701,+0.945
1683364020,+3.46, +9.969,+10.699,+0.945
1683364080,+3.46,+10.015,+10.691,+0.945
1683364140,+3.46,+10.005,+10.703,+0.945
1683364200,+3.46,+10.060,+10.669,+0.944
1683364260,+3.46,+10.060,+10.683,+0.945
1683364320,+3.46, +9.996,+10.709,+0.945
1683364380,+3.46, +9.996,+10.712,+0.945
1683364440,+3.46,+10.005,+10.705,+0.945
1683364500,+3.46, +9.960,+10.718,+0.945
1683364560,+3.46,+10.005,+10.693,+0.944
1683364620,+3.45, +9.960,+10.720,+0.945
1683364680,+3.46, +9.941,+10.735,+0.945
1683364740,+3.46, +9.996,+10.731,+0.945
1683364800,+3.46, +9.987,+10.730,+0.945
1683364860,+3.46, +9.996,+10.714,+0.945
1683364920,+3.46, +9.987,+10.723,+0.945
1683364980,+3.46, +9.941,+10.735,+0.944
1683365040,+3.46, +9.886,+10.762,+0.945
1683365100,+3.46, +9.923,+10.757,+0.945
1683365160,+3.46, +9.923,+10.749,+0.945
1683365220,+3.46, +9.886,+10.763,+0.944
1683365280,+3.46, +9.868,+10.788,+0.945
1683365340,+3.46, +9.850,+10.780,+0.945
1683365400,+3.46, +9.868,+10.778,+0.945
1683365460,+3.46, +9.813,+10.805,+0.945
1683365520,+3.46, +9.795,+10.806,+0.945
1683365580,+3.46, +9.868,+10.779,+0.945
1683365640,+3.46, +9.978,+10.755,+0.945
1683365700,+3.46,+10.005,+10.778,+0.945
1683365760,+3.46,+10.060,+10.767,+0.945
1683365820,+3.46,+10.060,+10.756,+0.945
1683365880,+3.46,+10.197,+10.706,+0.945
1683365940,+3.46,+10.206,+10.691,+0.945
1683366000,+3.46,+10.216,+10.726,+0.945
1683366060,+3.46,+10.279,+10.734,+0.945
1683366120,+3.46,+10.361,+10.703,+0.945
1683366180,+3.46,+10.252,+10.752,+0.945
1683366240,+3.46,+10.234,+10.733,+0.944
1683366300,+3.46,+10.133,+10.743,+0.945
1683366360,+3.46,+10.060,+10.762,+0.945
1683366420,+3.46, +9.996,+10.729,+0.944
1683366480,+3.46,+10.060,+10.691,+0.945
1683366540,+3.46, +9.996,+10.700,+0.944
1683366600,+3.46, +9.969,+10.708,+0.944
1683366660,+3.46, +9.987,+10.725,+0.945
1683366720,+3.46, +9.914,+10.749,+0.945
1683366780,+3.46, +9.987,+10.713,+0.945
1683366840,+3.46, +9.950,+10.735,+0.945
1683366900,+3.46, +9.960,+10.729,+0.945
1683366960,+3.46, +9.905,+10.738,+0.945
1683367020,+3.45, +9.996,+10.695,+0.944
1683367080,+3.46, +9.923,+10.730,+0.944
1683367140,+3.46, +9.941,+10.761,+0.945
1683367200,+3.46, +9.941,+10.785,+0.945
1683367260,+3.46, +9.978,+10.782,+0.945
1683367320,+3.46, +9.978,+10.781,+0.945
1683367380,+3.46, +9.969,+10.786,+0.945
1683367440,+3.46, +9.987,+10.767,+0.945
1683367500,+3.46, +9.895,+10.801,+0.945
1683367560,+3.46, +9.950,+10.785,+0.945
1683367620,+3.46,+10.042,+10.737,+0.944
1683367680,+3.46, +9.987,+10.770,+0.945
1683367740,+3.46, +9.978,+10.789,+0.945
1683367800,+3.46, +9.987,+10.777,+0.945
1683367860,+3.46,+10.051,+10.778,+0.945
1683367920,+3.46,+10.042,+10.791,+0.945
1683367980,+3.46,+10.005,+10.824,+0.945
1683368040,+3.46,+10.051,+10.812,+0.945
1683368100,+3.46,+10.106,+10.806,+0.945
1683368160,+3.46,+10.060,+10.836,+0.945
1683368220,+3.46,+10.115,+10.819,+0.945
1683368280,+3.46,+10.106,+10.852,+0.945
1683368340,+3.46,+10.143,+10.894,+0.945
1683368400,+3.46,+10.115,+10.925,+0.945
1683368460,+3.46,+10.170,+10.916,+0.945
1683368520,+3.46,+10.234,+10.890,+0.944
1683368580,+3.46,+10.298,+10.926,+0.945
1683368640,+3.46,+10.425,+11.044,+0.946
1683368700,+3.46,+10.715,+11.096,+0.946
1683368760,+3.46,+10.851,+11.089,+0.946
1683368820,+3.46,+10.860,+11.013,+0.945
1683368880,+3.46,+10.797,+11.013,+0.946
1683368940,+3.46,+10.842,+10.925,+0.945
1683369000,+3.46,+10.779,+10.902,+0.945
1683369060,+3.46,+10.806,+10.857,+0.945
1683369120,+3.46,+10.724,+10.850,+0.944
1683369180,+3.46,+10.652,+10.856,+0.944
1683369240,+3.46,+10.616,+10.853,+0.944
1683369300,+3.46,+10.598,+10.873,+0.944
1683369360,+3.46,+10.516,+10.913,+0.944
1683369420,+3.46,+10.470,+10.906,+0.945
1683369480,+3.46,+10.416,+10.909,+0.944
1683369540,+3.46,+10.461,+10.906,+0.945
1683369600,+3.46,+10.434,+10.884,+0.944
1683369660,+3.46,+10.461,+10.854,+0.944
1683369720,+3.46,+10.443,+10.876,+0.945
1683369780,+3.46,+10.407,+10.883,+0.945
1683369840,+3.46,+10.434,+10.874,+0.945
1683369900,+3.46,+10.443,+10.863,+0.944
1683369960,+3.46,+10.389,+10.887,+0.944
1683370020,+3.46,+10.443,+10.865,+0.945
1683370080,+3.46,+10.461,+10.855,+0.945
1683370140,+3.46,+10.398,+10.871,+0.944
1683370200,+3.46,+10.398,+10.874,+0.944
1683370260,+3.46,+10.389,+10.888,+0.945
1683370320,+3.46,+10.416,+10.864,+0.945
1683370380,+3.46,+10.407,+10.910,+0.945
1683370440,+3.46,+10.407,+10.950,+0.944
1683370500,+3.46,+10.325,+11.031,+0.944
1683370560,+3.46,+10.380,+11.027,+0.944
1683370620,+3.46,+10.370,+11.053,+0.945
1683370680,+3.46,+10.334,+11.073,+0.945
1683370740,+3.46,+10.279,+11.099,+0.945
1683370800,+3.46,+10.343,+11.059,+0.945
1683370860,+3.46,+10.298,+11.075,+0.945
1683370920,+3.46,+10.325,+11.048,+0.944
1683370980,+3.46,+10.307,+11.058,+0.945
1683371040,+3.46,+10.316,+11.053,+0.945
1683371100,+3.46,+10.270,+11.052,+0.945
1683371160,+3.46,+10.279,+11.047,+0.945
1683371220,+3.46,+10.298,+11.063,+0.945
1683371280,+3.46,+10.279,+11.068,+0.945
1683371340,+3.46,+10.288,+11.063,+0.944
1683371400,+3.46,+10.279,+11.068,+0.945
1683371460,+3.46,+10.206,+11.093,+0.945
1683371520,+3.46,+10.234,+11.059,+0.945
1683371580,+3.46,+10.197,+11.051,+0.944
1683371640,+3.46,+10.170,+11.063,+0.945
1683371700,+3.46,+10.161,+11.064,+0.945
1683371760,+3.46,+10.152,+11.059,+0.944
1683371820,+3.46,+10.161,+11.061,+0.944
1683371880,+3.46,+10.143,+11.058,+0.945
1683371940,+3.46,+10.188,+11.000,+0.944
1683372000,+3.46,+10.115,+11.046,+0.945
1683372060,+3.46,+10.115,+11.036,+0.945
1683372120,+3.46,+10.106,+11.024,+0.945
1683372180,+3.46,+10.106,+11.018,+0.945
1683372240,+3.46,+10.088,+11.027,+0.945
1683372300,+3.46,+10.051,+11.021,+0.944
1683372360,+3.46,+10.124,+11.002,+0.945
1683372420,+3.46,+10.115,+11.008,+0.945
1683372480,+3.46,+10.133,+11.022,+0.945
1683372540,+3.46,+10.124,+11.019,+0.945
1683372600,+3.46,+10.079,+11.043,+0.945
1683372660,+3.46,+10.188,+11.013,+0.945
1683372720,+3.46,+10.152,+11.051,+0.945
1683372780,+3.46,+10.161,+11.050,+0.945
1683372840,+3.46,+10.197,+11.051,+0.945
1683372900,+3.46,+10.179,+11.064,+0.945
1683372960,+3.46,+10.197,+11.067,+0.945
1683373020,+3.46,+10.170,+11.062,+0.944
1683373080,+3.46,+10.152,+11.070,+0.945
1683373140,+3.46,+10.115,+11.072,+0.944
1683373200,+3.46,+10.170,+11.067,+0.945
1683373260,+3.46,+10.133,+11.076,+0.944
1683373320,+3.46,+10.216,+11.042,+0.944
1683373380,+3.46,+10.170,+11.062,+0.945
1683373440,+3.46,+10.188,+11.056,+0.945
1683373500,+3.46,+10.170,+11.079,+0.945
1683373560,+3.46,+10.216,+11.079,+0.945
1683373620,+3.46,+10.261,+11.088,+0.945
1683373680,+3.46,+10.225,+11.146,+0.945
1683373740,+3.46,+10.325,+11.109,+0.945
1683373800,+3.46,+10.343,+11.100,+0.944
1683373860,+3.46,+10.361,+11.121,+0.945
1683373920,+3.46,+10.407,+11.114,+0.945
1683373980,+3.46,+10.461,+11.092,+0.945
1683374040,+3.46,+10.480,+11.063,+0.945
1683374100,+3.46,+10.525,+11.015,+0.945
1683374160,+3.46,+10.480,+10.983,+0.945
1683374220,+3.46,+10.434,+11.029,+0.945
1683374280,+3.46,+10.380,+11.046,+0.945
1683374340,+3.46,+10.407,+11.041,+0.945
1683374400,+3.46,+10.407,+11.044,+0.945
1683374460,+3.46,+10.316,+11.073,+0.944
1683374520,+3.46,+10.288,+11.078,+0.944
1683374580,+3.46,+10.325,+11.055,+0.945
1683374640,+3.46,+10.316,+11.081,+0.945
1683374700,+3.46,+10.316,+11.083,+0.945
1683374760,+3.46,+10.270,+11.113,+0.944
1683374820,+3.46,+10.334,+11.121,+0.944
1683374880,+3.46,+10.389,+11.098,+0.945
1683374940,+3.46,+10.489,+11.031,+0.945
1683375000,+3.46,+10.607,+10.894,+0.945
1683375060,+3.46,+10.525,+10.946,+0.945
1683375120,+3.46,+10.570,+10.958,+0.945
1683375180,+3.46,+10.706,+10.936,+0.945
1683375240,+3.46,+10.715,+10.970,+0.945
1683375300,+3.46,+10.770,+10.951,+0.945
1683375360,+3.46,+10.851,+10.920,+0.945
1683375420,+3.46,+10.842,+10.966,+0.945
1683375480,+3.46,+10.896,+10.966,+0.945
1683375540,+3.46,+10.941,+10.939,+0.945
1683375600,+3.46,+10.896,+10.912,+0.945
1683375660,+3.46,+10.824,+10.933,+0.945
1683375720,+3.46,+10.770,+10.930,+0.945
1683375780,+3.46,+10.752,+10.922,+0.945
1683375840,+3.46,+10.752,+10.923,+0.944
1683375900,+3.46,+10.715,+10.933,+0.944
1683375960,+3.46,+10.688,+10.924,+0.944
1683376020,+3.46,+10.724,+10.939,+0.944
1683376080,+3.46,+10.734,+10.955,+0.944
1683376140,+3.46,+10.706,+10.979,+0.945
1683376200,+3.46,+10.761,+10.953,+0.945
1683376260,+3.46,+10.697,+10.982,+0.945
1683376320,+3.46,+10.715,+10.976,+0.945
1683376380,+3.46,+10.770,+10.931,+0.944
1683376440,+3.46,+10.851,+10.905,+0.945
1683376500,+3.46,+10.869,+10.894,+0.944
1683376560,+3.46,+10.878,+10.868,+0.944
1683376620,+3.46,+10.887,+10.870,+0.945
1683376680,+3.46,+10.905,+10.867,+0.945
1683376740,+3.46,+10.824,+10.911,+0.945
1683376800,+3.46,+10.851,+10.905,+0.945
1683376860,+3.46,+10.896,+10.896,+0.945
1683376920,+3.46,+10.842,+10.922,+0.945
1683376980,+3.46,+10.851,+10.914,+0.945
1683377040,+3.46,+10.851,+10.902,+0.944
1683377100,+3.46,+10.842,+10.922,+0.945
1683377160,+3.46,+10.887,+10.914,+0.944
1683377220,+3.46,+10.860,+10.933,+0.944
1683377280,+3.46,+10.842,+10.930,+0.944
1683377340,+3.46,+10.923,+10.863,+0.944
1683377400,+3.46,+10.923,+10.851,+0.944
1683377460,+3.46,+10.914,+10.864,+0.944
1683377520,+3.46,+10.978,+10.877,+0.945
1683377580,+3.46,+10.960,+10.908,+0.945
