7450-798456
OS REV: 1.03 Sensor Cal: 1539277937
Time (sec),  BV (Volts),  T (deg C),  DO (mg/l),  Q ()
1685624040,+3.47,+13.770, +9.996,+0.941
1685624100,+3.47,+13.996, +9.994,+0.941
1685624160,+3.47,+14.066, +9.966,+0.942
1685624220,+3.47,+14.144, +9.850,+0.941
1685624280,+3.47,+14.066, +9.711,+0.940
1685624340,+3.47,+13.900, +9.769,+0.940
1685624400,+3.47,+13.682, +9.783,+0.940
1685624460,+3.47,+13.481, +9.852,+0.940
1685624520,+3.47,+13.201, +9.979,+0.940
1685624580,+3.47,+12.990,+10.082,+0.940
1685624640,+3.47,+12.911,+10.118,+0.940
1685624700,+3.47,+12.849,+10.124,+0.940
1685624760,+3.47,+12.867,+10.127,+0.941
1685624820,+3.47,+12.946,+10.141,+0.941
1685624880,+3.47,+13.017,+10.121,+0.942
1685624940,+3.47,+13.166,+10.040,+0.941
1685625000,+3.47,+13.306, +9.996,+0.942
1685625060,+3.47,+13.499, +9.999,+0.941
1685625120,+3.47,+13.831,+10.022,+0.942
1685625180,+3.47,+14.144, +9.989,+0.942
1685625240,+3.47,+14.239, +9.960,+0.942
1685625300,+3.47,+14.309, +9.952,+0.942
1685625360,+3.47,+14.439, +9.935,+0.942
1685625420,+3.47,+14.526, +9.906,+0.942
1685625480,+3.47,+14.638, +9.884,+0.942
1685625540,+3.47,+14.707, +9.879,+0.941
1685625600,+3.47,+14.716, +9.891,+0.941
1685625660,+3.47,+14.759, +9.895,+0.942
1685625720,+3.47,+14.854, +9.868,+0.941
1685625780,+3.47,+14.517, +9.852,+0.941
1685625840,+3.47,+14.161, +9.808,+0.940
1685625900,+3.47,+13.813, +9.819,+0.940
1685625960,+3.47,+13.682, +9.869,+0.940
1685626020,+3.47,+13.534, +9.913,+0.940
1685626080,+3.47,+13.534, +9.903,+0.940
1685626140,+3.47,+13.473, +9.903,+0.941
1685626200,+3.47,+13.438, +9.878,+0.940
1685626260,+3.47,+13.368, +9.888,+0.940
1685626320,+3.47,+13.333, +9.906,+0.941
1685626380,+3.47,+13.341, +9.897,+0.941
1685626440,+3.47,+13.280, +9.919,+0.941
1685626500,+3.47,+13.271, +9.934,+0.941
1685626560,+3.47,+13.254, +9.936,+0.941
1685626620,+3.47,+13.245, +9.951,+0.941
1685626680,+3.47,+13.236, +9.972,+0.941
1685626740,+3.47,+13.262, +9.943,+0.941
1685626800,+3.47,+13.271, +9.950,+0.941
1685626860,+3.47,+13.219, +9.965,+0.941
1685626920,+3.47,+13.175, +9.949,+0.941
1685626980,+3.47,+13.192, +9.957,+0.941
1685627040,+3.47,+13.175, +9.970,+0.941
1685627100,+3.47,+13.166, +9.993,+0.941
1685627160,+3.47,+13.219, +9.874,+0.940
1685627220,+3.47,+12.973,+10.056,+0.941
1685627280,+3.47,+12.832,+10.036,+0.940
1685627340,+3.47,+12.691,+10.054,+0.941
1685627400,+3.47,+12.620,+10.048,+0.940
1685627460,+3.47,+12.585,+10.030,+0.940
1685627520,+3.47,+12.532,+10.043,+0.940
1685627580,+3.47,+12.452,+10.070,+0.941
1685627640,+3.47,+12.434,+10.066,+0.941
1685627700,+3.47,+12.363,+10.079,+0.941
1685627760,+3.47,+12.363,+10.077,+0.941
1685627820,+3.47,+12.434,+10.053,+0.941
1685627880,+3.47,+12.416,+10.055,+0.941
1685627940,+3.47,+12.346,+10.083,+0.941
1685628000,+3.47,+12.346,+10.064,+0.941
1685628060,+3.47,+12.346,+10.061,+0.941
1685628120,+3.47,+12.257,+10.080,+0.941
1685628180,+3.47,+12.266,+10.062,+0.941
1685628240,+3.47,+12.221,+10.070,+0.941
1685628300,+3.47,+12.257,+10.046,+0.941
1685628360,+3.47,+12.266,+10.032,+0.941
1685628420,+3.47,+12.275,+10.023,+0.941
1685628480,+3.47,+12.292,+10.000,+0.941
1685628540,+3.47,+12.248,+10.008,+0.941
1685628600,+3.47,+12.319, +9.969,+0.941
1685628660,+3.47,+12.292, +9.989,+0.941
1685628720,+3.47,+12.310,+10.014,+0.941
1685628780,+3.47,+12.257,+10.046,+0.942
1685628840,+3.47,+12.292,+10.043,+0.942
1685628900,+3.47,+12.292,+10.043,+0.941
1685628960,+3.47,+12.275,+10.021,+0.941
1685629020,+3.47,+12.275,+10.011,+0.941
1685629080,+3.47,+12.328,+10.015,+0.941
1685629140,+3.47,+12.266,+10.068,+0.941
1685629200,+3.47,+12.195,+10.127,+0.941
1685629260,+3.47,+12.239,+10.118,+0.941
1685629320,+3.47,+12.213,+10.126,+0.941
1685629380,+3.47,+12.195,+10.146,+0.942
1685629440,+3.47,+12.248,+10.121,+0.941
1685629500,+3.47,+12.195,+10.133,+0.941
1685629560,+3.47,+12.213,+10.116,+0.941
1685629620,+3.47,+12.186,+10.135,+0.941
1685629680,+3.47,+12.213,+10.150,+0.942
1685629740,+3.47,+12.124,+10.197,+0.941
1685629800,+3.47,+12.070,+10.216,+0.941
1685629860,+3.47,+12.097,+10.217,+0.941
1685629920,+3.47,+12.053,+10.244,+0.941
1685629980,+3.47,+12.061,+10.235,+0.941
1685630040,+3.47,+11.990,+10.255,+0.941
1685630100,+3.47,+12.017,+10.248,+0.942
1685630160,+3.47,+12.017,+10.236,+0.942
1685630220,+3.47,+11.990,+10.224,+0.941
1685630280,+3.47,+11.990,+10.212,+0.941
1685630340,+3.47,+11.964,+10.199,+0.941
1685630400,+3.47,+11.937,+10.191,+0.942
1685630460,+3.47,+11.955,+10.165,+0.942
1685630520,+3.47,+11.955,+10.107,+0.941
1685630580,+3.47,+11.928,+10.090,+0.942
1685630640,+3.47,+11.928,+10.055,+0.941
1685630700,+3.47,+11.892,+10.071,+0.941
1685630760,+3.47,+11.892,+10.044,+0.941
1685630820,+3.47,+11.874,+10.052,+0.941
1685630880,+3.47,+11.839,+10.044,+0.941
1685630940,+3.47,+11.883,+10.024,+0.941
1685631000,+3.47,+11.803,+10.040,+0.941
1685631060,+3.47,+11.830,+10.036,+0.941
1685631120,+3.47,+11.821,+10.010,+0.941
1685631180,+3.47,+11.857,+10.005,+0.941
1685631240,+3.47,+11.857, +9.998,+0.941
1685631300,+3.47,+11.848, +9.993,+0.941
1685631360,+3.47,+11.821,+10.013,+0.941
1685631420,+3.47,+11.839,+10.011,+0.942
1685631480,+3.47,+11.830,+10.014,+0.942
1685631540,+3.47,+11.857, +9.998,+0.941
1685631600,+3.47,+11.812,+10.031,+0.942
1685631660,+3.47,+11.839,+10.019,+0.941
1685631720,+3.47,+11.848,+10.021,+0.941
1685631780,+3.47,+11.857,+10.034,+0.942
1685631840,+3.47,+11.874,+10.012,+0.941
1685631900,+3.47,+11.857,+10.024,+0.941
1685631960,+3.47,+11.928,+10.004,+0.941
1685632020,+3.47,+11.883,+10.054,+0.942
1685632080,+3.47,+11.946,+10.080,+0.942
1685632140,+3.47,+11.964,+10.133,+0.942
1685632200,+3.47,+11.972,+10.152,+0.942
1685632260,+3.47,+11.937,+10.100,+0.941
1685632320,+3.47,+11.910,+10.054,+0.941
1685632380,+3.47,+11.866,+10.042,+0.942
1685632440,+3.47,+11.839,+10.005,+0.941
1685632500,+3.47,+11.883, +9.979,+0.941
1685632560,+3.47,+11.821,+10.037,+0.942
1685632620,+3.47,+11.830,+10.022,+0.941
1685632680,+3.47,+11.767,+10.049,+0.942
1685632740,+3.47,+11.776,+10.047,+0.941
1685632800,+3.47,+11.839,+10.025,+0.941
1685632860,+3.47,+11.839,+10.023,+0.941
1685632920,+3.47,+11.892,+10.032,+0.941
1685632980,+3.47,+11.892,+10.073,+0.941
1685633040,+3.47,+11.919,+10.104,+0.941
1685633100,+3.47,+11.919,+10.146,+0.941
1685633160,+3.47,+11.937,+10.183,+0.942
1685633220,+3.47,+11.972,+10.172,+0.941
1685633280,+3.47,+11.946,+10.034,+0.941
1685633340,+3.47,+11.758, +9.783,+0.941
1685633400,+3.47,+11.678, +9.711,+0.941
1685633460,+3.47,+11.526, +9.748,+0.941
1685633520,+3.47,+11.463, +9.756,+0.941
1685633580,+3.47,+11.436, +9.766,+0.941
1685633640,+3.47,+11.400, +9.777,+0.941
1685633700,+3.47,+11.409, +9.776,+0.941
1685633760,+3.47,+11.383, +9.784,+0.941
1685633820,+3.47,+11.374, +9.777,+0.941
1685633880,+3.47,+11.365, +9.783,+0.941
1685633940,+3.47,+11.409, +9.793,+0.941
1685634000,+3.47,+11.463, +9.817,+0.942
1685634060,+3.47,+11.553, +9.829,+0.942
1685634120,+3.47,+11.571, +9.893,+0.942
1685634180,+3.47,+11.642, +9.891,+0.942
1685634240,+3.47,+11.624, +9.893,+0.941
1685634300,+3.47,+11.553, +9.895,+0.942
1685634360,+3.47,+11.481, +9.888,+0.942
1685634420,+3.47,+11.544, +9.870,+0.941
1685634480,+3.47,+11.607, +9.874,+0.942
1685634540,+3.47,+11.651, +9.941,+0.942
1685634600,+3.47,+11.750,+10.045,+0.941
1685634660,+3.47,+11.955,+10.170,+0.942
1685634720,+3.47,+12.257,+10.219,+0.943
1685634780,+3.47,+12.593,+10.186,+0.943
1685634840,+3.47,+12.779,+10.178,+0.942
1685634900,+3.47,+12.955,+10.189,+0.943
1685634960,+3.47,+12.964,+10.177,+0.942
1685635020,+3.47,+13.043,+10.143,+0.942
1685635080,+3.47,+13.060,+10.107,+0.942
1685635140,+3.47,+13.087,+10.079,+0.942
1685635200,+3.47,+13.131,+10.061,+0.942
1685635260,+3.47,+13.122,+10.058,+0.942
1685635320,+3.47,+13.043,+10.084,+0.942
1685635380,+3.47,+13.122,+10.045,+0.942
1685635440,+3.47,+13.113,+10.033,+0.942
1685635500,+3.47,+13.122,+10.022,+0.942
1685635560,+3.47,+13.131,+10.003,+0.942
1685635620,+3.47,+13.157, +9.992,+0.942
1685635680,+3.47,+13.104,+10.025,+0.942
1685635740,+3.47,+13.183,+10.001,+0.941
1685635800,+3.47,+13.201,+10.037,+0.942
1685635860,+3.47,+13.324, +9.971,+0.942
1685635920,+3.47,+13.359, +9.880,+0.941
1685635980,+3.47,+13.236, +9.825,+0.940
1685636040,+3.47,+12.964, +9.990,+0.941
1685636100,+3.47,+12.770,+10.075,+0.940
1685636160,+3.47,+12.673,+10.142,+0.941
1685636220,+3.47,+12.558,+10.137,+0.941
1685636280,+3.47,+12.514,+10.155,+0.940
1685636340,+3.47,+12.478,+10.172,+0.941
1685636400,+3.47,+12.425,+10.180,+0.941
1685636460,+3.47,+12.408,+10.187,+0.941
1685636520,+3.47,+12.372,+10.203,+0.941
1685636580,+3.47,+12.408,+10.182,+0.941
1685636640,+3.47,+12.292,+10.234,+0.941
1685636700,+3.47,+12.284,+10.257,+0.941
1685636760,+3.47,+12.275,+10.261,+0.941
1685636820,+3.47,+12.346,+10.235,+0.941
1685636880,+3.47,+12.319,+10.254,+0.941
1685636940,+3.47,+12.319,+10.253,+0.941
1685637000,+3.47,+12.337,+10.243,+0.941
1685637060,+3.47,+12.478,+10.240,+0.942
1685637120,+3.47,+12.981,+10.390,+0.944
1685637180,+3.47,+13.665,+10.041,+0.942
1685637240,+3.47,+13.569, +9.710,+0.940
1685637300,+3.47,+13.113, +9.891,+0.940
1685637360,+3.47,+12.823,+10.044,+0.941
1685637420,+3.47,+12.876,+10.115,+0.941
1685637480,+3.47,+12.964,+10.004,+0.941
1685637540,+3.47,+13.087,+10.022,+0.942
1685637600,+3.47,+13.341, +9.943,+0.942
1685637660,+3.47,+13.656, +9.867,+0.942
1685637720,+3.47,+13.996, +9.795,+0.942
1685637780,+3.47,+14.266, +9.724,+0.942
1685637840,+3.47,+14.430, +9.693,+0.942
1685637900,+3.47,+14.655, +9.667,+0.942
1685637960,+3.47,+14.819, +9.641,+0.941
1685638020,+3.47,+14.949, +9.719,+0.942
1685638080,+3.47,+15.009, +9.776,+0.942
1685638140,+3.47,+15.164, +9.744,+0.942
1685638200,+3.47,+15.207, +9.777,+0.942
1685638260,+3.47,+15.225, +9.782,+0.941
1685638320,+3.47,+15.285, +9.796,+0.942
1685638380,+3.47,+15.026, +9.559,+0.940
1685638440,+3.47,+15.009, +9.811,+0.942
1685638500,+3.47,+15.113, +9.844,+0.942
1685638560,+3.47,+15.147, +9.791,+0.941
1685638620,+3.47,+14.940, +9.679,+0.941
1685638680,+3.47,+14.889, +9.652,+0.940
1685638740,+3.47,+14.673, +9.607,+0.939
1685638800,+3.47,+14.422, +9.671,+0.940
1685638860,+3.47,+14.274, +9.639,+0.940
1685638920,+3.47,+14.170, +9.689,+0.940
1685638980,+3.47,+14.066, +9.756,+0.941
1685639040,+3.47,+14.135, +9.797,+0.941
1685639100,+3.47,+14.283, +9.785,+0.941
1685639160,+3.47,+14.396, +9.806,+0.941
1685639220,+3.47,+14.491, +9.799,+0.941
1685639280,+3.47,+14.014, +9.690,+0.940
1685639340,+3.47,+13.804, +9.741,+0.940
1685639400,+3.47,+13.639, +9.789,+0.940
1685639460,+3.47,+13.499, +9.844,+0.941
1685639520,+3.47,+13.464, +9.828,+0.940
1685639580,+3.47,+13.438, +9.826,+0.941
1685639640,+3.47,+13.350,+10.011,+0.941
1685639700,+3.47,+13.604, +9.950,+0.942
1685639760,+3.47,+13.787, +9.945,+0.942
1685639820,+3.47,+14.170, +9.974,+0.942
1685639880,+3.47,+14.456, +9.954,+0.942
1685639940,+3.47,+14.612, +9.938,+0.942
1685640000,+3.47,+14.802, +9.777,+0.942
1685640060,+3.47,+15.087, +9.769,+0.942
1685640120,+3.47,+15.250, +9.869,+0.942
1685640180,+3.47,+15.431, +9.887,+0.942
1685640240,+3.47,+15.542, +9.894,+0.942
1685640300,+3.47,+15.671, +9.856,+0.942
1685640360,+3.47,+15.714, +9.855,+0.942
1685640420,+3.47,+15.800, +9.814,+0.942
1685640480,+3.47,+15.842, +9.807,+0.942
1685640540,+3.47,+15.482, +9.617,+0.940
1685640600,+3.47,+15.414, +9.704,+0.940
1685640660,+3.47,+15.276, +9.721,+0.941
1685640720,+3.47,+15.035, +9.693,+0.940
1685640780,+3.47,+14.958, +9.725,+0.941
1685640840,+3.47,+14.940, +9.747,+0.940
1685640900,+3.47,+14.863, +9.772,+0.941
1685640960,+3.47,+14.845, +9.757,+0.941
1685641020,+3.47,+14.837, +9.739,+0.941
1685641080,+3.47,+14.819, +9.755,+0.941
1685641140,+3.47,+14.768, +9.765,+0.941
1685641200,+3.47,+14.776, +9.767,+0.941
1685641260,+3.47,+14.802, +9.736,+0.940
1685641320,+3.47,+14.785, +9.733,+0.940
1685641380,+3.47,+14.465, +9.654,+0.940
1685641440,+3.47,+14.517, +9.662,+0.941
1685641500,+3.47,+14.491, +9.680,+0.940
1685641560,+3.47,+14.465, +9.710,+0.940
1685641620,+3.47,+14.586, +9.683,+0.940
1685641680,+3.47,+14.543, +9.701,+0.941
1685641740,+3.47,+14.500, +9.713,+0.941
1685641800,+3.47,+14.552, +9.691,+0.940
1685641860,+3.47,+14.569, +9.688,+0.941
1685641920,+3.47,+14.560, +9.699,+0.941
1685641980,+3.47,+14.448, +9.393,+0.939
1685642040,+3.47,+13.831, +9.691,+0.939
1685642100,+3.47,+13.508, +9.718,+0.939
1685642160,+3.47,+13.157, +9.877,+0.939
1685642220,+3.47,+13.113, +9.925,+0.940
1685642280,+3.47,+12.990, +9.926,+0.940
1685642340,+3.47,+13.043, +9.908,+0.940
1685642400,+3.47,+13.060, +9.937,+0.940
1685642460,+3.47,+13.140, +9.924,+0.940
1685642520,+3.47,+13.271, +9.934,+0.940
1685642580,+3.47,+13.656, +9.883,+0.941
1685642640,+3.47,+13.848, +9.824,+0.941
1685642700,+3.47,+14.057, +9.776,+0.941
1685642760,+3.47,+14.153, +9.802,+0.941
1685642820,+3.47,+14.222, +9.759,+0.941
1685642880,+3.47,+14.318, +9.721,+0.941
1685642940,+3.47,+14.335, +9.723,+0.942
1685643000,+3.47,+14.318, +9.736,+0.941
1685643060,+3.47,+14.439, +9.815,+0.942
1685643120,+3.47,+14.543, +9.862,+0.942
1685643180,+3.47,+14.465, +9.697,+0.941
1685643240,+3.47,+14.309, +9.674,+0.940
1685643300,+3.47,+14.144, +9.652,+0.940
1685643360,+3.47,+13.866, +9.668,+0.940
1685643420,+3.47,+13.665, +9.687,+0.940
1685643480,+3.47,+13.420, +9.631,+0.939
1685643540,+3.47,+13.227, +9.558,+0.939
1685643600,+3.47,+12.981, +9.660,+0.940
1685643660,+3.47,+12.788, +9.742,+0.940
1685643720,+3.47,+12.699, +9.758,+0.940
1685643780,+3.47,+12.540, +9.803,+0.940
1685643840,+3.47,+12.540, +9.806,+0.940
1685643900,+3.47,+12.505, +9.868,+0.940
1685643960,+3.47,+12.496, +9.910,+0.941
1685644020,+3.47,+12.549, +9.901,+0.941
1685644080,+3.47,+12.558, +9.887,+0.941
1685644140,+3.47,+12.655, +9.868,+0.941
1685644200,+3.47,+12.779, +9.848,+0.941
1685644260,+3.47,+12.937, +9.858,+0.941
1685644320,+3.47,+12.946, +9.664,+0.940
1685644380,+3.47,+12.805, +9.769,+0.941
1685644440,+3.47,+12.691, +9.882,+0.941
1685644500,+3.47,+12.620, +9.762,+0.940
1685644560,+3.47,+12.478, +9.839,+0.941
1685644620,+3.47,+12.381, +9.923,+0.941
1685644680,+3.47,+12.284,+10.021,+0.941
1685644740,+3.47,+12.239,+10.055,+0.940
1685644800,+3.47,+12.177,+10.135,+0.941
1685644860,+3.47,+12.159,+10.155,+0.941
1685644920,+3.47,+12.133,+10.158,+0.941
1685644980,+3.47,+12.133,+10.112,+0.941
1685645040,+3.47,+12.124,+10.108,+0.941
1685645100,+3.47,+12.168,+10.089,+0.941
1685645160,+3.47,+12.159,+10.110,+0.941
1685645220,+3.47,+12.061,+10.171,+0.941
1685645280,+3.47,+12.097,+10.179,+0.941
1685645340,+3.47,+12.097,+10.214,+0.941
1685645400,+3.47,+12.088,+10.231,+0.941
1685645460,+3.47,+12.106,+10.231,+0.941
1685645520,+3.47,+12.115,+10.244,+0.942
1685645580,+3.47,+12.159,+10.182,+0.941
1685645640,+3.47,+12.115,+10.205,+0.941
1685645700,+3.47,+12.115,+10.195,+0.941
1685645760,+3.47,+12.115,+10.195,+0.941
1685645820,+3.47,+12.088,+10.197,+0.941
1685645880,+3.47,+12.168,+10.170,+0.941
1685645940,+3.47,+12.177,+10.182,+0.941
1685646000,+3.47,+12.230,+10.083,+0.942
1685646060,+3.47,+12.186,+10.103,+0.941
1685646120,+3.47,+12.204,+10.105,+0.941
1685646180,+3.47,+12.124,+10.139,+0.942
1685646240,+3.47,+12.195,+10.108,+0.941
1685646300,+3.47,+12.177,+10.101,+0.941
1685646360,+3.47,+12.354,+10.020,+0.942
1685646420,+3.47,+12.425, +9.989,+0.941
1685646480,+3.47,+12.523, +9.998,+0.942
1685646540,+3.47,+12.558, +9.812,+0.941
1685646600,+3.47,+12.416, +9.970,+0.941
1685646660,+3.47,+12.195,+10.116,+0.941
1685646720,+3.47,+12.159,+10.120,+0.941
1685646780,+3.47,+12.088,+10.126,+0.942
1685646840,+3.47,+12.115,+10.088,+0.941
1685646900,+3.47,+12.017,+10.034,+0.941
1685646960,+3.47,+12.017, +9.995,+0.941
1685647020,+3.47,+12.035, +9.958,+0.941
1685647080,+3.47,+12.061, +9.957,+0.941
1685647140,+3.47,+12.079, +9.958,+0.941
1685647200,+3.47,+12.133, +9.907,+0.941
1685647260,+3.47,+12.133, +9.872,+0.941
1685647320,+3.47,+12.070, +9.984,+0.941
1685647380,+3.47,+12.070,+10.043,+0.942
1685647440,+3.47,+12.106,+10.053,+0.941
1685647500,+3.47,+12.061,+10.070,+0.942
1685647560,+3.47,+12.070,+10.044,+0.941
1685647620,+3.47,+12.044,+10.026,+0.941
1685647680,+3.47,+12.044,+10.013,+0.941
1685647740,+3.47,+12.070,+10.019,+0.941
1685647800,+3.47,+12.124, +9.996,+0.941
1685647860,+3.47,+12.115, +9.999,+0.942
1685647920,+3.47,+12.088, +9.968,+0.941
1685647980,+3.47,+12.133, +9.892,+0.942
1685648040,+3.47,+12.106, +9.905,+0.941
1685648100,+3.47,+11.955, +9.850,+0.941
1685648160,+3.47,+11.955, +9.945,+0.941
1685648220,+3.47,+11.901, +9.930,+0.941
1685648280,+3.47,+11.821, +9.910,+0.941
1685648340,+3.47,+11.839, +9.906,+0.941
1685648400,+3.47,+11.812, +9.942,+0.941
1685648460,+3.47,+11.883, +9.905,+0.941
1685648520,+3.47,+11.883, +9.868,+0.942
1685648580,+3.47,+11.848, +9.919,+0.941
1685648640,+3.47,+11.955, +9.912,+0.942
1685648700,+3.47,+12.026, +9.897,+0.941
1685648760,+3.47,+11.972,+10.029,+0.942
1685648820,+3.47,+12.044,+10.031,+0.941
1685648880,+3.47,+12.053, +9.943,+0.942
1685648940,+3.47,+11.937, +9.796,+0.941
1685649000,+3.47,+11.964, +9.857,+0.941
1685649060,+3.47,+11.901, +9.922,+0.941
1685649120,+3.47,+11.901, +9.903,+0.941
1685649180,+3.47,+11.857, +9.870,+0.941
1685649240,+3.47,+11.848, +9.857,+0.941
1685649300,+3.47,+11.874, +9.858,+0.941
1685649360,+3.47,+11.883, +9.918,+0.941
1685649420,+3.47,+11.830, +9.970,+0.942
1685649480,+3.47,+11.883, +9.974,+0.941
1685649540,+3.47,+11.919, +9.912,+0.941
1685649600,+3.47,+11.839, +9.868,+0.941
1685649660,+3.47,+11.803, +9.926,+0.942
1685649720,+3.47,+11.776, +9.947,+0.942
1685649780,+3.47,+11.750, +9.891,+0.941
1685649840,+3.47,+11.785, +9.887,+0.941
1685649900,+3.47,+11.714, +9.959,+0.941
1685649960,+3.47,+11.723, +9.933,+0.941
1685650020,+3.47,+11.732, +9.913,+0.942
1685650080,+3.47,+11.696, +9.916,+0.941
1685650140,+3.47,+11.758, +9.865,+0.941
1685650200,+3.47,+11.767, +9.844,+0.941
1685650260,+3.47,+11.776, +9.842,+0.942
1685650320,+3.47,+11.785, +9.859,+0.941
1685650380,+3.47,+11.758, +9.866,+0.941
1685650440,+3.47,+11.732, +9.872,+0.942
1685650500,+3.47,+11.767, +9.833,+0.941
1685650560,+3.47,+11.767, +9.843,+0.941
1685650620,+3.47,+11.741, +9.852,+0.942
1685650680,+3.47,+11.750, +9.855,+0.941
1685650740,+3.47,+11.750, +9.852,+0.941
1685650800,+3.47,+11.705, +9.895,+0.942
1685650860,+3.47,+11.696, +9.766,+0.941
1685650920,+3.47,+11.678, +9.606,+0.941
1685650980,+3.47,+11.580, +9.513,+0.941
1685651040,+3.47,+11.553, +9.472,+0.941
1685651100,+3.47,+11.490, +9.456,+0.941
1685651160,+3.47,+11.445, +9.437,+0.941
1685651220,+3.47,+11.463, +9.425,+0.941
1685651280,+3.47,+11.338, +9.468,+0.941
1685651340,+3.47,+11.338, +9.468,+0.941
1685651400,+3.47,+11.365, +9.466,+0.941
1685651460,+3.47,+11.400, +9.451,+0.941
1685651520,+3.47,+11.409, +9.459,+0.941
1685651580,+3.47,+11.400, +9.465,+0.941
1685651640,+3.47,+11.356, +9.497,+0.942
1685651700,+3.47,+11.454, +9.526,+0.941
1685651760,+3.47,+11.463, +9.568,+0.941
1685651820,+3.47,+11.454, +9.605,+0.941
1685651880,+3.47,+11.454, +9.636,+0.941
1685651940,+3.47,+11.436, +9.663,+0.941
1685652000,+3.47,+11.365, +9.663,+0.941
1685652060,+3.47,+11.445, +9.611,+0.941
1685652120,+3.47,+11.490, +9.625,+0.941
1685652180,+3.47,+11.418, +9.736,+0.942
1685652240,+3.47,+11.427, +9.655,+0.941
1685652300,+3.47,+11.436, +9.532,+0.941
1685652360,+3.47,+11.338, +9.568,+0.941
1685652420,+3.47,+11.257, +9.604,+0.941
1685652480,+3.47,+11.230, +9.719,+0.941
1685652540,+3.47,+11.293, +9.751,+0.942
1685652600,+3.47,+11.266, +9.761,+0.941
1685652660,+3.47,+11.293, +9.725,+0.941
1685652720,+3.47,+11.221, +9.738,+0.941
1685652780,+3.47,+11.212, +9.730,+0.942
1685652840,+3.47,+11.257, +9.700,+0.941
1685652900,+3.47,+11.194, +9.724,+0.941
1685652960,+3.47,+11.194, +9.702,+0.941
1685653020,+3.47,+11.212, +9.687,+0.942
1685653080,+3.47,+11.203, +9.685,+0.942
1685653140,+3.47,+11.257, +9.655,+0.941
1685653200,+3.47,+11.248, +9.656,+0.941
1685653260,+3.47,+11.230, +9.644,+0.941
1685653320,+3.47,+11.185, +9.670,+0.942
1685653380,+3.47,+11.212, +9.641,+0.941
1685653440,+3.47,+11.248, +9.626,+0.941
1685653500,+3.47,+11.176, +9.658,+0.942
1685653560,+3.47,+11.221, +9.636,+0.941
1685653620,+3.47,+11.275, +9.617,+0.942
1685653680,+3.47,+11.257, +9.598,+0.942
1685653740,+3.47,+11.338, +9.538,+0.941
1685653800,+3.47,+11.338, +9.507,+0.941
1685653860,+3.47,+11.320, +9.520,+0.942
1685653920,+3.47,+11.383, +9.506,+0.941
1685653980,+3.47,+11.445, +9.498,+0.941
1685654040,+3.47,+11.544, +9.531,+0.942
1685654100,+3.47,+11.535, +9.493,+0.941
1685654160,+3.47,+11.517, +9.504,+0.941
1685654220,+3.47,+11.463, +9.509,+0.941
1685654280,+3.47,+11.436, +9.529,+0.941
1685654340,+3.47,+11.427, +9.526,+0.941
1685654400,+3.47,+11.454, +9.513,+0.942
1685654460,+3.47,+11.436, +9.518,+0.941
1685654520,+3.47,+11.418, +9.535,+0.941
1685654580,+3.47,+11.517, +9.493,+0.942
1685654640,+3.47,+11.580, +9.500,+0.942
1685654700,+3.47,+11.812, +9.490,+0.941
1685654760,+3.47,+11.892, +9.523,+0.942
1685654820,+3.47,+12.053, +9.541,+0.941
1685654880,+3.47,+12.079, +9.536,+0.941
1685654940,+3.47,+12.079, +9.580,+0.942
1685655000,+3.47,+12.070, +9.534,+0.941
1685655060,+3.47,+11.990, +9.486,+0.941
1685655120,+3.47,+11.883, +9.516,+0.941
1685655180,+3.47,+11.812, +9.510,+0.941
1685655240,+3.47,+11.812, +9.507,+0.941
1685655300,+3.47,+11.874, +9.513,+0.942
1685655360,+3.47,+12.035, +9.505,+0.941
1685655420,+3.47,+12.310, +9.572,+0.942
1685655480,+3.47,+12.920, +9.716,+0.943
1685655540,+3.47,+13.464, +9.802,+0.943
1685655600,+3.47,+13.848, +9.857,+0.943
1685655660,+3.47,+14.040, +9.933,+0.943
1685655720,+3.47,+14.239, +9.922,+0.943
1685655780,+3.47,+14.361, +9.901,+0.942
1685655840,+3.47,+14.404, +9.791,+0.942
1685655900,+3.47,+14.118, +9.262,+0.939
1685655960,+3.47,+13.341, +9.186,+0.939
1685656020,+3.47,+12.885, +9.335,+0.939
1685656080,+3.47,+12.505, +9.329,+0.939
1685656140,+3.47,+12.186, +9.514,+0.940
1685656200,+3.47,+12.097, +9.469,+0.940
1685656260,+3.47,+11.937, +9.504,+0.940
1685656320,+3.47,+11.910, +9.487,+0.940
1685656380,+3.47,+11.830, +9.481,+0.940
1685656440,+3.47,+11.767, +9.472,+0.940
1685656500,+3.47,+11.794, +9.469,+0.940
1685656560,+3.47,+11.767, +9.505,+0.940
1685656620,+3.47,+11.767, +9.559,+0.941
1685656680,+3.47,+11.794, +9.585,+0.941
1685656740,+3.47,+11.812, +9.615,+0.941
1685656800,+3.47,+11.848, +9.641,+0.941
1685656860,+3.47,+11.946, +9.617,+0.942
1685656920,+3.47,+12.150, +9.695,+0.942
1685656980,+3.47,+12.549, +9.591,+0.942
1685657040,+3.47,+12.964, +9.600,+0.943
1685657100,+3.47,+13.333, +9.616,+0.943
1685657160,+3.47,+13.403, +9.512,+0.942
1685657220,+3.47,+13.516, +9.545,+0.942
1685657280,+3.47,+13.743, +9.535,+0.941
1685657340,+3.47,+13.909, +9.557,+0.942
1685657400,+3.47,+14.031, +9.582,+0.942
1685657460,+3.47,+14.074, +9.579,+0.942
1685657520,+3.47,+14.135, +9.557,+0.941
1685657580,+3.47,+14.196, +9.615,+0.941
1685657640,+3.47,+14.213, +9.652,+0.941
1685657700,+3.47,+14.300, +9.651,+0.941
1685657760,+3.47,+13.778, +9.527,+0.941
1685657820,+3.47,+13.909, +9.061,+0.938
1685657880,+3.47,+13.104, +9.225,+0.939
1685657940,+3.47,+12.585, +9.412,+0.939
1685658000,+3.47,+12.310, +9.460,+0.939
1685658060,+3.47,+12.150, +9.506,+0.939
1685658120,+3.47,+11.990, +9.564,+0.940
1685658180,+3.47,+11.883, +9.558,+0.940
1685658240,+3.47,+11.821, +9.550,+0.940
1685658300,+3.47,+11.839, +9.534,+0.940
1685658360,+3.47,+11.776, +9.560,+0.941
1685658420,+3.47,+11.785, +9.559,+0.940
1685658480,+3.47,+11.758, +9.590,+0.941
1685658540,+3.47,+11.901, +9.524,+0.941
1685658600,+3.47,+11.866, +9.474,+0.941
1685658660,+3.47,+11.758, +9.535,+0.941
1685658720,+3.47,+11.901, +9.538,+0.941
1685658780,+3.47,+11.883, +9.529,+0.941
1685658840,+3.47,+11.910, +9.533,+0.941
1685658900,+3.47,+11.946, +9.526,+0.941
1685658960,+3.47,+11.964, +9.509,+0.941
1685659020,+3.47,+11.892, +9.521,+0.941
1685659080,+3.47,+11.972, +9.478,+0.940
1685659140,+3.47,+11.901, +9.501,+0.941
1685659200,+3.47,+11.946, +9.488,+0.941
1685659260,+3.47,+11.928, +9.494,+0.941
1685659320,+3.47,+12.017, +9.475,+0.941
1685659380,+3.47,+12.070, +9.451,+0.941
1685659440,+3.47,+12.133, +9.426,+0.941
1685659500,+3.47,+12.106, +9.236,+0.940
1685659560,+3.47,+11.892, +9.349,+0.940
1685659620,+3.47,+11.732, +9.350,+0.940
1685659680,+3.47,+11.580, +9.330,+0.941
1685659740,+3.47,+11.481, +9.356,+0.940
1685659800,+3.47,+11.454, +9.384,+0.940
1685659860,+3.47,+11.445, +9.390,+0.941
1685659920,+3.47,+11.383, +9.394,+0.941
1685659980,+3.47,+11.383, +9.388,+0.941
1685660040,+3.47,+11.347, +9.402,+0.941
1685660100,+3.47,+11.329, +9.430,+0.941
1685660160,+3.47,+11.311, +9.455,+0.941
1685660220,+3.47,+11.329, +9.463,+0.941
1685660280,+3.47,+11.320, +9.507,+0.941
1685660340,+3.47,+11.266, +9.718,+0.941
1685660400,+3.47,+11.239, +9.907,+0.941
1685660460,+3.47,+11.221, +9.882,+0.942
1685660520,+3.47,+11.221, +9.922,+0.941
1685660580,+3.47,+11.221, +9.915,+0.941
1685660640,+3.47,+11.239, +9.885,+0.941
1685660700,+3.47,+11.284, +9.816,+0.941
1685660760,+3.47,+11.212, +9.817,+0.941
1685660820,+3.47,+11.140, +9.830,+0.942
1685660880,+3.47,+11.221, +9.781,+0.941
1685660940,+3.47,+11.221, +9.745,+0.941
1685661000,+3.47,+11.221, +9.760,+0.941
1685661060,+3.47,+11.194, +9.806,+0.942
1685661120,+3.47,+11.149, +9.825,+0.941
1685661180,+3.47,+11.185, +9.809,+0.941
1685661240,+3.47,+11.194, +9.783,+0.941
1685661300,+3.47,+11.230, +9.667,+0.941
1685661360,+3.47,+11.266, +9.604,+0.941
1685661420,+3.47,+11.320, +9.577,+0.941
1685661480,+3.47,+11.409, +9.494,+0.941
1685661540,+3.47,+11.374, +9.411,+0.941
1685661600,+3.47,+11.203, +9.507,+0.941
1685661660,+3.47,+11.356, +9.468,+0.941
1685661720,+3.47,+11.239, +9.533,+0.941
1685661780,+3.47,+11.230, +9.557,+0.941
1685661840,+3.47,+11.257, +9.527,+0.941
1685661900,+3.47,+11.230, +9.534,+0.941
1685661960,+3.47,+11.230, +9.546,+0.942
1685662020,+3.47,+11.311, +9.524,+0.942
1685662080,+3.47,+11.347, +9.455,+0.941
1685662140,+3.47,+11.436, +9.466,+0.941
1685662200,+3.47,+11.436, +9.475,+0.941
1685662260,+3.47,+11.499, +9.411,+0.941
1685662320,+3.47,+11.526, +9.441,+0.941
1685662380,+3.47,+11.544, +9.441,+0.941
1685662440,+3.47,+11.508, +9.414,+0.941
1685662500,+3.47,+11.445, +9.393,+0.941
1685662560,+3.47,+11.490, +9.369,+0.941
1685662620,+3.47,+11.454, +9.351,+0.941
1685662680,+3.47,+11.463, +9.310,+0.941
1685662740,+3.47,+11.409, +9.328,+0.941
1685662800,+3.47,+11.374, +9.385,+0.941
1685662860,+3.47,+11.374, +9.413,+0.941
1685662920,+3.47,+11.391, +9.413,+0.941
1685662980,+3.47,+11.409, +9.407,+0.941
1685663040,+3.47,+11.347, +9.446,+0.941
1685663100,+3.47,+11.383, +9.435,+0.941
1685663160,+3.47,+11.356, +9.443,+0.941
1685663220,+3.47,+11.365, +9.455,+0.942
1685663280,+3.47,+11.356, +9.468,+0.942
1685663340,+3.47,+11.454, +9.410,+0.941
1685663400,+3.47,+11.472, +9.410,+0.941
1685663460,+3.47,+11.445, +9.423,+0.941
1685663520,+3.47,+11.454, +9.427,+0.941
1685663580,+3.47,+11.562, +9.449,+0.942
1685663640,+3.47,+11.571, +9.349,+0.941
1685663700,+3.47,+11.517, +9.348,+0.941
1685663760,+3.47,+11.553, +9.346,+0.941
1685663820,+3.47,+11.436, +9.391,+0.941
1685663880,+3.47,+11.445, +9.385,+0.941
1685663940,+3.47,+11.472, +9.387,+0.941
1685664000,+3.47,+11.598, +9.389,+0.941
1685664060,+3.47,+11.910, +9.342,+0.942
1685664120,+3.47,+12.230, +9.256,+0.942
1685664180,+3.47,+12.275, +9.158,+0.941
1685664240,+3.47,+12.035, +9.202,+0.940
1685664300,+3.47,+11.892, +9.191,+0.941
1685664360,+3.47,+11.732, +9.233,+0.941
1685664420,+3.47,+11.723, +9.241,+0.941
1685664480,+3.47,+11.705, +9.252,+0.941
1685664540,+3.47,+11.705, +9.285,+0.941
1685664600,+3.47,+11.785, +9.272,+0.941
1685664660,+3.47,+11.848, +9.305,+0.941
1685664720,+3.47,+12.026, +9.245,+0.941
1685664780,+3.47,+12.070, +9.276,+0.941
1685664840,+3.47,+12.097, +9.236,+0.941
1685664900,+3.47,+12.088, +9.219,+0.940
1685664960,+3.47,+11.874, +9.296,+0.941
1685665020,+3.47,+11.928, +9.336,+0.941
1685665080,+3.47,+11.866, +9.377,+0.941
1685665140,+3.47,+11.937, +9.327,+0.940
1685665200,+3.47,+11.883, +9.353,+0.941
1685665260,+3.47,+11.946, +9.335,+0.941
1685665320,+3.47,+12.044, +9.324,+0.941
1685665380,+3.47,+12.204, +9.289,+0.942
1685665440,+3.47,+12.328, +9.265,+0.942
1685665500,+3.47,+12.558, +9.218,+0.941
1685665560,+3.47,+12.726, +9.224,+0.942
1685665620,+3.47,+12.964, +9.203,+0.942
1685665680,+3.47,+13.210, +9.188,+0.941
1685665740,+3.47,+13.271, +9.278,+0.942
1685665800,+3.47,+13.350, +9.071,+0.940
1685665860,+3.47,+12.937, +9.027,+0.940
1685665920,+3.47,+12.726, +9.125,+0.940
1685665980,+3.47,+12.646, +9.155,+0.940
1685666040,+3.47,+12.523, +9.214,+0.940
1685666100,+3.47,+12.514, +9.237,+0.940
1685666160,+3.47,+12.655, +9.351,+0.942
1685666220,+3.47,+13.236, +9.451,+0.942
1685666280,+3.47,+13.743, +9.757,+0.943
1685666340,+3.47,+14.092, +9.884,+0.942
1685666400,+3.47,+14.274, +9.950,+0.943
1685666460,+3.47,+13.403, +9.278,+0.940
1685666520,+3.47,+13.069, +9.474,+0.941
1685666580,+3.47,+13.297, +9.503,+0.941
1685666640,+3.47,+13.726, +9.809,+0.943
1685666700,+3.47,+14.161,+10.028,+0.943
1685666760,+3.47,+14.370,+10.089,+0.943
1685666820,+3.47,+14.543,+10.108,+0.942
1685666880,+3.47,+14.673,+10.179,+0.942
1685666940,+3.47,+14.750,+10.235,+0.942
1685667000,+3.47,+14.794,+10.274,+0.943
1685667060,+3.47,+14.923,+10.244,+0.942
1685667120,+3.47,+14.906,+10.246,+0.942
1685667180,+3.47,+14.932,+10.238,+0.942
1685667240,+3.47,+14.992,+10.204,+0.942
1685667300,+3.47,+14.992,+10.202,+0.942
1685667360,+3.47,+15.044,+10.190,+0.942
1685667420,+3.47,+15.061,+10.198,+0.942
1685667480,+3.47,+14.474, +9.439,+0.939
1685667540,+3.47,+14.179, +9.474,+0.940
1685667600,+3.47,+14.153, +9.501,+0.940
1685667660,+3.47,+14.266, +9.710,+0.941
1685667720,+3.47,+14.491, +9.734,+0.941
1685667780,+3.47,+14.552, +9.808,+0.941
1685667840,+3.47,+14.733, +9.883,+0.942
1685667900,+3.47,+14.776, +9.792,+0.940
1685667960,+3.47,+13.735, +9.251,+0.938
1685668020,+3.47,+13.140, +9.495,+0.938
1685668080,+3.47,+12.752, +9.647,+0.939
1685668140,+3.47,+12.576, +9.660,+0.940
1685668200,+3.47,+12.381, +9.695,+0.940
1685668260,+3.47,+12.310, +9.704,+0.940
1685668320,+3.47,+12.310, +9.788,+0.940
1685668380,+3.47,+12.832, +9.932,+0.942
1685668440,+3.47,+13.359, +9.916,+0.942
1685668500,+3.47,+13.621, +9.849,+0.942
1685668560,+3.47,+13.831, +9.876,+0.942
1685668620,+3.47,+14.100, +9.907,+0.942
1685668680,+3.47,+14.361, +9.938,+0.942
1685668740,+3.47,+14.543, +9.962,+0.942
1685668800,+3.47,+14.647, +9.970,+0.942
1685668860,+3.47,+14.768, +9.956,+0.942
1685668920,+3.47,+14.854, +9.962,+0.942
1685668980,+3.47,+14.863,+10.010,+0.942
1685669040,+3.47,+14.983, +9.785,+0.941
1685669100,+3.47,+14.396, +9.085,+0.938
1685669160,+3.47,+13.464, +9.250,+0.938
1685669220,+3.47,+12.955, +9.513,+0.938
1685669280,+3.47,+12.611, +9.665,+0.940
1685669340,+3.47,+12.470, +9.678,+0.939
1685669400,+3.47,+12.301, +9.766,+0.940
1685669460,+3.47,+12.275, +9.776,+0.940
1685669520,+3.47,+12.186, +9.767,+0.940
1685669580,+3.47,+12.097, +9.771,+0.940
1685669640,+3.47,+12.070, +9.795,+0.940
1685669700,+3.47,+12.133, +9.769,+0.940
1685669760,+3.47,+12.168, +9.800,+0.941
1685669820,+3.47,+12.602, +9.819,+0.942
1685669880,+3.47,+13.043, +9.817,+0.942
1685669940,+3.47,+13.438, +9.881,+0.942
1685670000,+3.47,+13.796, +9.822,+0.942
1685670060,+3.47,+13.979, +9.685,+0.941
1685670120,+3.47,+14.031, +9.657,+0.942
1685670180,+3.47,+13.900, +9.217,+0.939
1685670240,+3.47,+13.157, +9.403,+0.939
1685670300,+3.47,+12.779, +9.578,+0.939
1685670360,+3.47,+12.558, +9.718,+0.940
1685670420,+3.47,+12.390, +9.751,+0.940
1685670480,+3.47,+12.354, +9.754,+0.940
1685670540,+3.47,+12.470, +9.715,+0.941
1685670600,+3.47,+12.664, +9.703,+0.942
1685670660,+3.47,+12.999, +9.610,+0.941
1685670720,+3.47,+13.280, +9.562,+0.941
1685670780,+3.47,+13.438, +9.620,+0.942
1685670840,+3.47,+13.656, +9.608,+0.942
1685670900,+3.47,+13.778, +9.613,+0.941
1685670960,+3.47,+13.909, +9.720,+0.942
1685671020,+3.47,+14.066, +9.779,+0.942
1685671080,+3.47,+14.100, +9.795,+0.942
1685671140,+3.47,+14.074, +9.795,+0.942
1685671200,+3.47,+14.083, +9.698,+0.941
1685671260,+3.47,+14.066, +9.712,+0.941
1685671320,+3.47,+14.074, +9.679,+0.941
1685671380,+3.47,+14.092, +9.642,+0.941
1685671440,+3.47,+14.127, +9.665,+0.942
1685671500,+3.47,+14.118, +9.672,+0.941
1685671560,+3.47,+14.239, +9.696,+0.941
1685671620,+3.47,+14.187, +9.838,+0.942
1685671680,+3.47,+14.196, +9.895,+0.941
1685671740,+3.47,+14.222, +9.875,+0.941
1685671800,+3.47,+14.292, +9.855,+0.941
1685671860,+3.47,+14.326, +9.870,+0.941
1685671920,+3.47,+14.283, +9.939,+0.942
1685671980,+3.47,+14.318, +9.932,+0.941
1685672040,+3.47,+14.344, +9.946,+0.942
1685672100,+3.47,+14.404, +9.876,+0.941
1685672160,+3.47,+14.491, +9.773,+0.941
1685672220,+3.47,+14.647, +9.719,+0.941
1685672280,+3.47,+14.699, +9.796,+0.942
1685672340,+3.47,+14.923, +9.763,+0.942
1685672400,+3.47,+14.914, +9.725,+0.941
1685672460,+3.47,+14.958, +9.664,+0.942
1685672520,+3.47,+14.923, +9.632,+0.941
1685672580,+3.47,+14.975, +9.599,+0.941
1685672640,+3.47,+15.044, +9.522,+0.941
1685672700,+3.47,+15.164, +9.456,+0.941
1685672760,+3.47,+15.268, +9.557,+0.941
1685672820,+3.47,+15.242, +9.699,+0.941
1685672880,+3.47,+15.311, +9.858,+0.942
1685672940,+3.47,+15.233, +9.842,+0.941
1685673000,+3.47,+15.311, +9.857,+0.941
1685673060,+3.47,+15.233, +9.895,+0.941
1685673120,+3.47,+15.276, +9.804,+0.941
1685673180,+3.47,+15.216, +9.837,+0.941
1685673240,+3.47,+15.302, +9.844,+0.941
1685673300,+3.47,+15.362, +9.883,+0.941
1685673360,+3.47,+15.388, +9.773,+0.941
1685673420,+3.47,+15.482, +9.624,+0.941
1685673480,+3.47,+15.542, +9.524,+0.941
1685673540,+3.47,+15.620, +9.467,+0.941
1685673600,+3.47,+15.688, +9.510,+0.941
1685673660,+3.47,+15.817, +9.595,+0.942
1685673720,+3.47,+15.868, +9.629,+0.942
1685673780,+3.47,+16.031, +9.589,+0.941
1685673840,+3.47,+16.056, +9.576,+0.941
1685673900,+3.47,+15.276, +8.904,+0.936
1685673960,+3.47,+13.944, +9.119,+0.936
1685674020,+3.47,+13.175, +9.318,+0.937
1685674080,+3.47,+12.585, +9.562,+0.938
1685674140,+3.47,+12.266, +9.554,+0.938
1685674200,+3.47,+12.035, +9.596,+0.938
1685674260,+3.47,+11.866, +9.678,+0.939
1685674320,+3.47,+11.750, +9.698,+0.939
1685674380,+3.47,+11.660, +9.750,+0.939
1685674440,+3.47,+11.571, +9.794,+0.940
1685674500,+3.47,+11.544, +9.801,+0.940
1685674560,+3.47,+11.535, +9.837,+0.940
1685674620,+3.47,+11.535, +9.875,+0.941
1685674680,+3.47,+11.508, +9.921,+0.940
1685674740,+3.47,+11.490, +9.969,+0.941
1685674800,+3.47,+11.589, +9.937,+0.941
1685674860,+3.47,+11.624, +9.903,+0.940
1685674920,+3.47,+11.589, +9.939,+0.941
1685674980,+3.47,+11.642, +9.979,+0.942
1685675040,+3.47,+11.955,+10.153,+0.943
1685675100,+3.47,+12.585,+10.007,+0.942
1685675160,+3.47,+12.946, +9.924,+0.942
1685675220,+3.47,+13.245, +9.878,+0.942
1685675280,+3.47,+13.516, +9.842,+0.942
1685675340,+3.47,+13.726, +9.820,+0.943
1685675400,+3.47,+14.153, +9.844,+0.943
1685675460,+3.47,+14.517, +9.789,+0.943
1685675520,+3.47,+14.742, +9.732,+0.942
1685675580,+3.47,+14.940, +9.704,+0.943
1685675640,+3.47,+14.983, +9.671,+0.942
1685675700,+3.47,+15.147, +9.633,+0.942
1685675760,+3.47,+15.199, +9.644,+0.942
1685675820,+3.47,+15.328, +9.600,+0.942
1685675880,+3.47,+15.405, +9.604,+0.942
1685675940,+3.47,+15.517, +9.595,+0.942
1685676000,+3.47,+15.577, +9.609,+0.942
1685676060,+3.47,+15.611, +9.603,+0.942
1685676120,+3.47,+15.662, +9.598,+0.942
1685676180,+3.47,+15.637, +9.625,+0.942
1685676240,+3.47,+15.242, +8.762,+0.935
1685676300,+3.47,+13.822, +9.154,+0.937
1685676360,+3.47,+13.140, +9.392,+0.938
1685676420,+3.47,+12.752, +9.518,+0.938
1685676480,+3.47,+12.558, +9.585,+0.939
1685676540,+3.47,+12.328, +9.645,+0.939
1685676600,+3.47,+12.177, +9.699,+0.940
1685676660,+3.47,+12.292, +9.728,+0.940
1685676720,+3.47,+12.434, +9.778,+0.940
1685676780,+3.47,+12.664, +9.816,+0.941
1685676840,+3.47,+12.867, +9.801,+0.941
1685676900,+3.47,+13.113, +9.861,+0.941
1685676960,+3.47,+13.385, +9.869,+0.941
1685677020,+3.47,+13.551, +9.885,+0.941
1685677080,+3.47,+13.761, +9.859,+0.941
1685677140,+3.47,+13.900, +9.881,+0.942
1685677200,+3.47,+14.014, +9.875,+0.941
1685677260,+3.47,+14.127, +9.809,+0.941
1685677320,+3.47,+14.179, +9.844,+0.942
1685677380,+3.47,+13.970, +9.499,+0.940
1685677440,+3.47,+13.481, +9.439,+0.939
1685677500,+3.47,+13.008, +9.537,+0.939
1685677560,+3.47,+12.664, +9.553,+0.939
1685677620,+3.47,+12.416, +9.603,+0.940
1685677680,+3.47,+12.213, +9.682,+0.940
1685677740,+3.47,+12.177, +9.702,+0.940
1685677800,+3.47,+12.115, +9.758,+0.940
1685677860,+3.47,+12.239, +9.832,+0.941
1685677920,+3.47,+12.505, +9.830,+0.941
1685677980,+3.47,+12.752, +9.884,+0.942
1685678040,+3.47,+13.183, +9.856,+0.942
1685678100,+3.47,+13.569, +9.816,+0.942
1685678160,+3.47,+13.918, +9.680,+0.942
1685678220,+3.47,+13.987, +9.640,+0.942
1685678280,+3.47,+14.031, +9.647,+0.942
1685678340,+3.47,+14.248, +9.606,+0.942
1685678400,+3.47,+14.517, +9.633,+0.942
1685678460,+3.47,+14.794, +9.623,+0.942
1685678520,+3.47,+15.018, +9.546,+0.942
1685678580,+3.47,+15.207, +9.605,+0.943
1685678640,+3.47,+15.362, +9.632,+0.942
1685678700,+3.47,+15.491, +9.554,+0.942
1685678760,+3.47,+15.585, +9.548,+0.942
1685678820,+3.47,+15.748, +9.712,+0.942
1685678880,+3.47,+14.144, +8.959,+0.936
1685678940,+3.47,+13.166, +9.163,+0.937
1685679000,+3.47,+12.540, +9.316,+0.938
1685679060,+3.47,+12.168, +9.492,+0.939
1685679120,+3.47,+11.999, +9.508,+0.939
1685679180,+3.47,+11.785, +9.591,+0.940
1685679240,+3.47,+11.678, +9.635,+0.939
1685679300,+3.47,+11.714, +9.708,+0.940
1685679360,+3.47,+12.035, +9.833,+0.941
1685679420,+3.47,+12.470, +9.821,+0.941
1685679480,+3.47,+12.990, +9.817,+0.943
1685679540,+3.47,+13.411, +9.757,+0.942
1685679600,+3.47,+13.839, +9.760,+0.943
1685679660,+3.47,+14.283, +9.715,+0.943
1685679720,+3.47,+14.508, +9.696,+0.942
1685679780,+3.47,+14.690, +9.628,+0.942
1685679840,+3.47,+14.621, +9.402,+0.940
1685679900,+3.47,+14.335, +9.447,+0.940
1685679960,+3.47,+14.170, +9.603,+0.941
1685680020,+3.47,+14.127, +9.613,+0.941
1685680080,+3.47,+14.144, +9.586,+0.941
1685680140,+3.47,+14.135, +9.652,+0.941
1685680200,+3.47,+14.170, +9.700,+0.941
1685680260,+3.47,+14.396, +9.748,+0.942
1685680320,+3.47,+14.776, +9.654,+0.942
1685680380,+3.47,+14.889, +9.740,+0.942
1685680440,+3.47,+15.190, +9.818,+0.942
1685680500,+3.47,+15.285, +9.787,+0.942
1685680560,+3.47,+15.371, +9.758,+0.942
1685680620,+3.47,+15.474, +9.743,+0.942
1685680680,+3.47,+15.628, +9.711,+0.942
1685680740,+3.47,+15.680, +9.701,+0.942
1685680800,+3.47,+15.825, +9.765,+0.942
1685680860,+3.47,+15.996, +9.700,+0.942
1685680920,+3.47,+16.005, +9.720,+0.942
1685680980,+3.47,+16.005, +9.748,+0.941
1685681040,+3.47,+15.662, +9.087,+0.937
1685681100,+3.47,+14.854, +9.290,+0.939
1685681160,+3.47,+14.629, +9.447,+0.940
1685681220,+3.47,+14.456, +9.511,+0.940
1685681280,+3.47,+14.187, +9.379,+0.939
1685681340,+3.47,+13.813, +9.345,+0.938
1685681400,+3.47,+13.306, +9.291,+0.938
1685681460,+3.47,+12.779, +9.399,+0.938
1685681520,+3.47,+12.443, +9.529,+0.938
1685681580,+3.47,+12.248, +9.618,+0.939
1685681640,+3.47,+12.097, +9.656,+0.940
1685681700,+3.47,+12.026, +9.689,+0.939
1685681760,+3.47,+12.150, +9.727,+0.940
1685681820,+3.47,+12.301, +9.795,+0.941
1685681880,+3.47,+12.717, +9.845,+0.941
1685681940,+3.47,+13.245, +9.821,+0.942
1685682000,+3.47,+13.682, +9.820,+0.942
1685682060,+3.47,+13.979, +9.708,+0.942
1685682120,+3.47,+14.222, +9.262,+0.939
1685682180,+3.47,+13.394, +9.393,+0.939
1685682240,+3.47,+12.788, +9.445,+0.939
1685682300,+3.47,+12.487, +9.594,+0.939
1685682360,+3.47,+12.434, +9.628,+0.939
1685682420,+3.47,+12.319, +9.668,+0.940
1685682480,+3.47,+12.346, +9.693,+0.940
1685682540,+3.47,+12.425, +9.707,+0.940
1685682600,+3.47,+12.487, +9.816,+0.941
1685682660,+3.47,+12.823, +9.806,+0.942
1685682720,+3.47,+12.973, +9.811,+0.942
1685682780,+3.47,+13.183, +9.777,+0.941
1685682840,+3.47,+13.359, +9.747,+0.941
1685682900,+3.47,+13.420, +9.821,+0.942
1685682960,+3.47,+13.490, +9.866,+0.941
1685683020,+3.47,+13.578, +9.852,+0.941
1685683080,+3.47,+13.604, +9.841,+0.941
1685683140,+3.47,+13.630, +9.844,+0.942
1685683200,+3.47,+13.665, +9.845,+0.942
1685683260,+3.47,+13.743, +9.857,+0.941
1685683320,+3.47,+13.743, +9.837,+0.941
1685683380,+3.47,+13.752, +9.761,+0.941
1685683440,+3.47,+13.490, +9.383,+0.939
1685683500,+3.47,+12.823, +9.387,+0.938
1685683560,+3.47,+12.425, +9.504,+0.939
1685683620,+3.47,+12.239, +9.602,+0.940
1685683680,+3.47,+12.124, +9.655,+0.940
1685683740,+3.47,+12.053, +9.667,+0.940
1685683800,+3.47,+11.919, +9.731,+0.940
1685683860,+3.47,+11.830, +9.768,+0.940
1685683920,+3.47,+11.812, +9.777,+0.940
1685683980,+3.47,+11.830, +9.766,+0.941
1685684040,+3.47,+11.794, +9.768,+0.941
1685684100,+3.47,+11.758, +9.807,+0.941
1685684160,+3.47,+11.830, +9.790,+0.941
1685684220,+3.47,+11.794, +9.752,+0.941
1685684280,+3.47,+11.776, +9.774,+0.941
1685684340,+3.47,+11.750, +9.779,+0.941
1685684400,+3.47,+11.758, +9.842,+0.941
1685684460,+3.47,+11.705, +9.896,+0.941
1685684520,+3.47,+11.624, +9.953,+0.941
1685684580,+3.47,+11.589, +9.877,+0.941
1685684640,+3.47,+11.526, +9.896,+0.941
1685684700,+3.47,+11.535, +9.913,+0.941
1685684760,+3.47,+11.589, +9.931,+0.941
1685684820,+3.47,+11.580, +9.946,+0.941
1685684880,+3.47,+11.741, +9.852,+0.941
1685684940,+3.47,+11.812, +9.849,+0.942
1685685000,+3.47,+12.115, +9.862,+0.943
1685685060,+3.47,+12.849, +9.920,+0.943
1685685120,+3.47,+13.306, +9.901,+0.943
1685685180,+3.47,+13.674, +9.900,+0.943
1685685240,+3.47,+14.109, +9.800,+0.943
1685685300,+3.47,+14.283, +9.794,+0.943
1685685360,+3.47,+13.621, +9.463,+0.940
1685685420,+3.47,+13.271, +9.542,+0.940
1685685480,+3.47,+13.473, +9.860,+0.942
1685685540,+3.47,+13.481, +9.740,+0.940
1685685600,+3.47,+13.306, +9.773,+0.941
1685685660,+3.47,+13.385, +9.777,+0.941
1685685720,+3.47,+13.324, +9.397,+0.938
1685685780,+3.47,+12.585, +9.518,+0.939
1685685840,+3.47,+12.177, +9.530,+0.939
1685685900,+3.47,+11.848, +9.570,+0.940
1685685960,+3.47,+11.732, +9.600,+0.940
1685686020,+3.47,+11.580, +9.668,+0.940
1685686080,+3.47,+11.544, +9.659,+0.940
1685686140,+3.47,+11.526, +9.639,+0.940
1685686200,+3.47,+11.383, +9.658,+0.940
1685686260,+3.47,+11.374, +9.688,+0.940
1685686320,+3.47,+11.544, +9.805,+0.942
1685686380,+3.47,+11.660, +9.836,+0.941
1685686440,+3.47,+12.115,+10.011,+0.943
1685686500,+3.47,+12.655,+10.067,+0.943
1685686560,+3.47,+12.796, +9.780,+0.941
1685686620,+3.47,+12.292, +9.616,+0.940
1685686680,+3.47,+11.946, +9.588,+0.940
1685686740,+3.47,+11.714, +9.624,+0.940
1685686800,+3.47,+11.642, +9.699,+0.941
1685686860,+3.47,+11.517, +9.690,+0.940
1685686920,+3.47,+11.409, +9.673,+0.940
1685686980,+3.47,+11.311, +9.741,+0.941
1685687040,+3.47,+11.391, +9.722,+0.941
1685687100,+3.47,+11.400, +9.744,+0.941
1685687160,+3.47,+11.490, +9.745,+0.941
1685687220,+3.47,+11.705, +9.844,+0.942
1685687280,+3.47,+12.177, +9.973,+0.943
1685687340,+3.47,+12.629,+10.043,+0.943
1685687400,+3.47,+13.078,+10.016,+0.943
1685687460,+3.47,+13.499, +9.964,+0.943
1685687520,+3.47,+14.005, +9.896,+0.943
1685687580,+3.47,+14.335, +9.849,+0.943
1685687640,+3.47,+14.066, +9.243,+0.939
1685687700,+3.47,+13.043, +9.244,+0.939
1685687760,+3.47,+12.576, +9.455,+0.939
1685687820,+3.47,+12.416, +9.586,+0.940
1685687880,+3.47,+12.354, +9.700,+0.941
1685687940,+3.47,+12.266, +9.681,+0.941
1685688000,+3.47,+12.195, +9.666,+0.940
1685688060,+3.47,+12.284, +9.720,+0.941
1685688120,+3.47,+12.346, +9.762,+0.940
1685688180,+3.47,+12.496, +9.906,+0.942
1685688240,+3.47,+12.664, +9.940,+0.942
1685688300,+3.47,+12.973, +9.950,+0.942
1685688360,+3.47,+13.271, +9.927,+0.942
1685688420,+3.47,+13.543, +9.902,+0.942
1685688480,+3.47,+13.770, +9.896,+0.942
1685688540,+3.47,+13.953, +9.888,+0.942
1685688600,+3.47,+14.213, +9.846,+0.942
1685688660,+3.47,+14.422, +9.815,+0.942
1685688720,+3.47,+14.352, +9.814,+0.942
1685688780,+3.47,+14.248, +9.662,+0.941
1685688840,+3.47,+13.996, +9.804,+0.940
1685688900,+3.47,+13.665, +9.722,+0.940
1685688960,+3.47,+13.324, +9.686,+0.940
1685689020,+3.47,+13.122, +9.678,+0.940
1685689080,+3.47,+13.025, +9.746,+0.941
1685689140,+3.47,+13.078, +9.815,+0.940
1685689200,+3.47,+13.175, +9.881,+0.941
1685689260,+3.47,+13.394, +9.960,+0.941
1685689320,+3.47,+13.630,+10.020,+0.942
1685689380,+3.47,+13.970,+10.017,+0.942
1685689440,+3.47,+14.153,+10.010,+0.942
1685689500,+3.47,+14.699, +9.978,+0.943
1685689560,+3.47,+14.966, +9.902,+0.942
1685689620,+3.47,+15.225, +9.853,+0.942
1685689680,+3.47,+15.422, +9.876,+0.942
1685689740,+3.47,+15.104, +9.610,+0.940
1685689800,+3.47,+14.612, +9.614,+0.940
1685689860,+3.47,+14.474, +9.854,+0.941
1685689920,+3.47,+14.612, +9.863,+0.942
1685689980,+3.47,+14.560, +9.782,+0.941
1685690040,+3.47,+14.785, +9.906,+0.942
1685690100,+3.47,+14.871, +9.873,+0.942
1685690160,+3.47,+15.061, +9.832,+0.942
1685690220,+3.47,+15.156, +9.731,+0.941
1685690280,+3.47,+14.655, +9.336,+0.937
1685690340,+3.47,+14.222, +9.613,+0.939
1685690400,+3.47,+14.135, +9.829,+0.941
1685690460,+3.47,+13.961, +9.487,+0.939
1685690520,+3.47,+13.455, +9.590,+0.939
1685690580,+3.47,+13.166, +9.630,+0.939
1685690640,+3.47,+12.973, +9.680,+0.940
1685690700,+3.47,+13.236, +9.894,+0.941
1685690760,+3.47,+13.499, +9.906,+0.941
1685690820,+3.47,+13.682, +9.922,+0.941
1685690880,+3.47,+14.092, +9.924,+0.942
1685690940,+3.47,+14.500, +9.975,+0.942
1685691000,+3.47,+14.914, +9.951,+0.942
1685691060,+3.47,+15.319, +9.946,+0.943
1685691120,+3.47,+15.474, +9.951,+0.943
1685691180,+3.47,+15.688, +9.922,+0.943
1685691240,+3.47,+15.885, +9.884,+0.942
1685691300,+3.47,+15.937, +9.890,+0.942
1685691360,+3.47,+16.073, +9.860,+0.942
1685691420,+3.47,+16.133, +9.843,+0.942
1685691480,+3.47,+16.159, +9.839,+0.942
1685691540,+3.47,+16.210, +9.827,+0.941
1685691600,+3.47,+16.270, +9.818,+0.942
1685691660,+3.47,+16.295, +9.818,+0.942
1685691720,+3.47,+16.321, +9.799,+0.942
1685691780,+3.47,+16.346, +9.363,+0.938
1685691840,+3.47,+15.336, +9.403,+0.939
1685691900,+3.47,+15.225, +9.719,+0.941
1685691960,+3.47,+15.216, +9.637,+0.940
1685692020,+3.47,+15.052, +9.711,+0.941
1685692080,+3.47,+15.319, +9.860,+0.941
1685692140,+3.47,+15.482, +9.793,+0.941
1685692200,+3.47,+15.560, +9.769,+0.941
1685692260,+3.47,+15.568, +9.766,+0.941
1685692320,+3.47,+15.654, +9.736,+0.941
1685692380,+3.47,+15.654, +9.746,+0.941
1685692440,+3.47,+15.722, +9.783,+0.941
1685692500,+3.47,+15.868, +9.770,+0.941
1685692560,+3.47,+15.971, +9.771,+0.941
1685692620,+3.47,+16.073, +9.796,+0.941
1685692680,+3.47,+16.150, +9.783,+0.941
1685692740,+3.47,+16.236, +9.795,+0.942
1685692800,+3.47,+16.287, +9.782,+0.941
1685692860,+3.47,+16.321, +9.776,+0.941
1685692920,+3.47,+16.312, +9.229,+0.938
1685692980,+3.47,+15.259, +9.210,+0.937
1685693040,+3.47,+14.170, +9.128,+0.937
1685693100,+3.47,+13.490, +9.420,+0.938
1685693160,+3.47,+13.289, +9.527,+0.938
1685693220,+3.47,+13.201, +9.754,+0.939
1685693280,+3.47,+13.289, +9.740,+0.940
1685693340,+3.47,+13.350, +9.790,+0.940
1685693400,+3.47,+13.866, +9.922,+0.941
1685693460,+3.47,+14.370, +9.976,+0.942
1685693520,+3.47,+14.664, +9.833,+0.942
1685693580,+3.47,+14.448, +9.316,+0.938
1685693640,+3.47,+13.961, +9.696,+0.940
1685693700,+3.47,+14.014, +9.839,+0.941
1685693760,+3.47,+14.413, +9.854,+0.941
1685693820,+3.47,+14.724, +9.845,+0.942
1685693880,+3.47,+15.035, +9.880,+0.942
1685693940,+3.47,+15.345, +9.856,+0.942
1685694000,+3.47,+15.602, +9.906,+0.943
1685694060,+3.47,+15.851, +9.834,+0.942
1685694120,+3.47,+16.022, +9.881,+0.942
1685694180,+3.47,+16.210, +9.861,+0.942
1685694240,+3.47,+16.346, +9.867,+0.942
1685694300,+3.47,+16.398, +9.859,+0.942
1685694360,+3.47,+16.508, +9.843,+0.942
1685694420,+3.47,+16.560, +9.840,+0.941
1685694480,+3.47,+16.628, +9.853,+0.942
1685694540,+3.47,+16.619, +9.858,+0.942
1685694600,+3.47,+16.602, +9.880,+0.942
1685694660,+3.47,+16.713, +9.822,+0.942
1685694720,+3.47,+15.525, +9.383,+0.938
1685694780,+3.47,+14.940, +9.088,+0.936
1685694840,+3.47,+13.770, +9.339,+0.937
1685694900,+3.47,+13.341, +9.589,+0.938
1685694960,+3.47,+12.955, +9.674,+0.938
1685695020,+3.47,+12.788, +9.744,+0.938
1685695080,+3.47,+12.549, +9.817,+0.939
1685695140,+3.47,+12.567, +9.881,+0.940
1685695200,+3.47,+12.638, +9.753,+0.939
1685695260,+3.47,+12.461, +9.788,+0.939
1685695320,+3.47,+12.141, +9.715,+0.939
1685695380,+3.47,+11.955, +9.769,+0.940
1685695440,+3.47,+11.866, +9.819,+0.939
1685695500,+3.47,+11.839, +9.871,+0.940
1685695560,+3.47,+11.883,+10.003,+0.941
1685695620,+3.47,+12.558,+10.233,+0.943
1685695680,+3.47,+13.043,+10.011,+0.942
1685695740,+3.47,+12.955, +9.997,+0.942
1685695800,+3.47,+13.289, +9.973,+0.942
1685695860,+3.47,+13.595, +9.962,+0.942
1685695920,+3.47,+13.979, +9.943,+0.942
1685695980,+3.47,+14.361,+10.055,+0.943
1685696040,+3.47,+14.880,+10.033,+0.944
1685696100,+3.47,+15.121, +9.933,+0.943
1685696160,+3.47,+15.336, +9.914,+0.943
1685696220,+3.47,+15.457, +9.888,+0.942
1685696280,+3.47,+15.568, +9.791,+0.941
1685696340,+3.47,+15.534, +9.798,+0.942
1685696400,+3.47,+15.517, +9.806,+0.942
1685696460,+3.47,+15.542, +9.809,+0.942
1685696520,+3.47,+15.499, +9.812,+0.942
1685696580,+3.47,+15.448, +9.750,+0.941
1685696640,+3.47,+15.233, +9.726,+0.941
1685696700,+3.47,+15.156, +9.716,+0.940
1685696760,+3.47,+15.130, +9.737,+0.941
1685696820,+3.47,+15.104, +9.763,+0.941
1685696880,+3.47,+15.061, +9.771,+0.941
1685696940,+3.47,+15.199, +9.829,+0.941
1685697000,+3.47,+15.431, +9.853,+0.942
1685697060,+3.47,+15.611, +9.866,+0.942
1685697120,+3.47,+15.800, +9.852,+0.941
1685697180,+3.47,+15.919, +9.861,+0.942
1685697240,+3.47,+16.039, +9.897,+0.942
1685697300,+3.47,+15.482, +9.509,+0.939
1685697360,+3.47,+15.199, +9.692,+0.940
1685697420,+3.47,+15.362, +9.864,+0.942
1685697480,+3.47,+15.499, +9.808,+0.941
1685697540,+3.47,+15.585, +9.821,+0.941
1685697600,+3.47,+15.508, +9.504,+0.939
1685697660,+3.47,+15.095, +9.611,+0.940
1685697720,+3.47,+14.975, +9.672,+0.940
1685697780,+3.47,+14.940, +9.683,+0.940
1685697840,+3.47,+14.837, +9.755,+0.940
1685697900,+3.47,+14.647, +9.710,+0.939
1685697960,+3.47,+14.508, +9.742,+0.939
1685698020,+3.47,+14.378, +9.788,+0.940
1685698080,+3.47,+14.335, +9.801,+0.940
1685698140,+3.47,+14.292, +9.828,+0.941
1685698200,+3.47,+14.248, +9.847,+0.940
1685698260,+3.47,+14.248, +9.830,+0.940
1685698320,+3.47,+14.144, +9.892,+0.940
1685698380,+3.47,+14.100, +9.914,+0.940
1685698440,+3.47,+14.083, +9.919,+0.940
1685698500,+3.47,+14.057, +9.944,+0.941
1685698560,+3.47,+14.083, +9.944,+0.941
1685698620,+3.47,+13.804, +9.657,+0.938
1685698680,+3.47,+13.639, +9.882,+0.941
1685698740,+3.47,+13.752, +9.873,+0.940
1685698800,+3.47,+13.709, +9.872,+0.941
1685698860,+3.47,+13.665, +9.837,+0.940
1685698920,+3.47,+13.630, +9.923,+0.941
1685698980,+3.47,+13.752,+10.026,+0.941
1685699040,+3.47,+13.796,+10.045,+0.941
1685699100,+3.47,+13.831,+10.038,+0.941
1685699160,+3.47,+13.874,+10.039,+0.941
1685699220,+3.47,+13.953,+10.064,+0.941
1685699280,+3.47,+13.979,+10.065,+0.941
1685699340,+3.47,+14.014,+10.099,+0.941
1685699400,+3.47,+14.014,+10.128,+0.941
1685699460,+3.47,+14.074,+10.169,+0.941
1685699520,+3.47,+14.118,+10.189,+0.942
1685699580,+3.47,+14.118,+10.237,+0.941
1685699640,+3.47,+14.135,+10.237,+0.941
1685699700,+3.47,+14.170,+10.244,+0.941
1685699760,+3.47,+14.144,+10.278,+0.942
1685699820,+3.47,+14.179,+10.274,+0.941
1685699880,+3.47,+14.170,+10.275,+0.941
1685699940,+3.47,+14.170,+10.182,+0.941
1685700000,+3.47,+14.161,+10.131,+0.941
1685700060,+3.47,+14.153,+10.159,+0.941
1685700120,+3.47,+14.100,+10.276,+0.941
1685700180,+3.47,+14.100,+10.193,+0.941
1685700240,+3.47,+14.022,+10.157,+0.941
1685700300,+3.47,+13.979,+10.095,+0.941
1685700360,+3.47,+13.944,+10.060,+0.941
1685700420,+3.47,+13.900,+10.054,+0.941
1685700480,+3.47,+13.831,+10.105,+0.941
1685700540,+3.47,+13.892,+10.086,+0.941
1685700600,+3.47,+13.857,+10.097,+0.941
1685700660,+3.47,+13.909, +9.972,+0.941
1685700720,+3.47,+13.534, +9.826,+0.940
1685700780,+3.47,+13.341, +9.792,+0.940
1685700840,+3.47,+13.306, +9.780,+0.940
1685700900,+3.47,+13.236, +9.812,+0.941
1685700960,+3.47,+13.245, +9.933,+0.941
1685701020,+3.47,+13.455, +9.994,+0.942
1685701080,+3.47,+13.490,+10.032,+0.941
1685701140,+3.47,+13.551,+10.096,+0.942
1685701200,+3.47,+13.735,+10.137,+0.942
1685701260,+3.47,+13.822,+10.207,+0.942
1685701320,+3.47,+13.909,+10.212,+0.941
1685701380,+3.47,+13.953,+10.136,+0.941
1685701440,+3.47,+13.376, +9.827,+0.940
1685701500,+3.47,+13.297, +9.977,+0.941
1685701560,+3.47,+13.254,+10.043,+0.941
1685701620,+3.47,+13.438,+10.118,+0.941
1685701680,+3.47,+13.630,+10.182,+0.941
1685701740,+3.47,+13.752,+10.215,+0.941
1685701800,+3.47,+13.822,+10.275,+0.942
1685701860,+3.47,+13.926,+10.252,+0.942
1685701920,+3.47,+14.005,+10.208,+0.941
1685701980,+3.47,+14.031,+10.226,+0.942
1685702040,+3.47,+14.066,+10.209,+0.941
1685702100,+3.47,+14.161,+10.191,+0.942
1685702160,+3.47,+14.239,+10.167,+0.942
1685702220,+3.47,+14.266,+10.147,+0.942
1685702280,+3.47,+14.292,+10.138,+0.942
1685702340,+3.47,+14.283,+10.133,+0.941
1685702400,+3.47,+14.352,+10.126,+0.942
1685702460,+3.47,+14.361,+10.201,+0.942
1685702520,+3.47,+14.326,+10.204,+0.941
1685702580,+3.47,+14.318,+10.186,+0.941
1685702640,+3.47,+14.318,+10.219,+0.941
1685702700,+3.47,+14.283,+10.289,+0.941
1685702760,+3.47,+14.248,+10.259,+0.941
1685702820,+3.47,+14.144,+10.211,+0.941
1685702880,+3.47,+14.014,+10.256,+0.941
1685702940,+3.47,+14.074,+10.218,+0.941
1685703000,+3.47,+14.057,+10.237,+0.942
1685703060,+3.47,+14.048,+10.214,+0.941
1685703120,+3.47,+14.031,+10.206,+0.941
1685703180,+3.47,+14.031,+10.178,+0.940
1685703240,+3.47,+13.987,+10.193,+0.941
1685703300,+3.47,+13.970,+10.195,+0.941
1685703360,+3.47,+14.005,+10.180,+0.941
1685703420,+3.47,+13.979,+10.198,+0.941
1685703480,+3.47,+14.031,+10.188,+0.941
1685703540,+3.47,+14.022,+10.207,+0.941
1685703600,+3.47,+14.135,+10.235,+0.942
1685703660,+3.47,+14.196,+10.306,+0.942
1685703720,+3.47,+14.283,+10.299,+0.942
1685703780,+3.47,+14.361,+10.306,+0.942
1685703840,+3.47,+14.448,+10.259,+0.942
1685703900,+3.47,+14.552,+10.240,+0.942
1685703960,+3.47,+14.508,+10.206,+0.941
1685704020,+3.47,+14.500,+10.249,+0.941
1685704080,+3.47,+14.474,+10.301,+0.942
1685704140,+3.47,+14.491,+10.294,+0.941
1685704200,+3.47,+14.465,+10.304,+0.941
1685704260,+3.47,+14.430,+10.313,+0.941
1685704320,+3.47,+14.500,+10.285,+0.942
1685704380,+3.47,+14.534,+10.258,+0.942
1685704440,+3.47,+14.612,+10.194,+0.941
1685704500,+3.47,+14.595,+10.166,+0.942
1685704560,+3.47,+14.352, +9.792,+0.939
1685704620,+3.47,+13.987,+10.139,+0.940
1685704680,+3.47,+13.508, +9.660,+0.938
1685704740,+3.47,+12.876, +9.679,+0.939
1685704800,+3.47,+12.593, +9.786,+0.939
1685704860,+3.47,+12.443, +9.834,+0.940
1685704920,+3.47,+12.284, +9.879,+0.940
1685704980,+3.47,+12.363, +9.958,+0.941
1685705040,+3.47,+12.549,+10.062,+0.941
1685705100,+3.47,+12.867,+10.318,+0.942
1685705160,+3.47,+13.236,+10.394,+0.942
1685705220,+3.47,+13.516,+10.496,+0.942
1685705280,+3.47,+13.787,+10.467,+0.943
1685705340,+3.47,+14.048,+10.422,+0.943
1685705400,+3.47,+14.213,+10.373,+0.942
1685705460,+3.47,+14.352,+10.335,+0.942
1685705520,+3.47,+14.491,+10.277,+0.942
1685705580,+3.47,+14.595,+10.213,+0.942
1685705640,+3.47,+14.681,+10.214,+0.942
1685705700,+3.47,+14.681,+10.224,+0.942
1685705760,+3.47,+14.595,+10.255,+0.942
1685705820,+3.47,+14.629,+10.227,+0.942
1685705880,+3.47,+14.560,+10.254,+0.942
1685705940,+3.47,+14.543,+10.245,+0.942
1685706000,+3.47,+14.560,+10.245,+0.942
1685706060,+3.47,+14.629,+10.208,+0.941
1685706120,+3.47,+14.543,+10.253,+0.942
1685706180,+3.47,+14.612,+10.235,+0.941
1685706240,+3.47,+14.681,+10.232,+0.942
1685706300,+3.47,+14.716,+10.244,+0.942
1685706360,+3.47,+14.837,+10.177,+0.941
1685706420,+3.47,+14.871,+10.174,+0.942
1685706480,+3.47,+14.949,+10.125,+0.942
1685706540,+3.47,+14.923,+10.112,+0.942
1685706600,+3.47,+14.992,+10.079,+0.941
1685706660,+3.47,+14.992,+10.104,+0.942
1685706720,+3.47,+15.026,+10.079,+0.941
1685706780,+3.47,+14.966,+10.095,+0.942
1685706840,+3.47,+14.975,+10.128,+0.942
1685706900,+3.47,+14.940,+10.153,+0.942
1685706960,+3.47,+14.966,+10.136,+0.941
1685707020,+3.47,+14.958,+10.124,+0.941
1685707080,+3.47,+15.001,+10.119,+0.941
1685707140,+3.47,+14.958,+10.137,+0.941
1685707200,+3.47,+14.966,+10.140,+0.942
1685707260,+3.47,+15.061,+10.144,+0.942
1685707320,+3.47,+15.233,+10.165,+0.942
1685707380,+3.47,+15.448,+10.223,+0.943
1685707440,+3.47,+15.628,+10.140,+0.941
1685707500,+3.47,+15.405,+10.025,+0.941
1685707560,+3.47,+15.319, +9.990,+0.941
1685707620,+3.47,+15.181,+10.044,+0.941
1685707680,+3.47,+15.181,+10.030,+0.941
1685707740,+3.47,+15.156, +9.997,+0.941
1685707800,+3.47,+15.044,+10.070,+0.941
1685707860,+3.47,+15.078,+10.092,+0.941
1685707920,+3.47,+15.130,+10.094,+0.941
1685707980,+3.47,+15.121,+10.092,+0.941
1685708040,+3.47,+15.147,+10.062,+0.941
1685708100,+3.47,+15.052,+10.131,+0.941
1685708160,+3.47,+14.906,+10.233,+0.940
1685708220,+3.47,+14.759,+10.291,+0.941
1685708280,+3.47,+14.681,+10.190,+0.940
1685708340,+3.47,+14.370,+10.211,+0.940
1685708400,+3.47,+14.239,+10.108,+0.940
1685708460,+3.47,+14.005,+10.096,+0.940
1685708520,+3.47,+13.935,+10.119,+0.940
1685708580,+3.47,+13.813,+10.160,+0.940
1685708640,+3.47,+13.778,+10.167,+0.940
1685708700,+3.47,+13.726,+10.154,+0.940
1685708760,+3.47,+13.726,+10.151,+0.940
1685708820,+3.47,+13.761,+10.156,+0.940
1685708880,+3.47,+13.752,+10.212,+0.941
1685708940,+3.47,+13.796,+10.232,+0.941
1685709000,+3.47,+13.822,+10.239,+0.941
1685709060,+3.47,+13.796,+10.265,+0.941
1685709120,+3.47,+13.892,+10.304,+0.941
1685709180,+3.47,+14.066,+10.307,+0.942
1685709240,+3.47,+14.074,+10.375,+0.941
1685709300,+3.47,+14.222,+10.390,+0.942
1685709360,+3.47,+14.300,+10.405,+0.942
1685709420,+3.47,+14.404,+10.400,+0.942
1685709480,+3.47,+14.413,+10.429,+0.942
1685709540,+3.47,+14.526,+10.414,+0.942
1685709600,+3.47,+14.517,+10.437,+0.942
1685709660,+3.47,+14.612,+10.399,+0.942
1685709720,+3.47,+14.664,+10.391,+0.942
1685709780,+3.47,+14.491, +9.878,+0.939
1685709840,+3.47,+13.822, +9.660,+0.938
1685709900,+3.47,+13.271, +9.680,+0.939
1685709960,+3.47,+12.920, +9.684,+0.939
1685710020,+3.47,+12.708, +9.750,+0.940
1685710080,+3.47,+12.478, +9.779,+0.939
1685710140,+3.47,+12.372, +9.861,+0.940
1685710200,+3.47,+12.301, +9.908,+0.940
1685710260,+3.47,+12.239, +9.955,+0.940
1685710320,+3.47,+12.213, +9.985,+0.940
1685710380,+3.47,+12.177,+10.008,+0.941
