7450-798456
OS REV: 1.03 Sensor Cal: 1539277937
Time (sec),  BV (Volts),  T (deg C),  DO (mg/l),  Q ()
1685364840,+3.46,+15.988,+10.151,+0.941
1685364900,+3.46,+16.022,+10.137,+0.942
1685364960,+3.46,+16.031,+10.121,+0.941
1685365020,+3.46,+16.022,+10.122,+0.942
1685365080,+3.46,+15.705, +9.753,+0.938
1685365140,+3.46,+14.248, +9.555,+0.937
1685365200,+3.46,+13.481, +9.761,+0.938
1685365260,+3.46,+12.990, +9.897,+0.938
1685365320,+3.46,+12.814,+10.034,+0.939
1685365380,+3.46,+13.280,+10.482,+0.942
1685365440,+3.46,+14.153,+10.414,+0.943
1685365500,+3.46,+14.638,+10.329,+0.942
1685365560,+3.46,+14.940,+10.297,+0.942
1685365620,+3.46,+13.761, +9.612,+0.937
1685365680,+3.46,+13.376,+10.055,+0.940
1685365740,+3.46,+13.665,+10.113,+0.940
1685365800,+3.46,+13.743,+10.186,+0.941
1685365860,+3.46,+13.935,+10.016,+0.940
1685365920,+3.46,+13.455,+10.127,+0.940
1685365980,+3.46,+13.691,+10.346,+0.942
1685366040,+3.46,+14.153,+10.418,+0.943
1685366100,+3.46,+14.560,+10.310,+0.943
1685366160,+3.46,+14.923,+10.236,+0.943
1685366220,+3.46,+14.465, +9.688,+0.938
1685366280,+3.46,+13.813,+10.045,+0.940
1685366340,+3.46,+13.778, +9.982,+0.939
1685366400,+3.46,+13.087, +9.881,+0.938
1685366460,+3.46,+12.646,+10.033,+0.939
1685366520,+3.46,+12.372,+10.137,+0.940
1685366580,+3.46,+12.593,+10.325,+0.940
1685366640,+3.46,+13.140,+10.484,+0.942
1685366700,+3.46,+13.892,+10.397,+0.943
1685366760,+3.46,+14.326,+10.357,+0.943
1685366820,+3.46,+14.724,+10.282,+0.943
1685366880,+3.46,+14.448, +9.481,+0.937
1685366940,+3.46,+13.140, +9.604,+0.938
1685367000,+3.46,+12.558, +9.714,+0.938
1685367060,+3.46,+12.133, +9.843,+0.939
1685367120,+3.46,+11.883, +9.947,+0.940
1685367180,+3.46,+11.678,+10.007,+0.940
1685367240,+3.46,+11.660,+10.056,+0.940
1685367300,+3.46,+11.812,+10.282,+0.941
1685367360,+3.46,+12.363,+10.524,+0.943
1685367420,+3.46,+12.981,+10.483,+0.943
1685367480,+3.46,+13.420,+10.436,+0.943
1685367540,+3.46,+13.770,+10.395,+0.943
1685367600,+3.46,+14.031,+10.300,+0.943
1685367660,+3.46,+14.257,+10.263,+0.942
1685367720,+3.46,+14.413,+10.216,+0.943
1685367780,+3.46,+14.239, +9.960,+0.940
1685367840,+3.46,+13.752,+10.038,+0.940
1685367900,+3.46,+13.324,+10.132,+0.940
1685367960,+3.46,+13.122,+10.157,+0.940
1685368020,+3.46,+12.990,+10.177,+0.940
1685368080,+3.46,+12.779,+10.293,+0.941
1685368140,+3.46,+12.743,+10.287,+0.940
1685368200,+3.46,+12.849,+10.308,+0.941
1685368260,+3.46,+12.902,+10.312,+0.941
1685368320,+3.46,+12.973,+10.267,+0.941
1685368380,+3.46,+12.973,+10.282,+0.941
1685368440,+3.46,+13.008,+10.283,+0.941
1685368500,+3.46,+13.060,+10.251,+0.941
1685368560,+3.46,+13.131,+10.227,+0.941
1685368620,+3.46,+13.166,+10.218,+0.941
1685368680,+3.46,+13.219,+10.240,+0.941
1685368740,+3.46,+13.289,+10.242,+0.941
1685368800,+3.46,+13.297,+10.231,+0.941
1685368860,+3.46,+13.271,+10.218,+0.941
1685368920,+3.46,+13.201,+10.193,+0.942
1685368980,+3.46,+13.157,+10.148,+0.941
1685369040,+3.46,+13.052,+10.195,+0.941
1685369100,+3.46,+13.017,+10.213,+0.941
1685369160,+3.46,+12.990,+10.214,+0.941
1685369220,+3.46,+12.999,+10.195,+0.941
1685369280,+3.46,+12.929,+10.227,+0.941
1685369340,+3.46,+12.955,+10.232,+0.941
1685369400,+3.46,+12.964,+10.227,+0.941
1685369460,+3.46,+12.964,+10.223,+0.941
1685369520,+3.46,+13.043,+10.182,+0.941
1685369580,+3.46,+13.017,+10.187,+0.941
1685369640,+3.46,+12.893,+10.220,+0.941
1685369700,+3.46,+12.885,+10.218,+0.941
1685369760,+3.46,+12.832,+10.221,+0.941
1685369820,+3.46,+12.876,+10.197,+0.941
1685369880,+3.46,+12.805,+10.216,+0.941
1685369940,+3.46,+12.699,+10.257,+0.941
1685370000,+3.46,+12.743,+10.212,+0.941
1685370060,+3.46,+12.655,+10.248,+0.941
1685370120,+3.46,+12.638,+10.243,+0.941
1685370180,+3.46,+12.646,+10.235,+0.941
1685370240,+3.46,+12.673,+10.222,+0.941
1685370300,+3.46,+12.629,+10.224,+0.941
1685370360,+3.46,+12.664,+10.200,+0.941
1685370420,+3.46,+12.602,+10.212,+0.941
1685370480,+3.46,+12.558,+10.207,+0.941
1685370540,+3.46,+12.505,+10.226,+0.941
1685370600,+3.46,+12.523,+10.220,+0.941
1685370660,+3.46,+12.487,+10.211,+0.941
1685370720,+3.46,+12.390,+10.232,+0.941
1685370780,+3.46,+12.354,+10.243,+0.941
1685370840,+3.46,+12.354,+10.233,+0.941
1685370900,+3.46,+12.292,+10.229,+0.941
1685370960,+3.46,+12.284,+10.200,+0.941
1685371020,+3.46,+12.177,+10.157,+0.941
1685371080,+3.46,+12.150,+10.147,+0.941
1685371140,+3.46,+12.124,+10.153,+0.940
1685371200,+3.46,+12.106,+10.144,+0.941
1685371260,+3.46,+12.053,+10.167,+0.941
1685371320,+3.46,+12.070,+10.172,+0.941
1685371380,+3.46,+11.999,+10.162,+0.940
1685371440,+3.46,+11.972,+10.164,+0.941
1685371500,+3.46,+11.972,+10.169,+0.941
1685371560,+3.46,+11.937,+10.185,+0.941
1685371620,+3.46,+11.928,+10.167,+0.941
1685371680,+3.46,+11.892,+10.197,+0.941
1685371740,+3.46,+11.981,+10.166,+0.941
1685371800,+3.46,+11.955,+10.178,+0.941
1685371860,+3.46,+11.928,+10.168,+0.941
1685371920,+3.46,+11.955,+10.172,+0.942
1685371980,+3.46,+11.946,+10.190,+0.942
1685372040,+3.46,+11.990,+10.193,+0.941
1685372100,+3.46,+11.999,+10.198,+0.941
1685372160,+3.46,+12.035,+10.201,+0.941
1685372220,+3.46,+12.035,+10.233,+0.941
1685372280,+3.46,+12.053,+10.235,+0.941
1685372340,+3.46,+12.088,+10.230,+0.941
1685372400,+3.46,+12.088,+10.230,+0.941
1685372460,+3.46,+12.044,+10.234,+0.941
1685372520,+3.46,+12.008,+10.228,+0.942
1685372580,+3.46,+12.026,+10.218,+0.941
1685372640,+3.46,+12.026,+10.213,+0.941
1685372700,+3.46,+12.026,+10.207,+0.941
1685372760,+3.46,+11.999,+10.217,+0.942
1685372820,+3.46,+11.981,+10.212,+0.941
1685372880,+3.46,+11.999,+10.218,+0.941
1685372940,+3.46,+11.999,+10.236,+0.941
1685373000,+3.46,+11.990,+10.274,+0.942
1685373060,+3.46,+12.070,+10.240,+0.941
1685373120,+3.46,+12.026,+10.272,+0.941
1685373180,+3.46,+12.088,+10.255,+0.941
1685373240,+3.46,+12.097,+10.233,+0.942
1685373300,+3.46,+12.088,+10.213,+0.941
1685373360,+3.46,+12.061,+10.209,+0.941
1685373420,+3.46,+12.061,+10.192,+0.941
1685373480,+3.46,+12.017,+10.213,+0.941
1685373540,+3.46,+11.955,+10.173,+0.941
1685373600,+3.46,+11.901,+10.200,+0.941
1685373660,+3.46,+11.919,+10.190,+0.941
1685373720,+3.46,+11.946,+10.205,+0.941
1685373780,+3.46,+11.910,+10.224,+0.941
1685373840,+3.46,+11.901,+10.243,+0.942
1685373900,+3.46,+11.946,+10.240,+0.942
1685373960,+3.46,+11.937,+10.250,+0.942
1685374020,+3.46,+11.964,+10.250,+0.941
1685374080,+3.46,+11.946,+10.271,+0.942
1685374140,+3.46,+12.008,+10.266,+0.942
1685374200,+3.46,+12.035,+10.244,+0.942
1685374260,+3.46,+11.981,+10.231,+0.942
1685374320,+3.46,+11.972,+10.232,+0.941
1685374380,+3.46,+11.928,+10.244,+0.941
1685374440,+3.46,+11.964,+10.230,+0.941
1685374500,+3.46,+11.910,+10.266,+0.941
1685374560,+3.46,+12.017,+10.281,+0.941
1685374620,+3.46,+11.981,+10.289,+0.941
1685374680,+3.46,+11.955,+10.292,+0.941
1685374740,+3.46,+11.964,+10.290,+0.941
1685374800,+3.46,+11.937,+10.305,+0.942
1685374860,+3.46,+11.946,+10.298,+0.941
1685374920,+3.46,+11.866,+10.316,+0.941
1685374980,+3.46,+11.919,+10.243,+0.941
1685375040,+3.46,+11.901,+10.250,+0.941
1685375100,+3.46,+11.901,+10.254,+0.942
1685375160,+3.46,+11.910,+10.240,+0.941
1685375220,+3.46,+11.866,+10.248,+0.941
1685375280,+3.46,+11.955,+10.231,+0.942
1685375340,+3.46,+11.910,+10.267,+0.942
1685375400,+3.46,+11.901,+10.265,+0.941
1685375460,+3.46,+11.866,+10.282,+0.942
1685375520,+3.46,+11.892,+10.275,+0.941
1685375580,+3.46,+11.874,+10.273,+0.941
1685375640,+3.46,+11.883,+10.274,+0.941
1685375700,+3.46,+11.866,+10.278,+0.941
1685375760,+3.46,+11.866,+10.275,+0.941
1685375820,+3.46,+11.892,+10.279,+0.942
1685375880,+3.46,+11.946,+10.270,+0.941
1685375940,+3.46,+11.910,+10.305,+0.942
1685376000,+3.46,+11.981,+10.275,+0.941
1685376060,+3.46,+11.946,+10.284,+0.941
1685376120,+3.46,+11.919,+10.301,+0.942
1685376180,+3.46,+11.937,+10.319,+0.942
1685376240,+3.46,+11.946,+10.334,+0.941
1685376300,+3.46,+11.901,+10.310,+0.941
1685376360,+3.46,+11.946,+10.310,+0.941
1685376420,+3.46,+11.848,+10.334,+0.941
1685376480,+3.46,+11.857,+10.326,+0.942
1685376540,+3.46,+11.919,+10.326,+0.941
1685376600,+3.46,+11.910,+10.328,+0.941
1685376660,+3.46,+12.408,+10.518,+0.944
1685376720,+3.46,+13.534,+10.592,+0.946
1685376780,+3.46,+14.378,+10.437,+0.945
1685376840,+3.46,+14.914,+10.333,+0.944
1685376900,+3.46,+15.319,+10.295,+0.945
1685376960,+3.46,+14.292, +9.786,+0.940
1685377020,+3.46,+13.866, +9.867,+0.940
1685377080,+3.46,+13.726, +9.972,+0.941
1685377140,+3.46,+13.446, +9.848,+0.940
1685377200,+3.46,+12.885,+10.049,+0.940
1685377260,+3.46,+12.638,+10.134,+0.940
1685377320,+3.46,+12.408,+10.190,+0.940
1685377380,+3.46,+12.328,+10.193,+0.940
1685377440,+3.46,+12.301,+10.202,+0.940
1685377500,+3.46,+12.159,+10.251,+0.940
1685377560,+3.46,+12.115,+10.296,+0.941
1685377620,+3.46,+12.097,+10.306,+0.941
1685377680,+3.46,+12.124,+10.293,+0.941
1685377740,+3.46,+12.061,+10.349,+0.941
1685377800,+3.46,+12.141,+10.332,+0.941
1685377860,+3.46,+12.346,+10.297,+0.942
1685377920,+3.46,+12.487,+10.241,+0.941
1685377980,+3.46,+12.585,+10.214,+0.942
1685378040,+3.46,+12.585,+10.209,+0.941
1685378100,+3.46,+12.593,+10.212,+0.941
1685378160,+3.46,+12.585,+10.221,+0.941
1685378220,+3.46,+12.549,+10.213,+0.941
1685378280,+3.46,+12.434,+10.237,+0.941
1685378340,+3.46,+12.301,+10.236,+0.941
1685378400,+3.46,+12.204,+10.260,+0.941
1685378460,+3.46,+12.195,+10.264,+0.941
1685378520,+3.46,+12.186,+10.282,+0.941
1685378580,+3.46,+12.275,+10.309,+0.941
1685378640,+3.46,+12.390,+10.291,+0.941
1685378700,+3.46,+12.576,+10.186,+0.942
1685378760,+3.46,+12.540,+10.222,+0.941
1685378820,+3.46,+12.585,+10.230,+0.942
1685378880,+3.46,+12.788,+10.275,+0.943
1685378940,+3.46,+13.060,+10.216,+0.943
1685379000,+3.46,+13.385,+10.208,+0.943
1685379060,+3.46,+14.517,+10.414,+0.945
1685379120,+3.46,+15.147,+10.373,+0.945
1685379180,+3.46,+15.474,+10.292,+0.945
1685379240,+3.46,+14.742, +9.736,+0.940
1685379300,+3.46,+13.831, +9.711,+0.939
1685379360,+3.46,+13.262, +9.953,+0.939
1685379420,+3.46,+12.990,+10.080,+0.939
1685379480,+3.46,+12.735,+10.123,+0.940
1685379540,+3.46,+12.620,+10.106,+0.940
1685379600,+3.46,+12.585,+10.143,+0.940
1685379660,+3.46,+12.558,+10.223,+0.941
1685379720,+3.46,+12.849,+10.175,+0.941
1685379780,+3.46,+12.999,+10.215,+0.942
1685379840,+3.46,+13.087,+10.156,+0.941
1685379900,+3.46,+13.017,+10.173,+0.941
1685379960,+3.46,+13.034,+10.196,+0.941
1685380020,+3.46,+13.376,+10.477,+0.944
1685380080,+3.46,+14.335,+10.324,+0.944
1685380140,+3.46,+14.975,+10.292,+0.944
1685380200,+3.46,+15.431,+10.360,+0.944
1685380260,+3.46,+14.534, +9.447,+0.937
1685380320,+3.46,+13.551, +9.822,+0.939
1685380380,+3.46,+13.140, +9.952,+0.940
1685380440,+3.46,+12.946,+10.146,+0.940
1685380500,+3.46,+13.341,+10.377,+0.943
1685380560,+3.46,+14.022,+10.584,+0.944
1685380620,+3.46,+14.776,+10.625,+0.944
1685380680,+3.46,+15.405,+10.663,+0.944
1685380740,+3.46,+15.928,+10.668,+0.945
1685380800,+3.46,+16.167,+10.692,+0.944
1685380860,+3.46,+16.415,+10.597,+0.944
1685380920,+3.46,+15.594, +9.857,+0.940
1685380980,+3.46,+15.748,+10.393,+0.943
1685381040,+3.46,+16.142,+10.341,+0.943
1685381100,+3.46,+16.287,+10.369,+0.943
1685381160,+3.46,+16.210,+10.161,+0.942
1685381220,+3.46,+16.270,+10.170,+0.942
1685381280,+3.46,+15.877, +9.115,+0.935
1685381340,+3.46,+14.187, +9.601,+0.937
1685381400,+3.46,+13.481, +9.880,+0.938
1685381460,+3.46,+13.140,+10.027,+0.939
1685381520,+3.46,+12.867,+10.127,+0.939
1685381580,+3.46,+13.464,+10.487,+0.943
1685381640,+3.46,+14.274,+10.530,+0.943
1685381700,+3.46,+14.975,+10.438,+0.943
1685381760,+3.46,+15.457,+10.413,+0.944
1685381820,+3.46,+15.808,+10.492,+0.944
1685381880,+3.46,+16.142,+10.468,+0.943
1685381940,+3.46,+16.406,+10.460,+0.944
1685382000,+3.46,+16.551,+10.457,+0.944
1685382060,+3.46,+16.704,+10.464,+0.943
1685382120,+3.46,+16.721,+10.435,+0.943
1685382180,+3.46,+15.808, +9.451,+0.937
1685382240,+3.46,+15.070, +9.972,+0.940
1685382300,+3.46,+15.371,+10.123,+0.941
1685382360,+3.46,+15.671,+10.234,+0.942
1685382420,+3.46,+15.979,+10.251,+0.943
1685382480,+3.46,+16.193,+10.239,+0.942
1685382540,+3.46,+16.423,+10.311,+0.943
1685382600,+3.46,+16.560,+10.300,+0.942
1685382660,+3.46,+16.653,+10.295,+0.942
1685382720,+3.46,+16.781,+10.292,+0.942
1685382780,+3.46,+16.798,+10.307,+0.942
1685382840,+3.46,+16.874,+10.316,+0.942
1685382900,+3.46,+16.917,+10.337,+0.942
1685382960,+3.46,+16.968,+10.355,+0.943
1685383020,+3.46,+16.976,+10.360,+0.942
1685383080,+3.46,+16.976,+10.376,+0.942
1685383140,+3.46,+15.026, +9.580,+0.937
1685383200,+3.46,+14.854, +9.925,+0.940
1685383260,+3.46,+15.026,+10.099,+0.940
1685383320,+3.46,+15.517,+10.272,+0.942
1685383380,+3.46,+15.902,+10.332,+0.942
1685383440,+3.46,+16.159,+10.367,+0.942
1685383500,+3.46,+16.364,+10.347,+0.942
1685383560,+3.46,+16.611,+10.318,+0.942
1685383620,+3.46,+16.653,+10.327,+0.942
1685383680,+3.46,+16.730,+10.330,+0.942
1685383740,+3.46,+16.764,+10.323,+0.942
1685383800,+3.46,+16.891,+10.282,+0.942
1685383860,+3.46,+16.883,+10.223,+0.942
1685383920,+3.46,+16.874,+10.228,+0.942
1685383980,+3.46,+16.917,+10.197,+0.942
1685384040,+3.46,+16.840,+10.163,+0.942
1685384100,+3.46,+15.731, +9.422,+0.938
1685384160,+3.46,+15.474, +9.797,+0.940
1685384220,+3.46,+15.765, +9.986,+0.941
1685384280,+3.46,+15.697, +9.811,+0.940
1685384340,+3.46,+15.250, +9.825,+0.940
1685384400,+3.46,+15.061, +9.847,+0.940
1685384460,+3.46,+15.104, +9.947,+0.941
1685384520,+3.46,+14.534, +9.411,+0.937
1685384580,+3.46,+13.770, +9.840,+0.938
1685384640,+3.46,+13.481, +9.966,+0.939
1685384700,+3.47,+13.909,+10.185,+0.942
1685384760,+3.46,+14.560,+10.207,+0.942
1685384820,+3.46,+15.035,+10.188,+0.942
1685384880,+3.46,+14.621, +9.628,+0.938
1685384940,+3.46,+14.187,+10.076,+0.941
1685385000,+3.46,+14.552,+10.102,+0.942
1685385060,+3.46,+14.983, +9.984,+0.942
1685385120,+3.46,+14.300, +9.703,+0.938
1685385180,+3.47,+13.874,+10.060,+0.940
1685385240,+3.46,+14.292,+10.081,+0.941
1685385300,+3.46,+14.534,+10.086,+0.942
1685385360,+3.46,+15.026,+10.101,+0.942
1685385420,+3.46,+15.517,+10.101,+0.942
1685385480,+3.46,+15.748,+10.124,+0.943
1685385540,+3.46,+15.757, +9.342,+0.936
1685385600,+3.46,+14.854,+10.090,+0.942
1685385660,+3.46,+15.465, +9.991,+0.941
1685385720,+3.46,+14.257, +9.585,+0.937
1685385780,+3.46,+13.438, +9.862,+0.938
1685385840,+3.46,+13.052, +9.987,+0.938
1685385900,+3.46,+12.955,+10.068,+0.940
1685385960,+3.46,+13.192,+10.324,+0.942
1685386020,+3.46,+14.222,+10.369,+0.943
1685386080,+3.46,+14.828,+10.313,+0.943
1685386140,+3.46,+15.130,+10.195,+0.943
1685386200,+3.46,+15.551,+10.124,+0.943
1685386260,+3.46,+15.842,+10.073,+0.943
1685386320,+3.46,+16.065,+10.046,+0.942
1685386380,+3.46,+16.278,+10.047,+0.943
1685386440,+3.46,+16.381,+10.012,+0.942
1685386500,+3.47,+15.825, +9.538,+0.939
1685386560,+3.46,+15.594, +9.944,+0.942
1685386620,+3.46,+15.937, +9.799,+0.941
1685386680,+3.46,+15.877, +9.665,+0.940
1685386740,+3.46,+15.825, +9.686,+0.941
1685386800,+3.46,+16.090, +9.758,+0.943
1685386860,+3.46,+16.321, +9.792,+0.942
1685386920,+3.46,+16.483, +9.829,+0.942
1685386980,+3.46,+16.577, +9.892,+0.942
1685387040,+3.46,+16.645, +9.911,+0.941
1685387100,+3.46,+16.747, +9.923,+0.942
1685387160,+3.46,+16.789, +9.933,+0.942
1685387220,+3.46,+16.840, +9.935,+0.942
1685387280,+3.46,+16.891, +9.927,+0.942
1685387340,+3.46,+16.874, +9.967,+0.942
1685387400,+3.46,+16.985, +9.946,+0.942
1685387460,+3.46,+16.951, +9.969,+0.942
1685387520,+3.47,+17.010, +9.924,+0.942
1685387580,+3.46,+16.985, +9.887,+0.942
1685387640,+3.46,+17.087, +9.833,+0.942
1685387700,+3.46,+17.078, +9.854,+0.942
1685387760,+3.47,+17.163, +9.933,+0.942
1685387820,+3.46,+17.138, +9.958,+0.942
1685387880,+3.46,+17.206, +9.943,+0.942
1685387940,+3.46,+17.197, +9.929,+0.942
1685388000,+3.46,+17.214, +9.912,+0.942
1685388060,+3.46,+17.197, +9.935,+0.942
1685388120,+3.46,+17.214, +9.946,+0.942
1685388180,+3.47,+17.095, +9.411,+0.938
1685388240,+3.46,+16.159, +9.588,+0.939
1685388300,+3.47,+16.150, +9.807,+0.942
1685388360,+3.46,+16.372, +9.804,+0.941
1685388420,+3.46,+16.517, +9.768,+0.942
1685388480,+3.46,+16.611, +9.741,+0.941
1685388540,+3.46,+16.645, +9.614,+0.940
1685388600,+3.46,+15.594, +9.388,+0.938
1685388660,+3.47,+15.808, +9.753,+0.941
1685388720,+3.47,+15.996, +9.702,+0.941
1685388780,+3.47,+16.039, +9.627,+0.940
1685388840,+3.47,+16.073, +9.656,+0.941
1685388900,+3.47,+16.304, +9.641,+0.941
1685388960,+3.46,+16.474, +9.652,+0.942
1685389020,+3.46,+16.628, +9.667,+0.941
1685389080,+3.47,+16.687, +9.696,+0.942
1685389140,+3.46,+15.491, +8.928,+0.936
1685389200,+3.47,+14.759, +9.611,+0.939
1685389260,+3.47,+14.664, +9.376,+0.938
1685389320,+3.47,+13.935, +9.363,+0.937
1685389380,+3.47,+13.183, +9.371,+0.937
1685389440,+3.47,+12.629, +9.494,+0.937
1685389500,+3.47,+12.186, +9.656,+0.938
1685389560,+3.47,+12.070, +9.715,+0.938
1685389620,+3.47,+11.848, +9.822,+0.939
1685389680,+3.47,+11.776, +9.850,+0.939
1685389740,+3.47,+11.660, +9.922,+0.939
1685389800,+3.47,+11.553, +9.950,+0.940
1685389860,+3.47,+11.580, +9.925,+0.940
1685389920,+3.47,+11.544, +9.935,+0.940
1685389980,+3.47,+11.490, +9.968,+0.940
1685390040,+3.47,+11.463,+10.036,+0.940
1685390100,+3.47,+11.472,+10.080,+0.940
1685390160,+3.47,+11.526,+10.062,+0.941
1685390220,+3.47,+11.481,+10.082,+0.941
1685390280,+3.47,+11.508,+10.131,+0.941
1685390340,+3.47,+11.445,+10.150,+0.941
1685390400,+3.47,+11.490,+10.135,+0.941
1685390460,+3.47,+11.490,+10.124,+0.941
1685390520,+3.47,+11.499,+10.116,+0.941
1685390580,+3.47,+11.472,+10.121,+0.941
1685390640,+3.47,+11.472,+10.105,+0.942
1685390700,+3.47,+11.535,+10.088,+0.941
1685390760,+3.47,+11.544,+10.073,+0.941
1685390820,+3.47,+11.499,+10.096,+0.941
1685390880,+3.47,+11.481,+10.039,+0.941
1685390940,+3.47,+11.445,+10.038,+0.941
1685391000,+3.47,+11.383,+10.089,+0.941
1685391060,+3.47,+11.338,+10.067,+0.941
1685391120,+3.47,+11.284,+10.046,+0.941
1685391180,+3.47,+11.266,+10.053,+0.941
1685391240,+3.47,+11.203,+10.080,+0.942
1685391300,+3.47,+11.248,+10.061,+0.941
1685391360,+3.47,+11.203,+10.062,+0.941
1685391420,+3.47,+11.185,+10.077,+0.941
1685391480,+3.47,+11.176,+10.089,+0.942
1685391540,+3.47,+11.221,+10.056,+0.941
1685391600,+3.47,+11.284,+10.036,+0.942
1685391660,+3.47,+11.203,+10.069,+0.941
1685391720,+3.47,+11.239,+10.052,+0.941
1685391780,+3.47,+11.203,+10.056,+0.942
1685391840,+3.47,+11.203,+10.053,+0.942
1685391900,+3.47,+11.248,+10.025,+0.942
1685391960,+3.47,+11.212,+10.038,+0.942
1685392020,+3.47,+11.248,+10.020,+0.942
1685392080,+3.47,+11.230,+10.030,+0.942
1685392140,+3.47,+11.230,+10.039,+0.941
1685392200,+3.47,+11.266,+10.027,+0.941
1685392260,+3.47,+11.293,+10.052,+0.942
1685392320,+3.47,+11.284,+10.050,+0.942
1685392380,+3.47,+11.338,+10.022,+0.942
1685392440,+3.47,+11.257,+10.019,+0.941
1685392500,+3.47,+11.194,+10.031,+0.942
1685392560,+3.47,+11.212,+10.012,+0.941
1685392620,+3.47,+11.230,+10.006,+0.942
1685392680,+3.47,+11.230,+10.017,+0.942
1685392740,+3.47,+11.311,+10.012,+0.942
1685392800,+3.47,+11.391,+10.060,+0.942
1685392860,+3.47,+11.785,+10.098,+0.943
1685392920,+3.47,+12.159,+10.009,+0.943
1685392980,+3.47,+12.363, +9.962,+0.942
1685393040,+3.47,+12.549, +9.899,+0.942
1685393100,+3.47,+12.558, +9.884,+0.942
1685393160,+3.47,+12.567, +9.879,+0.941
1685393220,+3.47,+12.452, +9.861,+0.941
1685393280,+3.47,+12.452, +9.855,+0.942
1685393340,+3.47,+12.408, +9.863,+0.942
1685393400,+3.47,+12.363, +9.833,+0.941
1685393460,+3.47,+12.363, +9.815,+0.941
1685393520,+3.47,+12.213, +9.856,+0.942
1685393580,+3.47,+12.141, +9.836,+0.942
1685393640,+3.47,+12.150, +9.752,+0.941
1685393700,+3.47,+11.866, +9.806,+0.941
1685393760,+3.47,+11.741, +9.839,+0.941
1685393820,+3.47,+11.714, +9.840,+0.941
1685393880,+3.47,+11.598, +9.916,+0.941
1685393940,+3.47,+11.571, +9.960,+0.941
1685394000,+3.47,+11.598, +9.960,+0.941
1685394060,+3.47,+11.660, +9.971,+0.941
1685394120,+3.47,+11.767, +9.980,+0.941
1685394180,+3.47,+11.848, +9.971,+0.941
1685394240,+3.47,+11.910, +9.993,+0.942
1685394300,+3.47,+11.999,+10.077,+0.942
1685394360,+3.47,+11.972,+10.083,+0.941
1685394420,+3.47,+11.901, +9.940,+0.941
1685394480,+3.47,+11.714, +9.882,+0.941
1685394540,+3.47,+11.598, +9.879,+0.940
1685394600,+3.47,+11.517, +9.898,+0.941
1685394660,+3.47,+11.374, +9.960,+0.941
1685394720,+3.47,+11.490,+10.021,+0.942
1685394780,+3.47,+11.589,+10.009,+0.942
1685394840,+3.47,+11.517, +9.885,+0.941
1685394900,+3.47,+11.418, +9.812,+0.941
1685394960,+3.47,+11.257, +9.825,+0.941
1685395020,+3.47,+11.212, +9.855,+0.941
1685395080,+3.47,+11.203, +9.916,+0.941
1685395140,+3.47,+11.167, +9.929,+0.941
1685395200,+3.47,+11.095, +9.937,+0.941
1685395260,+3.47,+11.122, +9.908,+0.941
1685395320,+3.47,+11.077, +9.914,+0.941
1685395380,+3.47,+11.086, +9.886,+0.941
1685395440,+3.47,+11.104, +9.865,+0.941
1685395500,+3.47,+11.059, +9.873,+0.941
1685395560,+3.47,+11.050, +9.880,+0.942
1685395620,+3.47,+11.095, +9.851,+0.941
1685395680,+3.47,+11.149, +9.873,+0.941
1685395740,+3.47,+11.113, +9.932,+0.942
1685395800,+3.47,+11.086, +9.964,+0.942
1685395860,+3.47,+11.122, +9.948,+0.941
1685395920,+3.47,+11.230, +9.981,+0.942
1685395980,+3.47,+11.266,+10.003,+0.942
1685396040,+3.47,+11.499, +9.986,+0.942
1685396100,+3.47,+11.517,+10.017,+0.942
1685396160,+3.47,+11.607,+10.070,+0.942
1685396220,+3.47,+11.678,+10.143,+0.942
1685396280,+3.47,+11.776,+10.160,+0.942
1685396340,+3.47,+11.776,+10.150,+0.942
1685396400,+3.47,+11.857,+10.106,+0.942
1685396460,+3.47,+11.767,+10.118,+0.942
1685396520,+3.47,+11.785,+10.063,+0.942
1685396580,+3.47,+11.767,+10.072,+0.942
1685396640,+3.47,+11.785,+10.090,+0.942
1685396700,+3.47,+11.794,+10.062,+0.941
1685396760,+3.47,+11.794,+10.060,+0.942
1685396820,+3.47,+11.883,+10.044,+0.941
1685396880,+3.47,+11.937,+10.097,+0.942
1685396940,+3.47,+12.008,+10.107,+0.942
1685397000,+3.47,+12.017,+10.097,+0.942
1685397060,+3.47,+12.133,+10.071,+0.943
1685397120,+3.47,+12.593,+10.094,+0.943
1685397180,+3.47,+13.333,+10.169,+0.945
1685397240,+3.47,+13.961,+10.230,+0.945
1685397300,+3.46,+14.569,+10.021,+0.944
1685397360,+3.47,+15.070,+10.028,+0.945
1685397420,+3.46,+15.285, +9.901,+0.943
1685397480,+3.47,+15.268, +9.342,+0.940
1685397540,+3.46,+14.370, +9.493,+0.940
1685397600,+3.47,+14.430, +9.556,+0.940
1685397660,+3.47,+14.439, +9.656,+0.941
1685397720,+3.46,+14.396, +9.642,+0.941
1685397780,+3.47,+14.248, +9.667,+0.941
1685397840,+3.47,+14.318, +9.679,+0.942
1685397900,+3.47,+14.569, +9.808,+0.942
1685397960,+3.47,+15.009, +9.826,+0.943
1685398020,+3.47,+15.405, +9.836,+0.943
1685398080,+3.47,+15.577, +9.816,+0.942
1685398140,+3.47,+15.800, +9.825,+0.943
1685398200,+3.47,+15.894, +9.708,+0.942
1685398260,+3.46,+15.697, +9.487,+0.941
1685398320,+3.46,+15.620, +9.734,+0.942
1685398380,+3.47,+15.594, +9.704,+0.941
1685398440,+3.46,+15.577, +9.722,+0.941
1685398500,+3.46,+15.611, +9.768,+0.941
1685398560,+3.46,+15.671, +9.841,+0.942
1685398620,+3.47,+15.800, +9.840,+0.941
1685398680,+3.47,+15.919, +9.865,+0.942
1685398740,+3.47,+15.894, +9.806,+0.941
1685398800,+3.47,+16.039, +9.748,+0.942
1685398860,+3.47,+15.962, +9.725,+0.941
1685398920,+3.47,+16.133, +9.729,+0.942
1685398980,+3.47,+16.176, +9.740,+0.942
1685399040,+3.47,+16.227, +9.595,+0.941
1685399100,+3.46,+16.244, +9.600,+0.941
1685399160,+3.47,+16.210, +9.626,+0.941
1685399220,+3.46,+16.355, +9.598,+0.941
1685399280,+3.47,+16.423, +9.639,+0.941
1685399340,+3.46,+16.508, +9.664,+0.942
1685399400,+3.47,+15.808, +8.966,+0.936
1685399460,+3.47,+14.603, +9.474,+0.937
1685399520,+3.47,+14.135, +9.796,+0.940
1685399580,+3.47,+14.292, +9.639,+0.939
1685399640,+3.47,+14.118, +9.775,+0.940
1685399700,+3.47,+14.309, +9.781,+0.941
1685399760,+3.47,+14.621, +9.748,+0.941
1685399820,+3.47,+14.863, +9.754,+0.941
1685399880,+3.47,+15.147, +9.754,+0.942
1685399940,+3.47,+15.319, +9.729,+0.941
1685400000,+3.47,+15.474, +9.748,+0.941
1685400060,+3.47,+15.499, +9.577,+0.940
1685400120,+3.47,+14.983, +9.492,+0.939
1685400180,+3.46,+14.552, +9.554,+0.939
1685400240,+3.47,+14.118, +9.559,+0.939
1685400300,+3.47,+13.822, +9.627,+0.939
1685400360,+3.47,+13.490, +9.711,+0.939
1685400420,+3.47,+13.297, +9.762,+0.939
1685400480,+3.47,+13.113, +9.783,+0.940
1685400540,+3.47,+13.025, +9.828,+0.939
1685400600,+3.47,+12.902, +9.886,+0.940
1685400660,+3.47,+12.832, +9.950,+0.939
1685400720,+3.47,+12.611,+10.049,+0.940
1685400780,+3.47,+12.532,+10.056,+0.939
1685400840,+3.47,+12.487,+10.119,+0.940
1685400900,+3.47,+12.337,+10.160,+0.940
1685400960,+3.47,+12.319,+10.162,+0.940
1685401020,+3.47,+12.337,+10.205,+0.941
1685401080,+3.47,+12.319,+10.222,+0.941
1685401140,+3.47,+12.893,+10.123,+0.942
1685401200,+3.47,+13.674,+10.195,+0.944
1685401260,+3.47,+14.439,+10.058,+0.944
1685401320,+3.47,+14.932, +9.949,+0.943
1685401380,+3.47,+15.242, +9.977,+0.943
1685401440,+3.47,+15.542, +9.946,+0.943
1685401500,+3.47,+15.765, +9.895,+0.943
1685401560,+3.47,+15.885, +9.904,+0.943
1685401620,+3.47,+16.048, +9.848,+0.943
1685401680,+3.47,+16.090, +9.846,+0.943
1685401740,+3.47,+16.167, +9.855,+0.943
1685401800,+3.47,+16.253, +9.867,+0.942
1685401860,+3.47,+16.381, +9.882,+0.943
1685401920,+3.47,+16.381, +9.908,+0.943
1685401980,+3.47,+16.449, +9.895,+0.942
1685402040,+3.47,+16.449, +9.899,+0.942
1685402100,+3.47,+16.099, +9.259,+0.938
1685402160,+3.47,+15.705, +9.643,+0.941
1685402220,+3.47,+15.534, +9.704,+0.941
1685402280,+3.47,+15.620, +9.700,+0.941
1685402340,+3.47,+15.620, +9.737,+0.941
1685402400,+3.47,+15.697, +9.756,+0.941
1685402460,+3.47,+15.817, +9.716,+0.941
1685402520,+3.47,+15.859, +9.695,+0.941
1685402580,+3.47,+15.911, +9.743,+0.942
1685402640,+3.47,+16.031, +9.813,+0.942
1685402700,+3.47,+16.133, +9.856,+0.942
1685402760,+3.47,+16.227, +9.808,+0.941
1685402820,+3.47,+16.270, +9.805,+0.942
1685402880,+3.47,+16.321, +9.770,+0.942
1685402940,+3.47,+16.364, +9.736,+0.942
1685403000,+3.47,+16.312, +9.647,+0.941
1685403060,+3.47,+16.278, +9.591,+0.941
1685403120,+3.47,+16.338, +9.578,+0.941
1685403180,+3.47,+16.346, +9.577,+0.941
1685403240,+3.47,+16.287, +9.454,+0.941
1685403300,+3.47,+16.176, +9.550,+0.941
1685403360,+3.47,+16.133, +9.661,+0.941
1685403420,+3.47,+16.082, +9.743,+0.941
1685403480,+3.47,+16.039, +9.621,+0.940
1685403540,+3.47,+15.250, +9.374,+0.938
1685403600,+3.47,+14.750, +9.568,+0.939
1685403660,+3.47,+14.759, +9.690,+0.940
1685403720,+3.47,+14.612, +9.696,+0.939
1685403780,+3.47,+14.621, +9.719,+0.940
1685403840,+3.47,+14.621, +9.723,+0.940
1685403900,+3.47,+14.603, +9.671,+0.940
1685403960,+3.47,+14.681, +9.646,+0.941
1685404020,+3.47,+14.802, +9.657,+0.941
1685404080,+3.47,+14.966, +9.658,+0.941
1685404140,+3.47,+15.087, +9.644,+0.942
1685404200,+3.47,+15.207, +9.613,+0.941
1685404260,+3.47,+15.242, +9.619,+0.941
1685404320,+3.47,+15.328, +9.623,+0.941
1685404380,+3.47,+15.190, +9.589,+0.940
1685404440,+3.47,+14.906, +9.428,+0.939
1685404500,+3.47,+14.222, +9.490,+0.938
1685404560,+3.47,+13.534, +9.514,+0.937
1685404620,+3.47,+12.902, +9.730,+0.938
1685404680,+3.47,+12.638, +9.817,+0.938
1685404740,+3.47,+12.346, +9.891,+0.938
1685404800,+3.47,+12.168, +9.975,+0.940
1685404860,+3.47,+12.133, +9.979,+0.939
1685404920,+3.47,+12.026,+10.028,+0.940
1685404980,+3.47,+11.928,+10.043,+0.940
1685405040,+3.47,+11.839,+10.073,+0.940
1685405100,+3.47,+11.857,+10.074,+0.940
1685405160,+3.47,+11.857,+10.095,+0.940
1685405220,+3.47,+11.874,+10.100,+0.941
1685405280,+3.47,+11.883,+10.103,+0.941
1685405340,+3.47,+11.972,+10.090,+0.941
1685405400,+3.47,+12.346,+10.140,+0.942
1685405460,+3.47,+12.867,+10.177,+0.944
1685405520,+3.47,+13.848,+10.093,+0.944
1685405580,+3.47,+14.361, +9.914,+0.944
1685405640,+3.47,+14.750, +9.783,+0.943
1685405700,+3.47,+15.018, +9.749,+0.943
1685405760,+3.47,+15.302, +9.750,+0.943
1685405820,+3.47,+15.474, +9.765,+0.943
1685405880,+3.47,+15.551, +9.798,+0.943
1685405940,+3.47,+15.585, +9.662,+0.942
1685406000,+3.47,+15.328, +9.569,+0.941
1685406060,+3.47,+14.491, +9.450,+0.940
1685406120,+3.47,+14.239, +9.577,+0.940
1685406180,+3.47,+14.022, +9.605,+0.940
1685406240,+3.47,+13.481, +9.460,+0.938
1685406300,+3.47,+12.937, +9.659,+0.938
1685406360,+3.47,+12.549, +9.663,+0.939
1685406420,+3.47,+12.159, +9.719,+0.939
1685406480,+3.47,+11.999, +9.771,+0.939
1685406540,+3.47,+11.821, +9.846,+0.939
1685406600,+3.47,+11.723, +9.888,+0.940
1685406660,+3.47,+11.651, +9.882,+0.940
1685406720,+3.47,+11.607, +9.911,+0.941
1685406780,+3.47,+11.562, +9.929,+0.940
1685406840,+3.47,+11.526, +9.935,+0.940
1685406900,+3.47,+11.490, +9.946,+0.941
1685406960,+3.47,+11.580, +9.922,+0.941
1685407020,+3.47,+11.535, +9.943,+0.941
1685407080,+3.47,+11.615, +9.956,+0.941
1685407140,+3.47,+11.607, +9.958,+0.941
1685407200,+3.47,+11.741, +9.903,+0.941
1685407260,+3.47,+11.732, +9.907,+0.941
1685407320,+3.47,+11.705, +9.908,+0.941
1685407380,+3.47,+11.642, +9.972,+0.941
1685407440,+3.47,+11.660, +9.913,+0.941
1685407500,+3.47,+11.607, +9.905,+0.941
1685407560,+3.47,+11.481, +9.896,+0.941
1685407620,+3.47,+11.454, +9.859,+0.941
1685407680,+3.47,+11.481, +9.851,+0.941
1685407740,+3.47,+11.400, +9.871,+0.941
1685407800,+3.47,+11.356, +9.898,+0.941
1685407860,+3.47,+11.409, +9.873,+0.941
1685407920,+3.47,+11.427, +9.842,+0.941
1685407980,+3.47,+11.329, +9.869,+0.941
1685408040,+3.47,+11.356, +9.876,+0.941
1685408100,+3.47,+11.383, +9.870,+0.941
1685408160,+3.47,+11.365, +9.884,+0.941
1685408220,+3.47,+11.374, +9.886,+0.941
1685408280,+3.47,+11.365, +9.905,+0.941
1685408340,+3.47,+11.400, +9.903,+0.941
1685408400,+3.47,+11.320, +9.959,+0.942
1685408460,+3.47,+11.391, +9.946,+0.941
1685408520,+3.47,+11.374, +9.969,+0.941
1685408580,+3.47,+11.383, +9.966,+0.941
1685408640,+3.47,+11.418, +9.973,+0.941
1685408700,+3.47,+11.391, +9.998,+0.941
1685408760,+3.47,+11.418, +9.991,+0.941
1685408820,+3.47,+11.338,+10.041,+0.941
1685408880,+3.47,+11.383,+10.047,+0.942
1685408940,+3.47,+11.365,+10.040,+0.942
1685409000,+3.47,+11.436,+10.014,+0.941
1685409060,+3.47,+11.454,+10.011,+0.942
1685409120,+3.47,+11.436,+10.012,+0.941
1685409180,+3.47,+11.472,+10.016,+0.942
1685409240,+3.47,+11.490,+10.007,+0.941
1685409300,+3.47,+11.454,+10.016,+0.942
1685409360,+3.47,+11.427,+10.039,+0.942
1685409420,+3.47,+11.436,+10.036,+0.941
1685409480,+3.47,+11.454,+10.068,+0.941
1685409540,+3.47,+11.427,+10.054,+0.941
1685409600,+3.47,+11.400, +9.978,+0.942
1685409660,+3.47,+11.409, +9.967,+0.942
1685409720,+3.47,+11.400,+10.008,+0.941
1685409780,+3.47,+11.320, +9.986,+0.942
1685409840,+3.47,+11.347, +9.939,+0.941
1685409900,+3.47,+11.338, +9.936,+0.941
1685409960,+3.47,+11.365, +9.938,+0.942
1685410020,+3.47,+11.374, +9.917,+0.941
1685410080,+3.47,+11.329, +9.936,+0.942
1685410140,+3.47,+11.365, +9.916,+0.942
1685410200,+3.47,+11.356, +9.918,+0.942
1685410260,+3.47,+11.311, +9.924,+0.942
1685410320,+3.47,+11.356, +9.895,+0.942
1685410380,+3.47,+11.347, +9.884,+0.942
1685410440,+3.47,+11.400, +9.868,+0.942
1685410500,+3.47,+11.320, +9.970,+0.942
1685410560,+3.47,+11.356, +9.975,+0.941
1685410620,+3.47,+11.302,+10.003,+0.941
1685410680,+3.47,+11.400, +9.945,+0.941
1685410740,+3.47,+11.356, +9.944,+0.941
1685410800,+3.47,+11.320, +9.950,+0.942
1685410860,+3.47,+11.311, +9.945,+0.941
1685410920,+3.47,+11.293, +9.839,+0.941
1685410980,+3.47,+11.194, +9.817,+0.941
1685411040,+3.47,+11.158, +9.800,+0.941
1685411100,+3.47,+11.131, +9.753,+0.941
1685411160,+3.47,+11.068, +9.493,+0.940
1685411220,+3.47,+10.779, +9.199,+0.939
1685411280,+3.47,+10.598, +9.211,+0.940
1685411340,+3.47,+10.498, +9.224,+0.940
1685411400,+3.47,+10.461, +9.213,+0.940
1685411460,+3.47,+10.370, +9.256,+0.940
1685411520,+3.47,+10.334, +9.266,+0.941
1685411580,+3.47,+10.352, +9.263,+0.940
1685411640,+3.47,+10.316, +9.280,+0.941
1685411700,+3.47,+10.352, +9.262,+0.941
1685411760,+3.47,+10.370, +9.275,+0.941
1685411820,+3.47,+10.398, +9.303,+0.941
1685411880,+3.47,+10.407, +9.319,+0.941
1685411940,+3.47,+10.434, +9.329,+0.941
1685412000,+3.47,+10.507, +9.328,+0.941
1685412060,+3.47,+10.507, +9.342,+0.941
1685412120,+3.47,+10.607, +9.373,+0.941
1685412180,+3.47,+10.652, +9.458,+0.941
1685412240,+3.47,+10.734, +9.535,+0.941
1685412300,+3.47,+10.824, +9.587,+0.941
1685412360,+3.47,+10.833, +9.690,+0.941
1685412420,+3.47,+10.905, +9.698,+0.942
1685412480,+3.47,+10.869, +9.713,+0.942
1685412540,+3.47,+10.960, +9.680,+0.942
1685412600,+3.47,+10.978, +9.684,+0.942
1685412660,+3.47,+11.005, +9.703,+0.942
1685412720,+3.47,+11.032, +9.727,+0.941
1685412780,+3.47,+11.095, +9.750,+0.942
1685412840,+3.47,+11.068, +9.772,+0.942
1685412900,+3.47,+11.059, +9.789,+0.941
1685412960,+3.47,+11.068, +9.793,+0.942
1685413020,+3.47,+11.041, +9.790,+0.942
1685413080,+3.47,+11.059, +9.769,+0.942
1685413140,+3.47,+11.095, +9.740,+0.941
1685413200,+3.47,+11.068, +9.743,+0.941
1685413260,+3.47,+11.095, +9.717,+0.941
1685413320,+3.47,+11.095, +9.741,+0.942
1685413380,+3.47,+11.158, +9.739,+0.942
1685413440,+3.47,+11.212, +9.765,+0.942
1685413500,+3.47,+11.257, +9.772,+0.941
1685413560,+3.47,+11.275, +9.794,+0.941
1685413620,+3.47,+11.293, +9.803,+0.942
1685413680,+3.47,+11.400, +9.807,+0.942
1685413740,+3.47,+11.499, +9.878,+0.942
1685413800,+3.47,+11.535, +9.840,+0.942
1685413860,+3.47,+11.624, +9.773,+0.942
1685413920,+3.47,+11.741, +9.729,+0.942
1685413980,+3.47,+11.883, +9.723,+0.941
1685414040,+3.47,+11.803, +9.749,+0.942
1685414100,+3.47,+11.839, +9.683,+0.942
1685414160,+3.47,+11.651, +9.428,+0.940
1685414220,+3.47,+11.454, +9.393,+0.941
1685414280,+3.47,+11.374, +9.390,+0.941
1685414340,+3.47,+11.320, +9.449,+0.941
1685414400,+3.47,+11.320, +9.459,+0.941
1685414460,+3.47,+11.338, +9.518,+0.941
1685414520,+3.47,+11.436, +9.719,+0.942
1685414580,+3.47,+11.624, +9.798,+0.942
1685414640,+3.47,+11.758, +9.845,+0.942
1685414700,+3.47,+11.981, +9.878,+0.943
1685414760,+3.47,+12.602, +9.864,+0.944
1685414820,+3.47,+12.999, +9.465,+0.941
1685414880,+3.47,+12.505, +9.566,+0.941
1685414940,+3.47,+12.168, +9.744,+0.940
1685415000,+3.47,+12.061, +9.740,+0.941
1685415060,+3.47,+11.972, +9.928,+0.941
1685415120,+3.47,+11.910,+10.049,+0.941
1685415180,+3.47,+11.919,+10.127,+0.941
1685415240,+3.47,+11.857,+10.142,+0.941
1685415300,+3.47,+11.874,+10.152,+0.941
1685415360,+3.47,+11.857,+10.068,+0.941
1685415420,+3.47,+11.883, +9.931,+0.941
1685415480,+3.47,+11.964, +9.859,+0.942
1685415540,+3.47,+11.964, +9.912,+0.942
1685415600,+3.47,+12.008, +9.959,+0.942
1685415660,+3.47,+11.990, +9.978,+0.941
1685415720,+3.47,+12.141, +9.955,+0.941
1685415780,+3.47,+12.204,+10.005,+0.942
1685415840,+3.47,+12.195,+10.034,+0.941
1685415900,+3.47,+12.310,+10.044,+0.942
1685415960,+3.47,+12.558, +9.894,+0.942
1685416020,+3.47,+13.060, +9.852,+0.943
1685416080,+3.47,+13.534, +9.723,+0.943
1685416140,+3.47,+13.306, +9.567,+0.940
1685416200,+3.47,+12.770, +9.852,+0.940
1685416260,+3.47,+12.593, +9.869,+0.940
1685416320,+3.47,+12.354, +9.946,+0.940
1685416380,+3.47,+12.213,+10.000,+0.940
1685416440,+3.47,+12.230,+10.065,+0.941
1685416500,+3.47,+12.177,+10.086,+0.941
1685416560,+3.47,+12.150,+10.092,+0.941
1685416620,+3.47,+12.061,+10.094,+0.940
1685416680,+3.47,+12.079,+10.074,+0.941
1685416740,+3.47,+12.088,+10.074,+0.941
1685416800,+3.47,+12.133,+10.100,+0.941
1685416860,+3.47,+12.106,+10.165,+0.941
1685416920,+3.47,+12.141,+10.153,+0.942
1685416980,+3.47,+12.106,+10.187,+0.941
1685417040,+3.47,+12.168,+10.115,+0.942
1685417100,+3.47,+12.186,+10.082,+0.941
1685417160,+3.47,+12.035,+10.144,+0.941
1685417220,+3.47,+12.053,+10.142,+0.941
1685417280,+3.47,+12.035,+10.140,+0.941
1685417340,+3.47,+12.008,+10.137,+0.941
1685417400,+3.47,+12.008,+10.121,+0.941
1685417460,+3.47,+12.008,+10.130,+0.942
1685417520,+3.47,+12.026,+10.118,+0.941
1685417580,+3.47,+12.053,+10.125,+0.941
1685417640,+3.47,+12.061,+10.123,+0.941
1685417700,+3.47,+12.061,+10.138,+0.941
1685417760,+3.47,+12.115,+10.172,+0.942
1685417820,+3.47,+12.115,+10.145,+0.941
1685417880,+3.47,+12.115,+10.128,+0.941
1685417940,+3.47,+12.079,+10.113,+0.941
1685418000,+3.47,+12.150,+10.063,+0.942
1685418060,+3.47,+12.168,+10.042,+0.941
1685418120,+3.47,+12.239,+10.006,+0.942
1685418180,+3.46,+12.319, +9.879,+0.941
1685418240,+3.47,+12.284, +9.908,+0.941
1685418300,+3.46,+12.221,+10.009,+0.941
1685418360,+3.47,+11.990, +9.864,+0.940
1685418420,+3.47,+11.901, +9.930,+0.941
1685418480,+3.47,+11.830, +9.916,+0.941
1685418540,+3.47,+11.750, +9.896,+0.941
1685418600,+3.47,+11.812, +9.903,+0.941
1685418660,+3.47,+11.776, +9.959,+0.941
1685418720,+3.47,+11.830,+10.010,+0.941
1685418780,+3.47,+11.955,+10.059,+0.941
1685418840,+3.47,+12.079,+10.009,+0.941
1685418900,+3.47,+12.257, +9.998,+0.941
1685418960,+3.47,+12.399, +9.981,+0.942
1685419020,+3.47,+12.523, +9.976,+0.942
1685419080,+3.47,+12.505,+10.109,+0.942
1685419140,+3.47,+12.487,+10.131,+0.942
1685419200,+3.47,+12.425,+10.097,+0.941
1685419260,+3.47,+12.487,+10.098,+0.942
1685419320,+3.47,+12.532,+10.058,+0.942
1685419380,+3.47,+12.532,+10.048,+0.941
1685419440,+3.47,+12.523,+10.042,+0.941
1685419500,+3.47,+12.514,+10.049,+0.941
1685419560,+3.47,+12.523,+10.009,+0.941
1685419620,+3.47,+12.434, +9.974,+0.941
1685419680,+3.47,+12.354, +9.987,+0.941
1685419740,+3.47,+12.292,+10.012,+0.941
1685419800,+3.47,+12.221,+10.025,+0.941
1685419860,+3.47,+12.248,+10.008,+0.941
1685419920,+3.47,+12.150,+10.046,+0.941
1685419980,+3.47,+12.168,+10.019,+0.941
1685420040,+3.47,+12.008, +9.870,+0.941
1685420100,+3.47,+11.928, +9.856,+0.940
1685420160,+3.47,+11.839, +9.867,+0.941
1685420220,+3.47,+11.785, +9.869,+0.941
1685420280,+3.47,+11.767, +9.879,+0.941
1685420340,+3.47,+11.776, +9.896,+0.941
1685420400,+3.47,+11.839, +9.965,+0.941
1685420460,+3.47,+11.794,+10.058,+0.942
1685420520,+3.47,+11.892,+10.063,+0.941
1685420580,+3.47,+11.972,+10.038,+0.941
1685420640,+3.47,+12.017,+10.044,+0.942
1685420700,+3.47,+11.946,+10.060,+0.941
1685420760,+3.47,+11.964,+10.039,+0.941
1685420820,+3.46,+12.044,+10.055,+0.942
1685420880,+3.47,+12.097,+10.024,+0.941
1685420940,+3.46,+12.106,+10.030,+0.942
1685421000,+3.47,+12.141,+10.010,+0.941
1685421060,+3.47,+12.177,+10.015,+0.942
1685421120,+3.47,+12.363,+10.020,+0.942
1685421180,+3.47,+12.814, +9.891,+0.943
1685421240,+3.46,+13.429, +9.675,+0.943
1685421300,+3.47,+13.717, +9.622,+0.943
1685421360,+3.47,+14.040, +9.632,+0.943
1685421420,+3.46,+14.413, +9.611,+0.943
1685421480,+3.47,+14.768, +9.520,+0.943
1685421540,+3.47,+14.949, +9.459,+0.943
1685421600,+3.47,+15.138, +9.447,+0.943
1685421660,+3.47,+15.293, +9.437,+0.943
1685421720,+3.47,+15.285, +9.246,+0.941
1685421780,+3.47,+14.396, +9.194,+0.939
1685421840,+3.47,+13.743, +9.502,+0.939
1685421900,+3.47,+13.254, +9.667,+0.939
1685421960,+3.46,+13.025, +9.770,+0.940
1685422020,+3.47,+12.885, +9.849,+0.940
1685422080,+3.47,+12.770, +9.867,+0.940
1685422140,+3.47,+12.655, +9.894,+0.940
1685422200,+3.47,+12.549, +9.925,+0.940
1685422260,+3.47,+12.540, +9.946,+0.941
1685422320,+3.47,+12.655, +9.902,+0.941
1685422380,+3.47,+12.937, +9.840,+0.941
1685422440,+3.47,+13.359, +9.689,+0.941
1685422500,+3.47,+13.682, +9.694,+0.942
1685422560,+3.47,+14.066, +9.613,+0.942
1685422620,+3.46,+14.309, +9.541,+0.942
1685422680,+3.47,+14.508, +9.531,+0.942
1685422740,+3.47,+14.794, +9.452,+0.941
1685422800,+3.46,+15.009, +9.501,+0.942
1685422860,+3.46,+15.268, +9.477,+0.942
1685422920,+3.46,+15.517, +9.512,+0.942
1685422980,+3.47,+15.722, +9.584,+0.942
1685423040,+3.47,+15.851, +9.617,+0.942
1685423100,+3.46,+15.937, +9.622,+0.942
1685423160,+3.47,+16.022, +9.576,+0.942
1685423220,+3.47,+16.048, +9.566,+0.942
1685423280,+3.47,+16.065, +9.569,+0.941
1685423340,+3.47,+16.048, +9.163,+0.938
1685423400,+3.47,+15.147, +9.123,+0.939
1685423460,+3.47,+14.690, +9.200,+0.939
1685423520,+3.47,+14.326, +9.331,+0.939
1685423580,+3.47,+14.005, +9.432,+0.939
1685423640,+3.47,+13.926, +9.508,+0.940
1685423700,+3.47,+13.979, +9.487,+0.940
1685423760,+3.47,+14.031, +9.466,+0.940
1685423820,+3.47,+14.040, +9.476,+0.940
1685423880,+3.47,+14.005, +9.440,+0.940
1685423940,+3.47,+13.796, +9.503,+0.939
1685424000,+3.47,+13.595, +9.706,+0.941
1685424060,+3.47,+13.656, +9.652,+0.940
1685424120,+3.47,+13.770, +9.646,+0.941
1685424180,+3.47,+13.822, +9.556,+0.941
1685424240,+3.47,+13.787, +9.505,+0.940
1685424300,+3.47,+13.979, +9.549,+0.941
1685424360,+3.47,+14.361, +9.441,+0.942
1685424420,+3.47,+14.586, +9.342,+0.941
1685424480,+3.46,+14.526, +8.950,+0.937
1685424540,+3.47,+13.578, +9.683,+0.940
1685424600,+3.47,+13.376, +9.832,+0.940
1685424660,+3.47,+13.236, +9.932,+0.941
1685424720,+3.47,+13.148, +9.871,+0.940
1685424780,+3.47,+12.937, +9.905,+0.940
1685424840,+3.47,+12.946, +9.929,+0.940
1685424900,+3.47,+13.008, +9.878,+0.941
1685424960,+3.47,+13.052, +9.836,+0.940
1685425020,+3.47,+13.087, +9.807,+0.941
1685425080,+3.47,+13.183, +9.805,+0.941
1685425140,+3.47,+13.254, +9.763,+0.941
1685425200,+3.47,+13.201, +9.679,+0.940
1685425260,+3.47,+12.955, +9.837,+0.940
1685425320,+3.47,+12.999, +9.921,+0.941
1685425380,+3.47,+13.043, +9.843,+0.941
1685425440,+3.47,+13.104, +9.780,+0.941
1685425500,+3.47,+13.586, +9.780,+0.942
1685425560,+3.47,+14.161, +9.571,+0.942
1685425620,+3.47,+14.612, +9.478,+0.943
1685425680,+3.47,+15.018, +9.430,+0.942
1685425740,+3.47,+15.328, +9.428,+0.942
1685425800,+3.47,+15.611, +9.428,+0.943
1685425860,+3.47,+15.757, +9.124,+0.940
1685425920,+3.47,+15.026, +9.186,+0.939
1685425980,+3.47,+14.742, +9.434,+0.941
1685426040,+3.47,+14.733, +9.413,+0.940
1685426100,+3.47,+14.595, +9.414,+0.940
1685426160,+3.47,+14.448, +9.460,+0.941
1685426220,+3.47,+14.361, +9.451,+0.940
1685426280,+3.47,+14.292, +9.468,+0.940
1685426340,+3.47,+14.274, +9.478,+0.941
1685426400,+3.47,+14.248, +9.478,+0.940
1685426460,+3.47,+14.274, +9.465,+0.941
1685426520,+3.47,+14.309, +9.446,+0.940
1685426580,+3.47,+14.335, +9.428,+0.940
1685426640,+3.47,+14.205, +9.411,+0.940
1685426700,+3.47,+13.996, +9.461,+0.940
1685426760,+3.47,+13.665, +9.546,+0.939
1685426820,+3.47,+13.113, +9.776,+0.939
1685426880,+3.47,+12.823, +9.831,+0.939
1685426940,+3.47,+12.682, +9.884,+0.940
1685427000,+3.47,+12.540, +9.918,+0.940
1685427060,+3.47,+12.478, +9.903,+0.939
1685427120,+3.47,+12.337, +9.945,+0.940
1685427180,+3.47,+12.337, +9.941,+0.940
1685427240,+3.47,+12.275, +9.978,+0.941
1685427300,+3.47,+12.390, +9.945,+0.941
1685427360,+3.47,+12.381, +9.951,+0.941
1685427420,+3.47,+12.443, +9.879,+0.941
1685427480,+3.47,+12.346, +9.911,+0.940
1685427540,+3.47,+12.186, +9.959,+0.941
1685427600,+3.47,+12.097,+10.002,+0.941
1685427660,+3.47,+12.070,+10.017,+0.940
1685427720,+3.47,+12.061,+10.025,+0.941
1685427780,+3.47,+12.035,+10.001,+0.940
1685427840,+3.47,+11.955,+10.051,+0.941
1685427900,+3.47,+12.017,+10.058,+0.940
1685427960,+3.47,+12.008,+10.112,+0.941
1685428020,+3.47,+12.026,+10.104,+0.941
1685428080,+3.47,+11.990,+10.108,+0.941
1685428140,+3.47,+11.955,+10.122,+0.941
1685428200,+3.47,+11.910,+10.118,+0.941
1685428260,+3.47,+11.955,+10.111,+0.941
1685428320,+3.47,+11.981,+10.091,+0.941
1685428380,+3.47,+12.044,+10.068,+0.941
1685428440,+3.47,+12.061,+10.061,+0.942
1685428500,+3.47,+12.070,+10.028,+0.941
1685428560,+3.47,+12.008,+10.028,+0.941
1685428620,+3.47,+11.964,+10.047,+0.941
1685428680,+3.47,+11.919,+10.051,+0.942
1685428740,+3.47,+11.839, +9.993,+0.940
1685428800,+3.47,+11.758, +9.961,+0.940
1685428860,+3.47,+11.705, +9.977,+0.941
1685428920,+3.47,+11.741, +9.948,+0.941
1685428980,+3.47,+11.598, +9.993,+0.941
1685429040,+3.47,+11.651, +9.935,+0.941
1685429100,+3.47,+11.481, +9.842,+0.941
1685429160,+3.47,+11.427, +9.732,+0.941
1685429220,+3.47,+11.275, +9.679,+0.941
1685429280,+3.47,+11.185, +9.674,+0.941
1685429340,+3.47,+11.212, +9.654,+0.941
1685429400,+3.47,+11.140, +9.669,+0.941
1685429460,+3.47,+11.077, +9.689,+0.941
1685429520,+3.47,+11.086, +9.673,+0.941
1685429580,+3.47,+11.086, +9.672,+0.941
1685429640,+3.47,+11.041, +9.686,+0.941
1685429700,+3.47,+11.032, +9.703,+0.941
1685429760,+3.47,+11.068, +9.686,+0.941
1685429820,+3.47,+11.041, +9.690,+0.941
1685429880,+3.47,+10.987, +9.695,+0.941
1685429940,+3.47,+11.014, +9.686,+0.941
1685430000,+3.47,+10.978, +9.696,+0.942
1685430060,+3.47,+10.960, +9.692,+0.941
1685430120,+3.47,+10.987, +9.685,+0.941
1685430180,+3.47,+10.996, +9.676,+0.941
1685430240,+3.47,+10.996, +9.690,+0.942
1685430300,+3.47,+10.969, +9.702,+0.942
1685430360,+3.47,+11.023, +9.673,+0.941
1685430420,+3.47,+11.014, +9.688,+0.941
1685430480,+3.47,+11.041, +9.713,+0.942
1685430540,+3.47,+11.059, +9.735,+0.941
1685430600,+3.47,+11.059, +9.767,+0.941
1685430660,+3.47,+11.050, +9.792,+0.942
1685430720,+3.47,+11.113, +9.767,+0.941
1685430780,+3.47,+11.095, +9.779,+0.942
1685430840,+3.47,+11.077, +9.790,+0.941
1685430900,+3.47,+11.095, +9.841,+0.941
1685430960,+3.47,+11.104, +9.901,+0.942
1685431020,+3.47,+11.140, +9.895,+0.942
1685431080,+3.47,+11.158, +9.886,+0.941
1685431140,+3.47,+11.131, +9.897,+0.942
1685431200,+3.47,+11.122, +9.911,+0.941
1685431260,+3.47,+11.077, +9.921,+0.941
1685431320,+3.47,+11.104, +9.911,+0.941
1685431380,+3.47,+11.059, +9.927,+0.942
1685431440,+3.47,+11.095, +9.915,+0.942
1685431500,+3.47,+11.050, +9.934,+0.942
1685431560,+3.47,+11.086, +9.944,+0.942
1685431620,+3.47,+11.059, +9.947,+0.941
1685431680,+3.47,+11.041, +9.951,+0.942
1685431740,+3.47,+11.095, +9.916,+0.941
1685431800,+3.47,+11.059, +9.932,+0.942
1685431860,+3.47,+11.041, +9.925,+0.942
1685431920,+3.47,+10.951, +9.923,+0.941
1685431980,+3.47,+10.978, +9.916,+0.942
1685432040,+3.47,+10.951, +9.916,+0.941
1685432100,+3.47,+10.951, +9.893,+0.942
1685432160,+3.47,+10.941, +9.846,+0.941
1685432220,+3.47,+10.869, +9.824,+0.942
1685432280,+3.47,+10.869, +9.793,+0.941
1685432340,+3.47,+10.833, +9.765,+0.941
1685432400,+3.47,+10.797, +9.764,+0.941
1685432460,+3.47,+10.734, +9.763,+0.941
1685432520,+3.47,+10.797, +9.729,+0.941
1685432580,+3.47,+10.734, +9.753,+0.941
1685432640,+3.47,+10.752, +9.740,+0.941
1685432700,+3.47,+10.734, +9.732,+0.941
1685432760,+3.47,+10.743, +9.734,+0.941
1685432820,+3.47,+10.734, +9.729,+0.941
1685432880,+3.47,+10.706, +9.723,+0.941
1685432940,+3.47,+10.652, +9.745,+0.942
1685433000,+3.47,+10.734, +9.716,+0.941
1685433060,+3.47,+10.734, +9.711,+0.942
1685433120,+3.47,+10.715, +9.702,+0.941
1685433180,+3.47,+10.643, +9.727,+0.941
1685433240,+3.47,+10.643, +9.722,+0.941
1685433300,+3.47,+10.670, +9.698,+0.941
1685433360,+3.47,+10.589, +9.522,+0.941
1685433420,+3.47,+10.325, +9.381,+0.940
1685433480,+3.47,+10.161, +9.383,+0.940
1685433540,+3.47,+10.097, +9.389,+0.940
1685433600,+3.47,+10.033, +9.418,+0.940
1685433660,+3.47, +9.996, +9.460,+0.941
1685433720,+3.47,+10.005, +9.474,+0.941
1685433780,+3.47,+10.079, +9.461,+0.941
1685433840,+3.47,+10.088, +9.496,+0.941
1685433900,+3.47,+10.106, +9.524,+0.941
1685433960,+3.47,+10.143, +9.536,+0.941
1685434020,+3.47,+10.170, +9.539,+0.941
1685434080,+3.47,+10.170, +9.596,+0.941
1685434140,+3.47,+10.197, +9.583,+0.941
1685434200,+3.47,+10.188, +9.590,+0.942
1685434260,+3.47,+10.216, +9.581,+0.941
1685434320,+3.47,+10.216, +9.580,+0.942
1685434380,+3.47,+10.188, +9.603,+0.941
1685434440,+3.47,+10.225, +9.609,+0.941
1685434500,+3.47,+10.325, +9.598,+0.942
1685434560,+3.47,+10.298, +9.623,+0.941
1685434620,+3.47,+10.343, +9.630,+0.942
1685434680,+3.47,+10.370, +9.628,+0.941
1685434740,+3.47,+10.361, +9.642,+0.941
1685434800,+3.47,+10.343, +9.668,+0.942
1685434860,+3.47,+10.425, +9.649,+0.942
1685434920,+3.47,+10.398, +9.661,+0.942
1685434980,+3.47,+10.416, +9.660,+0.942
1685435040,+3.47,+10.452, +9.642,+0.941
1685435100,+3.47,+10.416, +9.667,+0.941
1685435160,+3.47,+10.489, +9.650,+0.942
1685435220,+3.47,+10.398, +9.660,+0.941
1685435280,+3.47,+10.425, +9.624,+0.942
1685435340,+3.47,+10.380, +9.591,+0.941
1685435400,+3.47,+10.270, +9.581,+0.941
1685435460,+3.47,+10.243, +9.587,+0.941
1685435520,+3.47,+10.216, +9.588,+0.941
1685435580,+3.47,+10.170, +9.588,+0.941
1685435640,+3.47,+10.170, +9.599,+0.941
1685435700,+3.47,+10.188, +9.587,+0.941
1685435760,+3.47,+10.170, +9.598,+0.941
1685435820,+3.47,+10.133, +9.609,+0.941
1685435880,+3.47,+10.106, +9.619,+0.941
1685435940,+3.47,+10.133, +9.620,+0.941
1685436000,+3.47,+10.152, +9.624,+0.941
1685436060,+3.47,+10.152, +9.641,+0.942
1685436120,+3.47,+10.243, +9.670,+0.942
1685436180,+3.47,+10.270, +9.690,+0.941
1685436240,+3.47,+10.316, +9.691,+0.942
1685436300,+3.47,+10.380, +9.702,+0.942
1685436360,+3.47,+10.425, +9.731,+0.942
1685436420,+3.47,+10.434, +9.736,+0.941
1685436480,+3.47,+10.407, +9.674,+0.941
1685436540,+3.47,+10.398, +9.657,+0.941
1685436600,+3.47,+10.334, +9.621,+0.941
1685436660,+3.47,+10.270, +9.622,+0.941
1685436720,+3.47,+10.206, +9.640,+0.941
1685436780,+3.47,+10.225, +9.631,+0.941
1685436840,+3.46,+10.188, +9.640,+0.941
1685436900,+3.47,+10.206, +9.651,+0.941
1685436960,+3.47,+10.216, +9.683,+0.941
1685437020,+3.47,+10.270, +9.684,+0.941
1685437080,+3.47,+10.307, +9.710,+0.942
1685437140,+3.47,+10.343, +9.727,+0.942
1685437200,+3.47,+10.434, +9.722,+0.942
1685437260,+3.47,+10.434, +9.739,+0.942
1685437320,+3.46,+10.470, +9.753,+0.942
1685437380,+3.46,+10.561, +9.741,+0.942
1685437440,+3.47,+10.570, +9.757,+0.942
1685437500,+3.46,+10.589, +9.768,+0.942
1685437560,+3.47,+10.634, +9.777,+0.942
1685437620,+3.47,+10.634, +9.780,+0.942
1685437680,+3.46,+10.634, +9.780,+0.942
1685437740,+3.46,+10.688, +9.753,+0.942
1685437800,+3.46,+10.688, +9.745,+0.942
1685437860,+3.46,+10.715, +9.739,+0.942
1685437920,+3.46,+10.743, +9.726,+0.941
1685437980,+3.46,+10.688, +9.753,+0.942
1685438040,+3.46,+10.761, +9.743,+0.941
1685438100,+3.46,+10.761, +9.815,+0.942
1685438160,+3.46,+10.887, +9.936,+0.942
1685438220,+3.46,+11.140, +9.977,+0.942
1685438280,+3.46,+11.113,+10.036,+0.942
1685438340,+3.46,+11.266,+10.041,+0.942
1685438400,+3.46,+11.400,+10.012,+0.942
1685438460,+3.46,+11.472,+10.011,+0.942
1685438520,+3.47,+11.517,+10.021,+0.942
1685438580,+3.46,+11.553,+10.024,+0.942
1685438640,+3.46,+11.553,+10.024,+0.942
1685438700,+3.47,+11.571,+10.031,+0.942
1685438760,+3.46,+11.535,+10.058,+0.941
1685438820,+3.46,+11.615,+10.031,+0.942
1685438880,+3.47,+11.589,+10.059,+0.941
1685438940,+3.46,+11.598,+10.075,+0.941
1685439000,+3.47,+11.633,+10.079,+0.942
1685439060,+3.47,+11.624,+10.088,+0.942
1685439120,+3.46,+11.642,+10.081,+0.942
1685439180,+3.46,+11.571,+10.109,+0.942
1685439240,+3.46,+11.598,+10.104,+0.942
1685439300,+3.46,+11.669,+10.091,+0.941
1685439360,+3.46,+11.633,+10.118,+0.942
1685439420,+3.46,+11.669,+10.126,+0.941
1685439480,+3.47,+11.669,+10.140,+0.941
1685439540,+3.46,+11.714,+10.139,+0.942
1685439600,+3.46,+11.678,+10.164,+0.941
1685439660,+3.46,+11.750,+10.138,+0.941
1685439720,+3.46,+11.714,+10.154,+0.941
1685439780,+3.46,+11.714,+10.175,+0.942
1685439840,+3.46,+11.642,+10.133,+0.941
1685439900,+3.46,+11.562,+10.089,+0.942
1685439960,+3.46,+11.472,+10.055,+0.941
1685440020,+3.46,+11.383,+10.033,+0.941
1685440080,+3.46,+11.383, +9.980,+0.941
1685440140,+3.47,+11.320, +9.968,+0.941
1685440200,+3.46,+11.293, +9.943,+0.941
1685440260,+3.46,+11.194, +9.934,+0.941
1685440320,+3.46,+11.239, +9.897,+0.941
1685440380,+3.46,+11.167, +9.926,+0.942
1685440440,+3.46,+11.176, +9.903,+0.941
1685440500,+3.46,+11.104, +9.924,+0.941
1685440560,+3.46,+11.104, +9.906,+0.941
1685440620,+3.46,+11.068, +9.907,+0.941
1685440680,+3.46,+11.095, +9.906,+0.942
1685440740,+3.46,+11.059, +9.917,+0.941
1685440800,+3.46,+11.140, +9.923,+0.941
1685440860,+3.46,+11.176, +9.993,+0.942
1685440920,+3.46,+11.239,+10.055,+0.942
1685440980,+3.47,+11.275,+10.034,+0.941
1685441040,+3.47,+11.320,+10.092,+0.942
1685441100,+3.47,+11.374,+10.092,+0.941
1685441160,+3.46,+11.383,+10.104,+0.941
1685441220,+3.46,+11.454,+10.084,+0.941
1685441280,+3.46,+11.472,+10.142,+0.941
1685441340,+3.46,+11.544,+10.177,+0.941
1685441400,+3.46,+11.660,+10.358,+0.943
1685441460,+3.46,+12.452,+10.620,+0.945
1685441520,+3.46,+13.166,+10.513,+0.945
1685441580,+3.46,+13.586,+10.408,+0.944
1685441640,+3.46,+13.481,+10.056,+0.941
1685441700,+3.46,+12.796, +9.872,+0.940
1685441760,+3.46,+12.416,+10.077,+0.941
1685441820,+3.47,+12.770,+10.315,+0.942
1685441880,+3.46,+13.324,+10.358,+0.943
1685441940,+3.46,+13.621,+10.260,+0.943
1685442000,+3.46,+13.280,+10.246,+0.942
1685442060,+3.46,+13.481,+10.213,+0.942
1685442120,+3.46,+13.804,+10.288,+0.943
1685442180,+3.46,+13.996,+10.297,+0.943
1685442240,+3.46,+14.352,+10.233,+0.943
1685442300,+3.46,+14.586,+10.260,+0.944
1685442360,+3.46,+14.750,+10.223,+0.943
1685442420,+3.46,+14.940,+10.226,+0.943
1685442480,+3.46,+15.121,+10.213,+0.943
1685442540,+3.46,+15.405,+10.162,+0.943
1685442600,+3.46,+15.602,+10.203,+0.944
1685442660,+3.46,+15.842,+10.175,+0.943
1685442720,+3.46,+16.082,+10.134,+0.943
1685442780,+3.46,+16.304,+10.091,+0.943
1685442840,+3.46,+16.423,+10.093,+0.943
1685442900,+3.46,+16.483,+10.081,+0.943
1685442960,+3.46,+16.670,+10.028,+0.943
1685443020,+3.46,+16.704,+10.013,+0.943
1685443080,+3.46,+16.789, +9.972,+0.942
1685443140,+3.46,+16.832, +9.943,+0.942
1685443200,+3.46,+16.985, +9.871,+0.942
1685443260,+3.46,+16.959, +9.890,+0.943
1685443320,+3.46,+17.010, +9.841,+0.942
1685443380,+3.46,+16.993, +9.467,+0.940
1685443440,+3.46,+16.116, +9.676,+0.939
1685443500,+3.46,+15.714, +9.913,+0.940
1685443560,+3.46,+15.740,+10.002,+0.941
1685443620,+3.46,+15.688, +9.399,+0.937
1685443680,+3.46,+14.629, +9.754,+0.939
1685443740,+3.46,+14.344, +9.848,+0.940
1685443800,+3.47,+13.752, +9.671,+0.937
1685443860,+3.46,+13.122, +9.623,+0.937
1685443920,+3.47,+12.735, +9.807,+0.938
1685443980,+3.47,+12.487, +9.882,+0.939
1685444040,+3.46,+12.346, +9.954,+0.939
1685444100,+3.47,+12.328,+10.000,+0.938
1685444160,+3.46,+12.478,+10.118,+0.940
1685444220,+3.46,+12.973,+10.234,+0.941
1685444280,+3.46,+13.280,+10.202,+0.941
1685444340,+3.47,+13.534,+10.179,+0.941
1685444400,+3.46,+13.691,+10.143,+0.942
1685444460,+3.46,+13.735,+10.090,+0.941
1685444520,+3.46,+13.604,+10.060,+0.940
1685444580,+3.46,+13.411,+10.014,+0.941
1685444640,+3.46,+13.183,+10.052,+0.940
1685444700,+3.46,+13.148,+10.032,+0.940
1685444760,+3.47,+13.017,+10.013,+0.940
1685444820,+3.47,+12.867,+10.063,+0.941
1685444880,+3.47,+12.823,+10.103,+0.941
1685444940,+3.47,+12.885,+10.127,+0.941
1685445000,+3.46,+13.052,+10.332,+0.943
1685445060,+3.47,+13.735,+10.384,+0.943
1685445120,+3.46,+14.318,+10.378,+0.944
1685445180,+3.47,+14.837,+10.339,+0.944
1685445240,+3.46,+15.379,+10.199,+0.944
1685445300,+3.46,+15.680,+10.128,+0.944
1685445360,+3.46,+15.422, +9.614,+0.939
1685445420,+3.46,+14.603, +9.974,+0.941
1685445480,+3.46,+14.482, +9.961,+0.941
1685445540,+3.46,+14.491,+10.030,+0.941
1685445600,+3.46,+14.378, +9.827,+0.940
1685445660,+3.46,+13.813, +9.864,+0.939
1685445720,+3.47,+13.586, +9.976,+0.940
1685445780,+3.47,+13.551,+10.027,+0.940
1685445840,+3.46,+13.455,+10.052,+0.940
1685445900,+3.46,+13.341,+10.002,+0.940
1685445960,+3.46,+13.227,+10.047,+0.940
1685446020,+3.46,+13.113, +9.993,+0.940
1685446080,+3.47,+12.990, +9.969,+0.940
1685446140,+3.47,+12.752,+10.011,+0.940
1685446200,+3.47,+12.673,+10.047,+0.940
1685446260,+3.47,+12.629,+10.100,+0.941
1685446320,+3.47,+12.646,+10.138,+0.941
1685446380,+3.46,+12.743,+10.220,+0.941
1685446440,+3.47,+13.008,+10.276,+0.943
1685446500,+3.47,+13.953,+10.507,+0.944
1685446560,+3.46,+14.681,+10.316,+0.944
1685446620,+3.46,+15.138,+10.190,+0.944
1685446680,+3.46,+15.405,+10.139,+0.944
1685446740,+3.46,+15.765,+10.047,+0.944
1685446800,+3.47,+15.945,+10.005,+0.943
1685446860,+3.47,+16.133, +9.935,+0.942
1685446920,+3.46,+16.193, +9.941,+0.943
1685446980,+3.46,+16.073, +9.622,+0.940
1685447040,+3.46,+15.465, +9.557,+0.938
1685447100,+3.46,+14.474, +9.587,+0.938
1685447160,+3.47,+13.682, +9.733,+0.938
1685447220,+3.46,+13.271, +9.879,+0.938
1685447280,+3.47,+12.964, +9.958,+0.939
1685447340,+3.47,+12.752, +9.979,+0.939
1685447400,+3.47,+12.549, +9.922,+0.938
1685447460,+3.46,+12.337, +9.935,+0.939
1685447520,+3.46,+12.177, +9.984,+0.939
1685447580,+3.47,+12.079,+10.018,+0.940
1685447640,+3.46,+11.999,+10.037,+0.940
1685447700,+3.47,+11.972,+10.036,+0.940
1685447760,+3.47,+11.883,+10.076,+0.941
1685447820,+3.46,+11.866,+10.084,+0.941
1685447880,+3.47,+11.848,+10.063,+0.940
1685447940,+3.47,+11.830,+10.066,+0.940
1685448000,+3.47,+11.794,+10.058,+0.940
1685448060,+3.47,+11.687,+10.082,+0.940
1685448120,+3.47,+11.669,+10.099,+0.941
1685448180,+3.47,+11.714,+10.088,+0.941
1685448240,+3.47,+11.687,+10.106,+0.941
1685448300,+3.47,+11.624,+10.073,+0.941
1685448360,+3.47,+11.508,+10.047,+0.940
1685448420,+3.47,+11.508,+10.044,+0.941
1685448480,+3.47,+11.409,+10.090,+0.941
1685448540,+3.47,+11.472,+10.044,+0.941
1685448600,+3.47,+11.427,+10.079,+0.941
1685448660,+3.47,+11.436,+10.075,+0.941
1685448720,+3.47,+11.454,+10.077,+0.942
1685448780,+3.47,+11.445,+10.054,+0.941
1685448840,+3.47,+11.383,+10.067,+0.941
1685448900,+3.47,+11.365,+10.043,+0.941
1685448960,+3.47,+11.320,+10.008,+0.941
1685449020,+3.47,+11.356, +9.963,+0.941
1685449080,+3.47,+11.221,+10.019,+0.941
1685449140,+3.47,+11.266,+10.004,+0.942
1685449200,+3.47,+11.284,+10.034,+0.941
1685449260,+3.47,+11.320,+10.084,+0.942
1685449320,+3.47,+11.338,+10.146,+0.942
1685449380,+3.47,+11.427,+10.115,+0.941
1685449440,+3.47,+11.472,+10.138,+0.942
1685449500,+3.47,+11.526,+10.136,+0.942
1685449560,+3.47,+11.669,+10.148,+0.942
1685449620,+3.47,+11.776,+10.148,+0.942
1685449680,+3.47,+11.821,+10.121,+0.941
1685449740,+3.47,+11.633, +9.975,+0.941
1685449800,+3.47,+11.454, +9.956,+0.941
1685449860,+3.47,+11.383, +9.972,+0.941
1685449920,+3.47,+11.400, +9.970,+0.941
1685449980,+3.47,+11.284,+10.014,+0.941
1685450040,+3.47,+11.347,+10.003,+0.941
1685450100,+3.47,+11.347, +9.995,+0.941
1685450160,+3.47,+11.311,+10.012,+0.941
1685450220,+3.47,+11.293,+10.036,+0.941
1685450280,+3.47,+11.266,+10.059,+0.942
1685450340,+3.47,+11.284,+10.071,+0.942
1685450400,+3.47,+11.284,+10.070,+0.942
1685450460,+3.47,+11.311,+10.073,+0.942
1685450520,+3.47,+11.275,+10.087,+0.941
1685450580,+3.47,+11.302,+10.084,+0.941
1685450640,+3.47,+11.338,+10.077,+0.941
1685450700,+3.47,+11.374,+10.096,+0.942
1685450760,+3.47,+11.463,+10.120,+0.942
1685450820,+3.47,+11.454,+10.149,+0.941
1685450880,+3.47,+11.544,+10.154,+0.942
1685450940,+3.47,+11.553,+10.143,+0.941
1685451000,+3.46,+11.589,+10.150,+0.942
1685451060,+3.47,+11.598,+10.168,+0.942
1685451120,+3.47,+11.651,+10.147,+0.942
1685451180,+3.47,+11.651,+10.132,+0.941
