7450-798456
OS REV: 1.03 Sensor Cal: 1539277937
Time (sec),  BV (Volts),  T (deg C),  DO (mg/l),  Q ()
1685192040,+3.46,+11.409,+10.302,+0.941
1685192100,+3.46,+11.445,+10.319,+0.941
1685192160,+3.46,+11.580,+10.373,+0.942
1685192220,+3.46,+11.857,+10.377,+0.942
1685192280,+3.46,+12.115,+10.356,+0.942
1685192340,+3.46,+12.230,+10.290,+0.942
1685192400,+3.46,+12.097,+10.158,+0.940
1685192460,+3.46,+11.723,+10.201,+0.941
1685192520,+3.46,+11.651,+10.197,+0.941
1685192580,+3.46,+11.526,+10.203,+0.941
1685192640,+3.46,+11.409,+10.239,+0.941
1685192700,+3.46,+11.400,+10.244,+0.941
1685192760,+3.46,+11.329,+10.258,+0.941
1685192820,+3.46,+11.320,+10.259,+0.941
1685192880,+3.46,+11.257,+10.284,+0.941
1685192940,+3.46,+11.275,+10.278,+0.941
1685193000,+3.46,+11.284,+10.269,+0.941
1685193060,+3.46,+11.320,+10.249,+0.941
1685193120,+3.46,+11.266,+10.268,+0.941
1685193180,+3.46,+11.284,+10.264,+0.941
1685193240,+3.46,+11.230,+10.298,+0.942
1685193300,+3.46,+11.311,+10.293,+0.941
1685193360,+3.46,+11.383,+10.280,+0.942
1685193420,+3.46,+11.472,+10.284,+0.941
1685193480,+3.46,+11.436,+10.305,+0.942
1685193540,+3.46,+11.490,+10.336,+0.942
1685193600,+3.46,+11.589,+10.413,+0.942
1685193660,+3.46,+11.919,+10.691,+0.944
1685193720,+3.46,+12.840,+10.899,+0.945
1685193780,+3.46,+13.473, +9.908,+0.939
1685193840,+3.46,+12.425, +9.977,+0.940
1685193900,+3.46,+12.053,+10.062,+0.940
1685193960,+3.46,+11.883,+10.117,+0.940
1685194020,+3.46,+11.705,+10.189,+0.940
1685194080,+3.46,+11.607,+10.238,+0.941
1685194140,+3.46,+11.526,+10.264,+0.941
1685194200,+3.46,+11.553,+10.262,+0.941
1685194260,+3.46,+11.481,+10.278,+0.941
1685194320,+3.46,+11.490,+10.278,+0.941
1685194380,+3.46,+11.418,+10.310,+0.941
1685194440,+3.46,+11.481,+10.273,+0.941
1685194500,+3.46,+11.409,+10.292,+0.941
1685194560,+3.46,+11.472,+10.258,+0.941
1685194620,+3.46,+11.418,+10.282,+0.941
1685194680,+3.46,+11.445,+10.277,+0.941
1685194740,+3.46,+11.391,+10.297,+0.941
1685194800,+3.46,+11.365,+10.293,+0.941
1685194860,+3.46,+11.365,+10.304,+0.942
1685194920,+3.46,+11.338,+10.282,+0.941
1685194980,+3.46,+11.356,+10.278,+0.941
1685195040,+3.46,+11.293,+10.311,+0.941
1685195100,+3.46,+11.365,+10.286,+0.941
1685195160,+3.46,+11.347,+10.304,+0.941
1685195220,+3.46,+11.329,+10.301,+0.941
1685195280,+3.46,+11.356,+10.293,+0.942
1685195340,+3.46,+11.365,+10.276,+0.941
1685195400,+3.46,+11.347,+10.290,+0.941
1685195460,+3.46,+11.374,+10.277,+0.941
1685195520,+3.46,+11.391,+10.274,+0.941
1685195580,+3.46,+11.311,+10.292,+0.941
1685195640,+3.46,+11.329,+10.287,+0.941
1685195700,+3.46,+11.320,+10.285,+0.941
1685195760,+3.46,+11.293,+10.270,+0.941
1685195820,+3.46,+11.275,+10.275,+0.941
1685195880,+3.46,+11.275,+10.266,+0.941
1685195940,+3.46,+11.230,+10.284,+0.941
1685196000,+3.46,+11.212,+10.274,+0.941
1685196060,+3.46,+11.212,+10.269,+0.941
1685196120,+3.46,+11.221,+10.267,+0.941
1685196180,+3.46,+11.266,+10.261,+0.941
1685196240,+3.46,+11.275,+10.282,+0.942
1685196300,+3.46,+11.266,+10.278,+0.941
1685196360,+3.46,+11.248,+10.289,+0.941
1685196420,+3.46,+11.221,+10.303,+0.941
1685196480,+3.46,+11.230,+10.307,+0.942
1685196540,+3.46,+11.284,+10.300,+0.942
1685196600,+3.46,+11.311,+10.329,+0.942
1685196660,+3.46,+11.391,+10.328,+0.941
1685196720,+3.46,+11.383,+10.321,+0.941
1685196780,+3.46,+11.302,+10.330,+0.941
1685196840,+3.46,+11.293,+10.303,+0.941
1685196900,+3.46,+11.293,+10.287,+0.941
1685196960,+3.46,+11.248,+10.296,+0.942
1685197020,+3.46,+11.221,+10.218,+0.941
1685197080,+3.46,+11.203,+10.157,+0.941
1685197140,+3.46,+11.122,+10.192,+0.941
1685197200,+3.46,+11.149,+10.176,+0.941
1685197260,+3.46,+11.149,+10.234,+0.941
1685197320,+3.46,+11.203,+10.277,+0.941
1685197380,+3.46,+11.167,+10.324,+0.941
1685197440,+3.46,+11.212,+10.309,+0.941
1685197500,+3.46,+11.203,+10.338,+0.942
1685197560,+3.46,+11.230,+10.331,+0.941
1685197620,+3.46,+11.266,+10.331,+0.941
1685197680,+3.46,+11.275,+10.344,+0.942
1685197740,+3.46,+11.338,+10.325,+0.942
1685197800,+3.46,+11.329,+10.329,+0.941
1685197860,+3.46,+11.284,+10.343,+0.941
1685197920,+3.46,+11.320,+10.308,+0.941
1685197980,+3.46,+11.284,+10.298,+0.941
1685198040,+3.46,+11.248,+10.286,+0.941
1685198100,+3.46,+11.239,+10.290,+0.941
1685198160,+3.46,+11.257,+10.260,+0.941
1685198220,+3.46,+11.266,+10.265,+0.941
1685198280,+3.46,+11.248,+10.268,+0.941
1685198340,+3.46,+11.185,+10.298,+0.941
1685198400,+3.46,+11.212,+10.298,+0.942
1685198460,+3.46,+11.266,+10.262,+0.942
1685198520,+3.46,+11.257,+10.257,+0.941
1685198580,+3.46,+11.248,+10.272,+0.942
1685198640,+3.46,+11.239,+10.263,+0.941
1685198700,+3.46,+11.221,+10.270,+0.941
1685198760,+3.46,+11.257,+10.256,+0.941
1685198820,+3.46,+11.239,+10.266,+0.941
1685198880,+3.46,+11.239,+10.267,+0.941
1685198940,+3.46,+11.239,+10.264,+0.941
1685199000,+3.46,+11.275,+10.273,+0.942
1685199060,+3.46,+11.257,+10.277,+0.941
1685199120,+3.46,+11.266,+10.281,+0.941
1685199180,+3.46,+11.293,+10.284,+0.941
1685199240,+3.46,+11.266,+10.240,+0.941
1685199300,+3.46,+11.221,+10.158,+0.941
1685199360,+3.46,+11.158,+10.136,+0.941
1685199420,+3.46,+11.185,+10.108,+0.941
1685199480,+3.46,+11.113,+10.123,+0.941
1685199540,+3.46,+11.104,+10.130,+0.942
1685199600,+3.46,+11.059,+10.136,+0.941
1685199660,+3.46,+11.068,+10.136,+0.941
1685199720,+3.46,+11.068,+10.149,+0.941
1685199780,+3.46,+11.140,+10.153,+0.941
1685199840,+3.46,+11.149,+10.155,+0.941
1685199900,+3.46,+11.176,+10.173,+0.941
1685199960,+3.46,+11.167,+10.179,+0.941
1685200020,+3.46,+11.131,+10.159,+0.942
1685200080,+3.46,+11.104,+10.125,+0.941
1685200140,+3.46,+11.005,+10.171,+0.942
1685200200,+3.46,+11.095,+10.125,+0.942
1685200260,+3.46,+11.077,+10.122,+0.941
1685200320,+3.46,+11.068,+10.115,+0.941
1685200380,+3.46,+11.059,+10.145,+0.941
1685200440,+3.46,+11.014,+10.218,+0.942
1685200500,+3.46,+11.131,+10.273,+0.941
1685200560,+3.46,+11.185,+10.324,+0.942
1685200620,+3.46,+11.212,+10.340,+0.942
1685200680,+3.46,+11.266,+10.331,+0.941
1685200740,+3.46,+11.257,+10.341,+0.941
1685200800,+3.46,+11.284,+10.321,+0.941
1685200860,+3.46,+11.302,+10.292,+0.941
1685200920,+3.46,+11.284,+10.306,+0.942
1685200980,+3.46,+11.284,+10.306,+0.941
1685201040,+3.46,+11.347,+10.291,+0.941
1685201100,+3.46,+11.266,+10.316,+0.941
1685201160,+3.46,+11.320,+10.291,+0.941
1685201220,+3.46,+11.284,+10.296,+0.941
1685201280,+3.46,+11.239,+10.304,+0.941
1685201340,+3.46,+11.338,+10.260,+0.941
1685201400,+3.46,+11.329,+10.271,+0.942
1685201460,+3.46,+11.320,+10.282,+0.941
1685201520,+3.46,+11.320,+10.300,+0.941
1685201580,+3.46,+11.427,+10.276,+0.942
1685201640,+3.46,+11.391,+10.305,+0.941
1685201700,+3.46,+11.436,+10.298,+0.941
1685201760,+3.46,+11.418,+10.318,+0.942
1685201820,+3.46,+11.400,+10.312,+0.941
1685201880,+3.46,+11.526,+10.271,+0.941
1685201940,+3.46,+11.427,+10.198,+0.941
1685202000,+3.46,+11.320,+10.101,+0.941
1685202060,+3.46,+11.266,+10.172,+0.941
1685202120,+3.46,+11.239,+10.224,+0.941
1685202180,+3.46,+11.293,+10.204,+0.941
1685202240,+3.46,+11.248,+10.203,+0.941
1685202300,+3.46,+11.248,+10.205,+0.941
1685202360,+3.46,+11.203,+10.234,+0.942
1685202420,+3.46,+11.185,+10.238,+0.941
1685202480,+3.46,+11.212,+10.248,+0.942
1685202540,+3.46,+11.239,+10.224,+0.941
1685202600,+3.46,+11.266,+10.227,+0.941
1685202660,+3.46,+11.293,+10.224,+0.941
1685202720,+3.46,+11.284,+10.262,+0.941
1685202780,+3.46,+11.365,+10.226,+0.941
1685202840,+3.46,+11.347,+10.244,+0.941
1685202900,+3.46,+11.365,+10.230,+0.941
1685202960,+3.46,+11.338,+10.252,+0.941
1685203020,+3.46,+11.347,+10.248,+0.941
1685203080,+3.46,+11.374,+10.234,+0.941
1685203140,+3.46,+11.338,+10.255,+0.942
1685203200,+3.46,+11.320,+10.247,+0.941
1685203260,+3.46,+11.320,+10.253,+0.941
1685203320,+3.46,+11.356,+10.239,+0.941
1685203380,+3.46,+11.329,+10.159,+0.941
1685203440,+3.46,+11.185,+10.154,+0.942
1685203500,+3.46,+11.230,+10.098,+0.941
1685203560,+3.46,+11.122,+10.141,+0.941
1685203620,+3.46,+11.212,+10.097,+0.941
1685203680,+3.46,+11.167,+10.112,+0.941
1685203740,+3.46,+11.140,+10.108,+0.941
1685203800,+3.46,+11.167,+10.091,+0.941
1685203860,+3.46,+11.122,+10.124,+0.942
1685203920,+3.46,+11.194,+10.108,+0.941
1685203980,+3.46,+11.176,+10.147,+0.942
1685204040,+3.46,+11.149,+10.166,+0.941
1685204100,+3.46,+11.221,+10.140,+0.941
1685204160,+3.46,+11.239,+10.124,+0.941
1685204220,+3.46,+11.167,+10.085,+0.941
1685204280,+3.46,+11.149, +9.986,+0.941
1685204340,+3.46,+11.041, +9.994,+0.941
1685204400,+3.46,+11.032, +9.980,+0.941
1685204460,+3.46,+11.005, +9.973,+0.941
1685204520,+3.46,+11.032, +9.990,+0.941
1685204580,+3.46,+11.023,+10.001,+0.941
1685204640,+3.46,+10.987,+10.008,+0.941
1685204700,+3.46,+11.032,+10.065,+0.942
1685204760,+3.46,+11.086,+10.090,+0.941
1685204820,+3.46,+11.104,+10.072,+0.941
1685204880,+3.46,+11.077,+10.017,+0.941
1685204940,+3.46,+11.068, +9.991,+0.941
1685205000,+3.46,+11.059, +9.972,+0.941
1685205060,+3.46,+10.996,+10.008,+0.942
1685205120,+3.46,+11.014, +9.992,+0.941
1685205180,+3.46,+10.969, +9.996,+0.941
1685205240,+3.46,+11.005, +9.988,+0.941
1685205300,+3.46,+11.086,+10.000,+0.941
1685205360,+3.46,+11.104,+10.036,+0.941
1685205420,+3.46,+11.104,+10.048,+0.941
1685205480,+3.46,+11.131,+10.061,+0.942
1685205540,+3.46,+11.086,+10.088,+0.942
1685205600,+3.46,+11.167,+10.108,+0.942
1685205660,+3.46,+11.338,+10.108,+0.942
1685205720,+3.46,+11.320,+10.208,+0.942
1685205780,+3.46,+11.347,+10.260,+0.942
1685205840,+3.46,+11.400,+10.242,+0.941
1685205900,+3.46,+11.338,+10.239,+0.942
1685205960,+3.46,+11.320,+10.194,+0.941
1685206020,+3.46,+11.311,+10.166,+0.941
1685206080,+3.46,+11.293,+10.148,+0.942
1685206140,+3.46,+11.365,+10.177,+0.942
1685206200,+3.46,+11.517,+10.313,+0.942
1685206260,+3.46,+12.204,+10.497,+0.944
1685206320,+3.46,+13.271,+10.613,+0.946
1685206380,+3.46,+14.292,+10.543,+0.946
1685206440,+3.46,+12.990, +9.518,+0.938
1685206500,+3.46,+12.425, +9.921,+0.940
1685206560,+3.46,+12.088,+10.020,+0.940
1685206620,+3.46,+11.928,+10.096,+0.940
1685206680,+3.46,+11.830,+10.142,+0.940
1685206740,+3.46,+11.705,+10.195,+0.941
1685206800,+3.46,+11.830,+10.198,+0.941
1685206860,+3.46,+12.053,+10.193,+0.941
1685206920,+3.46,+12.337,+10.233,+0.942
1685206980,+3.46,+12.611,+10.251,+0.943
1685207040,+3.46,+12.840,+10.170,+0.942
1685207100,+3.46,+12.981,+10.129,+0.941
1685207160,+3.46,+13.096,+10.111,+0.942
1685207220,+3.46,+13.271,+10.022,+0.942
1685207280,+3.46,+12.885, +9.827,+0.940
1685207340,+3.46,+12.434, +9.877,+0.940
1685207400,+3.46,+12.053, +9.985,+0.940
1685207460,+3.46,+11.937,+10.032,+0.940
1685207520,+3.46,+11.812,+10.021,+0.940
1685207580,+3.46,+11.633,+10.033,+0.940
1685207640,+3.46,+11.607,+10.045,+0.940
1685207700,+3.46,+11.615,+10.073,+0.940
1685207760,+3.46,+11.624,+10.032,+0.940
1685207820,+3.46,+11.607,+10.017,+0.940
1685207880,+3.46,+11.499, +9.996,+0.940
1685207940,+3.46,+11.445,+10.010,+0.941
1685208000,+3.46,+11.338, +9.965,+0.940
1685208060,+3.46,+11.266, +9.979,+0.941
1685208120,+3.46,+11.266, +9.977,+0.941
1685208180,+3.46,+11.194, +9.974,+0.940
1685208240,+3.46,+11.167, +9.980,+0.941
1685208300,+3.46,+11.194, +9.969,+0.941
1685208360,+3.46,+11.167, +9.991,+0.941
1685208420,+3.46,+11.176, +9.997,+0.940
1685208480,+3.46,+11.203, +9.969,+0.941
1685208540,+3.46,+11.176, +9.985,+0.941
1685208600,+3.46,+11.158, +9.974,+0.941
1685208660,+3.46,+11.149,+10.032,+0.941
1685208720,+3.46,+11.158,+10.032,+0.941
1685208780,+3.46,+11.095,+10.087,+0.942
1685208840,+3.46,+11.167,+10.030,+0.941
1685208900,+3.46,+11.158,+10.023,+0.941
1685208960,+3.46,+11.194,+10.011,+0.941
1685209020,+3.46,+11.158,+10.016,+0.941
1685209080,+3.46,+11.140,+10.038,+0.941
1685209140,+3.46,+11.122,+10.049,+0.942
1685209200,+3.46,+11.158,+10.030,+0.941
1685209260,+3.46,+11.140,+10.060,+0.941
1685209320,+3.46,+11.140,+10.072,+0.942
1685209380,+3.46,+11.140,+10.068,+0.942
1685209440,+3.46,+11.194,+10.027,+0.941
1685209500,+3.46,+11.122,+10.034,+0.941
1685209560,+3.46,+11.158,+10.005,+0.941
1685209620,+3.46,+11.149,+10.003,+0.941
1685209680,+3.46,+11.113,+10.016,+0.942
1685209740,+3.46,+11.140,+10.001,+0.941
1685209800,+3.46,+11.113,+10.011,+0.941
1685209860,+3.46,+11.140, +9.986,+0.941
1685209920,+3.46,+11.122, +9.991,+0.941
1685209980,+3.46,+11.149, +9.981,+0.941
1685210040,+3.46,+11.158, +9.971,+0.941
1685210100,+3.46,+11.167, +9.983,+0.942
1685210160,+3.46,+11.131, +9.996,+0.941
1685210220,+3.46,+11.140, +9.989,+0.941
1685210280,+3.46,+11.194, +9.978,+0.941
1685210340,+3.46,+11.149, +9.979,+0.941
1685210400,+3.46,+11.185, +9.973,+0.941
1685210460,+3.46,+11.221,+10.004,+0.941
1685210520,+3.46,+11.185,+10.035,+0.941
1685210580,+3.46,+11.194,+10.077,+0.942
1685210640,+3.46,+11.257,+10.073,+0.942
1685210700,+3.46,+11.248,+10.081,+0.942
1685210760,+3.46,+11.311,+10.050,+0.941
1685210820,+3.46,+11.239,+10.085,+0.942
1685210880,+3.46,+11.266,+10.047,+0.941
1685210940,+3.46,+11.248,+10.045,+0.942
1685211000,+3.46,+11.275,+10.028,+0.941
1685211060,+3.46,+11.239,+10.035,+0.941
1685211120,+3.46,+11.257,+10.044,+0.941
1685211180,+3.46,+11.311,+10.034,+0.941
1685211240,+3.46,+11.266,+10.067,+0.942
1685211300,+3.46,+11.311,+10.083,+0.942
1685211360,+3.46,+11.302,+10.128,+0.941
1685211420,+3.46,+11.329,+10.184,+0.942
1685211480,+3.46,+11.302,+10.196,+0.941
1685211540,+3.46,+11.320,+10.186,+0.941
1685211600,+3.46,+11.320,+10.179,+0.941
1685211660,+3.46,+11.311,+10.165,+0.941
1685211720,+3.46,+11.293,+10.102,+0.942
1685211780,+3.46,+11.257,+10.041,+0.941
1685211840,+3.46,+11.311, +9.986,+0.941
1685211900,+3.46,+11.248, +9.911,+0.941
1685211960,+3.46,+11.248, +9.811,+0.941
1685212020,+3.46,+11.212, +9.788,+0.941
1685212080,+3.46,+11.194, +9.817,+0.941
1685212140,+3.46,+11.257, +9.816,+0.941
1685212200,+3.46,+11.239, +9.820,+0.941
1685212260,+3.46,+11.185, +9.823,+0.941
1685212320,+3.46,+11.176, +9.814,+0.941
1685212380,+3.46,+11.221, +9.805,+0.941
1685212440,+3.46,+11.185, +9.828,+0.941
1685212500,+3.46,+11.203, +9.847,+0.941
1685212560,+3.46,+11.230, +9.843,+0.941
1685212620,+3.46,+11.212, +9.908,+0.941
1685212680,+3.46,+11.203, +9.992,+0.941
1685212740,+3.46,+11.176,+10.003,+0.941
1685212800,+3.46,+11.212, +9.971,+0.941
1685212860,+3.46,+11.176, +9.890,+0.941
1685212920,+3.46,+11.230, +9.901,+0.941
1685212980,+3.46,+11.176, +9.931,+0.941
1685213040,+3.46,+11.122, +9.952,+0.941
1685213100,+3.46,+11.095, +9.968,+0.941
1685213160,+3.46,+11.149, +9.949,+0.941
1685213220,+3.46,+11.149, +9.937,+0.941
1685213280,+3.46,+11.140, +9.936,+0.941
1685213340,+3.46,+11.068, +9.951,+0.941
1685213400,+3.46,+11.158, +9.909,+0.941
1685213460,+3.46,+11.194, +9.875,+0.941
1685213520,+3.46,+11.113, +9.917,+0.941
1685213580,+3.46,+11.194, +9.878,+0.941
1685213640,+3.46,+11.167, +9.894,+0.941
1685213700,+3.46,+11.131, +9.964,+0.941
1685213760,+3.46,+11.185, +9.961,+0.941
1685213820,+3.46,+11.140,+10.001,+0.941
1685213880,+3.46,+11.185,+10.027,+0.941
1685213940,+3.46,+11.149,+10.033,+0.941
1685214000,+3.46,+11.185,+10.009,+0.941
1685214060,+3.46,+11.167, +9.987,+0.941
1685214120,+3.46,+11.122,+10.011,+0.941
1685214180,+3.46,+11.185, +9.995,+0.941
1685214240,+3.46,+11.077,+10.002,+0.941
1685214300,+3.46,+11.122, +9.980,+0.942
1685214360,+3.46,+11.131, +9.971,+0.941
1685214420,+3.46,+11.068, +9.996,+0.941
1685214480,+3.46,+11.086, +9.986,+0.941
1685214540,+3.46,+11.104, +9.973,+0.941
1685214600,+3.46,+11.113, +9.967,+0.941
1685214660,+3.46,+11.104, +9.972,+0.942
1685214720,+3.46,+11.131, +9.948,+0.941
1685214780,+3.46,+11.086, +9.957,+0.941
1685214840,+3.46,+11.113, +9.960,+0.941
1685214900,+3.46,+11.050, +9.991,+0.942
1685214960,+3.46,+11.140, +9.952,+0.941
1685215020,+3.46,+11.122, +9.964,+0.941
1685215080,+3.46,+11.113, +9.963,+0.941
1685215140,+3.46,+11.149, +9.948,+0.941
1685215200,+3.46,+11.149, +9.947,+0.941
1685215260,+3.46,+11.131, +9.954,+0.941
1685215320,+3.46,+11.086, +9.983,+0.942
1685215380,+3.46,+11.086,+10.000,+0.942
1685215440,+3.46,+11.104,+10.001,+0.941
1685215500,+3.46,+11.140, +9.986,+0.941
1685215560,+3.46,+11.086,+10.021,+0.942
1685215620,+3.46,+11.122, +9.992,+0.941
1685215680,+3.46,+11.167, +9.960,+0.941
1685215740,+3.46,+11.122, +9.960,+0.942
1685215800,+3.46,+11.077, +9.969,+0.941
1685215860,+3.46,+11.149, +9.953,+0.942
1685215920,+3.46,+11.176, +9.944,+0.941
1685215980,+3.46,+11.122, +9.971,+0.941
1685216040,+3.46,+11.149, +9.968,+0.941
1685216100,+3.46,+11.149, +9.965,+0.942
1685216160,+3.46,+11.113, +9.977,+0.942
1685216220,+3.46,+11.167, +9.944,+0.941
1685216280,+3.46,+11.194, +9.934,+0.941
1685216340,+3.46,+11.185, +9.950,+0.941
1685216400,+3.46,+11.176, +9.955,+0.941
1685216460,+3.46,+11.176, +9.989,+0.941
1685216520,+3.46,+11.167,+10.025,+0.942
1685216580,+3.46,+11.122,+10.046,+0.942
1685216640,+3.46,+11.140,+10.028,+0.941
1685216700,+3.46,+11.149,+10.039,+0.941
1685216760,+3.46,+11.203,+10.020,+0.941
1685216820,+3.46,+11.158,+10.018,+0.941
1685216880,+3.46,+11.113, +9.977,+0.941
1685216940,+3.46,+11.185, +9.933,+0.941
1685217000,+3.46,+11.158, +9.918,+0.941
1685217060,+3.46,+11.221, +9.923,+0.942
1685217120,+3.46,+11.176, +9.929,+0.941
1685217180,+3.46,+11.158, +9.947,+0.941
1685217240,+3.46,+11.167, +9.951,+0.941
1685217300,+3.46,+11.167, +9.966,+0.942
1685217360,+3.46,+11.140, +9.950,+0.941
1685217420,+3.46,+11.248, +9.910,+0.941
1685217480,+3.46,+11.185, +9.930,+0.941
1685217540,+3.46,+11.158, +9.951,+0.942
1685217600,+3.46,+11.140, +9.952,+0.941
1685217660,+3.46,+11.158, +9.939,+0.942
1685217720,+3.46,+11.194, +9.907,+0.941
1685217780,+3.46,+11.149, +9.905,+0.941
1685217840,+3.46,+11.194, +9.898,+0.941
1685217900,+3.46,+11.140, +9.912,+0.941
1685217960,+3.46,+11.158, +9.919,+0.941
1685218020,+3.46,+11.167, +9.931,+0.941
1685218080,+3.46,+11.167, +9.930,+0.941
1685218140,+3.46,+11.140, +9.877,+0.941
1685218200,+3.46,+11.095, +9.893,+0.941
1685218260,+3.46,+11.068, +9.911,+0.941
1685218320,+3.46,+11.059, +9.917,+0.941
1685218380,+3.46,+11.050, +9.938,+0.941
1685218440,+3.46,+11.041, +9.933,+0.941
1685218500,+3.46,+11.023, +9.914,+0.941
1685218560,+3.46,+10.978, +9.917,+0.941
1685218620,+3.46,+11.032, +9.888,+0.941
1685218680,+3.46,+10.987, +9.906,+0.941
1685218740,+3.46,+11.023, +9.895,+0.941
1685218800,+3.46,+11.005, +9.923,+0.941
1685218860,+3.46,+11.032, +9.927,+0.941
1685218920,+3.46,+10.978, +9.952,+0.941
1685218980,+3.46,+11.014, +9.941,+0.941
1685219040,+3.46,+11.032, +9.932,+0.941
1685219100,+3.46,+11.023, +9.923,+0.941
1685219160,+3.46,+10.969, +9.946,+0.942
1685219220,+3.46,+10.987, +9.947,+0.942
1685219280,+3.46,+11.077, +9.911,+0.941
1685219340,+3.46,+11.086, +9.896,+0.941
1685219400,+3.46,+11.122, +9.869,+0.941
1685219460,+3.46,+11.086, +9.874,+0.941
1685219520,+3.46,+11.050, +9.888,+0.942
1685219580,+3.46,+11.059, +9.839,+0.941
1685219640,+3.46,+11.059, +9.841,+0.941
1685219700,+3.46,+11.050, +9.874,+0.941
1685219760,+3.46,+11.041, +9.897,+0.941
1685219820,+3.46,+11.059, +9.919,+0.942
1685219880,+3.46,+11.086, +9.863,+0.941
1685219940,+3.46,+11.032, +9.890,+0.941
1685220000,+3.46,+11.050, +9.904,+0.941
1685220060,+3.46,+11.077, +9.901,+0.941
1685220120,+3.46,+11.113, +9.841,+0.941
1685220180,+3.46,+11.131, +9.781,+0.941
1685220240,+3.46,+11.032, +9.809,+0.941
1685220300,+3.46,+11.032, +9.800,+0.941
1685220360,+3.46,+11.005, +9.824,+0.941
1685220420,+3.46,+11.032, +9.828,+0.941
1685220480,+3.46,+11.032, +9.827,+0.941
1685220540,+3.46,+10.969, +9.858,+0.942
1685220600,+3.46,+10.996, +9.829,+0.941
1685220660,+3.46,+11.014, +9.785,+0.941
1685220720,+3.46,+11.005, +9.812,+0.942
1685220780,+3.46,+10.978, +9.840,+0.941
1685220840,+3.46,+10.987, +9.866,+0.941
1685220900,+3.46,+10.987, +9.858,+0.941
1685220960,+3.46,+11.086, +9.817,+0.941
1685221020,+3.46,+11.041, +9.840,+0.942
1685221080,+3.46,+11.068, +9.810,+0.941
1685221140,+3.46,+11.041, +9.815,+0.941
1685221200,+3.46,+11.023, +9.809,+0.941
1685221260,+3.46,+11.014, +9.801,+0.941
1685221320,+3.46,+10.996, +9.788,+0.941
1685221380,+3.46,+11.023, +9.769,+0.941
1685221440,+3.46,+11.014, +9.748,+0.941
1685221500,+3.46,+11.059, +9.727,+0.941
1685221560,+3.46,+11.068, +9.710,+0.941
1685221620,+3.46,+11.077, +9.714,+0.942
1685221680,+3.46,+11.005, +9.762,+0.941
1685221740,+3.46,+11.113, +9.724,+0.941
1685221800,+3.46,+11.068, +9.777,+0.942
1685221860,+3.46,+11.077, +9.793,+0.941
1685221920,+3.46,+11.041, +9.804,+0.941
1685221980,+3.46,+11.086, +9.803,+0.942
1685222040,+3.46,+11.095, +9.784,+0.941
1685222100,+3.46,+11.059, +9.788,+0.941
1685222160,+3.46,+11.068, +9.801,+0.941
1685222220,+3.46,+11.122, +9.809,+0.941
1685222280,+3.46,+11.113, +9.801,+0.941
1685222340,+3.46,+11.095, +9.803,+0.941
1685222400,+3.46,+11.113, +9.806,+0.941
1685222460,+3.46,+11.158, +9.786,+0.941
1685222520,+3.46,+11.095, +9.761,+0.941
1685222580,+3.46,+11.005, +9.748,+0.941
1685222640,+3.46,+11.023, +9.736,+0.941
1685222700,+3.46,+10.951, +9.764,+0.942
1685222760,+3.46,+10.987, +9.737,+0.941
1685222820,+3.46,+10.987, +9.731,+0.941
1685222880,+3.46,+10.932, +9.745,+0.941
1685222940,+3.46,+10.932, +9.744,+0.941
1685223000,+3.46,+10.978, +9.740,+0.941
1685223060,+3.46,+10.987, +9.751,+0.941
1685223120,+3.46,+11.032, +9.772,+0.941
1685223180,+3.46,+11.032, +9.811,+0.941
1685223240,+3.46,+11.041, +9.835,+0.941
1685223300,+3.46,+11.005, +9.858,+0.941
1685223360,+3.46,+11.086, +9.842,+0.941
1685223420,+3.46,+11.077, +9.823,+0.941
1685223480,+3.46,+11.086, +9.786,+0.941
1685223540,+3.46,+11.140, +9.737,+0.941
1685223600,+3.46,+11.068, +9.742,+0.941
1685223660,+3.46,+11.113, +9.736,+0.941
1685223720,+3.46,+11.068, +9.770,+0.941
1685223780,+3.46,+11.077, +9.771,+0.941
1685223840,+3.46,+11.122, +9.760,+0.941
1685223900,+3.46,+11.104, +9.764,+0.941
1685223960,+3.46,+11.095, +9.768,+0.941
1685224020,+3.46,+11.113, +9.776,+0.941
1685224080,+3.46,+11.131, +9.831,+0.942
1685224140,+3.46,+11.122, +9.803,+0.941
1685224200,+3.46,+11.050, +9.636,+0.941
1685224260,+3.46,+10.951, +9.524,+0.941
1685224320,+3.46,+10.923, +9.509,+0.941
1685224380,+3.46,+10.842, +9.618,+0.941
1685224440,+3.46,+10.815, +9.614,+0.941
1685224500,+3.46,+10.743, +9.622,+0.941
1685224560,+3.46,+10.706, +9.645,+0.941
1685224620,+3.46,+10.706, +9.659,+0.941
1685224680,+3.46,+10.634, +9.684,+0.941
1685224740,+3.46,+10.670, +9.671,+0.941
1685224800,+3.46,+10.661, +9.653,+0.941
1685224860,+3.46,+10.616, +9.667,+0.941
1685224920,+3.46,+10.634, +9.639,+0.941
1685224980,+3.46,+10.679, +9.621,+0.941
1685225040,+3.46,+10.616, +9.651,+0.941
1685225100,+3.46,+10.634, +9.707,+0.941
1685225160,+3.46,+10.598, +9.774,+0.941
1685225220,+3.46,+10.634, +9.749,+0.941
1685225280,+3.46,+10.625, +9.744,+0.941
1685225340,+3.46,+10.652, +9.729,+0.941
1685225400,+3.46,+10.670, +9.686,+0.941
1685225460,+3.46,+10.679, +9.669,+0.941
1685225520,+3.46,+10.607, +9.695,+0.941
1685225580,+3.46,+10.688, +9.673,+0.941
1685225640,+3.46,+10.552, +9.760,+0.941
1685225700,+3.46,+10.598, +9.744,+0.941
1685225760,+3.46,+10.661, +9.706,+0.941
1685225820,+3.46,+10.579, +9.735,+0.941
1685225880,+3.46,+10.652, +9.723,+0.941
1685225940,+3.46,+10.643, +9.712,+0.941
1685226000,+3.46,+10.598, +9.738,+0.941
1685226060,+3.46,+10.598, +9.730,+0.941
1685226120,+3.46,+10.570, +9.743,+0.941
1685226180,+3.46,+10.579, +9.738,+0.941
1685226240,+3.46,+10.643, +9.726,+0.941
1685226300,+3.46,+10.579, +9.761,+0.941
1685226360,+3.46,+10.589, +9.799,+0.942
1685226420,+3.46,+10.607, +9.787,+0.941
1685226480,+3.46,+10.561, +9.787,+0.941
1685226540,+3.46,+10.589, +9.765,+0.942
1685226600,+3.46,+10.579, +9.766,+0.941
1685226660,+3.46,+10.552, +9.772,+0.941
1685226720,+3.46,+10.589, +9.769,+0.941
1685226780,+3.46,+10.607, +9.753,+0.941
1685226840,+3.46,+10.625, +9.744,+0.941
1685226900,+3.46,+10.561, +9.767,+0.941
1685226960,+3.46,+10.525, +9.800,+0.941
1685227020,+3.46,+10.561, +9.781,+0.941
1685227080,+3.46,+10.543, +9.777,+0.941
1685227140,+3.46,+10.561, +9.752,+0.941
1685227200,+3.46,+10.552, +9.751,+0.941
1685227260,+3.46,+10.489, +9.780,+0.941
1685227320,+3.46,+10.570, +9.723,+0.941
1685227380,+3.46,+10.489, +9.712,+0.941
1685227440,+3.46,+10.516, +9.624,+0.941
1685227500,+3.46,+10.480, +9.588,+0.941
1685227560,+3.46,+10.480, +9.522,+0.941
1685227620,+3.46,+10.461, +9.478,+0.941
1685227680,+3.46,+10.480, +9.456,+0.941
1685227740,+3.46,+10.407, +9.474,+0.941
1685227800,+3.46,+10.425, +9.446,+0.940
1685227860,+3.46,+10.443, +9.425,+0.941
1685227920,+3.46,+10.343, +9.431,+0.941
1685227980,+3.46,+10.343, +9.420,+0.941
1685228040,+3.46,+10.343, +9.426,+0.941
1685228100,+3.46,+10.343, +9.425,+0.941
1685228160,+3.46,+10.316, +9.442,+0.941
1685228220,+3.46,+10.307, +9.450,+0.941
1685228280,+3.46,+10.298, +9.457,+0.941
1685228340,+3.46,+10.307, +9.439,+0.941
1685228400,+3.46,+10.343, +9.432,+0.941
1685228460,+3.46,+10.279, +9.447,+0.941
1685228520,+3.46,+10.343, +9.416,+0.941
1685228580,+3.46,+10.334, +9.423,+0.941
1685228640,+3.46,+10.343, +9.408,+0.941
1685228700,+3.46,+10.316, +9.423,+0.941
1685228760,+3.46,+10.270, +9.455,+0.941
1685228820,+3.46,+10.343, +9.442,+0.941
1685228880,+3.46,+10.261, +9.469,+0.941
1685228940,+3.46,+10.270, +9.469,+0.941
1685229000,+3.46,+10.352, +9.433,+0.941
1685229060,+3.46,+10.316, +9.449,+0.941
1685229120,+3.46,+10.325, +9.453,+0.941
1685229180,+3.46,+10.298, +9.469,+0.941
1685229240,+3.46,+10.343, +9.447,+0.941
1685229300,+3.46,+10.261, +9.474,+0.941
1685229360,+3.46,+10.288, +9.465,+0.941
1685229420,+3.46,+10.370, +9.429,+0.941
1685229480,+3.46,+10.298, +9.442,+0.941
1685229540,+3.46,+10.316, +9.425,+0.941
1685229600,+3.46,+10.352, +9.393,+0.941
1685229660,+3.46,+10.407, +9.346,+0.941
1685229720,+3.46,+10.343, +9.381,+0.941
1685229780,+3.46,+10.389, +9.375,+0.941
1685229840,+3.46,+10.398, +9.373,+0.941
1685229900,+3.46,+10.452, +9.336,+0.940
1685229960,+3.46,+10.407, +9.354,+0.941
1685230020,+3.46,+10.407, +9.356,+0.941
1685230080,+3.46,+10.489, +9.337,+0.941
1685230140,+3.46,+10.461, +9.350,+0.941
1685230200,+3.46,+10.443, +9.340,+0.940
1685230260,+3.46,+10.498, +9.346,+0.941
1685230320,+3.46,+10.525, +9.375,+0.941
1685230380,+3.46,+10.616, +9.454,+0.941
1685230440,+3.46,+10.697, +9.476,+0.941
1685230500,+3.46,+10.752, +9.536,+0.941
1685230560,+3.46,+10.770, +9.588,+0.942
1685230620,+3.46,+10.815, +9.793,+0.942
1685230680,+3.46,+10.869, +9.716,+0.941
1685230740,+3.46,+10.860, +9.610,+0.941
1685230800,+3.46,+10.851, +9.583,+0.941
1685230860,+3.46,+10.779, +9.585,+0.941
1685230920,+3.46,+10.788, +9.575,+0.941
1685230980,+3.46,+10.797, +9.571,+0.941
1685231040,+3.46,+10.878, +9.586,+0.941
1685231100,+3.46,+10.941, +9.668,+0.942
1685231160,+3.46,+11.050, +9.771,+0.942
1685231220,+3.46,+11.176, +9.764,+0.942
1685231280,+3.46,+11.194, +9.803,+0.942
1685231340,+3.46,+11.239, +9.799,+0.941
1685231400,+3.46,+11.293, +9.795,+0.941
1685231460,+3.46,+11.275, +9.745,+0.941
1685231520,+3.46,+11.275, +9.524,+0.941
1685231580,+3.46,+11.167, +9.695,+0.941
1685231640,+3.46,+11.176, +9.731,+0.941
1685231700,+3.46,+11.131, +9.741,+0.941
1685231760,+3.46,+11.158, +9.793,+0.941
1685231820,+3.46,+11.095, +9.864,+0.942
1685231880,+3.46,+11.104, +9.827,+0.941
1685231940,+3.46,+11.077, +9.796,+0.941
1685232000,+3.46,+11.086, +9.734,+0.941
1685232060,+3.46,+11.086, +9.699,+0.941
1685232120,+3.46,+11.095, +9.676,+0.941
1685232180,+3.46,+11.086, +9.681,+0.941
1685232240,+3.46,+11.176, +9.661,+0.941
1685232300,+3.46,+11.185, +9.676,+0.940
1685232360,+3.46,+11.167, +9.716,+0.941
1685232420,+3.46,+11.149, +9.743,+0.941
1685232480,+3.46,+11.158, +9.748,+0.941
1685232540,+3.46,+11.176, +9.741,+0.941
1685232600,+3.46,+11.176, +9.746,+0.941
1685232660,+3.46,+11.140, +9.785,+0.941
1685232720,+3.46,+11.221, +9.781,+0.941
1685232780,+3.46,+11.185, +9.829,+0.941
1685232840,+3.46,+11.212, +9.835,+0.941
1685232900,+3.46,+11.176, +9.855,+0.941
1685232960,+3.46,+11.203, +9.834,+0.941
1685233020,+3.46,+11.185, +9.825,+0.941
1685233080,+3.46,+11.176, +9.809,+0.941
1685233140,+3.46,+11.185, +9.796,+0.941
1685233200,+3.46,+11.149, +9.816,+0.941
1685233260,+3.46,+11.230, +9.796,+0.941
1685233320,+3.46,+11.257, +9.789,+0.942
1685233380,+3.46,+11.239, +9.767,+0.941
1685233440,+3.46,+11.284, +9.737,+0.941
1685233500,+3.46,+11.221, +9.758,+0.941
1685233560,+3.46,+11.266, +9.754,+0.942
1685233620,+3.46,+11.302, +9.753,+0.941
1685233680,+3.46,+11.356, +9.734,+0.941
1685233740,+3.46,+11.365, +9.700,+0.941
1685233800,+3.46,+11.320, +9.732,+0.941
1685233860,+3.46,+11.221, +9.808,+0.941
1685233920,+3.46,+11.302, +9.817,+0.941
1685233980,+3.46,+11.230, +9.855,+0.941
1685234040,+3.46,+11.266, +9.832,+0.941
1685234100,+3.46,+11.212, +9.870,+0.941
1685234160,+3.46,+11.221, +9.853,+0.941
1685234220,+3.46,+11.257, +9.812,+0.942
1685234280,+3.46,+11.257, +9.775,+0.941
1685234340,+3.46,+11.239, +9.795,+0.941
1685234400,+3.46,+11.239, +9.779,+0.941
1685234460,+3.46,+11.329, +9.741,+0.941
1685234520,+3.46,+11.427, +9.745,+0.941
1685234580,+3.46,+11.427, +9.818,+0.941
1685234640,+3.46,+11.472, +9.902,+0.941
1685234700,+3.46,+11.490, +9.861,+0.942
1685234760,+3.46,+11.517, +9.852,+0.941
1685234820,+3.46,+11.508, +9.834,+0.941
1685234880,+3.46,+11.526, +9.856,+0.941
1685234940,+3.46,+11.517, +9.807,+0.941
1685235000,+3.46,+11.490, +9.819,+0.941
1685235060,+3.46,+11.508, +9.806,+0.941
1685235120,+3.46,+11.535, +9.775,+0.941
1685235180,+3.46,+11.463, +9.746,+0.941
1685235240,+3.46,+11.490, +9.694,+0.941
1685235300,+3.46,+11.418, +9.710,+0.941
1685235360,+3.46,+11.481, +9.689,+0.941
1685235420,+3.46,+11.472, +9.730,+0.941
1685235480,+3.46,+11.481, +9.768,+0.941
1685235540,+3.46,+11.454, +9.811,+0.941
1685235600,+3.46,+11.526, +9.783,+0.941
1685235660,+3.46,+11.544, +9.735,+0.941
1685235720,+3.46,+11.508, +9.736,+0.941
1685235780,+3.46,+11.526, +9.745,+0.941
1685235840,+3.46,+11.544, +9.632,+0.941
1685235900,+3.46,+11.391, +9.570,+0.940
1685235960,+3.46,+11.356, +9.582,+0.940
1685236020,+3.46,+11.239, +9.596,+0.941
1685236080,+3.46,+11.185, +9.601,+0.941
1685236140,+3.46,+11.104, +9.491,+0.940
1685236200,+3.46,+11.032, +9.504,+0.941
1685236260,+3.46,+11.023, +9.495,+0.941
1685236320,+3.46,+10.978, +9.505,+0.940
1685236380,+3.46,+10.969, +9.516,+0.941
1685236440,+3.46,+10.951, +9.548,+0.941
1685236500,+3.46,+10.996, +9.568,+0.941
1685236560,+3.46,+11.014, +9.586,+0.941
1685236620,+3.46,+11.068, +9.613,+0.941
1685236680,+3.46,+11.095, +9.607,+0.940
1685236740,+3.46,+11.149, +9.618,+0.940
1685236800,+3.46,+11.068, +9.687,+0.941
1685236860,+3.46,+11.167, +9.701,+0.941
1685236920,+3.46,+11.140, +9.775,+0.941
1685236980,+3.46,+11.158, +9.794,+0.941
1685237040,+3.46,+11.104, +9.827,+0.942
1685237100,+3.46,+11.158, +9.765,+0.941
1685237160,+3.46,+11.104, +9.801,+0.941
1685237220,+3.46,+11.185, +9.810,+0.941
1685237280,+3.46,+11.167, +9.864,+0.941
1685237340,+3.46,+11.158, +9.799,+0.941
1685237400,+3.46,+11.140, +9.798,+0.941
1685237460,+3.46,+11.131, +9.797,+0.941
1685237520,+3.46,+11.167, +9.792,+0.941
1685237580,+3.46,+11.176, +9.794,+0.941
1685237640,+3.46,+11.194, +9.786,+0.942
1685237700,+3.46,+11.185, +9.781,+0.941
1685237760,+3.46,+11.203, +9.753,+0.941
1685237820,+3.46,+11.221, +9.731,+0.941
1685237880,+3.46,+11.203, +9.739,+0.941
1685237940,+3.46,+11.203, +9.726,+0.941
1685238000,+3.46,+11.203, +9.704,+0.941
1685238060,+3.46,+11.239, +9.703,+0.941
1685238120,+3.46,+11.248, +9.707,+0.941
1685238180,+3.46,+11.302, +9.690,+0.941
1685238240,+3.46,+11.266, +9.688,+0.941
1685238300,+3.46,+11.266, +9.648,+0.941
1685238360,+3.46,+11.203, +9.622,+0.941
1685238420,+3.46,+11.203, +9.714,+0.941
1685238480,+3.46,+11.167, +9.720,+0.941
1685238540,+3.46,+11.113, +9.702,+0.941
1685238600,+3.46,+11.167, +9.610,+0.941
1685238660,+3.46,+11.104, +9.615,+0.941
1685238720,+3.46,+11.068, +9.548,+0.941
1685238780,+3.46,+11.068, +9.516,+0.941
1685238840,+3.46,+10.978, +9.538,+0.941
1685238900,+3.46,+10.978, +9.580,+0.941
1685238960,+3.46,+11.050, +9.581,+0.941
1685239020,+3.46,+10.960, +9.640,+0.941
1685239080,+3.46,+11.023, +9.695,+0.941
1685239140,+3.46,+11.005, +9.749,+0.941
1685239200,+3.46,+11.005, +9.724,+0.941
1685239260,+3.46,+10.969, +9.553,+0.941
1685239320,+3.46,+10.932, +9.512,+0.941
1685239380,+3.46,+10.932, +9.327,+0.941
1685239440,+3.46,+10.770, +9.367,+0.940
1685239500,+3.46,+10.770, +9.449,+0.940
1685239560,+3.46,+10.697, +9.496,+0.940
1685239620,+3.46,+10.661, +9.495,+0.940
1685239680,+3.46,+10.625, +9.506,+0.940
1685239740,+3.46,+10.634, +9.519,+0.941
1685239800,+3.46,+10.652, +9.499,+0.940
1685239860,+3.46,+10.670, +9.488,+0.941
1685239920,+3.46,+10.670, +9.478,+0.941
1685239980,+3.46,+10.661, +9.465,+0.941
1685240040,+3.46,+10.661, +9.444,+0.941
1685240100,+3.46,+10.670, +9.459,+0.941
1685240160,+3.46,+10.616, +9.465,+0.941
1685240220,+3.46,+10.634, +9.468,+0.941
1685240280,+3.46,+10.607, +9.469,+0.941
1685240340,+3.46,+10.652, +9.447,+0.941
1685240400,+3.46,+10.607, +9.462,+0.941
1685240460,+3.46,+10.598, +9.459,+0.941
1685240520,+3.46,+10.652, +9.436,+0.941
1685240580,+3.46,+10.643, +9.447,+0.941
1685240640,+3.46,+10.634, +9.443,+0.941
1685240700,+3.46,+10.670, +9.429,+0.941
1685240760,+3.46,+10.706, +9.411,+0.941
1685240820,+3.46,+10.761, +9.425,+0.941
1685240880,+3.46,+10.806, +9.473,+0.941
1685240940,+3.46,+10.761, +9.572,+0.942
1685241000,+3.46,+10.824, +9.554,+0.941
1685241060,+3.46,+10.842, +9.564,+0.941
1685241120,+3.46,+10.914, +9.543,+0.941
1685241180,+3.46,+10.914, +9.562,+0.941
1685241240,+3.46,+10.905, +9.564,+0.941
1685241300,+3.46,+10.905, +9.416,+0.941
1685241360,+3.46,+10.806, +9.333,+0.940
1685241420,+3.46,+10.734, +9.312,+0.941
1685241480,+3.46,+10.706, +9.316,+0.940
1685241540,+3.46,+10.652, +9.353,+0.940
1685241600,+3.46,+10.534, +9.254,+0.940
1685241660,+3.46,+10.407, +9.273,+0.940
1685241720,+3.46,+10.325, +9.300,+0.940
1685241780,+3.46,+10.298, +9.292,+0.940
1685241840,+3.46,+10.206, +9.322,+0.940
1685241900,+3.46,+10.124, +9.369,+0.941
1685241960,+3.46,+10.161, +9.365,+0.941
1685242020,+3.46,+10.197, +9.353,+0.940
1685242080,+3.46,+10.179, +9.338,+0.940
1685242140,+3.46,+10.133, +9.349,+0.940
1685242200,+3.46,+10.133, +9.362,+0.941
1685242260,+3.46,+10.124, +9.376,+0.940
1685242320,+3.46,+10.243, +9.335,+0.941
1685242380,+3.46,+10.197, +9.339,+0.941
1685242440,+3.46,+10.234, +9.330,+0.941
1685242500,+3.46,+10.206, +9.334,+0.941
1685242560,+3.46,+10.252, +9.325,+0.941
1685242620,+3.46,+10.325, +9.342,+0.941
1685242680,+3.46,+10.352, +9.408,+0.941
1685242740,+3.46,+10.361, +9.467,+0.941
1685242800,+3.46,+10.398, +9.543,+0.941
1685242860,+3.46,+10.352, +9.599,+0.941
1685242920,+3.46,+10.425, +9.560,+0.941
1685242980,+3.46,+10.425, +9.537,+0.941
1685243040,+3.46,+10.425, +9.524,+0.941
1685243100,+3.46,+10.434, +9.514,+0.941
1685243160,+3.46,+10.489, +9.487,+0.941
1685243220,+3.46,+10.434, +9.477,+0.941
1685243280,+3.46,+10.425, +9.381,+0.941
1685243340,+3.46,+10.452, +9.390,+0.941
1685243400,+3.46,+10.380, +9.482,+0.941
1685243460,+3.46,+10.425, +9.474,+0.941
1685243520,+3.46,+10.389, +9.477,+0.941
1685243580,+3.46,+10.370, +9.433,+0.941
1685243640,+3.46,+10.389, +9.401,+0.941
1685243700,+3.46,+10.325, +9.391,+0.941
1685243760,+3.46,+10.307, +9.378,+0.941
1685243820,+3.46,+10.352, +9.367,+0.941
1685243880,+3.46,+10.389, +9.365,+0.941
1685243940,+3.46,+10.316, +9.400,+0.941
1685244000,+3.46,+10.380, +9.382,+0.941
1685244060,+3.46,+10.407, +9.370,+0.941
1685244120,+3.46,+10.407, +9.372,+0.941
1685244180,+3.46,+10.407, +9.366,+0.941
1685244240,+3.46,+10.398, +9.375,+0.941
1685244300,+3.46,+10.370, +9.392,+0.941
1685244360,+3.46,+10.416, +9.381,+0.941
1685244420,+3.46,+10.370, +9.401,+0.941
1685244480,+3.46,+10.389, +9.403,+0.941
1685244540,+3.46,+10.470, +9.355,+0.941
1685244600,+3.46,+10.480, +9.350,+0.941
1685244660,+3.46,+10.489, +9.346,+0.941
1685244720,+3.46,+10.489, +9.349,+0.941
1685244780,+3.46,+10.543, +9.375,+0.941
1685244840,+3.46,+10.652, +9.395,+0.941
1685244900,+3.46,+10.734, +9.414,+0.941
1685244960,+3.46,+10.806, +9.435,+0.941
1685245020,+3.46,+10.779, +9.464,+0.941
1685245080,+3.46,+10.788, +9.433,+0.941
1685245140,+3.46,+10.842, +9.374,+0.941
1685245200,+3.46,+10.788, +9.365,+0.941
1685245260,+3.46,+10.752, +9.323,+0.941
1685245320,+3.46,+10.724, +9.298,+0.941
1685245380,+3.46,+10.743, +9.250,+0.941
1685245440,+3.46,+10.715, +9.245,+0.941
1685245500,+3.46,+10.625, +9.306,+0.941
1685245560,+3.46,+10.634, +9.337,+0.940
1685245620,+3.46,+10.670, +9.366,+0.941
1685245680,+3.46,+10.679, +9.381,+0.940
1685245740,+3.46,+10.652, +9.405,+0.941
1685245800,+3.46,+10.652, +9.424,+0.941
1685245860,+3.46,+10.788, +9.406,+0.941
1685245920,+3.46,+10.788, +9.411,+0.941
1685245980,+3.46,+10.788, +9.435,+0.941
1685246040,+3.46,+10.824, +9.431,+0.941
1685246100,+3.46,+10.770, +9.394,+0.940
1685246160,+3.46,+10.806, +9.352,+0.941
1685246220,+3.46,+10.815, +9.338,+0.941
1685246280,+3.46,+10.815, +9.336,+0.941
1685246340,+3.46,+10.833, +9.361,+0.941
1685246400,+3.46,+10.770, +9.341,+0.941
1685246460,+3.46,+10.779, +9.313,+0.941
1685246520,+3.46,+10.679, +9.241,+0.940
1685246580,+3.46,+10.652, +9.343,+0.941
1685246640,+3.46,+10.625, +9.504,+0.941
1685246700,+3.46,+10.652, +9.547,+0.941
1685246760,+3.46,+10.561, +9.566,+0.941
1685246820,+3.46,+10.579, +9.533,+0.941
1685246880,+3.46,+10.589, +9.515,+0.940
1685246940,+3.46,+10.570, +9.517,+0.941
1685247000,+3.46,+10.534, +9.535,+0.941
1685247060,+3.46,+10.552, +9.517,+0.941
1685247120,+3.46,+10.516, +9.527,+0.941
1685247180,+3.46,+10.570, +9.501,+0.941
1685247240,+3.46,+10.507, +9.509,+0.941
1685247300,+3.46,+10.516, +9.464,+0.941
1685247360,+3.46,+10.407, +9.490,+0.941
1685247420,+3.46,+10.461, +9.443,+0.941
1685247480,+3.46,+10.470, +9.413,+0.941
1685247540,+3.46,+10.434, +9.401,+0.941
1685247600,+3.46,+10.498, +9.378,+0.941
1685247660,+3.46,+10.480, +9.360,+0.940
1685247720,+3.46,+10.443, +9.380,+0.941
1685247780,+3.46,+10.516, +9.361,+0.941
1685247840,+3.46,+10.507, +9.361,+0.941
1685247900,+3.46,+10.480, +9.378,+0.941
1685247960,+3.46,+10.470, +9.372,+0.941
1685248020,+3.46,+10.480, +9.375,+0.941
1685248080,+3.46,+10.543, +9.413,+0.941
1685248140,+3.46,+10.543, +9.483,+0.941
1685248200,+3.46,+10.570, +9.462,+0.941
1685248260,+3.46,+10.625, +9.486,+0.942
1685248320,+3.46,+10.806, +9.563,+0.942
1685248380,+3.46,+10.978, +9.712,+0.942
1685248440,+3.46,+11.176, +9.779,+0.942
1685248500,+3.46,+11.347, +9.810,+0.942
1685248560,+3.46,+11.320, +9.669,+0.942
1685248620,+3.46,+11.383, +9.515,+0.941
1685248680,+3.46,+11.347, +9.506,+0.942
1685248740,+3.46,+11.347, +9.558,+0.942
1685248800,+3.46,+11.374, +9.712,+0.941
1685248860,+3.46,+11.400, +9.861,+0.941
1685248920,+3.46,+11.454, +9.940,+0.942
1685248980,+3.46,+11.463, +9.956,+0.941
1685249040,+3.46,+11.490, +9.992,+0.942
1685249100,+3.46,+11.490, +9.987,+0.942
1685249160,+3.46,+11.436, +9.995,+0.941
1685249220,+3.46,+11.463, +9.939,+0.941
1685249280,+3.46,+11.418, +9.898,+0.941
1685249340,+3.46,+11.427, +9.835,+0.941
1685249400,+3.46,+11.409, +9.829,+0.941
1685249460,+3.46,+11.409, +9.811,+0.941
1685249520,+3.46,+11.472, +9.789,+0.941
1685249580,+3.46,+11.418, +9.829,+0.941
1685249640,+3.46,+11.517, +9.867,+0.941
1685249700,+3.46,+11.535, +9.954,+0.941
1685249760,+3.46,+11.571,+10.013,+0.942
1685249820,+3.46,+11.785,+10.016,+0.943
1685249880,+3.46,+12.593, +9.859,+0.943
1685249940,+3.46,+13.271,+10.101,+0.944
1685250000,+3.46,+13.953,+10.097,+0.944
1685250060,+3.46,+14.370, +9.992,+0.944
1685250120,+3.46,+14.742, +9.944,+0.944
1685250180,+3.46,+14.179, +9.201,+0.938
1685250240,+3.46,+13.376, +9.476,+0.939
1685250300,+3.46,+12.655, +9.443,+0.939
1685250360,+3.46,+12.239, +9.543,+0.939
1685250420,+3.46,+11.955, +9.690,+0.940
1685250480,+3.46,+11.866, +9.705,+0.940
1685250540,+3.46,+11.776, +9.746,+0.940
1685250600,+3.46,+11.714, +9.770,+0.940
1685250660,+3.46,+11.624, +9.767,+0.940
1685250720,+3.46,+11.571, +9.788,+0.941
1685250780,+3.46,+11.624, +9.780,+0.940
1685250840,+3.46,+11.571, +9.821,+0.941
1685250900,+3.46,+11.589, +9.857,+0.941
1685250960,+3.46,+11.598, +9.858,+0.941
1685251020,+3.46,+11.499, +9.906,+0.941
1685251080,+3.46,+11.553, +9.889,+0.941
1685251140,+3.46,+11.553, +9.878,+0.941
1685251200,+3.46,+11.553, +9.843,+0.941
1685251260,+3.46,+11.365, +9.735,+0.941
1685251320,+3.46,+11.311, +9.648,+0.940
1685251380,+3.46,+11.257, +9.677,+0.940
1685251440,+3.46,+11.275, +9.688,+0.941
1685251500,+3.46,+11.221, +9.664,+0.941
1685251560,+3.46,+11.203, +9.708,+0.941
1685251620,+3.46,+11.284, +9.755,+0.941
1685251680,+3.46,+11.257, +9.791,+0.941
1685251740,+3.46,+11.284, +9.780,+0.941
1685251800,+3.46,+11.302, +9.794,+0.941
1685251860,+3.46,+11.311, +9.817,+0.941
1685251920,+3.46,+11.329, +9.863,+0.941
1685251980,+3.46,+11.436, +9.916,+0.941
1685252040,+3.46,+11.472, +9.988,+0.941
1685252100,+3.46,+11.571,+10.087,+0.942
1685252160,+3.46,+11.669,+10.090,+0.942
1685252220,+3.46,+11.830,+10.120,+0.942
1685252280,+3.46,+11.964,+10.077,+0.942
1685252340,+3.46,+12.061,+10.039,+0.941
1685252400,+3.46,+12.168,+10.022,+0.941
1685252460,+3.46,+12.257,+10.024,+0.942
1685252520,+3.46,+12.319, +9.992,+0.941
1685252580,+3.46,+12.310, +9.994,+0.942
1685252640,+3.46,+12.381, +9.978,+0.941
1685252700,+3.46,+12.337, +9.978,+0.941
1685252760,+3.46,+12.284,+10.011,+0.941
1685252820,+3.46,+12.284, +9.987,+0.941
1685252880,+3.46,+12.230,+10.001,+0.941
1685252940,+3.46,+12.168, +9.968,+0.941
1685253000,+3.46,+12.061,+10.012,+0.941
1685253060,+3.46,+12.044,+10.034,+0.941
1685253120,+3.46,+12.017,+10.023,+0.941
1685253180,+3.46,+11.946,+10.042,+0.941
1685253240,+3.46,+11.972,+10.003,+0.940
1685253300,+3.46,+11.964,+10.034,+0.941
1685253360,+3.46,+11.910,+10.055,+0.941
1685253420,+3.46,+11.910,+10.032,+0.941
1685253480,+3.46,+11.848, +9.999,+0.940
1685253540,+3.46,+11.794,+10.028,+0.941
1685253600,+3.46,+11.839, +9.993,+0.941
1685253660,+3.46,+11.785,+10.003,+0.941
1685253720,+3.46,+11.785,+10.051,+0.940
1685253780,+3.46,+11.794,+10.051,+0.941
1685253840,+3.46,+11.812,+10.036,+0.941
1685253900,+3.46,+11.785,+10.059,+0.941
1685253960,+3.46,+11.803,+10.049,+0.940
1685254020,+3.46,+11.776,+10.074,+0.941
1685254080,+3.46,+11.758,+10.082,+0.941
1685254140,+3.46,+11.696,+10.123,+0.941
1685254200,+3.46,+11.714,+10.120,+0.941
1685254260,+3.46,+11.696,+10.133,+0.941
1685254320,+3.46,+11.723,+10.123,+0.941
1685254380,+3.46,+11.678,+10.140,+0.941
1685254440,+3.46,+11.687,+10.132,+0.941
1685254500,+3.46,+11.642,+10.152,+0.942
1685254560,+3.46,+11.624,+10.163,+0.941
1685254620,+3.46,+11.696,+10.158,+0.941
1685254680,+3.46,+11.812,+10.149,+0.941
1685254740,+3.46,+11.874,+10.105,+0.941
1685254800,+3.46,+11.874,+10.129,+0.941
1685254860,+3.46,+11.972,+10.136,+0.942
1685254920,+3.46,+12.088,+10.084,+0.942
1685254980,+3.46,+12.195,+10.039,+0.942
1685255040,+3.46,+12.275, +9.945,+0.941
1685255100,+3.46,+11.990, +9.827,+0.940
1685255160,+3.46,+11.785, +9.882,+0.940
1685255220,+3.46,+11.687, +9.939,+0.940
1685255280,+3.46,+11.526, +9.672,+0.940
1685255340,+3.46,+11.383, +9.698,+0.940
1685255400,+3.46,+11.391, +9.677,+0.940
1685255460,+3.46,+11.347, +9.702,+0.940
1685255520,+3.46,+11.409, +9.685,+0.941
1685255580,+3.46,+11.311, +9.798,+0.941
1685255640,+3.46,+11.374, +9.900,+0.941
1685255700,+3.46,+11.463, +9.885,+0.941
1685255760,+3.46,+11.383, +9.972,+0.941
1685255820,+3.46,+11.436, +9.990,+0.942
1685255880,+3.46,+11.490,+10.000,+0.941
1685255940,+3.46,+11.499,+10.020,+0.941
1685256000,+3.46,+11.499,+10.036,+0.941
1685256060,+3.46,+11.472,+10.050,+0.941
1685256120,+3.46,+11.490,+10.037,+0.941
1685256180,+3.46,+11.499,+10.041,+0.941
1685256240,+3.46,+11.517,+10.023,+0.941
1685256300,+3.46,+11.463,+10.028,+0.941
1685256360,+3.46,+11.418,+10.030,+0.941
1685256420,+3.46,+11.436, +9.960,+0.941
1685256480,+3.46,+11.409, +9.986,+0.941
1685256540,+3.46,+11.427, +9.953,+0.941
1685256600,+3.46,+11.365, +9.895,+0.941
1685256660,+3.46,+11.356, +9.818,+0.941
1685256720,+3.46,+11.329, +9.701,+0.941
1685256780,+3.46,+11.221, +9.587,+0.940
1685256840,+3.46,+11.158, +9.570,+0.940
1685256900,+3.46,+11.041, +9.616,+0.941
1685256960,+3.46,+11.059, +9.622,+0.941
1685257020,+3.46,+11.032, +9.652,+0.941
1685257080,+3.46,+10.978, +9.657,+0.941
1685257140,+3.46,+11.005, +9.606,+0.941
1685257200,+3.46,+10.987, +9.584,+0.941
1685257260,+3.46,+10.887, +9.612,+0.941
1685257320,+3.46,+10.923, +9.606,+0.941
1685257380,+3.46,+10.887, +9.621,+0.941
1685257440,+3.46,+10.878, +9.631,+0.942
1685257500,+3.46,+10.914, +9.603,+0.941
1685257560,+3.46,+10.914, +9.611,+0.941
1685257620,+3.46,+10.905, +9.645,+0.941
1685257680,+3.46,+10.932, +9.637,+0.941
1685257740,+3.46,+10.896, +9.678,+0.941
1685257800,+3.46,+10.978, +9.664,+0.941
1685257860,+3.46,+10.978, +9.698,+0.941
1685257920,+3.46,+11.032, +9.695,+0.941
1685257980,+3.46,+11.095, +9.702,+0.941
1685258040,+3.46,+11.032, +9.757,+0.941
1685258100,+3.46,+11.131, +9.748,+0.942
1685258160,+3.46,+11.104, +9.755,+0.941
1685258220,+3.46,+11.140, +9.775,+0.941
1685258280,+3.46,+11.212, +9.754,+0.941
1685258340,+3.46,+11.185, +9.767,+0.941
1685258400,+3.46,+11.248, +9.740,+0.941
1685258460,+3.46,+11.185, +9.815,+0.941
1685258520,+3.46,+11.275, +9.855,+0.941
1685258580,+3.46,+11.302, +9.914,+0.941
1685258640,+3.46,+11.347, +9.949,+0.941
1685258700,+3.46,+11.472, +9.965,+0.942
1685258760,+3.46,+11.383,+10.023,+0.941
1685258820,+3.46,+11.607, +9.971,+0.941
1685258880,+3.46,+11.481, +9.900,+0.941
1685258940,+3.46,+11.409, +9.869,+0.941
1685259000,+3.46,+11.356, +9.749,+0.941
1685259060,+3.46,+11.275, +9.692,+0.941
1685259120,+3.46,+11.275, +9.739,+0.941
1685259180,+3.46,+11.185, +9.694,+0.940
1685259240,+3.46,+11.230, +9.626,+0.941
1685259300,+3.46,+11.122, +9.665,+0.941
1685259360,+3.46,+11.104, +9.630,+0.941
1685259420,+3.46,+11.014, +9.637,+0.941
1685259480,+3.46,+10.969, +9.619,+0.941
1685259540,+3.46,+10.851, +9.513,+0.940
1685259600,+3.46,+10.679, +9.486,+0.940
1685259660,+3.46,+10.561, +9.525,+0.940
1685259720,+3.46,+10.516, +9.547,+0.940
1685259780,+3.46,+10.470, +9.571,+0.941
1685259840,+3.46,+10.452, +9.576,+0.941
1685259900,+3.46,+10.461, +9.553,+0.941
1685259960,+3.46,+10.398, +9.569,+0.941
1685260020,+3.46,+10.398, +9.561,+0.941
1685260080,+3.46,+10.389, +9.571,+0.941
1685260140,+3.46,+10.461, +9.554,+0.941
1685260200,+3.46,+10.407, +9.583,+0.941
1685260260,+3.46,+10.452, +9.626,+0.942
1685260320,+3.46,+10.470, +9.649,+0.941
1685260380,+3.46,+10.543, +9.641,+0.941
1685260440,+3.46,+10.570, +9.644,+0.941
1685260500,+3.46,+10.507, +9.661,+0.941
1685260560,+3.46,+10.525, +9.635,+0.941
1685260620,+3.46,+10.579, +9.604,+0.941
1685260680,+3.46,+10.489, +9.641,+0.941
1685260740,+3.46,+10.579, +9.602,+0.941
1685260800,+3.46,+10.543, +9.618,+0.941
1685260860,+3.46,+10.579, +9.601,+0.941
1685260920,+3.46,+10.525, +9.640,+0.941
1685260980,+3.46,+10.661, +9.605,+0.941
1685261040,+3.46,+10.616, +9.647,+0.941
1685261100,+3.46,+10.697, +9.678,+0.941
1685261160,+3.46,+10.670, +9.732,+0.941
1685261220,+3.46,+10.661, +9.766,+0.941
1685261280,+3.46,+10.661, +9.760,+0.942
1685261340,+3.46,+10.688, +9.746,+0.941
1685261400,+3.46,+10.706, +9.800,+0.942
1685261460,+3.46,+10.715, +9.803,+0.941
1685261520,+3.46,+10.734, +9.845,+0.942
1685261580,+3.46,+10.688, +9.864,+0.942
1685261640,+3.46,+10.734, +9.831,+0.941
1685261700,+3.46,+10.661, +9.859,+0.941
1685261760,+3.46,+10.752, +9.810,+0.941
1685261820,+3.46,+10.734, +9.794,+0.941
1685261880,+3.46,+10.724, +9.798,+0.941
1685261940,+3.46,+10.688, +9.808,+0.941
1685262000,+3.46,+10.706, +9.797,+0.941
1685262060,+3.46,+10.788, +9.769,+0.941
1685262120,+3.46,+10.724, +9.782,+0.941
1685262180,+3.46,+10.724, +9.815,+0.941
1685262240,+3.46,+10.743, +9.824,+0.941
1685262300,+3.46,+10.724, +9.849,+0.941
1685262360,+3.46,+10.679, +9.866,+0.941
1685262420,+3.46,+10.761, +9.845,+0.941
1685262480,+3.46,+10.724, +9.856,+0.941
1685262540,+3.46,+10.670, +9.874,+0.941
1685262600,+3.46,+10.734, +9.855,+0.941
1685262660,+3.46,+10.679, +9.878,+0.941
1685262720,+3.46,+10.724, +9.878,+0.942
1685262780,+3.46,+10.724, +9.865,+0.941
1685262840,+3.46,+10.761, +9.836,+0.941
1685262900,+3.46,+10.743, +9.841,+0.941
1685262960,+3.46,+10.715, +9.691,+0.941
1685263020,+3.46,+10.525, +9.630,+0.941
1685263080,+3.46,+10.398, +9.659,+0.941
1685263140,+3.46,+10.443, +9.642,+0.941
1685263200,+3.46,+10.407, +9.624,+0.941
1685263260,+3.46,+10.352, +9.628,+0.941
1685263320,+3.46,+10.343, +9.617,+0.941
1685263380,+3.46,+10.252, +9.640,+0.941
1685263440,+3.46,+10.334, +9.613,+0.941
1685263500,+3.46,+10.316, +9.604,+0.941
1685263560,+3.46,+10.288, +9.605,+0.940
1685263620,+3.46,+10.252, +9.625,+0.941
1685263680,+3.46,+10.270, +9.622,+0.941
1685263740,+3.46,+10.270, +9.620,+0.941
1685263800,+3.46,+10.234, +9.648,+0.941
1685263860,+3.46,+10.234, +9.663,+0.942
1685263920,+3.46,+10.234, +9.655,+0.941
1685263980,+3.46,+10.197, +9.669,+0.941
1685264040,+3.46,+10.206, +9.664,+0.941
1685264100,+3.46,+10.206, +9.682,+0.941
1685264160,+3.46,+10.216, +9.679,+0.941
1685264220,+3.46,+10.261, +9.669,+0.941
1685264280,+3.46,+10.243, +9.699,+0.941
1685264340,+3.46,+10.316, +9.680,+0.941
1685264400,+3.46,+10.334, +9.687,+0.941
1685264460,+3.46,+10.370, +9.695,+0.941
1685264520,+3.46,+10.398, +9.730,+0.941
1685264580,+3.46,+10.425, +9.776,+0.941
1685264640,+3.46,+10.534, +9.821,+0.942
1685264700,+3.46,+10.625, +9.793,+0.942
1685264760,+3.46,+10.625, +9.810,+0.942
1685264820,+3.46,+10.661, +9.812,+0.941
1685264880,+3.46,+10.715, +9.822,+0.942
1685264940,+3.46,+10.752, +9.823,+0.941
1685265000,+3.46,+10.779, +9.840,+0.941
1685265060,+3.46,+10.770, +9.800,+0.941
1685265120,+3.46,+10.779, +9.771,+0.941
1685265180,+3.46,+10.724, +9.778,+0.941
1685265240,+3.46,+10.734, +9.779,+0.941
1685265300,+3.46,+10.715, +9.783,+0.942
1685265360,+3.46,+10.743, +9.765,+0.942
1685265420,+3.46,+10.670, +9.758,+0.941
1685265480,+3.46,+10.697, +9.757,+0.941
1685265540,+3.46,+10.679, +9.797,+0.942
1685265600,+3.46,+10.761, +9.786,+0.941
1685265660,+3.46,+10.797, +9.807,+0.941
1685265720,+3.46,+10.797, +9.834,+0.942
1685265780,+3.46,+10.833, +9.832,+0.941
1685265840,+3.46,+10.824, +9.836,+0.941
1685265900,+3.46,+10.842, +9.828,+0.941
1685265960,+3.46,+10.896, +9.810,+0.941
1685266020,+3.46,+10.842, +9.825,+0.941
1685266080,+3.46,+10.887, +9.814,+0.941
1685266140,+3.46,+10.833, +9.843,+0.941
1685266200,+3.46,+10.824, +9.876,+0.942
1685266260,+3.46,+10.923, +9.882,+0.941
1685266320,+3.46,+10.987, +9.928,+0.941
1685266380,+3.46,+11.077, +9.945,+0.941
1685266440,+3.46,+11.140, +9.952,+0.942
1685266500,+3.46,+11.059, +9.804,+0.941
1685266560,+3.46,+11.023, +9.722,+0.941
1685266620,+3.46,+10.860, +9.783,+0.941
1685266680,+3.46,+10.842, +9.782,+0.941
1685266740,+3.46,+10.752, +9.818,+0.941
1685266800,+3.46,+10.806, +9.783,+0.941
1685266860,+3.46,+10.743, +9.800,+0.941
1685266920,+3.46,+10.715, +9.814,+0.941
1685266980,+3.46,+10.724, +9.831,+0.941
1685267040,+3.46,+10.788, +9.864,+0.941
1685267100,+3.46,+10.833, +9.928,+0.941
1685267160,+3.46,+10.941, +9.978,+0.942
1685267220,+3.46,+11.032,+10.024,+0.942
1685267280,+3.46,+11.131,+10.029,+0.941
1685267340,+3.46,+11.203,+10.039,+0.942
1685267400,+3.46,+11.221,+10.017,+0.942
1685267460,+3.46,+11.131, +9.831,+0.941
1685267520,+3.46,+11.005, +9.779,+0.941
1685267580,+3.46,+10.887, +9.796,+0.941
1685267640,+3.46,+10.878, +9.769,+0.940
1685267700,+3.46,+10.770, +9.820,+0.941
1685267760,+3.46,+10.734, +9.836,+0.941
1685267820,+3.46,+10.770, +9.816,+0.941
1685267880,+3.46,+10.724, +9.828,+0.941
1685267940,+3.46,+10.797, +9.809,+0.941
1685268000,+3.46,+10.697, +9.850,+0.941
1685268060,+3.46,+10.788, +9.811,+0.941
1685268120,+3.46,+10.706, +9.849,+0.941
1685268180,+3.46,+10.743, +9.867,+0.941
1685268240,+3.46,+10.797, +9.859,+0.941
1685268300,+3.46,+10.824, +9.844,+0.941
1685268360,+3.46,+10.761, +9.894,+0.941
1685268420,+3.46,+10.842, +9.882,+0.941
1685268480,+3.46,+10.833, +9.882,+0.941
1685268540,+3.46,+10.824, +9.872,+0.941
1685268600,+3.46,+10.905, +9.817,+0.941
1685268660,+3.46,+10.788, +9.846,+0.941
1685268720,+3.46,+10.770, +9.858,+0.941
1685268780,+3.46,+10.724, +9.871,+0.941
1685268840,+3.46,+10.770, +9.864,+0.941
1685268900,+3.46,+10.743, +9.882,+0.941
1685268960,+3.46,+10.815, +9.859,+0.941
1685269020,+3.46,+10.824, +9.894,+0.941
1685269080,+3.46,+10.833, +9.926,+0.942
1685269140,+3.46,+10.914, +9.938,+0.942
1685269200,+3.46,+10.969, +9.985,+0.942
1685269260,+3.46,+11.023,+10.005,+0.942
1685269320,+3.46,+11.059,+10.003,+0.942
1685269380,+3.46,+11.104,+10.002,+0.941
1685269440,+3.46,+11.122,+10.016,+0.941
1685269500,+3.46,+11.149,+10.023,+0.942
1685269560,+3.46,+11.230,+10.033,+0.941
1685269620,+3.46,+11.230,+10.012,+0.942
1685269680,+3.46,+11.158, +9.991,+0.942
1685269740,+3.46,+11.203,+10.040,+0.942
1685269800,+3.46,+11.311,+10.095,+0.942
1685269860,+3.46,+11.239,+10.104,+0.942
1685269920,+3.46,+11.266,+10.031,+0.941
1685269980,+3.46,+11.167, +9.975,+0.941
1685270040,+3.46,+11.158, +9.936,+0.941
1685270100,+3.46,+11.059, +9.919,+0.941
1685270160,+3.46,+11.005, +9.916,+0.941
1685270220,+3.46,+10.996, +9.904,+0.940
1685270280,+3.46,+10.951, +9.909,+0.941
1685270340,+3.46,+10.941, +9.908,+0.941
1685270400,+3.46,+10.878, +9.945,+0.941
1685270460,+3.46,+10.941, +9.930,+0.941
1685270520,+3.46,+10.932, +9.939,+0.941
1685270580,+3.46,+10.905, +9.953,+0.941
1685270640,+3.46,+10.941, +9.897,+0.941
1685270700,+3.46,+10.851, +9.884,+0.941
1685270760,+3.46,+10.824, +9.889,+0.941
1685270820,+3.46,+10.815, +9.870,+0.941
1685270880,+3.46,+10.797, +9.870,+0.941
1685270940,+3.46,+10.770, +9.871,+0.941
1685271000,+3.46,+10.815, +9.874,+0.941
1685271060,+3.46,+10.779, +9.901,+0.941
1685271120,+3.46,+10.797, +9.904,+0.941
1685271180,+3.46,+10.815, +9.897,+0.941
1685271240,+3.46,+10.815, +9.910,+0.941
1685271300,+3.46,+10.806, +9.920,+0.941
1685271360,+3.46,+10.833, +9.925,+0.941
1685271420,+3.46,+10.842, +9.956,+0.941
1685271480,+3.46,+10.851, +9.975,+0.941
1685271540,+3.46,+10.941, +9.951,+0.941
1685271600,+3.46,+10.978, +9.939,+0.941
1685271660,+3.46,+11.023, +9.956,+0.942
1685271720,+3.46,+11.014,+10.017,+0.942
1685271780,+3.46,+11.014,+10.022,+0.941
1685271840,+3.46,+11.032, +9.944,+0.941
1685271900,+3.46,+10.951, +9.856,+0.941
1685271960,+3.46,+10.851, +9.836,+0.941
1685272020,+3.46,+10.770, +9.848,+0.941
1685272080,+3.46,+10.688, +9.848,+0.941
1685272140,+3.46,+10.706, +9.824,+0.941
1685272200,+3.46,+10.715, +9.801,+0.941
1685272260,+3.46,+10.734, +9.788,+0.941
1685272320,+3.46,+10.661, +9.798,+0.941
1685272380,+3.46,+10.661, +9.827,+0.941
1685272440,+3.46,+10.670, +9.845,+0.942
1685272500,+3.46,+10.625, +9.877,+0.941
1685272560,+3.46,+10.706, +9.887,+0.941
1685272620,+3.46,+10.706, +9.947,+0.942
1685272680,+3.46,+10.743, +9.940,+0.941
1685272740,+3.46,+10.815, +9.953,+0.941
1685272800,+3.46,+10.815, +9.990,+0.941
1685272860,+3.46,+10.914, +9.982,+0.941
1685272920,+3.46,+10.941,+10.070,+0.942
1685272980,+3.46,+10.996,+10.110,+0.942
1685273040,+3.46,+11.077,+10.081,+0.942
1685273100,+3.46,+11.041,+10.014,+0.941
1685273160,+3.46,+11.005,+10.025,+0.942
1685273220,+3.46,+11.059,+10.030,+0.942
1685273280,+3.46,+11.059,+10.033,+0.941
1685273340,+3.46,+11.077,+10.038,+0.941
1685273400,+3.46,+11.095,+10.032,+0.941
1685273460,+3.46,+11.167, +9.996,+0.941
1685273520,+3.46,+11.149,+10.013,+0.942
1685273580,+3.46,+11.140,+10.015,+0.942
1685273640,+3.46,+11.167,+10.003,+0.941
1685273700,+3.46,+11.122,+10.051,+0.942
1685273760,+3.46,+11.176,+10.052,+0.941
1685273820,+3.46,+11.212,+10.076,+0.941
1685273880,+3.46,+11.248,+10.080,+0.941
1685273940,+3.46,+11.275,+10.102,+0.941
1685274000,+3.46,+11.266,+10.128,+0.941
1685274060,+3.46,+11.293,+10.126,+0.941
1685274120,+3.46,+11.356,+10.144,+0.942
1685274180,+3.46,+11.409,+10.112,+0.941
1685274240,+3.46,+11.374,+10.139,+0.941
1685274300,+3.46,+11.400,+10.125,+0.941
1685274360,+3.46,+11.391,+10.076,+0.941
1685274420,+3.46,+11.266,+10.037,+0.941
1685274480,+3.46,+11.167,+10.053,+0.941
1685274540,+3.46,+11.068,+10.058,+0.941
1685274600,+3.46,+11.014,+10.052,+0.941
1685274660,+3.46,+10.996,+10.049,+0.941
1685274720,+3.46,+11.005,+10.036,+0.941
1685274780,+3.46,+10.923,+10.056,+0.941
1685274840,+3.46,+10.951,+10.027,+0.941
1685274900,+3.46,+10.896,+10.034,+0.941
1685274960,+3.46,+10.869,+10.017,+0.941
1685275020,+3.46,+10.869,+10.004,+0.941
1685275080,+3.46,+10.833,+10.006,+0.941
1685275140,+3.46,+10.851, +9.990,+0.941
1685275200,+3.46,+10.815,+10.007,+0.941
1685275260,+3.46,+10.860, +9.999,+0.941
1685275320,+3.46,+10.824,+10.016,+0.941
1685275380,+3.46,+10.833,+10.023,+0.941
1685275440,+3.46,+10.878,+10.011,+0.941
1685275500,+3.46,+10.878,+10.025,+0.942
1685275560,+3.46,+10.824,+10.040,+0.941
1685275620,+3.46,+10.869,+10.022,+0.941
1685275680,+3.46,+10.914,+10.016,+0.941
1685275740,+3.46,+10.887,+10.028,+0.942
1685275800,+3.46,+10.869,+10.027,+0.942
1685275860,+3.46,+10.887, +9.992,+0.942
1685275920,+3.46,+10.869, +9.961,+0.941
1685275980,+3.46,+10.779, +9.956,+0.941
1685276040,+3.46,+10.715, +9.959,+0.941
1685276100,+3.46,+10.734, +9.935,+0.941
1685276160,+3.46,+10.643, +9.979,+0.941
1685276220,+3.46,+10.724, +9.971,+0.942
1685276280,+3.46,+10.715, +9.974,+0.941
1685276340,+3.46,+10.706, +9.995,+0.941
1685276400,+3.46,+10.715, +9.998,+0.941
1685276460,+3.46,+10.715,+10.007,+0.942
1685276520,+3.46,+10.752,+10.016,+0.941
1685276580,+3.46,+10.779,+10.037,+0.941
1685276640,+3.46,+10.833,+10.047,+0.941
1685276700,+3.46,+10.797,+10.040,+0.941
1685276760,+3.46,+10.815, +9.980,+0.941
1685276820,+3.46,+10.770, +9.985,+0.941
1685276880,+3.46,+10.752, +9.956,+0.941
1685276940,+3.46,+10.752, +9.939,+0.941
1685277000,+3.46,+10.761, +9.922,+0.941
1685277060,+3.46,+10.706, +9.931,+0.942
1685277120,+3.46,+10.715, +9.915,+0.941
1685277180,+3.46,+10.724, +9.913,+0.941
1685277240,+3.46,+10.788, +9.884,+0.941
1685277300,+3.46,+10.752, +9.886,+0.941
1685277360,+3.46,+10.697, +9.925,+0.941
1685277420,+3.46,+10.679, +9.944,+0.941
1685277480,+3.46,+10.661, +9.927,+0.941
1685277540,+3.46,+10.634, +9.898,+0.941
1685277600,+3.46,+10.570, +9.887,+0.941
1685277660,+3.46,+10.634, +9.855,+0.941
1685277720,+3.46,+10.561, +9.887,+0.942
1685277780,+3.46,+10.616, +9.869,+0.941
1685277840,+3.46,+10.607, +9.869,+0.941
1685277900,+3.46,+10.616, +9.859,+0.941
1685277960,+3.46,+10.652, +9.831,+0.941
1685278020,+3.46,+10.598, +9.846,+0.941
1685278080,+3.46,+10.625, +9.839,+0.941
1685278140,+3.46,+10.734, +9.788,+0.941
1685278200,+3.46,+10.598, +9.829,+0.941
1685278260,+3.46,+10.625, +9.809,+0.941
1685278320,+3.46,+10.670, +9.797,+0.941
1685278380,+3.46,+10.679, +9.798,+0.941
