7450-798456
OS REV: 1.03 Sensor Cal: 1539277937
Time (sec),  BV (Volts),  T (deg C),  DO (mg/l),  Q ()
1685278440,+3.46,+10.634, +9.822,+0.941
1685278500,+3.46,+10.634, +9.824,+0.941
1685278560,+3.46,+10.661, +9.840,+0.941
1685278620,+3.46,+10.679, +9.847,+0.941
1685278680,+3.46,+10.661, +9.867,+0.941
1685278740,+3.46,+10.670, +9.854,+0.942
1685278800,+3.46,+10.607, +9.853,+0.941
1685278860,+3.46,+10.598, +9.850,+0.941
1685278920,+3.46,+10.643, +9.832,+0.941
1685278980,+3.46,+10.598, +9.849,+0.942
1685279040,+3.46,+10.607, +9.828,+0.941
1685279100,+3.46,+10.561, +9.834,+0.941
1685279160,+3.46,+10.589, +9.815,+0.941
1685279220,+3.46,+10.579, +9.816,+0.941
1685279280,+3.46,+10.525, +9.822,+0.941
1685279340,+3.46,+10.570, +9.821,+0.941
1685279400,+3.46,+10.525, +9.857,+0.942
1685279460,+3.46,+10.607, +9.818,+0.941
1685279520,+3.46,+10.589, +9.817,+0.941
1685279580,+3.46,+10.570, +9.822,+0.942
1685279640,+3.46,+10.598, +9.795,+0.941
1685279700,+3.46,+10.570, +9.777,+0.941
1685279760,+3.46,+10.507, +9.791,+0.941
1685279820,+3.46,+10.507, +9.788,+0.941
1685279880,+3.46,+10.543, +9.827,+0.941
1685279940,+3.46,+10.516, +9.871,+0.941
1685280000,+3.46,+10.552, +9.925,+0.941
1685280060,+3.46,+10.579,+10.006,+0.941
1685280120,+3.46,+10.625,+10.047,+0.941
1685280180,+3.46,+10.706,+10.049,+0.941
1685280240,+3.46,+10.715,+10.062,+0.941
1685280300,+3.46,+10.806,+10.037,+0.942
1685280360,+3.46,+10.743,+10.050,+0.941
1685280420,+3.46,+10.770,+10.003,+0.941
1685280480,+3.46,+10.679, +9.989,+0.941
1685280540,+3.46,+10.706, +9.946,+0.941
1685280600,+3.46,+10.670, +9.911,+0.941
1685280660,+3.46,+10.598, +9.902,+0.941
1685280720,+3.46,+10.607, +9.864,+0.941
1685280780,+3.46,+10.579, +9.855,+0.941
1685280840,+3.46,+10.543, +9.869,+0.941
1685280900,+3.46,+10.561, +9.869,+0.941
1685280960,+3.46,+10.616, +9.833,+0.941
1685281020,+3.46,+10.561, +9.853,+0.941
1685281080,+3.46,+10.570, +9.840,+0.941
1685281140,+3.46,+10.516, +9.843,+0.941
1685281200,+3.46,+10.498, +9.828,+0.941
1685281260,+3.46,+10.534, +9.789,+0.941
1685281320,+3.46,+10.461, +9.807,+0.941
1685281380,+3.46,+10.498, +9.776,+0.941
1685281440,+3.46,+10.443, +9.784,+0.941
1685281500,+3.46,+10.425, +9.775,+0.941
1685281560,+3.46,+10.370, +9.803,+0.941
1685281620,+3.46,+10.407, +9.762,+0.941
1685281680,+3.46,+10.361, +9.713,+0.941
1685281740,+3.46,+10.316, +9.626,+0.941
1685281800,+3.46,+10.252, +9.621,+0.941
1685281860,+3.46,+10.225, +9.611,+0.941
1685281920,+3.46,+10.206, +9.612,+0.941
1685281980,+3.46,+10.216, +9.597,+0.941
1685282040,+3.46,+10.170, +9.630,+0.941
1685282100,+3.46,+10.216, +9.627,+0.941
1685282160,+3.46,+10.170, +9.626,+0.941
1685282220,+3.46,+10.152, +9.629,+0.941
1685282280,+3.46,+10.188, +9.619,+0.941
1685282340,+3.46,+10.216, +9.603,+0.941
1685282400,+3.46,+10.188, +9.613,+0.941
1685282460,+3.46,+10.188, +9.614,+0.941
1685282520,+3.46,+10.188, +9.613,+0.941
1685282580,+3.46,+10.143, +9.620,+0.941
1685282640,+3.46,+10.188, +9.596,+0.941
1685282700,+3.46,+10.152, +9.624,+0.941
1685282760,+3.46,+10.179, +9.622,+0.941
1685282820,+3.46,+10.225, +9.622,+0.941
1685282880,+3.46,+10.252, +9.626,+0.941
1685282940,+3.46,+10.243, +9.641,+0.941
1685283000,+3.46,+10.261, +9.662,+0.941
1685283060,+3.46,+10.261, +9.678,+0.942
1685283120,+3.46,+10.325, +9.663,+0.941
1685283180,+3.46,+10.261, +9.709,+0.941
1685283240,+3.46,+10.325, +9.708,+0.941
1685283300,+3.46,+10.316, +9.749,+0.941
1685283360,+3.46,+10.443, +9.767,+0.941
1685283420,+3.46,+10.443, +9.827,+0.941
1685283480,+3.46,+10.443, +9.858,+0.941
1685283540,+3.46,+10.452, +9.849,+0.941
1685283600,+3.46,+10.461, +9.849,+0.941
1685283660,+3.46,+10.489, +9.889,+0.942
1685283720,+3.46,+10.552, +9.914,+0.941
1685283780,+3.46,+10.625, +9.980,+0.942
1685283840,+3.46,+10.625,+10.005,+0.942
1685283900,+3.46,+10.724, +9.978,+0.941
1685283960,+3.46,+10.770, +9.976,+0.942
1685284020,+3.46,+10.724,+10.027,+0.942
1685284080,+3.46,+10.824,+10.008,+0.942
1685284140,+3.46,+10.806,+10.029,+0.942
1685284200,+3.46,+10.851,+10.035,+0.942
1685284260,+3.46,+10.869,+10.031,+0.941
1685284320,+3.46,+10.842,+10.044,+0.942
1685284380,+3.46,+10.869, +9.963,+0.941
1685284440,+3.46,+10.734, +9.968,+0.941
1685284500,+3.46,+10.706, +9.910,+0.941
1685284560,+3.46,+10.652, +9.881,+0.941
1685284620,+3.46,+10.598, +9.854,+0.941
1685284680,+3.46,+10.579, +9.825,+0.941
1685284740,+3.46,+10.543, +9.824,+0.941
1685284800,+3.46,+10.498, +9.831,+0.941
1685284860,+3.46,+10.498, +9.823,+0.941
1685284920,+3.46,+10.470, +9.847,+0.941
1685284980,+3.46,+10.543, +9.832,+0.941
1685285040,+3.46,+10.480, +9.867,+0.941
1685285100,+3.46,+10.516, +9.839,+0.941
1685285160,+3.46,+10.470, +9.839,+0.942
1685285220,+3.46,+10.480, +9.808,+0.941
1685285280,+3.46,+10.416, +9.823,+0.941
1685285340,+3.46,+10.452, +9.805,+0.941
1685285400,+3.46,+10.480, +9.771,+0.941
1685285460,+3.46,+10.416, +9.785,+0.941
1685285520,+3.46,+10.480, +9.741,+0.941
1685285580,+3.46,+10.389, +9.751,+0.941
1685285640,+3.46,+10.416, +9.715,+0.941
1685285700,+3.46,+10.389, +9.695,+0.941
1685285760,+3.46,+10.398, +9.676,+0.941
1685285820,+3.46,+10.370, +9.698,+0.941
1685285880,+3.46,+10.316, +9.660,+0.941
1685285940,+3.46,+10.216, +9.662,+0.941
1685286000,+3.46,+10.206, +9.625,+0.940
1685286060,+3.46,+10.179, +9.638,+0.941
1685286120,+3.46,+10.124, +9.646,+0.941
1685286180,+3.46,+10.170, +9.625,+0.941
1685286240,+3.46,+10.152, +9.621,+0.941
1685286300,+3.46,+10.133, +9.622,+0.941
1685286360,+3.46,+10.115, +9.555,+0.941
1685286420,+3.46, +9.996, +9.479,+0.941
1685286480,+3.46, +9.895, +9.461,+0.940
1685286540,+3.46, +9.795, +9.490,+0.941
1685286600,+3.46, +9.776, +9.516,+0.940
1685286660,+3.46, +9.666, +9.557,+0.940
1685286720,+3.46, +9.703, +9.543,+0.941
1685286780,+3.46, +9.666, +9.555,+0.941
1685286840,+3.46, +9.648, +9.553,+0.941
1685286900,+3.46, +9.694, +9.542,+0.941
1685286960,+3.46, +9.730, +9.523,+0.940
1685287020,+3.46, +9.739, +9.544,+0.941
1685287080,+3.46, +9.749, +9.549,+0.941
1685287140,+3.46, +9.785, +9.543,+0.941
1685287200,+3.46, +9.813, +9.551,+0.941
1685287260,+3.46, +9.868, +9.583,+0.941
1685287320,+3.46, +9.950, +9.610,+0.941
1685287380,+3.46, +9.960, +9.643,+0.942
1685287440,+3.46,+10.024, +9.630,+0.941
1685287500,+3.46,+10.060, +9.663,+0.941
1685287560,+3.46,+10.133, +9.630,+0.941
1685287620,+3.46,+10.133, +9.651,+0.941
1685287680,+3.46,+10.197, +9.651,+0.941
1685287740,+3.46,+10.252, +9.651,+0.941
1685287800,+3.46,+10.288, +9.654,+0.942
1685287860,+3.46,+10.352, +9.688,+0.942
1685287920,+3.46,+10.407, +9.722,+0.941
1685287980,+3.46,+10.489, +9.790,+0.942
1685288040,+3.46,+10.570, +9.859,+0.942
1685288100,+3.46,+10.598, +9.888,+0.942
1685288160,+3.46,+10.670, +9.848,+0.941
1685288220,+3.46,+10.652, +9.858,+0.941
1685288280,+3.46,+10.734, +9.914,+0.941
1685288340,+3.46,+10.806, +9.996,+0.942
1685288400,+3.46,+10.797,+10.032,+0.942
1685288460,+3.46,+10.923,+10.030,+0.942
1685288520,+3.46,+11.023,+10.080,+0.942
1685288580,+3.46,+11.131,+10.136,+0.942
1685288640,+3.46,+11.203,+10.143,+0.942
1685288700,+3.46,+11.275,+10.175,+0.942
1685288760,+3.46,+11.320,+10.180,+0.942
1685288820,+3.46,+11.374,+10.203,+0.942
1685288880,+3.46,+11.400,+10.239,+0.942
1685288940,+3.46,+11.472,+10.222,+0.942
1685289000,+3.46,+11.535,+10.207,+0.942
1685289060,+3.46,+11.472,+10.204,+0.942
1685289120,+3.46,+11.445,+10.206,+0.941
1685289180,+3.46,+11.481,+10.207,+0.942
1685289240,+3.46,+11.508,+10.197,+0.942
1685289300,+3.46,+11.499,+10.172,+0.941
1685289360,+3.46,+11.445,+10.189,+0.941
1685289420,+3.46,+11.508,+10.161,+0.941
1685289480,+3.46,+11.517,+10.171,+0.941
1685289540,+3.46,+11.544,+10.177,+0.941
1685289600,+3.46,+11.526,+10.182,+0.941
1685289660,+3.46,+11.490,+10.190,+0.941
1685289720,+3.46,+11.535,+10.216,+0.941
1685289780,+3.46,+11.598,+10.209,+0.942
1685289840,+3.46,+11.535,+10.236,+0.941
1685289900,+3.46,+11.615,+10.137,+0.941
1685289960,+3.46,+11.445,+10.165,+0.941
1685290020,+3.46,+11.463,+10.145,+0.941
1685290080,+3.46,+11.445,+10.155,+0.941
1685290140,+3.46,+11.374,+10.161,+0.941
1685290200,+3.46,+11.427,+10.144,+0.941
1685290260,+3.46,+11.391,+10.173,+0.941
1685290320,+3.46,+11.427,+10.135,+0.941
1685290380,+3.46,+11.436,+10.134,+0.941
1685290440,+3.46,+11.338,+10.166,+0.940
1685290500,+3.46,+11.311,+10.191,+0.941
1685290560,+3.46,+11.356,+10.183,+0.941
1685290620,+3.46,+11.284,+10.209,+0.942
1685290680,+3.46,+11.275,+10.197,+0.941
1685290740,+3.46,+11.266,+10.191,+0.941
1685290800,+3.46,+11.230,+10.194,+0.941
1685290860,+3.46,+11.302,+10.166,+0.941
1685290920,+3.46,+11.320,+10.162,+0.941
1685290980,+3.46,+11.284,+10.206,+0.942
1685291040,+3.46,+11.320,+10.197,+0.942
1685291100,+3.46,+11.320,+10.171,+0.941
1685291160,+3.46,+11.275,+10.189,+0.941
1685291220,+3.46,+11.302,+10.202,+0.941
1685291280,+3.46,+11.356,+10.140,+0.941
1685291340,+3.46,+11.203,+10.103,+0.941
1685291400,+3.46,+11.185,+10.072,+0.941
1685291460,+3.46,+11.212,+10.056,+0.941
1685291520,+3.46,+11.194,+10.084,+0.941
1685291580,+3.46,+11.221,+10.129,+0.941
1685291640,+3.46,+11.266,+10.143,+0.941
1685291700,+3.46,+11.320,+10.157,+0.942
1685291760,+3.46,+11.275,+10.194,+0.942
1685291820,+3.46,+11.347,+10.192,+0.942
1685291880,+3.46,+11.418,+10.205,+0.942
1685291940,+3.46,+11.445,+10.212,+0.941
1685292000,+3.46,+11.365,+10.199,+0.942
1685292060,+3.46,+11.320,+10.165,+0.941
1685292120,+3.46,+11.311,+10.132,+0.941
1685292180,+3.46,+11.284,+10.118,+0.941
1685292240,+3.46,+11.338,+10.096,+0.942
1685292300,+3.46,+11.293,+10.108,+0.941
1685292360,+3.46,+11.338,+10.096,+0.942
1685292420,+3.46,+11.383,+10.101,+0.941
1685292480,+3.46,+11.517,+10.074,+0.941
1685292540,+3.46,+11.526,+10.097,+0.941
1685292600,+3.46,+11.517,+10.117,+0.941
1685292660,+3.46,+11.589,+10.119,+0.941
1685292720,+3.46,+11.589,+10.142,+0.941
1685292780,+3.46,+11.660,+10.139,+0.941
1685292840,+3.46,+11.750,+10.128,+0.941
1685292900,+3.46,+11.732,+10.169,+0.942
1685292960,+3.46,+11.732,+10.184,+0.941
1685293020,+3.46,+11.714,+10.208,+0.941
1685293080,+3.46,+11.821,+10.192,+0.941
1685293140,+3.46,+11.776,+10.233,+0.941
1685293200,+3.46,+11.741,+10.224,+0.941
1685293260,+3.46,+11.705,+10.175,+0.941
1685293320,+3.46,+11.678,+10.182,+0.941
1685293380,+3.46,+11.633,+10.201,+0.941
1685293440,+3.46,+11.687,+10.138,+0.940
1685293500,+3.46,+11.687,+10.147,+0.941
1685293560,+3.46,+11.696,+10.146,+0.941
1685293620,+3.46,+11.687,+10.086,+0.941
1685293680,+3.46,+11.642,+10.091,+0.941
1685293740,+3.46,+11.607,+10.102,+0.941
1685293800,+3.46,+11.562,+10.075,+0.940
1685293860,+3.46,+11.499,+10.113,+0.941
1685293920,+3.46,+11.481,+10.138,+0.941
1685293980,+3.46,+11.472,+10.145,+0.941
1685294040,+3.46,+11.383,+10.149,+0.941
1685294100,+3.46,+11.481,+10.088,+0.941
1685294160,+3.46,+11.427,+10.084,+0.941
1685294220,+3.46,+11.418,+10.001,+0.940
1685294280,+3.46,+11.338, +9.966,+0.941
1685294340,+3.46,+11.356,+10.045,+0.941
1685294400,+3.46,+11.311,+10.041,+0.941
1685294460,+3.46,+11.257,+10.061,+0.941
1685294520,+3.46,+11.302,+10.045,+0.941
1685294580,+3.46,+11.257,+10.098,+0.941
1685294640,+3.46,+11.347,+10.109,+0.941
1685294700,+3.46,+11.320,+10.137,+0.941
1685294760,+3.46,+11.257,+10.099,+0.941
1685294820,+3.46,+11.239, +9.950,+0.941
1685294880,+3.46,+11.185, +9.871,+0.941
1685294940,+3.46,+11.140, +9.916,+0.941
1685295000,+3.46,+11.095, +9.943,+0.941
1685295060,+3.46,+11.140, +9.940,+0.941
1685295120,+3.46,+11.131, +9.931,+0.941
1685295180,+3.46,+11.149, +9.986,+0.941
1685295240,+3.46,+11.203,+10.034,+0.941
1685295300,+3.46,+11.230,+10.076,+0.941
1685295360,+3.46,+11.212,+10.053,+0.941
1685295420,+3.46,+11.212,+10.026,+0.941
1685295480,+3.46,+11.140,+10.004,+0.941
1685295540,+3.46,+11.176,+10.002,+0.942
1685295600,+3.46,+11.167, +9.992,+0.942
1685295660,+3.46,+11.176, +9.990,+0.942
1685295720,+3.46,+11.167,+10.007,+0.941
1685295780,+3.46,+11.239,+10.013,+0.941
1685295840,+3.46,+11.329, +9.980,+0.941
1685295900,+3.46,+11.320, +9.985,+0.942
1685295960,+3.46,+11.239, +9.991,+0.942
1685296020,+3.46,+11.266, +9.975,+0.941
1685296080,+3.46,+11.293,+10.012,+0.942
1685296140,+3.46,+11.284,+10.033,+0.941
1685296200,+3.46,+11.284,+10.013,+0.941
1685296260,+3.46,+11.212,+10.006,+0.941
1685296320,+3.46,+11.248, +9.950,+0.941
1685296380,+3.46,+11.239, +9.949,+0.941
1685296440,+3.46,+11.221, +9.961,+0.941
1685296500,+3.46,+11.239, +9.958,+0.941
1685296560,+3.46,+11.203, +9.963,+0.941
1685296620,+3.46,+11.248, +9.936,+0.941
1685296680,+3.46,+11.302, +9.911,+0.941
1685296740,+3.46,+11.266, +9.932,+0.941
1685296800,+3.46,+11.347, +9.984,+0.942
1685296860,+3.46,+11.356,+10.055,+0.942
1685296920,+3.46,+11.383,+10.044,+0.941
1685296980,+3.46,+11.338,+10.026,+0.941
1685297040,+3.46,+11.293, +9.872,+0.941
1685297100,+3.46,+11.284, +9.789,+0.941
1685297160,+3.46,+11.194, +9.869,+0.941
1685297220,+3.46,+11.239, +9.863,+0.941
1685297280,+3.46,+11.194, +9.898,+0.941
1685297340,+3.46,+11.104,+10.040,+0.941
1685297400,+3.46,+11.149,+10.073,+0.941
1685297460,+3.46,+11.149,+10.083,+0.941
1685297520,+3.46,+11.131,+10.096,+0.941
1685297580,+3.46,+11.122,+10.089,+0.941
1685297640,+3.46,+11.050,+10.073,+0.941
1685297700,+3.46,+11.086,+10.015,+0.941
1685297760,+3.46,+11.086, +9.996,+0.941
1685297820,+3.46,+11.176, +9.931,+0.941
1685297880,+3.46,+11.185, +9.966,+0.941
1685297940,+3.46,+11.212,+10.066,+0.941
1685298000,+3.46,+11.275,+10.023,+0.941
1685298060,+3.46,+11.293,+10.009,+0.941
1685298120,+3.46,+11.400,+10.083,+0.941
1685298180,+3.46,+11.463,+10.121,+0.942
1685298240,+3.46,+11.508,+10.088,+0.941
1685298300,+3.46,+11.553,+10.075,+0.941
1685298360,+3.46,+11.607,+10.076,+0.942
1685298420,+3.46,+11.669,+10.085,+0.941
1685298480,+3.46,+11.660,+10.182,+0.941
1685298540,+3.46,+11.696,+10.236,+0.941
1685298600,+3.46,+11.678,+10.218,+0.941
1685298660,+3.46,+11.714,+10.199,+0.941
1685298720,+3.46,+11.687,+10.197,+0.941
1685298780,+3.46,+11.678,+10.196,+0.941
1685298840,+3.46,+11.696,+10.181,+0.941
1685298900,+3.46,+11.660,+10.185,+0.941
1685298960,+3.46,+11.678,+10.181,+0.941
1685299020,+3.46,+11.669,+10.171,+0.941
1685299080,+3.46,+11.696,+10.141,+0.941
1685299140,+3.46,+11.669,+10.155,+0.941
1685299200,+3.46,+11.642,+10.162,+0.941
1685299260,+3.46,+11.678,+10.152,+0.941
1685299320,+3.46,+11.624,+10.192,+0.941
1685299380,+3.46,+11.615,+10.182,+0.941
1685299440,+3.46,+11.660,+10.166,+0.941
1685299500,+3.46,+11.642,+10.168,+0.941
1685299560,+3.46,+11.669,+10.156,+0.941
1685299620,+3.46,+11.615,+10.174,+0.941
1685299680,+3.46,+11.580,+10.167,+0.941
1685299740,+3.46,+11.615,+10.133,+0.941
1685299800,+3.46,+11.607,+10.111,+0.941
1685299860,+3.46,+11.615,+10.069,+0.941
1685299920,+3.46,+11.526,+10.046,+0.941
1685299980,+3.46,+11.589, +9.985,+0.941
1685300040,+3.46,+11.535,+10.005,+0.941
1685300100,+3.46,+11.526,+10.000,+0.941
1685300160,+3.46,+11.544,+10.005,+0.941
1685300220,+3.46,+11.517, +9.983,+0.941
1685300280,+3.46,+11.535, +9.956,+0.941
1685300340,+3.46,+11.481, +9.955,+0.941
1685300400,+3.46,+11.445, +9.960,+0.941
1685300460,+3.46,+11.445, +9.971,+0.941
1685300520,+3.46,+11.481,+10.014,+0.941
1685300580,+3.46,+11.445,+10.015,+0.941
1685300640,+3.46,+11.454, +9.998,+0.940
1685300700,+3.46,+11.391,+10.032,+0.941
1685300760,+3.46,+11.418,+10.010,+0.941
1685300820,+3.46,+11.409,+10.005,+0.941
1685300880,+3.46,+11.356,+10.030,+0.941
1685300940,+3.46,+11.445, +9.988,+0.941
1685301000,+3.46,+11.383, +9.992,+0.941
1685301060,+3.46,+11.383, +9.985,+0.941
1685301120,+3.46,+11.436, +9.959,+0.941
1685301180,+3.46,+11.445, +9.962,+0.941
1685301240,+3.46,+11.391, +9.983,+0.941
1685301300,+3.46,+11.427, +9.975,+0.941
1685301360,+3.46,+11.481, +9.955,+0.941
1685301420,+3.46,+11.400, +9.981,+0.941
1685301480,+3.46,+11.383, +9.877,+0.941
1685301540,+3.46,+11.275, +9.762,+0.940
1685301600,+3.46,+11.266, +9.831,+0.941
1685301660,+3.46,+11.230, +9.875,+0.941
1685301720,+3.46,+11.167, +9.782,+0.940
1685301780,+3.46,+11.050, +9.785,+0.940
1685301840,+3.46,+11.077, +9.755,+0.941
1685301900,+3.46,+11.050, +9.761,+0.941
1685301960,+3.46,+11.005, +9.786,+0.941
1685302020,+3.46,+10.978, +9.788,+0.941
1685302080,+3.46,+10.987, +9.796,+0.941
1685302140,+3.46,+10.996, +9.796,+0.941
1685302200,+3.46,+10.978, +9.801,+0.941
1685302260,+3.46,+10.978, +9.757,+0.941
1685302320,+3.46,+10.914, +9.749,+0.941
1685302380,+3.46,+10.960, +9.796,+0.941
1685302440,+3.46,+10.932, +9.849,+0.941
1685302500,+3.46,+10.905, +9.837,+0.941
1685302560,+3.46,+10.896, +9.806,+0.941
1685302620,+3.46,+10.887, +9.755,+0.940
1685302680,+3.46,+10.878, +9.743,+0.941
1685302740,+3.46,+10.833, +9.708,+0.941
1685302800,+3.46,+10.779, +9.628,+0.941
1685302860,+3.46,+10.715, +9.606,+0.941
1685302920,+3.46,+10.715, +9.613,+0.941
1685302980,+3.46,+10.724, +9.622,+0.941
1685303040,+3.46,+10.743, +9.616,+0.941
1685303100,+3.46,+10.679, +9.643,+0.941
1685303160,+3.46,+10.697, +9.648,+0.941
1685303220,+3.46,+10.652, +9.645,+0.941
1685303280,+3.46,+10.607, +9.605,+0.941
1685303340,+3.46,+10.552, +9.587,+0.941
1685303400,+3.46,+10.598, +9.559,+0.941
1685303460,+3.46,+10.534, +9.558,+0.940
1685303520,+3.46,+10.498, +9.568,+0.941
1685303580,+3.46,+10.489, +9.572,+0.941
1685303640,+3.46,+10.480, +9.567,+0.941
1685303700,+3.46,+10.525, +9.549,+0.941
1685303760,+3.46,+10.498, +9.565,+0.941
1685303820,+3.46,+10.507, +9.559,+0.941
1685303880,+3.46,+10.543, +9.527,+0.941
1685303940,+3.46,+10.516, +9.530,+0.941
1685304000,+3.46,+10.534, +9.529,+0.941
1685304060,+3.46,+10.525, +9.537,+0.941
1685304120,+3.46,+10.543, +9.537,+0.941
1685304180,+3.46,+10.534, +9.559,+0.941
1685304240,+3.46,+10.552, +9.546,+0.941
1685304300,+3.46,+10.516, +9.475,+0.940
1685304360,+3.46,+10.434, +9.393,+0.940
1685304420,+3.46,+10.352, +9.436,+0.940
1685304480,+3.46,+10.261, +9.499,+0.941
1685304540,+3.46,+10.288, +9.462,+0.940
1685304600,+3.46,+10.298, +9.445,+0.941
1685304660,+3.46,+10.270, +9.441,+0.941
1685304720,+3.46,+10.288, +9.435,+0.941
1685304780,+3.46,+10.270, +9.427,+0.941
1685304840,+3.46,+10.188, +9.438,+0.941
1685304900,+3.46,+10.279, +9.393,+0.940
1685304960,+3.46,+10.261, +9.412,+0.941
1685305020,+3.46,+10.316, +9.398,+0.941
1685305080,+3.46,+10.252, +9.450,+0.941
1685305140,+3.46,+10.261, +9.439,+0.941
1685305200,+3.46,+10.279, +9.423,+0.941
1685305260,+3.46,+10.225, +9.421,+0.941
1685305320,+3.46,+10.252, +9.400,+0.941
1685305380,+3.46,+10.197, +9.414,+0.941
1685305440,+3.46,+10.143, +9.436,+0.941
1685305500,+3.46,+10.188, +9.412,+0.941
1685305560,+3.46,+10.234, +9.400,+0.941
1685305620,+3.46,+10.188, +9.410,+0.941
1685305680,+3.46,+10.216, +9.401,+0.941
1685305740,+3.46,+10.234, +9.394,+0.941
1685305800,+3.46,+10.252, +9.381,+0.941
1685305860,+3.46,+10.270, +9.382,+0.941
1685305920,+3.46,+10.252, +9.410,+0.941
1685305980,+3.46,+10.307, +9.399,+0.941
1685306040,+3.46,+10.261, +9.420,+0.941
1685306100,+3.46,+10.279, +9.427,+0.941
1685306160,+3.46,+10.270, +9.429,+0.941
1685306220,+3.46,+10.261, +9.429,+0.941
1685306280,+3.46,+10.216, +9.457,+0.941
1685306340,+3.46,+10.243, +9.383,+0.941
1685306400,+3.46,+10.234, +9.369,+0.941
1685306460,+3.46,+10.161, +9.376,+0.941
1685306520,+3.46,+10.197, +9.357,+0.941
1685306580,+3.46,+10.261, +9.395,+0.941
1685306640,+3.46,+10.225, +9.457,+0.941
1685306700,+3.46,+10.261, +9.460,+0.941
1685306760,+3.46,+10.179, +9.470,+0.940
1685306820,+3.46,+10.225, +9.446,+0.941
1685306880,+3.46,+10.170, +9.450,+0.941
1685306940,+3.46,+10.225, +9.435,+0.940
1685307000,+3.46,+10.188, +9.451,+0.941
1685307060,+3.46,+10.170, +9.467,+0.941
1685307120,+3.46,+10.133, +9.349,+0.941
1685307180,+3.46,+10.069, +9.269,+0.941
1685307240,+3.46,+10.069, +9.252,+0.941
1685307300,+3.46,+10.069, +9.264,+0.941
1685307360,+3.46,+10.024, +9.277,+0.941
1685307420,+3.46,+10.051, +9.283,+0.941
1685307480,+3.46,+10.015, +9.296,+0.941
1685307540,+3.46,+10.069, +9.258,+0.941
1685307600,+3.46, +9.996, +9.270,+0.941
1685307660,+3.46, +9.996, +9.265,+0.941
1685307720,+3.46, +9.996, +9.257,+0.941
1685307780,+3.46, +9.987, +9.243,+0.941
1685307840,+3.46, +9.978, +9.232,+0.940
1685307900,+3.46, +9.996, +9.220,+0.940
1685307960,+3.46,+10.015, +9.222,+0.941
1685308020,+3.46, +9.996, +9.231,+0.941
1685308080,+3.46,+10.024, +9.224,+0.941
1685308140,+3.46, +9.978, +9.246,+0.941
1685308200,+3.46,+10.042, +9.270,+0.941
1685308260,+3.46,+10.079, +9.282,+0.941
1685308320,+3.46,+10.060, +9.313,+0.941
1685308380,+3.46,+10.079, +9.333,+0.941
1685308440,+3.46,+10.197, +9.317,+0.941
1685308500,+3.46,+10.161, +9.351,+0.941
1685308560,+3.46,+10.152, +9.357,+0.941
1685308620,+3.46,+10.197, +9.344,+0.941
1685308680,+3.46,+10.243, +9.293,+0.941
1685308740,+3.46,+10.261, +9.277,+0.941
1685308800,+3.46,+10.325, +9.262,+0.941
1685308860,+3.46,+10.361, +9.271,+0.941
1685308920,+3.46,+10.380, +9.348,+0.941
1685308980,+3.46,+10.407, +9.332,+0.941
1685309040,+3.46,+10.416, +9.332,+0.941
1685309100,+3.46,+10.434, +9.333,+0.941
1685309160,+3.46,+10.443, +9.337,+0.941
1685309220,+3.46,+10.343, +9.303,+0.941
1685309280,+3.46,+10.352, +9.285,+0.941
1685309340,+3.46,+10.298, +9.323,+0.941
1685309400,+3.46,+10.316, +9.321,+0.941
1685309460,+3.46,+10.298, +9.315,+0.941
1685309520,+3.46,+10.343, +9.297,+0.941
1685309580,+3.46,+10.325, +9.318,+0.940
1685309640,+3.46,+10.316, +9.346,+0.940
1685309700,+3.46,+10.370, +9.349,+0.941
1685309760,+3.46,+10.416, +9.355,+0.941
1685309820,+3.46,+10.425, +9.378,+0.941
1685309880,+3.46,+10.507, +9.387,+0.941
1685309940,+3.46,+10.498, +9.404,+0.941
1685310000,+3.46,+10.570, +9.397,+0.941
1685310060,+3.46,+10.643, +9.424,+0.941
1685310120,+3.46,+10.579, +9.444,+0.941
1685310180,+3.46,+10.652, +9.472,+0.941
1685310240,+3.46,+10.761, +9.445,+0.941
1685310300,+3.46,+10.661, +9.454,+0.941
1685310360,+3.46,+10.661, +9.465,+0.941
1685310420,+3.46,+10.616, +9.473,+0.941
1685310480,+3.46,+10.607, +9.457,+0.941
1685310540,+3.46,+10.634, +9.432,+0.941
1685310600,+3.46,+10.652, +9.419,+0.941
1685310660,+3.46,+10.579, +9.442,+0.941
1685310720,+3.46,+10.598, +9.431,+0.941
1685310780,+3.46,+10.625, +9.387,+0.941
1685310840,+3.46,+10.589, +9.404,+0.941
1685310900,+3.46,+10.543, +9.387,+0.941
1685310960,+3.46,+10.552, +9.386,+0.941
1685311020,+3.46,+10.507, +9.390,+0.941
1685311080,+3.46,+10.579, +9.352,+0.941
1685311140,+3.46,+10.579, +9.347,+0.940
1685311200,+3.46,+10.543, +9.370,+0.941
1685311260,+3.46,+10.652, +9.342,+0.940
1685311320,+3.46,+10.589, +9.307,+0.941
1685311380,+3.46,+10.570, +9.231,+0.940
1685311440,+3.46,+10.498, +9.267,+0.941
1685311500,+3.46,+10.507, +9.266,+0.940
1685311560,+3.46,+10.489, +9.263,+0.941
1685311620,+3.46,+10.470, +9.258,+0.941
1685311680,+3.46,+10.452, +9.251,+0.941
1685311740,+3.46,+10.470, +9.268,+0.940
1685311800,+3.46,+10.534, +9.286,+0.940
1685311860,+3.46,+10.470, +9.283,+0.940
1685311920,+3.46,+10.470, +9.292,+0.941
1685311980,+3.46,+10.507, +9.271,+0.941
1685312040,+3.46,+10.443, +9.283,+0.941
1685312100,+3.46,+10.416, +9.294,+0.941
1685312160,+3.46,+10.470, +9.284,+0.941
1685312220,+3.46,+10.525, +9.256,+0.940
1685312280,+3.46,+10.452, +9.284,+0.941
1685312340,+3.46,+10.552, +9.248,+0.941
1685312400,+3.46,+10.516, +9.265,+0.941
1685312460,+3.46,+10.525, +9.259,+0.941
1685312520,+3.46,+10.561, +9.268,+0.941
1685312580,+3.46,+10.579, +9.271,+0.941
1685312640,+3.46,+10.579, +9.251,+0.941
1685312700,+3.46,+10.534, +9.217,+0.941
1685312760,+3.46,+10.507, +9.236,+0.941
1685312820,+3.46,+10.489, +9.266,+0.941
1685312880,+3.46,+10.425, +9.298,+0.941
1685312940,+3.46,+10.525, +9.263,+0.941
1685313000,+3.46,+10.480, +9.259,+0.941
1685313060,+3.46,+10.461, +9.260,+0.941
1685313120,+3.46,+10.561, +9.230,+0.941
1685313180,+3.46,+10.579, +9.261,+0.941
1685313240,+3.46,+10.625, +9.269,+0.941
1685313300,+3.46,+10.625, +9.297,+0.941
1685313360,+3.46,+10.670, +9.287,+0.941
1685313420,+3.46,+10.724, +9.270,+0.941
1685313480,+3.46,+10.670, +9.381,+0.941
1685313540,+3.46,+10.715, +9.371,+0.941
1685313600,+3.46,+10.779, +9.343,+0.941
1685313660,+3.46,+10.824, +9.410,+0.941
1685313720,+3.46,+10.914, +9.444,+0.941
1685313780,+3.46,+10.951, +9.500,+0.942
1685313840,+3.46,+11.086, +9.673,+0.942
1685313900,+3.46,+11.221, +9.738,+0.941
1685313960,+3.46,+11.239, +9.915,+0.941
1685314020,+3.46,+11.356,+10.045,+0.942
1685314080,+3.46,+11.454,+10.112,+0.942
1685314140,+3.46,+11.418,+10.175,+0.942
1685314200,+3.46,+11.481,+10.113,+0.942
1685314260,+3.46,+11.221, +9.490,+0.941
1685314320,+3.46,+11.149, +9.497,+0.941
1685314380,+3.46,+10.996, +9.594,+0.941
1685314440,+3.46,+10.969, +9.620,+0.941
1685314500,+3.46,+10.969, +9.568,+0.940
1685314560,+3.46,+10.914, +9.585,+0.941
1685314620,+3.46,+10.941, +9.550,+0.941
1685314680,+3.46,+10.887, +9.528,+0.941
1685314740,+3.46,+10.851, +9.462,+0.941
1685314800,+3.46,+10.788, +9.403,+0.940
1685314860,+3.46,+10.697, +9.396,+0.941
1685314920,+3.46,+10.706, +9.370,+0.940
1685314980,+3.46,+10.734, +9.365,+0.940
1685315040,+3.46,+10.661, +9.394,+0.941
1685315100,+3.46,+10.688, +9.385,+0.941
1685315160,+3.46,+10.734, +9.350,+0.941
1685315220,+3.46,+10.661, +9.352,+0.941
1685315280,+3.46,+10.579, +9.368,+0.940
1685315340,+3.46,+10.643, +9.340,+0.940
1685315400,+3.46,+10.589, +9.321,+0.940
1685315460,+3.46,+10.534, +9.264,+0.940
1685315520,+3.46,+10.434, +9.186,+0.940
1685315580,+3.46,+10.361, +9.188,+0.941
1685315640,+3.46,+10.370, +9.154,+0.940
1685315700,+3.46,+10.325, +9.141,+0.940
1685315760,+3.46,+10.334, +9.125,+0.940
1685315820,+3.46,+10.316, +9.128,+0.940
1685315880,+3.46,+10.352, +9.128,+0.941
1685315940,+3.46,+10.343, +9.156,+0.941
1685316000,+3.46,+10.334, +9.207,+0.941
1685316060,+3.46,+10.343, +9.173,+0.940
1685316120,+3.46,+10.334, +9.130,+0.940
1685316180,+3.46,+10.316, +9.087,+0.940
1685316240,+3.46,+10.243, +9.012,+0.940
1685316300,+3.46,+10.179, +8.975,+0.940
1685316360,+3.46,+10.161, +8.955,+0.940
1685316420,+3.46,+10.115, +8.997,+0.940
1685316480,+3.46,+10.069, +9.028,+0.940
1685316540,+3.46,+10.051, +9.003,+0.940
1685316600,+3.46,+10.069, +8.999,+0.940
1685316660,+3.46, +9.978, +9.031,+0.940
1685316720,+3.46,+10.005, +9.059,+0.940
1685316780,+3.46, +9.969, +9.067,+0.940
1685316840,+3.46, +9.932, +9.065,+0.940
1685316900,+3.46, +9.932, +9.060,+0.940
1685316960,+3.46, +9.960, +9.036,+0.940
1685317020,+3.46, +9.941, +9.055,+0.940
1685317080,+3.46, +9.905, +9.056,+0.940
1685317140,+3.46, +9.932, +9.056,+0.940
1685317200,+3.46, +9.932, +9.064,+0.940
1685317260,+3.46, +9.932, +9.069,+0.940
1685317320,+3.46, +9.895, +9.087,+0.940
1685317380,+3.46, +9.950, +9.070,+0.940
1685317440,+3.46, +9.960, +9.073,+0.940
1685317500,+3.46, +9.960, +9.084,+0.941
1685317560,+3.46, +9.932, +9.093,+0.940
1685317620,+3.46, +9.996, +9.074,+0.940
1685317680,+3.46, +9.996, +9.087,+0.940
1685317740,+3.46, +9.950, +9.119,+0.940
1685317800,+3.46, +9.996, +9.119,+0.941
1685317860,+3.46,+10.033, +9.095,+0.941
1685317920,+3.46,+10.069, +9.065,+0.940
1685317980,+3.46, +9.960, +9.092,+0.940
1685318040,+3.46,+10.069, +9.059,+0.940
1685318100,+3.46,+10.005, +9.074,+0.940
1685318160,+3.46,+10.015, +9.080,+0.940
1685318220,+3.46,+10.088, +9.051,+0.940
1685318280,+3.46,+10.106, +9.053,+0.940
1685318340,+3.46,+10.088, +9.059,+0.941
1685318400,+3.46,+10.152, +9.021,+0.940
1685318460,+3.46,+10.115, +9.038,+0.941
1685318520,+3.46,+10.152, +9.069,+0.940
1685318580,+3.46,+10.106, +9.089,+0.940
1685318640,+3.46,+10.143, +9.060,+0.940
1685318700,+3.46,+10.060, +9.072,+0.940
1685318760,+3.46,+10.088, +9.048,+0.940
1685318820,+3.46,+10.051, +9.056,+0.941
1685318880,+3.46,+10.106, +9.029,+0.940
1685318940,+3.46,+10.152, +9.014,+0.940
1685319000,+3.46,+10.133, +9.048,+0.941
1685319060,+3.46,+10.161, +9.078,+0.941
1685319120,+3.46,+10.133, +9.104,+0.940
1685319180,+3.46,+10.216, +9.069,+0.940
1685319240,+3.46,+10.225, +9.076,+0.940
1685319300,+3.46,+10.307, +9.032,+0.941
1685319360,+3.46,+10.288, +9.081,+0.941
1685319420,+3.46,+10.334, +9.073,+0.940
1685319480,+3.46,+10.370, +9.058,+0.941
1685319540,+3.46,+10.370, +9.022,+0.941
1685319600,+3.46,+10.407, +8.989,+0.940
1685319660,+3.46,+10.416, +8.985,+0.940
1685319720,+3.46,+10.489, +8.974,+0.941
1685319780,+3.46,+10.534, +8.989,+0.941
1685319840,+3.46,+10.543, +9.002,+0.940
1685319900,+3.46,+10.561, +9.001,+0.940
1685319960,+3.46,+10.552, +9.005,+0.940
1685320020,+3.46,+10.561, +8.992,+0.940
1685320080,+3.46,+10.516, +9.045,+0.940
1685320140,+3.46,+10.507, +9.063,+0.940
1685320200,+3.46,+10.498, +9.072,+0.941
1685320260,+3.46,+10.425, +9.066,+0.940
1685320320,+3.46,+10.370, +9.065,+0.940
1685320380,+3.46,+10.416, +9.026,+0.940
1685320440,+3.46,+10.398, +9.053,+0.941
1685320500,+3.46,+10.552, +9.161,+0.941
1685320560,+3.46,+10.552, +9.312,+0.941
1685320620,+3.46,+10.643, +9.273,+0.941
1685320680,+3.46,+10.688, +9.441,+0.941
1685320740,+3.46,+10.996, +9.879,+0.942
1685320800,+3.46,+11.508,+10.171,+0.944
1685320860,+3.46,+12.964,+10.237,+0.945
1685320920,+3.46,+11.785, +9.314,+0.941
1685320980,+3.46,+11.472, +9.541,+0.941
1685321040,+3.46,+11.320, +9.613,+0.940
1685321100,+3.46,+11.140, +9.621,+0.941
1685321160,+3.46,+11.077, +9.674,+0.941
1685321220,+3.46,+11.266, +9.848,+0.941
1685321280,+3.46,+11.454, +9.830,+0.942
1685321340,+3.46,+11.741, +9.869,+0.942
1685321400,+3.46,+12.177, +9.884,+0.942
1685321460,+3.46,+12.664,+10.044,+0.944
1685321520,+3.46,+12.549, +9.276,+0.939
1685321580,+3.46,+11.955, +9.505,+0.940
1685321640,+3.46,+11.732, +9.897,+0.941
1685321700,+3.46,+11.651, +9.950,+0.940
1685321760,+3.46,+11.758,+10.087,+0.941
1685321820,+3.46,+11.892,+10.037,+0.941
1685321880,+3.46,+11.732, +9.943,+0.941
1685321940,+3.46,+11.732,+10.030,+0.942
1685322000,+3.46,+11.812,+10.084,+0.941
1685322060,+3.46,+11.928, +9.993,+0.941
1685322120,+3.46,+11.892, +9.905,+0.941
1685322180,+3.46,+11.758, +9.915,+0.940
1685322240,+3.46,+11.624, +9.689,+0.940
1685322300,+3.46,+11.347, +9.633,+0.941
1685322360,+3.46,+11.194, +9.586,+0.940
1685322420,+3.46,+11.104, +9.639,+0.941
1685322480,+3.46,+11.086, +9.626,+0.940
1685322540,+3.46,+11.122, +9.612,+0.941
1685322600,+3.46,+11.005, +9.649,+0.941
1685322660,+3.46,+11.086, +9.666,+0.941
1685322720,+3.46,+11.122, +9.759,+0.941
1685322780,+3.46,+11.221, +9.781,+0.941
1685322840,+3.46,+11.293, +9.785,+0.941
1685322900,+3.46,+11.266, +9.792,+0.941
1685322960,+3.46,+11.275, +9.806,+0.941
1685323020,+3.46,+11.311, +9.773,+0.941
1685323080,+3.46,+11.221, +9.818,+0.941
1685323140,+3.46,+11.230, +9.788,+0.941
1685323200,+3.46,+11.158, +9.727,+0.941
1685323260,+3.46,+11.140, +9.713,+0.941
1685323320,+3.46,+11.032, +9.742,+0.940
1685323380,+3.46,+10.932, +9.733,+0.940
1685323440,+3.46,+10.887, +9.768,+0.941
1685323500,+3.46,+10.824, +9.681,+0.941
1685323560,+3.46,+10.688, +9.444,+0.940
1685323620,+3.46,+10.543, +9.462,+0.940
1685323680,+3.46,+10.552, +9.411,+0.940
1685323740,+3.46,+10.498, +9.396,+0.940
1685323800,+3.46,+10.416, +9.412,+0.940
1685323860,+3.46,+10.407, +9.418,+0.940
1685323920,+3.46,+10.352, +9.431,+0.940
1685323980,+3.46,+10.307, +9.444,+0.941
1685324040,+3.46,+10.316, +9.430,+0.941
1685324100,+3.46,+10.298, +9.432,+0.941
1685324160,+3.46,+10.298, +9.442,+0.941
1685324220,+3.46,+10.288, +9.430,+0.941
1685324280,+3.46,+10.279, +9.433,+0.940
1685324340,+3.46,+10.316, +9.424,+0.941
1685324400,+3.46,+10.307, +9.421,+0.941
1685324460,+3.46,+10.270, +9.431,+0.941
1685324520,+3.46,+10.334, +9.386,+0.940
1685324580,+3.46,+10.334, +9.401,+0.941
1685324640,+3.46,+10.352, +9.381,+0.941
1685324700,+3.46,+10.334, +9.396,+0.941
1685324760,+3.46,+10.361, +9.390,+0.941
1685324820,+3.46,+10.361, +9.407,+0.941
1685324880,+3.46,+10.443, +9.439,+0.940
1685324940,+3.46,+10.407, +9.522,+0.941
1685325000,+3.46,+10.507, +9.518,+0.941
1685325060,+3.46,+10.525, +9.644,+0.942
1685325120,+3.46,+10.607, +9.667,+0.941
1685325180,+3.46,+10.616, +9.664,+0.941
1685325240,+3.46,+10.616, +9.647,+0.941
1685325300,+3.46,+10.634, +9.645,+0.941
1685325360,+3.46,+10.652, +9.670,+0.941
1685325420,+3.46,+10.643, +9.713,+0.942
1685325480,+3.46,+10.652, +9.720,+0.941
1685325540,+3.46,+10.697, +9.696,+0.941
1685325600,+3.46,+10.679, +9.671,+0.942
1685325660,+3.46,+10.652, +9.565,+0.941
1685325720,+3.46,+10.552, +9.498,+0.941
1685325780,+3.46,+10.498, +9.467,+0.941
1685325840,+3.46,+10.498, +9.459,+0.941
1685325900,+3.46,+10.507, +9.454,+0.941
1685325960,+3.46,+10.461, +9.494,+0.941
1685326020,+3.46,+10.443, +9.358,+0.941
1685326080,+3.46,+10.389, +9.324,+0.940
1685326140,+3.46,+10.307, +9.351,+0.940
1685326200,+3.46,+10.279, +9.341,+0.940
1685326260,+3.46,+10.234, +9.372,+0.941
1685326320,+3.46,+10.216, +9.351,+0.940
1685326380,+3.46,+10.216, +9.347,+0.941
1685326440,+3.46,+10.179, +9.355,+0.941
1685326500,+3.46,+10.216, +9.326,+0.940
1685326560,+3.46,+10.216, +9.328,+0.941
1685326620,+3.46,+10.225, +9.293,+0.940
1685326680,+3.46,+10.161, +9.317,+0.941
1685326740,+3.46,+10.243, +9.292,+0.941
1685326800,+3.46,+10.225, +9.295,+0.940
1685326860,+3.46,+10.216, +9.304,+0.941
1685326920,+3.46,+10.225, +9.301,+0.941
1685326980,+3.46,+10.206, +9.302,+0.941
1685327040,+3.46,+10.225, +9.289,+0.941
1685327100,+3.46,+10.252, +9.269,+0.941
1685327160,+3.46,+10.197, +9.299,+0.941
1685327220,+3.46,+10.252, +9.285,+0.941
1685327280,+3.46,+10.288, +9.279,+0.941
1685327340,+3.46,+10.352, +9.249,+0.940
1685327400,+3.46,+10.352, +9.276,+0.941
1685327460,+3.46,+10.389, +9.314,+0.941
1685327520,+3.46,+10.425, +9.373,+0.941
1685327580,+3.46,+10.452, +9.395,+0.941
1685327640,+3.46,+10.525, +9.368,+0.941
1685327700,+3.46,+10.579, +9.418,+0.941
1685327760,+3.46,+10.552, +9.464,+0.941
1685327820,+3.46,+10.634, +9.477,+0.941
1685327880,+3.46,+10.679, +9.468,+0.941
1685327940,+3.46,+10.661, +9.495,+0.941
1685328000,+3.46,+10.752, +9.526,+0.941
1685328060,+3.46,+10.797, +9.597,+0.941
1685328120,+3.46,+10.824, +9.634,+0.941
1685328180,+3.46,+10.788, +9.683,+0.942
1685328240,+3.46,+10.851, +9.662,+0.941
1685328300,+3.46,+10.860, +9.655,+0.941
1685328360,+3.46,+10.896, +9.644,+0.941
1685328420,+3.46,+10.887, +9.738,+0.941
1685328480,+3.46,+10.833, +9.862,+0.942
1685328540,+3.46,+10.779, +9.688,+0.941
1685328600,+3.46,+10.842, +9.594,+0.941
1685328660,+3.46,+10.815, +9.723,+0.941
1685328720,+3.46,+10.833, +9.695,+0.941
1685328780,+3.46,+10.824, +9.631,+0.941
1685328840,+3.46,+10.770, +9.547,+0.941
1685328900,+3.46,+10.706, +9.521,+0.941
1685328960,+3.46,+10.706, +9.470,+0.941
1685329020,+3.46,+10.706, +9.469,+0.941
1685329080,+3.46,+10.643, +9.510,+0.941
1685329140,+3.46,+10.652, +9.507,+0.941
1685329200,+3.46,+10.706, +9.531,+0.941
1685329260,+3.46,+10.616, +9.560,+0.941
1685329320,+3.46,+10.661, +9.540,+0.941
1685329380,+3.46,+10.743, +9.581,+0.941
1685329440,+3.46,+10.679, +9.635,+0.941
1685329500,+3.46,+10.616, +9.698,+0.942
1685329560,+3.46,+10.643, +9.651,+0.941
1685329620,+3.46,+10.652, +9.620,+0.941
1685329680,+3.46,+10.688, +9.600,+0.941
1685329740,+3.46,+10.724, +9.582,+0.941
1685329800,+3.46,+10.634, +9.613,+0.941
1685329860,+3.46,+10.706, +9.581,+0.941
1685329920,+3.46,+10.616, +9.594,+0.941
1685329980,+3.46,+10.679, +9.569,+0.941
1685330040,+3.46,+10.643, +9.604,+0.941
1685330100,+3.46,+10.579, +9.484,+0.941
1685330160,+3.46,+10.543, +9.398,+0.940
1685330220,+3.46,+10.452, +9.320,+0.940
1685330280,+3.46,+10.325, +9.357,+0.940
1685330340,+3.46,+10.206, +9.445,+0.940
1685330400,+3.46,+10.124, +9.526,+0.940
1685330460,+3.46,+10.088, +9.520,+0.940
1685330520,+3.46,+10.024, +9.528,+0.940
1685330580,+3.46, +9.987, +9.375,+0.940
1685330640,+3.46, +9.795, +9.283,+0.940
1685330700,+3.46, +9.629, +9.301,+0.939
1685330760,+3.46, +9.602, +9.311,+0.940
1685330820,+3.46, +9.565, +9.332,+0.940
1685330880,+3.46, +9.574, +9.323,+0.940
1685330940,+3.46, +9.519, +9.345,+0.940
1685331000,+3.46, +9.500, +9.353,+0.940
1685331060,+3.46, +9.500, +9.354,+0.940
1685331120,+3.46, +9.482, +9.359,+0.941
1685331180,+3.46, +9.482, +9.346,+0.941
1685331240,+3.46, +9.528, +9.333,+0.941
1685331300,+3.46, +9.546, +9.337,+0.941
1685331360,+3.46, +9.546, +9.345,+0.940
1685331420,+3.46, +9.565, +9.343,+0.940
1685331480,+3.46, +9.519, +9.337,+0.940
1685331540,+3.46, +9.583, +9.319,+0.940
1685331600,+3.46, +9.537, +9.301,+0.940
1685331660,+3.46, +9.426, +9.292,+0.940
1685331720,+3.46, +9.417, +9.283,+0.941
1685331780,+3.46, +9.315, +9.310,+0.940
1685331840,+3.46, +9.325, +9.295,+0.940
1685331900,+3.46, +9.315, +9.297,+0.940
1685331960,+3.46, +9.315, +9.302,+0.941
1685332020,+3.46, +9.315, +9.294,+0.941
1685332080,+3.46, +9.315, +9.284,+0.940
1685332140,+3.46, +9.352, +9.263,+0.940
1685332200,+3.46, +9.399, +9.279,+0.941
1685332260,+3.46, +9.426, +9.277,+0.941
1685332320,+3.46, +9.555, +9.295,+0.941
1685332380,+3.46, +9.620, +9.317,+0.941
1685332440,+3.46, +9.684, +9.330,+0.941
1685332500,+3.46, +9.657, +9.310,+0.940
1685332560,+3.46, +9.574, +9.262,+0.941
1685332620,+3.46, +9.482, +9.225,+0.940
1685332680,+3.46, +9.445, +9.229,+0.940
1685332740,+3.46, +9.426, +9.245,+0.941
1685332800,+3.46, +9.399, +9.246,+0.940
1685332860,+3.46, +9.380, +9.258,+0.941
1685332920,+3.46, +9.408, +9.258,+0.941
1685332980,+3.46, +9.408, +9.252,+0.940
1685333040,+3.46, +9.371, +9.274,+0.941
1685333100,+3.46, +9.482, +9.249,+0.940
1685333160,+3.46, +9.509, +9.272,+0.941
1685333220,+3.46, +9.537, +9.323,+0.941
1685333280,+3.46, +9.565, +9.358,+0.941
1685333340,+3.46, +9.602, +9.333,+0.941
1685333400,+3.46, +9.537, +9.293,+0.940
1685333460,+3.46, +9.408, +9.231,+0.941
1685333520,+3.46, +9.315, +9.225,+0.941
1685333580,+3.46, +9.306, +9.217,+0.941
1685333640,+3.46, +9.251, +9.234,+0.941
1685333700,+3.46, +9.241, +9.232,+0.940
1685333760,+3.46, +9.306, +9.210,+0.940
1685333820,+3.46, +9.306, +9.211,+0.940
1685333880,+3.46, +9.325, +9.190,+0.940
1685333940,+3.46, +9.306, +9.190,+0.940
1685334000,+3.46, +9.278, +9.198,+0.941
1685334060,+3.46, +9.343, +9.165,+0.940
1685334120,+3.46, +9.297, +9.181,+0.940
1685334180,+3.46, +9.288, +9.184,+0.941
1685334240,+3.46, +9.269, +9.173,+0.940
1685334300,+3.46, +9.260, +9.181,+0.941
1685334360,+3.46, +9.334, +9.163,+0.940
1685334420,+3.46, +9.297, +9.203,+0.940
1685334480,+3.46, +9.436, +9.180,+0.941
1685334540,+3.46, +9.537, +9.197,+0.941
1685334600,+3.46, +9.611, +9.190,+0.941
1685334660,+3.46, +9.648, +9.216,+0.940
1685334720,+3.46, +9.776, +9.211,+0.941
1685334780,+3.46, +9.850, +9.201,+0.941
1685334840,+3.46, +9.914, +9.202,+0.941
1685334900,+3.46, +9.813, +9.241,+0.941
1685334960,+3.46, +9.932, +9.225,+0.940
1685335020,+3.46, +9.923, +9.283,+0.941
1685335080,+3.46,+10.042, +9.264,+0.941
1685335140,+3.46,+10.033, +9.277,+0.941
1685335200,+3.46,+10.115, +9.256,+0.941
1685335260,+3.46,+10.079, +9.273,+0.941
1685335320,+3.46,+10.216, +9.238,+0.941
1685335380,+3.46,+10.252, +9.269,+0.941
1685335440,+3.46,+10.270, +9.277,+0.941
1685335500,+3.46,+10.334, +9.290,+0.941
1685335560,+3.46,+10.380, +9.323,+0.941
1685335620,+3.46,+10.343, +9.356,+0.941
1685335680,+3.46,+10.452, +9.333,+0.941
1685335740,+3.46,+10.489, +9.374,+0.941
1685335800,+3.46,+10.498, +9.399,+0.941
1685335860,+3.46,+10.452, +9.436,+0.941
1685335920,+3.46,+10.461, +9.443,+0.941
1685335980,+3.46,+10.470, +9.442,+0.941
1685336040,+3.46,+10.525, +9.420,+0.941
1685336100,+3.46,+10.489, +9.451,+0.941
1685336160,+3.46,+10.561, +9.437,+0.941
1685336220,+3.46,+10.489, +9.451,+0.941
1685336280,+3.46,+10.543, +9.421,+0.941
1685336340,+3.46,+10.525, +9.445,+0.941
1685336400,+3.46,+10.561, +9.395,+0.941
1685336460,+3.46,+10.579, +9.366,+0.941
1685336520,+3.46,+10.715, +9.420,+0.941
1685336580,+3.46,+10.788, +9.499,+0.941
1685336640,+3.46,+10.951, +9.537,+0.942
1685336700,+3.46,+11.023, +9.591,+0.941
1685336760,+3.46,+11.131, +9.586,+0.941
1685336820,+3.46,+11.122, +9.647,+0.941
1685336880,+3.46,+11.257, +9.648,+0.941
1685336940,+3.46,+11.409, +9.691,+0.942
1685337000,+3.46,+11.803, +9.855,+0.943
1685337060,+3.46,+12.230, +9.983,+0.943
1685337120,+3.46,+12.929,+10.002,+0.944
1685337180,+3.46,+13.534,+10.044,+0.945
1685337240,+3.46,+14.127, +9.918,+0.944
1685337300,+3.46,+14.577, +9.307,+0.940
1685337360,+3.46,+13.438, +9.158,+0.939
1685337420,+3.46,+12.752, +9.383,+0.940
1685337480,+3.46,+12.514, +9.479,+0.940
1685337540,+3.46,+12.275, +9.528,+0.940
1685337600,+3.46,+12.124, +9.611,+0.940
1685337660,+3.46,+12.106, +9.735,+0.941
1685337720,+3.46,+12.266, +9.837,+0.941
1685337780,+3.46,+12.691, +9.878,+0.942
1685337840,+3.46,+13.245, +9.907,+0.943
1685337900,+3.46,+13.831, +9.875,+0.943
1685337960,+3.46,+14.352, +9.888,+0.943
1685338020,+3.46,+14.733, +9.876,+0.943
1685338080,+3.46,+15.181, +9.792,+0.943
1685338140,+3.46,+15.319, +9.729,+0.942
1685338200,+3.46,+15.551, +9.684,+0.943
1685338260,+3.46,+15.731, +9.639,+0.942
1685338320,+3.46,+14.569, +8.872,+0.937
1685338380,+3.46,+13.192, +8.961,+0.936
1685338440,+3.46,+12.408, +9.097,+0.937
1685338500,+3.46,+11.714, +8.980,+0.937
1685338560,+3.46,+11.275, +9.070,+0.938
1685338620,+3.46,+10.987, +9.169,+0.938
1685338680,+3.46,+10.788, +9.221,+0.938
1685338740,+3.46,+10.598, +9.270,+0.938
1685338800,+3.46,+10.498, +9.325,+0.939
1685338860,+3.46,+10.461, +9.353,+0.939
1685338920,+3.46,+10.498, +9.403,+0.939
1685338980,+3.46,+10.607, +9.445,+0.940
1685339040,+3.46,+10.688, +9.507,+0.940
1685339100,+3.46,+10.734, +9.658,+0.941
1685339160,+3.46,+11.185, +9.935,+0.942
1685339220,+3.46,+12.106,+10.130,+0.944
1685339280,+3.46,+13.104,+10.147,+0.945
1685339340,+3.46,+13.804,+10.054,+0.944
1685339400,+3.46,+14.239,+10.099,+0.945
1685339460,+3.46,+14.681,+10.003,+0.943
1685339520,+3.46,+15.095,+10.052,+0.944
1685339580,+3.46,+15.405, +9.958,+0.943
1685339640,+3.46,+15.534, +9.871,+0.943
1685339700,+3.46,+15.560, +9.895,+0.943
1685339760,+3.46,+15.680, +9.786,+0.942
1685339820,+3.46,+14.612, +9.028,+0.937
1685339880,+3.46,+13.953, +9.422,+0.939
1685339940,+3.46,+13.743, +9.509,+0.939
1685340000,+3.46,+13.490, +9.594,+0.940
1685340060,+3.46,+13.551, +9.806,+0.941
1685340120,+3.46,+13.813, +9.825,+0.941
1685340180,+3.46,+14.031, +9.795,+0.941
1685340240,+3.46,+13.157, +9.134,+0.937
1685340300,+3.46,+12.726, +9.384,+0.938
1685340360,+3.46,+12.319, +9.447,+0.939
1685340420,+3.46,+12.008, +9.562,+0.939
1685340480,+3.46,+11.803, +9.635,+0.939
1685340540,+3.46,+11.678, +9.657,+0.939
1685340600,+3.46,+11.544, +9.674,+0.940
1685340660,+3.46,+11.356, +9.672,+0.939
1685340720,+3.46,+11.311, +9.692,+0.939
1685340780,+3.46,+11.221, +9.716,+0.940
1685340840,+3.46,+11.113, +9.737,+0.940
1685340900,+3.46,+11.014, +9.742,+0.940
1685340960,+3.46,+10.941, +9.786,+0.940
1685341020,+3.46,+10.951, +9.764,+0.940
1685341080,+3.46,+10.860, +9.648,+0.939
1685341140,+3.46,+10.752, +9.693,+0.940
1685341200,+3.46,+10.734, +9.728,+0.940
1685341260,+3.46,+10.643, +9.604,+0.940
1685341320,+3.46,+10.679, +9.619,+0.940
1685341380,+3.46,+10.652, +9.659,+0.941
1685341440,+3.46,+10.616, +9.672,+0.941
1685341500,+3.46,+10.634, +9.652,+0.941
1685341560,+3.46,+10.616, +9.644,+0.940
1685341620,+3.46,+10.625, +9.670,+0.941
1685341680,+3.46,+10.607, +9.705,+0.941
1685341740,+3.46,+10.670, +9.683,+0.940
1685341800,+3.46,+10.697, +9.709,+0.941
1685341860,+3.46,+10.670, +9.758,+0.941
1685341920,+3.46,+10.743, +9.782,+0.941
1685341980,+3.46,+10.724, +9.818,+0.941
1685342040,+3.46,+10.770, +9.817,+0.941
1685342100,+3.46,+10.770, +9.812,+0.941
1685342160,+3.46,+10.815, +9.794,+0.941
1685342220,+3.46,+10.788, +9.823,+0.941
1685342280,+3.46,+10.770, +9.845,+0.941
1685342340,+3.46,+10.824, +9.831,+0.941
1685342400,+3.46,+10.824, +9.837,+0.941
1685342460,+3.46,+10.842, +9.861,+0.941
1685342520,+3.46,+10.887, +9.895,+0.941
1685342580,+3.46,+10.896, +9.912,+0.941
1685342640,+3.46,+10.960, +9.892,+0.941
1685342700,+3.46,+10.951, +9.889,+0.941
1685342760,+3.46,+11.014, +9.910,+0.942
1685342820,+3.46,+11.068, +9.950,+0.942
1685342880,+3.46,+11.104,+10.006,+0.942
1685342940,+3.46,+11.086,+10.032,+0.941
1685343000,+3.46,+11.140,+10.037,+0.942
1685343060,+3.46,+11.149,+10.043,+0.942
1685343120,+3.46,+11.131,+10.059,+0.942
1685343180,+3.46,+11.122,+10.052,+0.941
1685343240,+3.46,+11.140,+10.048,+0.941
1685343300,+3.46,+11.185,+10.040,+0.941
1685343360,+3.46,+11.122,+10.043,+0.941
1685343420,+3.46,+11.230,+10.013,+0.941
1685343480,+3.46,+11.212,+10.031,+0.941
1685343540,+3.46,+11.203,+10.045,+0.941
1685343600,+3.46,+11.212,+10.051,+0.942
1685343660,+3.46,+11.167,+10.070,+0.942
1685343720,+3.46,+11.257,+10.019,+0.941
1685343780,+3.46,+11.149,+10.057,+0.942
1685343840,+3.46,+11.167,+10.048,+0.942
1685343900,+3.46,+11.167,+10.037,+0.941
1685343960,+3.46,+11.149,+10.037,+0.941
1685344020,+3.46,+11.158,+10.029,+0.941
1685344080,+3.46,+11.185,+10.011,+0.941
1685344140,+3.46,+11.221,+10.015,+0.942
1685344200,+3.46,+11.140,+10.055,+0.941
1685344260,+3.46,+11.230,+10.015,+0.941
1685344320,+3.46,+11.167,+10.047,+0.941
1685344380,+3.46,+11.122,+10.029,+0.941
1685344440,+3.46,+11.122,+10.044,+0.941
1685344500,+3.46,+11.131,+10.000,+0.941
1685344560,+3.46,+11.095, +9.955,+0.941
1685344620,+3.46,+11.077, +9.932,+0.941
1685344680,+3.46,+11.068, +9.939,+0.941
1685344740,+3.46,+11.050, +9.992,+0.941
1685344800,+3.46,+11.122, +9.996,+0.941
1685344860,+3.46,+11.095,+10.016,+0.941
1685344920,+3.46,+11.077,+10.032,+0.941
1685344980,+3.46,+11.023,+10.057,+0.941
1685345040,+3.46,+11.041,+10.055,+0.941
1685345100,+3.46,+11.059,+10.051,+0.941
1685345160,+3.46,+11.023,+10.042,+0.941
1685345220,+3.46,+11.041, +9.793,+0.941
1685345280,+3.46,+10.752, +9.353,+0.940
1685345340,+3.46,+10.598, +9.290,+0.940
1685345400,+3.46,+10.452, +9.316,+0.940
1685345460,+3.46,+10.352, +9.346,+0.940
1685345520,+3.46,+10.225, +9.393,+0.940
1685345580,+3.46,+10.261, +9.387,+0.940
1685345640,+3.46,+10.270, +9.379,+0.940
1685345700,+3.46,+10.216, +9.416,+0.941
1685345760,+3.46,+10.206, +9.412,+0.940
1685345820,+3.46,+10.188, +9.412,+0.940
1685345880,+3.46,+10.197, +9.391,+0.940
1685345940,+3.46,+10.225, +9.392,+0.940
1685346000,+3.46,+10.188, +9.416,+0.940
1685346060,+3.46,+10.298, +9.409,+0.941
1685346120,+3.46,+10.270, +9.427,+0.941
1685346180,+3.46,+10.279, +9.440,+0.941
1685346240,+3.46,+10.307, +9.431,+0.941
1685346300,+3.46,+10.298, +9.448,+0.941
1685346360,+3.46,+10.298, +9.452,+0.941
1685346420,+3.46,+10.288, +9.466,+0.941
1685346480,+3.46,+10.307, +9.465,+0.941
1685346540,+3.46,+10.288, +9.487,+0.941
1685346600,+3.46,+10.361, +9.451,+0.940
1685346660,+3.46,+10.389, +9.464,+0.941
1685346720,+3.46,+10.325, +9.494,+0.941
1685346780,+3.46,+10.380, +9.482,+0.941
1685346840,+3.46,+10.398, +9.481,+0.941
1685346900,+3.46,+10.407, +9.472,+0.941
1685346960,+3.46,+10.434, +9.477,+0.941
1685347020,+3.46,+10.416, +9.486,+0.941
1685347080,+3.46,+10.434, +9.510,+0.941
1685347140,+3.46,+10.443, +9.513,+0.941
1685347200,+3.46,+10.461, +9.523,+0.941
1685347260,+3.46,+10.452, +9.537,+0.941
1685347320,+3.46,+10.452, +9.544,+0.941
1685347380,+3.46,+10.489, +9.529,+0.941
1685347440,+3.46,+10.525, +9.521,+0.941
1685347500,+3.46,+10.507, +9.530,+0.941
1685347560,+3.46,+10.543, +9.539,+0.941
1685347620,+3.46,+10.570, +9.539,+0.941
1685347680,+3.46,+10.589, +9.548,+0.941
1685347740,+3.46,+10.598, +9.553,+0.941
1685347800,+3.46,+10.607, +9.554,+0.941
1685347860,+3.46,+10.652, +9.556,+0.941
1685347920,+3.46,+10.598, +9.628,+0.942
1685347980,+3.46,+10.607, +9.639,+0.941
1685348040,+3.46,+10.670, +9.640,+0.941
1685348100,+3.46,+10.634, +9.645,+0.941
1685348160,+3.46,+10.625, +9.629,+0.941
1685348220,+3.46,+10.643, +9.638,+0.941
1685348280,+3.46,+10.634, +9.646,+0.941
1685348340,+3.46,+10.652, +9.559,+0.941
1685348400,+3.46,+10.480, +9.417,+0.940
1685348460,+3.46,+10.370, +9.436,+0.940
1685348520,+3.46,+10.389, +9.442,+0.940
1685348580,+3.46,+10.307, +9.473,+0.941
1685348640,+3.46,+10.334, +9.464,+0.941
1685348700,+3.46,+10.352, +9.461,+0.941
1685348760,+3.46,+10.325, +9.466,+0.941
1685348820,+3.46,+10.225, +9.481,+0.941
1685348880,+3.46,+10.206, +9.465,+0.941
1685348940,+3.46,+10.152, +9.458,+0.940
1685349000,+3.46,+10.170, +9.428,+0.941
1685349060,+3.46,+10.060, +9.445,+0.940
1685349120,+3.46,+10.060, +9.448,+0.940
1685349180,+3.46,+10.033, +9.455,+0.941
1685349240,+3.46, +9.969, +9.475,+0.941
1685349300,+3.46, +9.960, +9.472,+0.941
1685349360,+3.46, +9.969, +9.453,+0.941
1685349420,+3.46, +9.923, +9.475,+0.941
1685349480,+3.46, +9.978, +9.463,+0.941
1685349540,+3.46,+10.024, +9.450,+0.941
1685349600,+3.46, +9.978, +9.470,+0.941
1685349660,+3.46,+10.005, +9.489,+0.941
1685349720,+3.46,+10.106, +9.504,+0.941
1685349780,+3.46,+10.179, +9.512,+0.941
1685349840,+3.46,+10.206, +9.533,+0.941
1685349900,+3.46,+10.252, +9.543,+0.941
1685349960,+3.46,+10.298, +9.536,+0.941
1685350020,+3.46,+10.361, +9.529,+0.941
1685350080,+3.46,+10.398, +9.525,+0.941
1685350140,+3.46,+10.361, +9.536,+0.941
1685350200,+3.46,+10.425, +9.563,+0.941
1685350260,+3.46,+10.461, +9.593,+0.941
1685350320,+3.46,+10.489, +9.614,+0.941
1685350380,+3.46,+10.516, +9.640,+0.942
1685350440,+3.46,+10.552, +9.638,+0.941
1685350500,+3.46,+10.534, +9.663,+0.941
1685350560,+3.46,+10.516, +9.683,+0.941
1685350620,+3.46,+10.579, +9.688,+0.941
1685350680,+3.46,+10.634, +9.716,+0.941
1685350740,+3.46,+10.598, +9.797,+0.942
1685350800,+3.46,+10.670, +9.802,+0.941
1685350860,+3.46,+10.779, +9.842,+0.942
1685350920,+3.46,+10.734, +9.901,+0.941
1685350980,+3.46,+10.806, +9.864,+0.941
1685351040,+3.46,+10.833, +9.888,+0.941
1685351100,+3.46,+10.860, +9.938,+0.941
1685351160,+3.46,+10.896,+10.044,+0.942
1685351220,+3.46,+10.951,+10.182,+0.942
1685351280,+3.46,+10.978,+10.221,+0.942
1685351340,+3.46,+10.978,+10.229,+0.941
1685351400,+3.46,+11.023,+10.276,+0.942
1685351460,+3.46,+11.095,+10.253,+0.942
1685351520,+3.46,+11.104,+10.271,+0.942
1685351580,+3.46,+11.104,+10.256,+0.942
1685351640,+3.46,+11.050,+10.285,+0.942
1685351700,+3.46,+11.131,+10.268,+0.941
1685351760,+3.46,+11.113,+10.316,+0.942
1685351820,+3.46,+11.194,+10.384,+0.942
1685351880,+3.46,+11.293,+10.445,+0.941
1685351940,+3.46,+11.293,+10.408,+0.941
1685352000,+3.46,+11.275,+10.444,+0.942
1685352060,+3.46,+11.293,+10.444,+0.942
1685352120,+3.46,+11.374,+10.400,+0.941
1685352180,+3.46,+11.391,+10.396,+0.941
1685352240,+3.46,+11.391,+10.361,+0.941
1685352300,+3.46,+11.418,+10.356,+0.941
1685352360,+3.46,+11.454,+10.341,+0.942
1685352420,+3.46,+11.374,+10.358,+0.941
1685352480,+3.46,+11.454,+10.367,+0.941
1685352540,+3.46,+11.517,+10.358,+0.941
1685352600,+3.46,+11.490,+10.388,+0.941
1685352660,+3.46,+11.463,+10.423,+0.942
1685352720,+3.46,+11.553,+10.403,+0.942
1685352780,+3.46,+11.517,+10.425,+0.942
1685352840,+3.46,+11.427,+10.405,+0.941
1685352900,+3.46,+11.535,+10.337,+0.941
1685352960,+3.46,+11.544,+10.300,+0.941
1685353020,+3.46,+11.472,+10.319,+0.941
1685353080,+3.46,+11.517,+10.301,+0.941
1685353140,+3.46,+11.427,+10.333,+0.941
1685353200,+3.46,+11.454,+10.312,+0.941
1685353260,+3.46,+11.427,+10.320,+0.941
1685353320,+3.46,+11.463,+10.316,+0.941
1685353380,+3.46,+11.481,+10.316,+0.941
1685353440,+3.46,+11.427,+10.326,+0.941
1685353500,+3.46,+11.427,+10.335,+0.941
1685353560,+3.46,+11.365,+10.359,+0.941
1685353620,+3.46,+11.391,+10.346,+0.942
1685353680,+3.46,+11.400,+10.323,+0.941
1685353740,+3.46,+11.400,+10.314,+0.941
1685353800,+3.46,+11.400,+10.307,+0.941
1685353860,+3.46,+11.463,+10.280,+0.941
1685353920,+3.46,+11.374,+10.299,+0.941
1685353980,+3.46,+11.365,+10.275,+0.941
1685354040,+3.46,+11.320,+10.286,+0.941
1685354100,+3.46,+11.409,+10.257,+0.941
1685354160,+3.46,+11.302,+10.299,+0.941
1685354220,+3.46,+11.302,+10.293,+0.941
1685354280,+3.46,+11.275,+10.301,+0.941
1685354340,+3.46,+11.320,+10.269,+0.941
1685354400,+3.46,+11.311,+10.262,+0.941
1685354460,+3.46,+11.275,+10.261,+0.941
1685354520,+3.46,+11.275,+10.257,+0.941
1685354580,+3.46,+11.284,+10.242,+0.941
1685354640,+3.46,+11.239,+10.261,+0.941
1685354700,+3.46,+11.185,+10.281,+0.941
1685354760,+3.46,+11.203,+10.272,+0.941
1685354820,+3.46,+11.212,+10.276,+0.941
1685354880,+3.46,+11.176,+10.290,+0.941
1685354940,+3.46,+11.230,+10.260,+0.941
1685355000,+3.46,+11.221,+10.270,+0.941
1685355060,+3.46,+11.167,+10.299,+0.941
1685355120,+3.46,+11.230,+10.292,+0.941
1685355180,+3.46,+11.239,+10.295,+0.941
1685355240,+3.46,+11.284,+10.285,+0.941
1685355300,+3.46,+11.266,+10.330,+0.942
1685355360,+3.46,+11.275,+10.349,+0.942
1685355420,+3.46,+11.302,+10.359,+0.941
1685355480,+3.46,+11.293,+10.373,+0.942
1685355540,+3.46,+11.257,+10.349,+0.941
1685355600,+3.46,+11.320,+10.318,+0.941
1685355660,+3.46,+11.356,+10.308,+0.941
1685355720,+3.46,+11.275,+10.347,+0.941
1685355780,+3.46,+11.293,+10.339,+0.940
1685355840,+3.46,+11.329,+10.347,+0.941
1685355900,+3.46,+11.302,+10.377,+0.942
1685355960,+3.46,+11.338,+10.362,+0.942
1685356020,+3.46,+11.266,+10.386,+0.941
1685356080,+3.46,+11.329,+10.371,+0.941
1685356140,+3.46,+11.302,+10.395,+0.941
1685356200,+3.46,+11.391,+10.372,+0.941
1685356260,+3.46,+11.311,+10.402,+0.941
1685356320,+3.46,+11.329,+10.352,+0.941
1685356380,+3.46,+11.311,+10.333,+0.941
1685356440,+3.46,+11.257,+10.340,+0.941
1685356500,+3.46,+11.293,+10.320,+0.941
1685356560,+3.46,+11.257,+10.353,+0.941
1685356620,+3.46,+11.302,+10.350,+0.941
1685356680,+3.46,+11.302,+10.422,+0.942
1685356740,+3.46,+11.463,+10.486,+0.942
1685356800,+3.46,+11.705,+10.444,+0.942
1685356860,+3.46,+11.767,+10.284,+0.942
1685356920,+3.46,+11.767,+10.336,+0.941
1685356980,+3.46,+11.767,+10.350,+0.942
1685357040,+3.46,+11.794,+10.295,+0.941
1685357100,+3.46,+11.785,+10.248,+0.941
1685357160,+3.46,+11.624,+10.334,+0.941
1685357220,+3.46,+11.624,+10.346,+0.941
1685357280,+3.46,+11.580,+10.408,+0.941
1685357340,+3.46,+11.758,+10.395,+0.942
1685357400,+3.46,+12.053,+10.566,+0.943
1685357460,+3.46,+12.752,+10.954,+0.945
1685357520,+3.46,+13.787,+10.931,+0.945
1685357580,+3.46,+14.378,+10.754,+0.945
1685357640,+3.46,+14.854,+10.595,+0.944
1685357700,+3.46,+15.207,+10.392,+0.944
1685357760,+3.46,+15.422,+10.289,+0.943
1685357820,+3.46,+15.602,+10.278,+0.944
1685357880,+3.46,+15.834,+10.241,+0.943
1685357940,+3.46,+15.842,+10.247,+0.943
1685358000,+3.46,+16.048,+10.210,+0.943
1685358060,+3.46,+16.082,+10.247,+0.942
1685358120,+3.46,+16.184,+10.208,+0.943
1685358180,+3.46,+16.253,+10.145,+0.943
1685358240,+3.46,+16.287,+10.107,+0.943
1685358300,+3.46,+16.321,+10.055,+0.942
1685358360,+3.46,+16.381,+10.006,+0.942
1685358420,+3.46,+15.859, +9.694,+0.938
1685358480,+3.46,+15.302,+10.319,+0.942
1685358540,+3.46,+15.637,+10.241,+0.942
1685358600,+3.46,+15.851,+10.205,+0.942
1685358660,+3.46,+14.621, +9.543,+0.937
1685358720,+3.46,+14.413,+10.014,+0.940
1685358780,+3.46,+14.196,+10.184,+0.940
1685358840,+3.46,+14.759,+10.426,+0.943
1685358900,+3.46,+15.362,+10.308,+0.943
1685358960,+3.46,+15.782,+10.191,+0.943
1685359020,+3.46,+16.005,+10.130,+0.942
1685359080,+3.46,+16.167,+10.233,+0.942
1685359140,+3.46,+15.104, +9.670,+0.937
1685359200,+3.46,+14.482,+10.105,+0.940
1685359260,+3.46,+14.802,+10.422,+0.942
1685359320,+3.46,+15.371,+10.522,+0.943
1685359380,+3.46,+15.628,+10.575,+0.942
1685359440,+3.46,+16.031,+10.557,+0.942
1685359500,+3.46,+16.270,+10.695,+0.943
1685359560,+3.46,+16.406,+10.210,+0.940
1685359620,+3.46,+15.388,+10.359,+0.941
1685359680,+3.46,+15.628,+10.468,+0.942
1685359740,+3.46,+15.765,+10.497,+0.942
1685359800,+3.46,+15.954,+10.398,+0.942
1685359860,+3.46,+15.585,+10.192,+0.940
1685359920,+3.46,+15.070,+10.205,+0.940
1685359980,+3.46,+14.845,+10.263,+0.940
1685360040,+3.46,+15.087,+10.505,+0.942
1685360100,+3.46,+15.405,+10.497,+0.942
1685360160,+3.46,+15.594,+10.548,+0.942
1685360220,+3.46,+14.819, +9.692,+0.937
1685360280,+3.46,+14.118, +9.960,+0.939
1685360340,+3.46,+14.022,+10.130,+0.940
1685360400,+3.46,+14.179,+10.436,+0.942
1685360460,+3.46,+14.699,+10.487,+0.942
1685360520,+3.46,+15.095,+10.365,+0.941
1685360580,+3.46,+15.362,+10.302,+0.941
1685360640,+3.46,+14.854,+10.149,+0.940
1685360700,+3.46,+14.707,+10.273,+0.941
1685360760,+3.46,+14.560,+10.214,+0.940
1685360820,+3.46,+14.621,+10.437,+0.942
1685360880,+3.46,+14.914,+10.457,+0.942
1685360940,+3.46,+15.173,+10.432,+0.942
1685361000,+3.46,+15.362,+10.374,+0.942
1685361060,+3.46,+15.568,+10.320,+0.942
1685361120,+3.46,+15.774,+10.211,+0.942
1685361180,+3.46,+15.885,+10.167,+0.942
1685361240,+3.46,+15.996,+10.200,+0.941
1685361300,+3.46,+16.125,+10.233,+0.942
1685361360,+3.46,+16.116,+10.334,+0.942
1685361420,+3.46,+16.210,+10.359,+0.942
1685361480,+3.46,+16.312,+10.340,+0.941
1685361540,+3.46,+16.364,+10.360,+0.942
1685361600,+3.46,+16.381,+10.338,+0.942
1685361660,+3.46,+16.398,+10.300,+0.942
1685361720,+3.46,+16.372,+10.269,+0.942
1685361780,+3.46,+16.381,+10.204,+0.941
1685361840,+3.46,+16.364,+10.217,+0.942
1685361900,+3.46,+16.364,+10.198,+0.941
1685361960,+3.46,+16.440,+10.235,+0.942
1685362020,+3.46,+16.457,+10.195,+0.942
1685362080,+3.46,+16.406,+10.216,+0.942
1685362140,+3.46,+16.508,+10.169,+0.941
1685362200,+3.46,+16.568,+10.206,+0.941
1685362260,+3.46,+16.611,+10.211,+0.942
1685362320,+3.46,+16.636,+10.156,+0.942
1685362380,+3.46,+16.543,+10.115,+0.942
1685362440,+3.46,+16.449,+10.102,+0.941
1685362500,+3.46,+16.432,+10.149,+0.942
1685362560,+3.46,+16.381,+10.119,+0.941
1685362620,+3.46,+15.731, +9.981,+0.939
1685362680,+3.46,+15.628,+10.178,+0.941
1685362740,+3.46,+15.645,+10.158,+0.941
1685362800,+3.46,+15.525,+10.170,+0.940
1685362860,+3.46,+15.525,+10.247,+0.941
1685362920,+3.46,+15.645,+10.235,+0.942
1685362980,+3.46,+15.731,+10.227,+0.942
1685363040,+3.46,+15.782,+10.214,+0.941
1685363100,+3.46,+15.825,+10.234,+0.942
1685363160,+3.46,+15.919,+10.221,+0.941
1685363220,+3.46,+15.971,+10.231,+0.942
1685363280,+3.46,+16.090,+10.211,+0.942
1685363340,+3.46,+16.150,+10.205,+0.942
1685363400,+3.46,+16.227,+10.187,+0.942
1685363460,+3.46,+16.236,+10.190,+0.942
1685363520,+3.46,+16.295,+10.176,+0.942
1685363580,+3.46,+16.321,+10.202,+0.942
1685363640,+3.46,+16.381,+10.173,+0.941
1685363700,+3.46,+16.346,+10.190,+0.941
1685363760,+3.46,+16.321,+10.187,+0.942
1685363820,+3.46,+16.346,+10.154,+0.942
1685363880,+3.46,+16.312,+10.112,+0.941
1685363940,+3.46,+16.329,+10.103,+0.941
1685364000,+3.46,+16.270,+10.113,+0.941
1685364060,+3.46,+16.278,+10.091,+0.941
1685364120,+3.46,+16.278,+10.106,+0.942
1685364180,+3.46,+16.236,+10.126,+0.942
1685364240,+3.46,+16.253,+10.098,+0.942
1685364300,+3.46,+16.261,+10.081,+0.941
1685364360,+3.46,+16.261,+10.096,+0.941
1685364420,+3.46,+16.295,+10.073,+0.941
1685364480,+3.46,+16.227,+10.110,+0.942
1685364540,+3.46,+16.321,+10.061,+0.941
1685364600,+3.46,+16.278,+10.076,+0.941
1685364660,+3.46,+15.911,+10.094,+0.941
1685364720,+3.46,+15.877,+10.163,+0.941
1685364780,+3.46,+15.971,+10.148,+0.941
